0.000000000000000000e+00 1.406212687492370605e+00
1.000000000000000000e+00 1.298814892768859863e+00
2.000000000000000000e+00 1.463873863220214844e+00
3.000000000000000000e+00 1.544443964958190918e+00
4.000000000000000000e+00 1.519949316978454590e+00
5.000000000000000000e+00 1.581915140151977539e+00
6.000000000000000000e+00 1.606150150299072266e+00
7.000000000000000000e+00 1.632093787193298340e+00
8.000000000000000000e+00 1.677014231681823730e+00
9.000000000000000000e+00 1.667031884193420410e+00
1.000000000000000000e+01 1.710111379623413086e+00
1.100000000000000000e+01 1.474580883979797363e+00
1.200000000000000000e+01 1.360255837440490723e+00
1.300000000000000000e+01 1.662028312683105469e+00
1.400000000000000000e+01 1.743237137794494629e+00
1.500000000000000000e+01 1.722075223922729492e+00
1.600000000000000000e+01 1.736213564872741699e+00
1.700000000000000000e+01 1.753826141357421875e+00
1.800000000000000000e+01 1.784474372863769531e+00
1.900000000000000000e+01 1.779596805572509766e+00
2.000000000000000000e+01 1.765998005867004395e+00
2.100000000000000000e+01 1.794994592666625977e+00
2.200000000000000000e+01 1.757621407508850098e+00
2.300000000000000000e+01 1.796739935874938965e+00
2.400000000000000000e+01 1.736625313758850098e+00
2.500000000000000000e+01 1.655524015426635742e+00
2.600000000000000000e+01 1.759795308113098145e+00
2.700000000000000000e+01 1.712814092636108398e+00
2.800000000000000000e+01 1.763354539871215820e+00
2.900000000000000000e+01 1.732523322105407715e+00
3.000000000000000000e+01 1.723643660545349121e+00
3.100000000000000000e+01 1.789578676223754883e+00
3.200000000000000000e+01 1.746590852737426758e+00
3.300000000000000000e+01 1.743558049201965332e+00
3.400000000000000000e+01 1.795335292816162109e+00
3.500000000000000000e+01 1.764171481132507324e+00
3.600000000000000000e+01 1.776779770851135254e+00
3.700000000000000000e+01 1.773774504661560059e+00
3.800000000000000000e+01 1.774719476699829102e+00
3.900000000000000000e+01 1.773543238639831543e+00
4.000000000000000000e+01 1.807095408439636230e+00
4.100000000000000000e+01 1.795754790306091309e+00
4.200000000000000000e+01 1.802221059799194336e+00
4.300000000000000000e+01 1.803842425346374512e+00
4.400000000000000000e+01 1.798108100891113281e+00
4.500000000000000000e+01 1.828795194625854492e+00
4.600000000000000000e+01 1.811269402503967285e+00
4.700000000000000000e+01 1.803114771842956543e+00
4.800000000000000000e+01 1.817412734031677246e+00
4.900000000000000000e+01 1.773234367370605469e+00
5.000000000000000000e+01 1.796921610832214355e+00
5.100000000000000000e+01 1.754659295082092285e+00
5.200000000000000000e+01 1.774457812309265137e+00
5.300000000000000000e+01 1.772982716560363770e+00
5.400000000000000000e+01 1.761384367942810059e+00
5.500000000000000000e+01 1.753783941268920898e+00
5.600000000000000000e+01 1.741306304931640625e+00
5.700000000000000000e+01 1.716609477996826172e+00
5.800000000000000000e+01 1.753166556358337402e+00
5.900000000000000000e+01 1.740886926651000977e+00
6.000000000000000000e+01 1.724846839904785156e+00
6.100000000000000000e+01 1.753346204757690430e+00
6.200000000000000000e+01 1.757390975952148438e+00
6.300000000000000000e+01 1.719098806381225586e+00
6.400000000000000000e+01 1.659434080123901367e+00
6.500000000000000000e+01 1.572030782699584961e+00
6.600000000000000000e+01 1.564491748809814453e+00
6.700000000000000000e+01 1.524600386619567871e+00
6.800000000000000000e+01 1.652403473854064941e+00
6.900000000000000000e+01 1.740195274353027344e+00
7.000000000000000000e+01 1.768390893936157227e+00
7.100000000000000000e+01 1.760904073715209961e+00
7.200000000000000000e+01 1.774497032165527344e+00
7.300000000000000000e+01 1.779172539710998535e+00
7.400000000000000000e+01 1.750322818756103516e+00
7.500000000000000000e+01 1.754825830459594727e+00
7.600000000000000000e+01 1.787868976593017578e+00
7.700000000000000000e+01 1.753083825111389160e+00
7.800000000000000000e+01 1.758629798889160156e+00
7.900000000000000000e+01 1.778965353965759277e+00
8.000000000000000000e+01 1.765166759490966797e+00
8.100000000000000000e+01 1.767093658447265625e+00
8.200000000000000000e+01 1.750876188278198242e+00
8.300000000000000000e+01 1.750313997268676758e+00
8.400000000000000000e+01 1.754528284072875977e+00
8.500000000000000000e+01 1.721085309982299805e+00
8.600000000000000000e+01 1.733410120010375977e+00
8.700000000000000000e+01 1.736648559570312500e+00
8.800000000000000000e+01 1.664860248565673828e+00
8.900000000000000000e+01 1.660094141960144043e+00
9.000000000000000000e+01 1.702572107315063477e+00
9.100000000000000000e+01 1.681689500808715820e+00
9.200000000000000000e+01 1.666582942008972168e+00
9.300000000000000000e+01 1.456379294395446777e+00
9.400000000000000000e+01 1.079520225524902344e+00
9.500000000000000000e+01 1.299098372459411621e+00
9.600000000000000000e+01 1.639390349388122559e+00
9.700000000000000000e+01 1.562261939048767090e+00
9.800000000000000000e+01 1.650948286056518555e+00
9.900000000000000000e+01 1.674950361251831055e+00
1.000000000000000000e+02 1.499602794647216797e+00
