0.000000000000000000e+00 4.172164001464843750e+02
1.008636085316538811e-03 2.852572326660156250e+02
2.017272170633077621e-03 1.750731658935546875e+02
3.025908255949616432e-03 1.178404083251953125e+02
4.034544341266155243e-03 9.285470581054687500e+01
5.043180659413337708e-03 7.262779998779296875e+01
6.051816511899232864e-03 5.780472946166992188e+01
7.060452364385128021e-03 4.704488372802734375e+01
8.069088682532310486e-03 3.919606018066406250e+01
9.077725000679492950e-03 3.296469497680664062e+01
1.008636131882667542e-02 2.701665496826171875e+01
1.109499670565128326e-02 2.289808845520019531e+01
1.210363302379846573e-02 1.908206367492675781e+01
1.311226934194564819e-02 1.589519882202148438e+01
1.412090472877025604e-02 1.318721675872802734e+01
1.512954104691743851e-02 1.131473636627197266e+01
1.613817736506462097e-02 1.002324390411376953e+01
1.714681275188922882e-02 8.363994598388671875e+00
1.815545000135898590e-02 7.279330253601074219e+00
1.916408538818359375e-02 6.303162097930908203e+00
2.017272263765335083e-02 5.519243240356445312e+00
2.118135802447795868e-02 5.085896492004394531e+00
2.218999341130256653e-02 4.419267654418945312e+00
2.319863066077232361e-02 3.846060276031494141e+00
2.420726604759693146e-02 3.486686468124389648e+00
2.521590143442153931e-02 3.156509637832641602e+00
2.622453868389129639e-02 2.811481952667236328e+00
2.723317407071590424e-02 2.564707756042480469e+00
2.824180945754051208e-02 2.371670007705688477e+00
2.925044670701026917e-02 2.125911951065063477e+00
3.025908209383487701e-02 2.041112899780273438e+00
3.126771748065948486e-02 1.908630251884460449e+00
3.227635473012924194e-02 1.700988292694091797e+00
3.328499197959899902e-02 1.566321492195129395e+00
3.429362550377845764e-02 1.508859753608703613e+00
3.530226275324821472e-02 1.411817789077758789e+00
3.631090000271797180e-02 1.281192421913146973e+00
3.731953352689743042e-02 1.202479839324951172e+00
3.832817077636718750e-02 1.120181798934936523e+00
3.933680802583694458e-02 1.066830158233642578e+00
4.034544527530670166e-02 9.745355248451232910e-01
4.135407879948616028e-02 9.271104931831359863e-01
4.236271604895591736e-02 9.054102897644042969e-01
4.337135329842567444e-02 8.179302215576171875e-01
4.437998682260513306e-02 7.586225271224975586e-01
4.538862407207489014e-02 7.427625060081481934e-01
4.639726132154464722e-02 6.955222487449645996e-01
4.740589484572410583e-02 6.971067190170288086e-01
4.841453209519386292e-02 6.244737505912780762e-01
4.942316934466362000e-02 5.931416749954223633e-01
5.043180286884307861e-02 5.953692793846130371e-01
5.144044011831283569e-02 5.304654240608215332e-01
5.244907736778259277e-02 5.452947616577148438e-01
5.345771089196205139e-02 4.702864587306976318e-01
5.446634814143180847e-02 4.848096966743469238e-01
5.547498539090156555e-02 4.350358843803405762e-01
5.648361891508102417e-02 4.052157700061798096e-01
5.749225616455078125e-02 3.742762207984924316e-01
5.850089341402053833e-02 3.696950972080230713e-01
5.950953066349029541e-02 3.452433645725250244e-01
6.051816418766975403e-02 3.220665752887725830e-01
6.152680143713951111e-02 3.067691326141357422e-01
6.253543496131896973e-02 3.402000069618225098e-01
6.354407221078872681e-02 2.799082696437835693e-01
6.455270946025848389e-02 2.700464427471160889e-01
6.556134670972824097e-02 2.549636065959930420e-01
6.656998395919799805e-02 2.636631429195404053e-01
6.757862120866775513e-02 2.322691231966018677e-01
6.858725100755691528e-02 2.237587571144104004e-01
6.959588825702667236e-02 2.397302985191345215e-01
7.060452550649642944e-02 2.411596775054931641e-01
7.161316275596618652e-02 2.267470955848693848e-01
7.262180000543594360e-02 2.177829891443252563e-01
7.363043725490570068e-02 2.050891518592834473e-01
7.463906705379486084e-02 1.909898370504379272e-01
7.564770430326461792e-02 1.997950524091720581e-01
7.665634155273437500e-02 1.887919455766677856e-01
7.766497880220413208e-02 1.845624446868896484e-01
7.867361605167388916e-02 1.929001808166503906e-01
7.968225330114364624e-02 1.700747013092041016e-01
8.069089055061340332e-02 1.704456359148025513e-01
8.169952034950256348e-02 1.818974167108535767e-01
8.270815759897232056e-02 1.560412794351577759e-01
8.371679484844207764e-02 1.561571210622787476e-01
8.472543209791183472e-02 1.434387266635894775e-01
8.573406934738159180e-02 1.265918016433715820e-01
8.674270659685134888e-02 1.373319625854492188e-01
8.775133639574050903e-02 1.472526341676712036e-01
8.875997364521026611e-02 1.432393789291381836e-01
8.976861089468002319e-02 1.311322897672653198e-01
9.077724814414978027e-02 1.185941696166992188e-01
9.178588539361953735e-02 1.260686963796615601e-01
9.279452264308929443e-02 1.428413987159729004e-01
9.380315244197845459e-02 1.287183910608291626e-01
9.481178969144821167e-02 1.338636726140975952e-01
9.582042694091796875e-02 1.180509477853775024e-01
9.682906419038772583e-02 1.160538569092750549e-01
9.783770143985748291e-02 1.316538006067276001e-01
9.884633868932723999e-02 1.148317530751228333e-01
9.985497593879699707e-02 1.165806204080581665e-01
1.008636057376861572e-01 1.134967133402824402e-01
1.018722429871559143e-01 1.146717295050621033e-01
1.028808802366256714e-01 1.158894672989845276e-01
1.038895174860954285e-01 1.123186722397804260e-01
1.048981547355651855e-01 1.113095432519912720e-01
1.059067919850349426e-01 1.070343777537345886e-01
1.069154217839241028e-01 1.069057136774063110e-01
1.079240590333938599e-01 1.078621670603752136e-01
1.089326962828636169e-01 1.160797923803329468e-01
1.099413335323333740e-01 1.285031586885452271e-01
1.109499707818031311e-01 1.034204587340354919e-01
1.119586080312728882e-01 1.106401830911636353e-01
1.129672378301620483e-01 1.176622584462165833e-01
1.139758750796318054e-01 1.040722578763961792e-01
1.149845123291015625e-01 1.069724112749099731e-01
1.159931495785713196e-01 1.080489233136177063e-01
1.170017868280410767e-01 1.071656495332717896e-01
1.180104240775108337e-01 1.147932112216949463e-01
1.190190613269805908e-01 1.190084666013717651e-01
1.200276911258697510e-01 1.159273758530616760e-01
1.210363283753395081e-01 1.039553806185722351e-01
1.220449656248092651e-01 1.013063415884971619e-01
1.230536028742790222e-01 8.993004262447357178e-02
1.240622401237487793e-01 1.022612750530242920e-01
1.250708699226379395e-01 1.007023900747299194e-01
1.260795146226882935e-01 1.023863926529884338e-01
1.270881444215774536e-01 1.022576838731765747e-01
1.280967891216278076e-01 1.093555539846420288e-01
1.291054189205169678e-01 1.074357479810714722e-01
1.301140487194061279e-01 9.912797063589096069e-02
1.311226934194564819e-01 1.127539202570915222e-01
1.321313232183456421e-01 1.045652851462364197e-01
1.331399679183959961e-01 1.014203876256942749e-01
1.341485977172851562e-01 1.021114215254783630e-01
1.351572424173355103e-01 1.076854914426803589e-01
1.361658722162246704e-01 1.091482415795326233e-01
1.371745020151138306e-01 1.036147475242614746e-01
1.381831467151641846e-01 1.060784757137298584e-01
1.391917765140533447e-01 9.578520804643630981e-02
1.402004212141036987e-01 1.098710671067237854e-01
1.412090510129928589e-01 1.068576499819755554e-01
1.422176808118820190e-01 1.024928390979766846e-01
1.432263255119323730e-01 1.069737598299980164e-01
1.442349553108215332e-01 1.132659390568733215e-01
1.452436000108718872e-01 1.001990139484405518e-01
1.462522298097610474e-01 9.499745815992355347e-02
1.472608745098114014e-01 1.058463975787162781e-01
1.482695043087005615e-01 1.122261360287666321e-01
1.492781341075897217e-01 1.145026013255119324e-01
1.502867788076400757e-01 1.017631217837333679e-01
1.512954086065292358e-01 1.043514162302017212e-01
1.523040533065795898e-01 9.971017390489578247e-02
1.533126831054687500e-01 9.942638128995895386e-02
1.543213278055191040e-01 9.418221563100814819e-02
1.553299576044082642e-01 9.540629386901855469e-02
1.563385874032974243e-01 9.837736934423446655e-02
1.573472321033477783e-01 9.707013517618179321e-02
1.583558619022369385e-01 1.073913574218750000e-01
1.593645066022872925e-01 1.061909049749374390e-01
1.603731364011764526e-01 1.051974967122077942e-01
1.613817811012268066e-01 9.263611584901809692e-02
1.623904109001159668e-01 9.910321980714797974e-02
1.633990406990051270e-01 9.938557446002960205e-02
1.644076853990554810e-01 1.059283390641212463e-01
1.654163151979446411e-01 1.058557853102684021e-01
1.664249598979949951e-01 1.107936352491378784e-01
1.674335896968841553e-01 1.085565984249114990e-01
1.684422194957733154e-01 1.110613346099853516e-01
1.694508641958236694e-01 1.095722913742065430e-01
1.704594939947128296e-01 1.154021024703979492e-01
1.714681386947631836e-01 1.133357360959053040e-01
1.724767684936523438e-01 1.169024482369422913e-01
1.734854131937026978e-01 1.114658340811729431e-01
1.744940429925918579e-01 1.209179833531379700e-01
1.755026727914810181e-01 1.104079335927963257e-01
1.765113174915313721e-01 1.197631731629371643e-01
1.775199472904205322e-01 1.161738410592079163e-01
1.785285919904708862e-01 1.215502619743347168e-01
1.795372217893600464e-01 1.188104450702667236e-01
1.805458664894104004e-01 1.100223064422607422e-01
1.815544962882995605e-01 1.140490397810935974e-01
1.825631260871887207e-01 1.170929148793220520e-01
1.835717707872390747e-01 1.292907893657684326e-01
1.845804005861282349e-01 1.162339076399803162e-01
1.855890452861785889e-01 1.284268349409103394e-01
1.865976750850677490e-01 1.233786866068840027e-01
1.876063048839569092e-01 1.183862462639808655e-01
1.886149495840072632e-01 1.210130378603935242e-01
1.896235793828964233e-01 1.185453608632087708e-01
1.906322240829467773e-01 1.279006600379943848e-01
1.916408538818359375e-01 1.111391484737396240e-01
1.926494985818862915e-01 1.085374057292938232e-01
1.936581283807754517e-01 1.219933182001113892e-01
1.946667581796646118e-01 1.180516630411148071e-01
1.956754028797149658e-01 1.161431819200515747e-01
1.966840326786041260e-01 1.187003776431083679e-01
1.976926773786544800e-01 1.123389154672622681e-01
1.987013071775436401e-01 1.153362840414047241e-01
1.997099518775939941e-01 1.200399622321128845e-01
2.007185816764831543e-01 1.141434833407402039e-01
2.017272114753723145e-01 1.136898174881935120e-01
2.027358561754226685e-01 1.192836016416549683e-01
2.037444859743118286e-01 1.098518148064613342e-01
2.047531306743621826e-01 1.189988702535629272e-01
2.057617604732513428e-01 1.106418520212173462e-01
2.067703902721405029e-01 1.135836690664291382e-01
2.077790349721908569e-01 1.199301257729530334e-01
2.087876647710800171e-01 1.221954300999641418e-01
2.097963094711303711e-01 1.243466585874557495e-01
2.108049392700195312e-01 1.165756806731224060e-01
2.118135839700698853e-01 1.220531687140464783e-01
2.128222137689590454e-01 1.165682971477508545e-01
2.138308435678482056e-01 1.247089207172393799e-01
2.148394882678985596e-01 1.246991157531738281e-01
2.158481180667877197e-01 1.212981939315795898e-01
2.168567627668380737e-01 1.371490657329559326e-01
2.178653925657272339e-01 1.163756847381591797e-01
2.188740372657775879e-01 1.118990406394004822e-01
2.198826670646667480e-01 1.385156959295272827e-01
2.208912968635559082e-01 1.314397156238555908e-01
2.218999415636062622e-01 1.212305054068565369e-01
2.229085713624954224e-01 1.283010393381118774e-01
2.239172160625457764e-01 1.321394890546798706e-01
2.249258458614349365e-01 1.239211335778236389e-01
2.259344756603240967e-01 1.347718238830566406e-01
2.269431203603744507e-01 1.419260352849960327e-01
2.279517501592636108e-01 1.296352297067642212e-01
2.289603948593139648e-01 1.281215846538543701e-01
2.299690246582031250e-01 1.321446448564529419e-01
2.309776693582534790e-01 1.307205110788345337e-01
2.319862991571426392e-01 1.377948969602584839e-01
2.329949289560317993e-01 1.330595463514328003e-01
2.340035736560821533e-01 1.303005218505859375e-01
2.350122034549713135e-01 1.185864880681037903e-01
2.360208481550216675e-01 1.354948431253433228e-01
2.370294779539108276e-01 1.347282528877258301e-01
2.380381226539611816e-01 1.327724009752273560e-01
2.390467524528503418e-01 1.400730758905410767e-01
2.400553822517395020e-01 1.230158805847167969e-01
2.410640269517898560e-01 1.425279527902603149e-01
2.420726567506790161e-01 1.795022338628768921e-01
2.430813014507293701e-01 2.978143095970153809e-01
2.440899312496185303e-01 1.498315483331680298e-01
2.450985759496688843e-01 1.323945969343185425e-01
2.461072057485580444e-01 1.344804614782333374e-01
2.471158355474472046e-01 1.443406194448471069e-01
2.481244802474975586e-01 1.379174590110778809e-01
2.491331100463867188e-01 1.417848020792007446e-01
2.501417398452758789e-01 1.430549919605255127e-01
2.511503994464874268e-01 1.461401432752609253e-01
2.521590292453765869e-01 1.335712075233459473e-01
2.531676590442657471e-01 1.303296983242034912e-01
2.541762888431549072e-01 1.399610489606857300e-01
2.551849186420440674e-01 1.266485303640365601e-01
2.561935782432556152e-01 1.400619149208068848e-01
2.572022080421447754e-01 1.377423554658889771e-01
2.582108378410339355e-01 1.287169903516769409e-01
2.592194676399230957e-01 1.313637495040893555e-01
2.602280974388122559e-01 1.252743005752563477e-01
2.612367570400238037e-01 1.299150139093399048e-01
2.622453868389129639e-01 1.298669576644897461e-01
2.632540166378021240e-01 1.269257813692092896e-01
2.642626464366912842e-01 1.354598551988601685e-01
2.652712762355804443e-01 1.300994604825973511e-01
2.662799358367919922e-01 1.305433809757232666e-01
2.672885656356811523e-01 1.350202411413192749e-01
2.682971954345703125e-01 1.292431950569152832e-01
2.693058252334594727e-01 1.393899619579315186e-01
2.703144848346710205e-01 1.331284791231155396e-01
2.713231146335601807e-01 1.264950186014175415e-01
2.723317444324493408e-01 1.391486078500747681e-01
2.733403742313385010e-01 1.357428431510925293e-01
2.743490040302276611e-01 1.370390951633453369e-01
2.753576636314392090e-01 1.327077299356460571e-01
2.763662934303283691e-01 1.240718141198158264e-01
2.773749232292175293e-01 1.339317858219146729e-01
2.783835530281066895e-01 1.348139345645904541e-01
2.793921828269958496e-01 1.302586942911148071e-01
2.804008424282073975e-01 1.319639235734939575e-01
2.814094722270965576e-01 1.345507353544235229e-01
2.824181020259857178e-01 1.361865550279617310e-01
2.834267318248748779e-01 1.394815593957901001e-01
2.844353616237640381e-01 1.409959793090820312e-01
2.854440212249755859e-01 1.437779217958450317e-01
2.864526510238647461e-01 1.459529399871826172e-01
2.874612808227539062e-01 1.414211094379425049e-01
2.884699106216430664e-01 1.417157351970672607e-01
2.894785702228546143e-01 1.364891976118087769e-01
2.904872000217437744e-01 1.337794512510299683e-01
2.914958298206329346e-01 1.420381069183349609e-01
2.925044596195220947e-01 1.402765363454818726e-01
2.935130894184112549e-01 1.290361881256103516e-01
2.945217490196228027e-01 1.326750069856643677e-01
2.955303788185119629e-01 1.419479250907897949e-01
2.965390086174011230e-01 1.426984816789627075e-01
2.975476384162902832e-01 1.402459442615509033e-01
2.985562682151794434e-01 1.314438581466674805e-01
2.995649278163909912e-01 1.327640265226364136e-01
3.005735576152801514e-01 1.313576102256774902e-01
3.015821874141693115e-01 1.274978965520858765e-01
3.025908172130584717e-01 1.349149048328399658e-01
3.035994470119476318e-01 1.349425017833709717e-01
3.046081066131591797e-01 1.464368104934692383e-01
3.056167364120483398e-01 1.429361701011657715e-01
3.066253662109375000e-01 1.351530700922012329e-01
3.076339960098266602e-01 1.330393105745315552e-01
3.086426556110382080e-01 1.433802992105484009e-01
3.096512854099273682e-01 1.394825875759124756e-01
3.106599152088165283e-01 1.396077424287796021e-01
3.116685450077056885e-01 1.387564390897750854e-01
3.126771748065948486e-01 1.374104171991348267e-01
3.136858344078063965e-01 1.406146883964538574e-01
3.146944642066955566e-01 1.416394412517547607e-01
3.157030940055847168e-01 1.391936242580413818e-01
3.167117238044738770e-01 1.410840004682540894e-01
3.177203536033630371e-01 1.334522962570190430e-01
3.187290132045745850e-01 1.441679000854492188e-01
3.197376430034637451e-01 1.390968859195709229e-01
3.207462728023529053e-01 1.384111046791076660e-01
3.217549026012420654e-01 1.328306049108505249e-01
3.227635622024536133e-01 1.381249874830245972e-01
3.237721920013427734e-01 1.362128257751464844e-01
3.247808218002319336e-01 1.392309963703155518e-01
3.257894515991210938e-01 1.292929500341415405e-01
3.267980813980102539e-01 1.406838446855545044e-01
3.278067409992218018e-01 1.447962373495101929e-01
3.288153707981109619e-01 1.300908178091049194e-01
3.298240005970001221e-01 1.324276179075241089e-01
3.308326303958892822e-01 1.352337151765823364e-01
3.318412601947784424e-01 1.369867920875549316e-01
3.328499197959899902e-01 1.495078951120376587e-01
3.338585495948791504e-01 1.391171067953109741e-01
3.348671793937683105e-01 1.286550164222717285e-01
3.358758091926574707e-01 1.397938132286071777e-01
3.368844389915466309e-01 1.386363059282302856e-01
3.378930985927581787e-01 1.375610083341598511e-01
3.389017283916473389e-01 1.410332322120666504e-01
3.399103581905364990e-01 1.497475653886795044e-01
3.409189879894256592e-01 1.391803026199340820e-01
3.419276475906372070e-01 1.429454684257507324e-01
3.429362773895263672e-01 1.472623497247695923e-01
3.439449071884155273e-01 1.374259293079376221e-01
3.449535369873046875e-01 1.403394937515258789e-01
3.459621667861938477e-01 1.428549587726593018e-01
3.469708263874053955e-01 1.455990523099899292e-01
3.479794561862945557e-01 1.490282267332077026e-01
3.489880859851837158e-01 1.346383541822433472e-01
3.499967157840728760e-01 1.321920156478881836e-01
3.510053455829620361e-01 1.413025557994842529e-01
3.520140051841735840e-01 1.337167173624038696e-01
3.530226349830627441e-01 1.406694650650024414e-01
3.540312647819519043e-01 1.391242295503616333e-01
3.550398945808410645e-01 1.453643441200256348e-01
3.560485243797302246e-01 1.392719149589538574e-01
3.570571839809417725e-01 1.410207003355026245e-01
3.580658137798309326e-01 1.477039158344268799e-01
3.590744435787200928e-01 1.408945322036743164e-01
3.600830733776092529e-01 1.371039003133773804e-01
3.610917329788208008e-01 1.425733119249343872e-01
3.621003627777099609e-01 1.396840363740921021e-01
3.631089925765991211e-01 1.407010257244110107e-01
3.641176223754882812e-01 1.333036124706268311e-01
3.651262521743774414e-01 1.444851011037826538e-01
3.661349117755889893e-01 1.336398124694824219e-01
3.671435415744781494e-01 1.356226205825805664e-01
3.681521713733673096e-01 1.343183070421218872e-01
3.691608011722564697e-01 1.390753239393234253e-01
3.701694309711456299e-01 1.399879455566406250e-01
3.711780905723571777e-01 1.422198861837387085e-01
3.721867203712463379e-01 1.400210857391357422e-01
3.731953501701354980e-01 1.307146847248077393e-01
3.742039799690246582e-01 1.361786276102066040e-01
3.752126097679138184e-01 1.360120177268981934e-01
3.762212693691253662e-01 1.403471827507019043e-01
3.772298991680145264e-01 1.401555538177490234e-01
3.782385289669036865e-01 1.355259418487548828e-01
3.792471587657928467e-01 1.368954926729202271e-01
3.802558183670043945e-01 1.326135098934173584e-01
3.812644481658935547e-01 1.351441442966461182e-01
3.822730779647827148e-01 1.467692703008651733e-01
3.832817077636718750e-01 1.409106850624084473e-01
3.842903375625610352e-01 1.419098079204559326e-01
3.852989971637725830e-01 1.411297917366027832e-01
3.863076269626617432e-01 1.428178399801254272e-01
3.873162567615509033e-01 1.404999345541000366e-01
3.883248865604400635e-01 1.363087892532348633e-01
3.893335163593292236e-01 1.329882591962814331e-01
3.903421759605407715e-01 1.332869231700897217e-01
3.913508057594299316e-01 1.384642869234085083e-01
3.923594355583190918e-01 1.434860229492187500e-01
3.933680653572082520e-01 1.377924978733062744e-01
3.943766951560974121e-01 1.329882591962814331e-01
3.953853547573089600e-01 1.400878280401229858e-01
3.963939845561981201e-01 1.405828446149826050e-01
3.974026143550872803e-01 1.457773447036743164e-01
3.984112441539764404e-01 1.449868679046630859e-01
3.994199037551879883e-01 1.402627974748611450e-01
4.004285335540771484e-01 1.379617154598236084e-01
4.014371633529663086e-01 1.405642479658126831e-01
4.024457931518554688e-01 1.429026722908020020e-01
4.034544229507446289e-01 1.367142051458358765e-01
4.044630825519561768e-01 1.315586417913436890e-01
4.054717123508453369e-01 1.418431550264358521e-01
4.064803421497344971e-01 1.413752585649490356e-01
4.074889719486236572e-01 1.443372517824172974e-01
4.084976017475128174e-01 1.386460959911346436e-01
4.095062613487243652e-01 1.322980225086212158e-01
4.105148911476135254e-01 1.425431668758392334e-01
4.115235209465026855e-01 1.461169570684432983e-01
4.125321507453918457e-01 1.431443095207214355e-01
4.135407805442810059e-01 1.374922990798950195e-01
4.145494401454925537e-01 1.451802253723144531e-01
4.155580699443817139e-01 1.439138352870941162e-01
4.165666997432708740e-01 1.419035494327545166e-01
4.175753295421600342e-01 1.418801546096801758e-01
4.185839891433715820e-01 1.527611613273620605e-01
4.195926189422607422e-01 1.395878344774246216e-01
4.206012487411499023e-01 1.355926692485809326e-01
4.216098785400390625e-01 1.407441198825836182e-01
4.226185083389282227e-01 1.494536101818084717e-01
4.236271679401397705e-01 1.405937373638153076e-01
4.246357977390289307e-01 1.393861174583435059e-01
4.256444275379180908e-01 1.410869061946868896e-01
4.266530573368072510e-01 1.488766074180603027e-01
4.276616871356964111e-01 1.486421525478363037e-01
4.286703467369079590e-01 1.415259242057800293e-01
4.296789765357971191e-01 1.451664268970489502e-01
4.306876063346862793e-01 1.480562835931777954e-01
4.316962361335754395e-01 1.480748057365417480e-01
4.327048659324645996e-01 1.338128894567489624e-01
4.337135255336761475e-01 1.431363373994827271e-01
4.347221553325653076e-01 1.416738480329513550e-01
4.357307851314544678e-01 1.357005834579467773e-01
4.367394149303436279e-01 1.461335420608520508e-01
4.377480745315551758e-01 1.467065513134002686e-01
4.387567043304443359e-01 1.522180438041687012e-01
4.397653341293334961e-01 1.394043564796447754e-01
4.407739639282226562e-01 1.474848091602325439e-01
4.417825937271118164e-01 1.456234753131866455e-01
4.427912533283233643e-01 1.456610858440399170e-01
4.437998831272125244e-01 1.463638693094253540e-01
4.448085129261016846e-01 1.438089460134506226e-01
4.458171427249908447e-01 1.450853347778320312e-01
4.468257725238800049e-01 1.542514860630035400e-01
4.478344321250915527e-01 1.416810750961303711e-01
4.488430619239807129e-01 1.400783956050872803e-01
4.498516917228698730e-01 1.412002295255661011e-01
4.508603215217590332e-01 1.408028453588485718e-01
4.518689513206481934e-01 1.380566507577896118e-01
4.528776109218597412e-01 1.409258544445037842e-01
4.538862407207489014e-01 1.422779262065887451e-01
4.548948705196380615e-01 1.365305781364440918e-01
4.559035003185272217e-01 1.396665573120117188e-01
4.569121599197387695e-01 1.439205706119537354e-01
4.579207897186279297e-01 1.463686972856521606e-01
4.589294195175170898e-01 1.500817835330963135e-01
4.599380493164062500e-01 1.420628726482391357e-01
4.609466791152954102e-01 1.410202682018280029e-01
4.619553387165069580e-01 1.408900022506713867e-01
4.629639685153961182e-01 1.471251696348190308e-01
4.639725983142852783e-01 1.471698731184005737e-01
4.649812281131744385e-01 1.420134902000427246e-01
4.659898579120635986e-01 1.481263786554336548e-01
4.669985175132751465e-01 1.473009735345840454e-01
4.680071473121643066e-01 1.434320062398910522e-01
4.690157771110534668e-01 1.416614353656768799e-01
4.700244069099426270e-01 1.366951912641525269e-01
4.710330665111541748e-01 1.353416144847869873e-01
4.720416963100433350e-01 1.351844221353530884e-01
4.730503261089324951e-01 1.374236494302749634e-01
4.740589559078216553e-01 1.355372965335845947e-01
4.750675857067108154e-01 1.417572349309921265e-01
4.760762453079223633e-01 1.510674506425857544e-01
4.770848751068115234e-01 1.433984786272048950e-01
4.780935049057006836e-01 1.470953971147537231e-01
4.791021347045898438e-01 1.402058005332946777e-01
4.801107645034790039e-01 1.407937109470367432e-01
4.811194241046905518e-01 1.419381052255630493e-01
4.821280539035797119e-01 1.407968252897262573e-01
4.831366837024688721e-01 1.445724070072174072e-01
4.841453135013580322e-01 1.441093087196350098e-01
4.851539433002471924e-01 1.378666311502456665e-01
4.861626029014587402e-01 1.400035768747329712e-01
4.871712327003479004e-01 1.402988880872726440e-01
4.881798624992370605e-01 1.416641324758529663e-01
4.891884922981262207e-01 1.413390636444091797e-01
4.901971518993377686e-01 1.397439092397689819e-01
4.912057816982269287e-01 1.423677206039428711e-01
4.922144114971160889e-01 1.417734473943710327e-01
4.932230412960052490e-01 1.438429504632949829e-01
4.942316710948944092e-01 1.426225304603576660e-01
4.952403306961059570e-01 1.404979825019836426e-01
4.962489604949951172e-01 1.388246268033981323e-01
4.972575902938842773e-01 1.415221244096755981e-01
4.982662200927734375e-01 1.420027166604995728e-01
4.992748498916625977e-01 1.439509987831115723e-01
5.002834796905517578e-01 1.402955800294876099e-01
5.012921094894409180e-01 1.443720012903213501e-01
5.023007988929748535e-01 1.454421579837799072e-01
5.033094286918640137e-01 1.363533437252044678e-01
5.043180584907531738e-01 1.992867887020111084e-01
5.053266882896423340e-01 1.669930815696716309e-01
5.063353180885314941e-01 1.325184851884841919e-01
5.073439478874206543e-01 1.372638940811157227e-01
5.083525776863098145e-01 1.327321678400039673e-01
5.093612074851989746e-01 1.364644616842269897e-01
5.103698372840881348e-01 1.304159909486770630e-01
5.113784670829772949e-01 1.348551362752914429e-01
5.123871564865112305e-01 1.313124448060989380e-01
5.133957862854003906e-01 1.395523101091384888e-01
5.144044160842895508e-01 1.388967037200927734e-01
5.154130458831787109e-01 1.365497857332229614e-01
5.164216756820678711e-01 1.345358043909072876e-01
5.174303054809570312e-01 1.409615427255630493e-01
5.184389352798461914e-01 1.375449597835540771e-01
5.194475650787353516e-01 1.341056674718856812e-01
5.204561948776245117e-01 1.387030333280563354e-01
5.214648842811584473e-01 1.415626555681228638e-01
5.224735140800476074e-01 1.304987370967864990e-01
5.234821438789367676e-01 1.288572400808334351e-01
5.244907736778259277e-01 1.327146142721176147e-01
5.254994034767150879e-01 1.343515813350677490e-01
5.265080332756042480e-01 1.377421468496322632e-01
5.275166630744934082e-01 1.316241621971130371e-01
5.285252928733825684e-01 1.383750438690185547e-01
5.295339226722717285e-01 1.319851875305175781e-01
5.305425524711608887e-01 1.341889202594757080e-01
5.315512418746948242e-01 1.311839669942855835e-01
5.325598716735839844e-01 1.422785669565200806e-01
5.335685014724731445e-01 1.431910544633865356e-01
5.345771312713623047e-01 1.413699537515640259e-01
5.355857610702514648e-01 1.427730917930603027e-01
5.365943908691406250e-01 1.398301124572753906e-01
5.376030206680297852e-01 1.389975249767303467e-01
5.386116504669189453e-01 1.417546421289443970e-01
5.396202802658081055e-01 1.428470015525817871e-01
5.406289696693420410e-01 1.411049515008926392e-01
5.416375994682312012e-01 1.347418278455734253e-01
5.426462292671203613e-01 1.388074308633804321e-01
5.436548590660095215e-01 1.392791122198104858e-01
5.446634888648986816e-01 1.395259946584701538e-01
5.456721186637878418e-01 1.423366963863372803e-01
5.466807484626770020e-01 1.458510458469390869e-01
5.476893782615661621e-01 1.467911452054977417e-01
5.486980080604553223e-01 1.529784053564071655e-01
5.497066378593444824e-01 1.437741965055465698e-01
5.507153272628784180e-01 1.429683119058609009e-01
5.517239570617675781e-01 1.466277092695236206e-01
5.527325868606567383e-01 1.482242047786712646e-01
5.537412166595458984e-01 1.449589729309082031e-01
5.547498464584350586e-01 1.448794603347778320e-01
5.557584762573242188e-01 1.484473943710327148e-01
5.567671060562133789e-01 1.521350592374801636e-01
5.577757358551025391e-01 1.476226449012756348e-01
5.587843656539916992e-01 1.575916856527328491e-01
5.597930550575256348e-01 1.573714166879653931e-01
5.608016848564147949e-01 1.467421948909759521e-01
5.618103146553039551e-01 1.493409126996994019e-01
5.628189444541931152e-01 1.425663083791732788e-01
5.638275742530822754e-01 1.577362567186355591e-01
5.648362040519714355e-01 1.574366539716720581e-01
5.658448338508605957e-01 1.524549275636672974e-01
5.668534636497497559e-01 1.551340073347091675e-01
5.678620934486389160e-01 1.520654708147048950e-01
5.688707232475280762e-01 1.558458358049392700e-01
5.698794126510620117e-01 1.509729325771331787e-01
5.708880424499511719e-01 1.530416309833526611e-01
5.718966722488403320e-01 1.533958911895751953e-01
5.729053020477294922e-01 1.557416170835494995e-01
5.739139318466186523e-01 1.612609624862670898e-01
5.749225616455078125e-01 1.573266834020614624e-01
5.759311914443969727e-01 1.652180701494216919e-01
5.769398212432861328e-01 1.642575562000274658e-01
5.779484510421752930e-01 1.637163758277893066e-01
5.789571404457092285e-01 1.660843789577484131e-01
5.799657702445983887e-01 1.614326536655426025e-01
5.809744000434875488e-01 1.613186299800872803e-01
5.819830298423767090e-01 1.639597564935684204e-01
5.829916596412658691e-01 1.597517728805541992e-01
5.840002894401550293e-01 1.493582129478454590e-01
5.850089192390441895e-01 1.594784110784530640e-01
5.860175490379333496e-01 1.625696718692779541e-01
5.870261788368225098e-01 1.590856909751892090e-01
5.880348086357116699e-01 1.559533327817916870e-01
5.890434980392456055e-01 1.626951694488525391e-01
5.900521278381347656e-01 1.614652872085571289e-01
5.910607576370239258e-01 1.604694873094558716e-01
5.920693874359130859e-01 1.618163138628005981e-01
5.930780172348022461e-01 1.682569235563278198e-01
5.940866470336914062e-01 1.656526625156402588e-01
5.950952768325805664e-01 1.632325947284698486e-01
5.961039066314697266e-01 1.667164564132690430e-01
5.971125364303588867e-01 1.657406091690063477e-01
5.981212258338928223e-01 1.688104569911956787e-01
5.991298556327819824e-01 1.688215434551239014e-01
6.001384854316711426e-01 1.701310873031616211e-01
6.011471152305603027e-01 1.629880964756011963e-01
6.021557450294494629e-01 1.617151349782943726e-01
6.031643748283386230e-01 1.690623164176940918e-01
6.041730046272277832e-01 1.635798662900924683e-01
6.051816344261169434e-01 1.664591878652572632e-01
6.061902642250061035e-01 1.660875976085662842e-01
6.071988940238952637e-01 1.616335809230804443e-01
6.082075834274291992e-01 1.640429645776748657e-01
6.092162132263183594e-01 1.656645089387893677e-01
6.102248430252075195e-01 1.677743196487426758e-01
6.112334728240966797e-01 1.688138544559478760e-01
6.122421026229858398e-01 1.666131466627120972e-01
6.132507324218750000e-01 1.678930670022964478e-01
6.142593622207641602e-01 1.637241095304489136e-01
6.152679920196533203e-01 1.742694824934005737e-01
6.162766218185424805e-01 1.658559739589691162e-01
6.172853112220764160e-01 1.718354076147079468e-01
6.182939410209655762e-01 1.667675971984863281e-01
6.193025708198547363e-01 1.654353588819503784e-01
6.203112006187438965e-01 1.742840260267257690e-01
6.213198304176330566e-01 1.687144786119461060e-01
6.223284602165222168e-01 1.692271083593368530e-01
6.233370900154113770e-01 1.661971062421798706e-01
6.243457198143005371e-01 1.721535027027130127e-01
6.253543496131896973e-01 1.740538626909255981e-01
6.263629794120788574e-01 1.731824427843093872e-01
6.273716688156127930e-01 1.744538098573684692e-01
6.283802986145019531e-01 1.794663965702056885e-01
6.293889284133911133e-01 1.723643690347671509e-01
6.303975582122802734e-01 1.684329658746719360e-01
6.314061880111694336e-01 1.675760298967361450e-01
6.324148178100585938e-01 1.679836064577102661e-01
6.334234476089477539e-01 1.648910343647003174e-01
6.344320774078369141e-01 1.744515448808670044e-01
6.354407072067260742e-01 1.707645356655120850e-01
6.364493966102600098e-01 1.744588315486907959e-01
6.374580264091491699e-01 1.787971705198287964e-01
6.384666562080383301e-01 1.788556724786758423e-01
6.394752860069274902e-01 1.691449880599975586e-01
6.404839158058166504e-01 1.779591441154479980e-01
6.414925456047058105e-01 1.856278181076049805e-01
6.425011754035949707e-01 1.791837960481643677e-01
6.435098052024841309e-01 1.718624830245971680e-01
6.445184350013732910e-01 1.730698645114898682e-01
6.455271244049072266e-01 1.736919879913330078e-01
6.465357542037963867e-01 1.789651066064834595e-01
6.475443840026855469e-01 1.740720272064208984e-01
6.485530138015747070e-01 1.784693896770477295e-01
6.495616436004638672e-01 1.879709810018539429e-01
6.505702733993530273e-01 1.813233792781829834e-01
6.515789031982421875e-01 1.826841682195663452e-01
6.525875329971313477e-01 1.801975220441818237e-01
6.535961627960205078e-01 1.813195943832397461e-01
6.546047925949096680e-01 1.765062958002090454e-01
6.556134819984436035e-01 1.874330341815948486e-01
6.566221117973327637e-01 1.897067129611968994e-01
6.576307415962219238e-01 1.833127290010452271e-01
6.586393713951110840e-01 1.781477630138397217e-01
6.596480011940002441e-01 1.834093332290649414e-01
6.606566309928894043e-01 1.772792190313339233e-01
6.616652607917785645e-01 1.939866691827774048e-01
6.626738905906677246e-01 1.862795799970626831e-01
6.636825203895568848e-01 1.846991032361984253e-01
6.646912097930908203e-01 1.958948671817779541e-01
6.656998395919799805e-01 1.858780235052108765e-01
6.667084693908691406e-01 1.888083070516586304e-01
6.677170991897583008e-01 1.843610405921936035e-01
6.687257289886474609e-01 1.936607658863067627e-01
6.697343587875366211e-01 1.847491711378097534e-01
6.707429885864257812e-01 1.934409141540527344e-01
6.717516183853149414e-01 2.029817253351211548e-01
6.727602481842041016e-01 1.994576156139373779e-01
6.737688779830932617e-01 1.871749609708786011e-01
6.747775673866271973e-01 1.862071454524993896e-01
6.757861971855163574e-01 1.924795359373092651e-01
6.767948269844055176e-01 1.971141099929809570e-01
6.778034567832946777e-01 1.985372751951217651e-01
6.788120865821838379e-01 1.909821182489395142e-01
6.798207163810729980e-01 1.897172629833221436e-01
6.808293461799621582e-01 1.861584931612014771e-01
6.818379759788513184e-01 1.940790116786956787e-01
6.828466057777404785e-01 2.019343227148056030e-01
6.838552951812744141e-01 1.907977014780044556e-01
6.848639249801635742e-01 1.932151317596435547e-01
6.858725547790527344e-01 1.889274865388870239e-01
6.868811845779418945e-01 1.919527053833007812e-01
6.878898143768310547e-01 2.007261216640472412e-01
6.888984441757202148e-01 1.942648738622665405e-01
6.899070739746093750e-01 1.918100267648696899e-01
6.909157037734985352e-01 2.030498534440994263e-01
6.919243335723876953e-01 1.954635083675384521e-01
6.929329633712768555e-01 2.059311568737030029e-01
6.939416527748107910e-01 1.995635032653808594e-01
6.949502825736999512e-01 2.017358839511871338e-01
6.959589123725891113e-01 1.896572709083557129e-01
6.969675421714782715e-01 2.001909315586090088e-01
6.979761719703674316e-01 2.061686068773269653e-01
6.989848017692565918e-01 1.950461268424987793e-01
6.999934315681457520e-01 2.036212533712387085e-01
7.010020613670349121e-01 2.017950862646102905e-01
7.020106911659240723e-01 2.036219388246536255e-01
7.030193805694580078e-01 1.982186883687973022e-01
7.040280103683471680e-01 2.079039365053176880e-01
7.050366401672363281e-01 2.043870240449905396e-01
7.060452699661254883e-01 2.043588459491729736e-01
7.070538997650146484e-01 2.157499641180038452e-01
7.080625295639038086e-01 2.170850485563278198e-01
7.090711593627929688e-01 2.134703546762466431e-01
7.100797891616821289e-01 2.039099633693695068e-01
7.110884189605712891e-01 2.157777398824691772e-01
7.120970487594604492e-01 2.146159410476684570e-01
7.131057381629943848e-01 2.111124098300933838e-01
7.141143679618835449e-01 2.171151936054229736e-01
7.151229977607727051e-01 2.103140205144882202e-01
7.161316275596618652e-01 2.127140015363693237e-01
7.171402573585510254e-01 2.251618951559066772e-01
7.181488871574401855e-01 2.130046486854553223e-01
7.191575169563293457e-01 2.088176608085632324e-01
7.201661467552185059e-01 2.142212688922882080e-01
7.211747765541076660e-01 2.021570503711700439e-01
7.221834659576416016e-01 2.156440019607543945e-01
7.231920957565307617e-01 2.207171320915222168e-01
7.242007255554199219e-01 2.136387377977371216e-01
7.252093553543090820e-01 2.269810140132904053e-01
7.262179851531982422e-01 2.191265076398849487e-01
7.272266149520874023e-01 2.175020575523376465e-01
7.282352447509765625e-01 2.209370434284210205e-01
7.292438745498657227e-01 2.280412465333938599e-01
7.302525043487548828e-01 2.314875870943069458e-01
7.312611341476440430e-01 2.294767051935195923e-01
7.322698235511779785e-01 2.256077229976654053e-01
7.332784533500671387e-01 2.198227047920227051e-01
7.342870831489562988e-01 2.261034548282623291e-01
7.352957129478454590e-01 2.265714704990386963e-01
7.363043427467346191e-01 2.281410992145538330e-01
7.373129725456237793e-01 2.321286350488662720e-01
7.383216023445129395e-01 2.377013713121414185e-01
7.393302321434020996e-01 2.414586693048477173e-01
7.403388619422912598e-01 2.436106353998184204e-01
7.413475513458251953e-01 2.272277921438217163e-01
7.423561811447143555e-01 2.350745946168899536e-01
7.433648109436035156e-01 2.469433546066284180e-01
7.443734407424926758e-01 2.386825233697891235e-01
7.453820705413818359e-01 2.406332790851593018e-01
7.463907003402709961e-01 2.452298253774642944e-01
7.473993301391601562e-01 2.386996150016784668e-01
7.484079599380493164e-01 2.310527563095092773e-01
7.494165897369384766e-01 2.428184002637863159e-01
7.504252195358276367e-01 2.445919513702392578e-01
7.514339089393615723e-01 2.418066263198852539e-01
7.524425387382507324e-01 2.873843312263488770e-01
7.534511685371398926e-01 3.016639947891235352e-01
7.544597983360290527e-01 2.484648227691650391e-01
7.554684281349182129e-01 2.505838274955749512e-01
7.564770579338073730e-01 2.451286166906356812e-01
7.574856877326965332e-01 2.453645765781402588e-01
7.584943175315856934e-01 2.512632608413696289e-01
7.595029473304748535e-01 2.505454719066619873e-01
7.605116367340087891e-01 2.552193403244018555e-01
7.615202665328979492e-01 2.491611987352371216e-01
7.625288963317871094e-01 2.558102011680603027e-01
7.635375261306762695e-01 2.510384321212768555e-01
7.645461559295654297e-01 2.458685189485549927e-01
7.655547857284545898e-01 2.439700067043304443e-01
7.665634155273437500e-01 2.523867487907409668e-01
7.675720453262329102e-01 2.529751658439636230e-01
7.685806751251220703e-01 2.545875608921051025e-01
7.695893049240112305e-01 2.588244080543518066e-01
7.705979943275451660e-01 2.643376886844635010e-01
7.716066241264343262e-01 2.545299232006072998e-01
7.726152539253234863e-01 2.608397006988525391e-01
7.736238837242126465e-01 2.616131603717803955e-01
7.746325135231018066e-01 2.572402954101562500e-01
7.756411433219909668e-01 2.595994472503662109e-01
7.766497731208801270e-01 2.600612640380859375e-01
7.776584029197692871e-01 2.618913352489471436e-01
7.786670327186584473e-01 2.597441971302032471e-01
7.796757221221923828e-01 2.612470090389251709e-01
7.806843519210815430e-01 2.476234734058380127e-01
7.816929817199707031e-01 2.474408596754074097e-01
7.827016115188598633e-01 2.649128437042236328e-01
7.837102413177490234e-01 2.632685303688049316e-01
7.847188711166381836e-01 2.620649933815002441e-01
7.857275009155273438e-01 2.600814700126647949e-01
7.867361307144165039e-01 2.686977088451385498e-01
7.877447605133056641e-01 2.698903679847717285e-01
7.887533903121948242e-01 2.662185728549957275e-01
7.897620797157287598e-01 2.717672884464263916e-01
7.907707095146179199e-01 2.757598459720611572e-01
7.917793393135070801e-01 2.616824805736541748e-01
7.927879691123962402e-01 2.682858109474182129e-01
7.937965989112854004e-01 2.677274942398071289e-01
7.948052287101745605e-01 2.678892314434051514e-01
7.958138585090637207e-01 2.723249495029449463e-01
7.968224883079528809e-01 2.747430801391601562e-01
7.978311181068420410e-01 2.730945646762847900e-01
7.988398075103759766e-01 2.823848426342010498e-01
7.998484373092651367e-01 2.761367857456207275e-01
8.008570671081542969e-01 2.671470046043395996e-01
8.018656969070434570e-01 2.737115919589996338e-01
8.028743267059326172e-01 2.730707824230194092e-01
8.038829565048217773e-01 2.717618942260742188e-01
8.048915863037109375e-01 2.700652480125427246e-01
8.059002161026000977e-01 2.796646952629089355e-01
8.069088459014892578e-01 2.732846438884735107e-01
8.079174757003784180e-01 2.786378264427185059e-01
8.089261651039123535e-01 2.749189138412475586e-01
8.099347949028015137e-01 2.749315500259399414e-01
8.109434247016906738e-01 2.814212143421173096e-01
8.119520545005798340e-01 2.983783483505249023e-01
8.129606842994689941e-01 2.803204357624053955e-01
8.139693140983581543e-01 2.841263115406036377e-01
8.149779438972473145e-01 2.844023108482360840e-01
8.159865736961364746e-01 2.856383919715881348e-01
8.169952034950256348e-01 2.848087549209594727e-01
8.180038928985595703e-01 2.796871066093444824e-01
8.190125226974487305e-01 2.929957211017608643e-01
8.200211524963378906e-01 2.906273305416107178e-01
8.210297822952270508e-01 2.898512482643127441e-01
8.220384120941162109e-01 2.877784073352813721e-01
8.230470418930053711e-01 2.869408130645751953e-01
8.240556716918945312e-01 2.898033559322357178e-01
8.250643014907836914e-01 2.882498502731323242e-01
8.260729312896728516e-01 2.956664562225341797e-01
8.270815610885620117e-01 2.885136902332305908e-01
8.280902504920959473e-01 2.839910387992858887e-01
8.290988802909851074e-01 2.904438376426696777e-01
8.301075100898742676e-01 2.871924340724945068e-01
8.311161398887634277e-01 2.985657751560211182e-01
8.321247696876525879e-01 2.902508378028869629e-01
8.331333994865417480e-01 2.913539111614227295e-01
8.341420292854309082e-01 2.944646477699279785e-01
8.351506590843200684e-01 2.995365560054779053e-01
8.361592888832092285e-01 3.074418306350708008e-01
8.371679782867431641e-01 2.984981536865234375e-01
8.381766080856323242e-01 3.013248741626739502e-01
8.391852378845214844e-01 2.948091924190521240e-01
8.401938676834106445e-01 3.060392737388610840e-01
8.412024974822998047e-01 3.009865880012512207e-01
8.422111272811889648e-01 2.906076610088348389e-01
8.432197570800781250e-01 2.949668765068054199e-01
8.442283868789672852e-01 2.960929274559020996e-01
8.452370166778564453e-01 3.090084791183471680e-01
8.462456464767456055e-01 2.929162383079528809e-01
8.472543358802795410e-01 3.018034696578979492e-01
8.482629656791687012e-01 3.148551583290100098e-01
8.492715954780578613e-01 3.258034586906433105e-01
8.502802252769470215e-01 3.240239322185516357e-01
8.512888550758361816e-01 3.185133635997772217e-01
8.522974848747253418e-01 3.084677159786224365e-01
8.533061146736145020e-01 3.174514770507812500e-01
8.543147444725036621e-01 3.147288560867309570e-01
8.553233742713928223e-01 3.241006433963775635e-01
8.563320636749267578e-01 3.226243853569030762e-01
8.573406934738159180e-01 3.104359209537506104e-01
8.583493232727050781e-01 3.223120868206024170e-01
8.593579530715942383e-01 3.324860632419586182e-01
8.603665828704833984e-01 3.315836489200592041e-01
8.613752126693725586e-01 3.342941403388977051e-01
8.623838424682617188e-01 3.429485261440277100e-01
8.633924722671508789e-01 3.352124989032745361e-01
8.644011020660400391e-01 3.384694159030914307e-01
8.654097318649291992e-01 3.312742114067077637e-01
8.664184212684631348e-01 3.264755308628082275e-01
8.674270510673522949e-01 3.369511067867279053e-01
8.684356808662414551e-01 3.442884981632232666e-01
8.694443106651306152e-01 3.532577157020568848e-01
8.704529404640197754e-01 3.434071540832519531e-01
8.714615702629089355e-01 3.483703732490539551e-01
8.724702000617980957e-01 3.501824140548706055e-01
8.734788298606872559e-01 3.448387086391448975e-01
8.744874596595764160e-01 3.214339911937713623e-01
8.754961490631103516e-01 3.422695100307464600e-01
8.765047788619995117e-01 3.506456911563873291e-01
8.775134086608886719e-01 3.480186164379119873e-01
8.785220384597778320e-01 3.469968140125274658e-01
8.795306682586669922e-01 3.370819687843322754e-01
8.805392980575561523e-01 3.441035747528076172e-01
8.815479278564453125e-01 3.387448191642761230e-01
8.825565576553344727e-01 3.428705930709838867e-01
8.835651874542236328e-01 3.371027708053588867e-01
8.845738172531127930e-01 3.298187553882598877e-01
8.855825066566467285e-01 3.397791683673858643e-01
8.865911364555358887e-01 3.500132262706756592e-01
8.875997662544250488e-01 3.583354353904724121e-01
8.886083960533142090e-01 3.461710512638092041e-01
8.896170258522033691e-01 3.377803564071655273e-01
8.906256556510925293e-01 3.627682626247406006e-01
8.916342854499816895e-01 3.550039231777191162e-01
8.926429152488708496e-01 3.634877204895019531e-01
8.936515450477600098e-01 3.548485636711120605e-01
8.946602344512939453e-01 3.426988720893859863e-01
8.956688642501831055e-01 3.794229030609130859e-01
8.966774940490722656e-01 3.562213480472564697e-01
8.976861238479614258e-01 3.632469177246093750e-01
8.986947536468505859e-01 3.654273450374603271e-01
8.997033834457397461e-01 3.663052618503570557e-01
9.007120132446289062e-01 3.596169054508209229e-01
9.017206430435180664e-01 3.617990612983703613e-01
9.027292728424072266e-01 3.613969385623931885e-01
9.037379026412963867e-01 3.605625331401824951e-01
9.047465920448303223e-01 3.703512251377105713e-01
9.057552218437194824e-01 3.609905838966369629e-01
9.067638516426086426e-01 3.817052841186523438e-01
9.077724814414978027e-01 3.646889626979827881e-01
9.087811112403869629e-01 3.573612570762634277e-01
9.097897410392761230e-01 3.769401907920837402e-01
9.107983708381652832e-01 3.697146475315093994e-01
9.118070006370544434e-01 3.760532140731811523e-01
9.128156304359436035e-01 3.905282020568847656e-01
9.138243198394775391e-01 3.653480708599090576e-01
9.148329496383666992e-01 3.624331057071685791e-01
9.158415794372558594e-01 3.765927851200103760e-01
9.168502092361450195e-01 3.732688128948211670e-01
9.178588390350341797e-01 3.768208324909210205e-01
9.188674688339233398e-01 3.874943852424621582e-01
9.198760986328125000e-01 3.850542008876800537e-01
9.208847284317016602e-01 3.852963149547576904e-01
9.218933582305908203e-01 3.949555158615112305e-01
9.229020476341247559e-01 3.952000737190246582e-01
9.239106774330139160e-01 3.728835880756378174e-01
9.249193072319030762e-01 3.954272866249084473e-01
9.259279370307922363e-01 3.810918331146240234e-01
9.269365668296813965e-01 4.028466343879699707e-01
9.279451966285705566e-01 3.949359059333801270e-01
9.289538264274597168e-01 3.949700295925140381e-01
9.299624562263488770e-01 4.009845554828643799e-01
9.309710860252380371e-01 4.095731675624847412e-01
9.319797158241271973e-01 4.165035784244537354e-01
9.329884052276611328e-01 4.025389254093170166e-01
9.339970350265502930e-01 4.047294557094573975e-01
9.350056648254394531e-01 4.106072187423706055e-01
9.360142946243286133e-01 4.141952991485595703e-01
9.370229244232177734e-01 4.005528092384338379e-01
9.380315542221069336e-01 4.189342856407165527e-01
9.390401840209960938e-01 4.234690666198730469e-01
9.400488138198852539e-01 4.193333387374877930e-01
9.410574436187744141e-01 4.237538278102874756e-01
9.420661330223083496e-01 4.126800298690795898e-01
9.430747628211975098e-01 4.190688729286193848e-01
9.440833926200866699e-01 4.176607728004455566e-01
9.450920224189758301e-01 4.182444214820861816e-01
9.461006522178649902e-01 4.224022328853607178e-01
9.471092820167541504e-01 4.118578433990478516e-01
9.481179118156433105e-01 4.251861572265625000e-01
9.491265416145324707e-01 4.135924279689788818e-01
9.501351714134216309e-01 4.602008163928985596e-01
9.511438012123107910e-01 4.389594495296478271e-01
9.521524906158447266e-01 4.601682126522064209e-01
9.531611204147338867e-01 4.347508847713470459e-01
9.541697502136230469e-01 4.667371213436126709e-01
9.551783800125122070e-01 4.410825073719024658e-01
9.561870098114013672e-01 4.305693507194519043e-01
9.571956396102905273e-01 4.466437101364135742e-01
9.582042694091796875e-01 4.482935070991516113e-01
9.592128992080688477e-01 4.566888511180877686e-01
9.602215290069580078e-01 4.589118063449859619e-01
9.612302184104919434e-01 4.802112281322479248e-01
9.622388482093811035e-01 4.566039144992828369e-01
9.632474780082702637e-01 4.719781577587127686e-01
9.642561078071594238e-01 4.612262845039367676e-01
9.652647376060485840e-01 4.688805341720581055e-01
9.662733674049377441e-01 4.623380899429321289e-01
9.672819972038269043e-01 4.696400761604309082e-01
9.682906270027160645e-01 4.865917265415191650e-01
9.692992568016052246e-01 4.903113245964050293e-01
9.703078866004943848e-01 4.882385730743408203e-01
9.713165760040283203e-01 4.893031716346740723e-01
9.723252058029174805e-01 4.667235314846038818e-01
9.733338356018066406e-01 4.860166609287261963e-01
9.743424654006958008e-01 4.412487745285034180e-01
9.753510951995849609e-01 4.733434021472930908e-01
9.763597249984741211e-01 4.947792291641235352e-01
9.773683547973632812e-01 4.527058899402618408e-01
9.783769845962524414e-01 4.763597249984741211e-01
9.793856143951416016e-01 5.126891136169433594e-01
9.803943037986755371e-01 4.907066822052001953e-01
9.814029335975646973e-01 5.027725696563720703e-01
9.824115633964538574e-01 5.257448554039001465e-01
9.834201931953430176e-01 5.261779427528381348e-01
9.844288229942321777e-01 5.080578327178955078e-01
9.854374527931213379e-01 5.188408493995666504e-01
9.864460825920104980e-01 5.030325055122375488e-01
9.874547123908996582e-01 5.322106480598449707e-01
9.884633421897888184e-01 5.366585254669189453e-01
9.894719719886779785e-01 5.341448187828063965e-01
9.904806613922119141e-01 5.148634314537048340e-01
9.914892911911010742e-01 5.258456468582153320e-01
9.924979209899902344e-01 5.443326234817504883e-01
9.935065507888793945e-01 5.520735979080200195e-01
9.945151805877685547e-01 5.469987392425537109e-01
9.955238103866577148e-01 5.378149747848510742e-01
9.965324401855468750e-01 5.401611328125000000e-01
9.975410699844360352e-01 5.874511599540710449e-01
9.985496997833251953e-01 6.032640933990478516e-01
9.995583891868591309e-01 5.834655165672302246e-01
1.000566959381103516e+00 5.968765020370483398e-01
1.001575589179992676e+00 5.979187488555908203e-01
1.002584218978881836e+00 5.493088960647583008e-01
1.003592848777770996e+00 5.917658805847167969e-01
1.004601597785949707e+00 6.113674044609069824e-01
1.005610227584838867e+00 6.132949590682983398e-01
1.006618857383728027e+00 5.913965702056884766e-01
1.007627487182617188e+00 5.991747975349426270e-01
1.008636116981506348e+00 6.209969520568847656e-01
1.009644746780395508e+00 6.295133233070373535e-01
1.010653376579284668e+00 6.590784788131713867e-01
1.011662006378173828e+00 6.434356570243835449e-01
1.012670636177062988e+00 6.008137464523315430e-01
1.013679265975952148e+00 5.972822308540344238e-01
1.014687895774841309e+00 5.980333685874938965e-01
1.015696525573730469e+00 6.768718957901000977e-01
1.016705155372619629e+00 6.522811651229858398e-01
1.017713785171508789e+00 6.217160820960998535e-01
1.018722414970397949e+00 6.076299548149108887e-01
1.019731044769287109e+00 6.593232154846191406e-01
1.020739674568176270e+00 6.954976320266723633e-01
1.021748304367065430e+00 6.563870310783386230e-01
1.022756934165954590e+00 6.608053445816040039e-01
1.023765683174133301e+00 6.919797062873840332e-01
1.024774312973022461e+00 6.901827454566955566e-01
1.025782942771911621e+00 6.728072166442871094e-01
1.026791572570800781e+00 6.682963967323303223e-01
1.027800202369689941e+00 6.538463234901428223e-01
1.028808832168579102e+00 6.415931582450866699e-01
1.029817461967468262e+00 6.588256359100341797e-01
1.030826091766357422e+00 6.445540189743041992e-01
1.031834721565246582e+00 6.488170623779296875e-01
1.032843351364135742e+00 7.184574604034423828e-01
1.033851981163024902e+00 6.811052560806274414e-01
1.034860610961914062e+00 6.897857189178466797e-01
1.035869240760803223e+00 7.029162645339965820e-01
1.036877870559692383e+00 7.018885612487792969e-01
1.037886500358581543e+00 7.248752117156982422e-01
1.038895130157470703e+00 6.443782448768615723e-01
1.039903759956359863e+00 6.957454681396484375e-01
1.040912389755249023e+00 6.741573810577392578e-01
1.041921019554138184e+00 7.327209711074829102e-01
1.042929768562316895e+00 6.831163763999938965e-01
1.043938398361206055e+00 6.540822386741638184e-01
1.044947028160095215e+00 6.705606579780578613e-01
1.045955657958984375e+00 6.956069469451904297e-01
1.046964287757873535e+00 6.859890818595886230e-01
1.047972917556762695e+00 6.974916458129882812e-01
1.048981547355651855e+00 6.591384410858154297e-01
1.049990177154541016e+00 6.839212179183959961e-01
1.050998806953430176e+00 6.609262824058532715e-01
1.052007436752319336e+00 6.947132349014282227e-01
1.053016066551208496e+00 7.119901776313781738e-01
1.054024696350097656e+00 6.429170966148376465e-01
1.055033326148986816e+00 7.361589074134826660e-01
1.056041955947875977e+00 7.131903767585754395e-01
1.057050585746765137e+00 7.308955788612365723e-01
1.058059215545654297e+00 7.666285634040832520e-01
1.059067845344543457e+00 6.858416795730590820e-01
1.060076475143432617e+00 7.203357815742492676e-01
1.061085104942321777e+00 7.419943809509277344e-01
1.062093853950500488e+00 7.341859936714172363e-01
1.063102483749389648e+00 7.357379794120788574e-01
1.064111113548278809e+00 7.413583993911743164e-01
1.065119743347167969e+00 7.545092701911926270e-01
1.066128373146057129e+00 7.797774076461791992e-01
1.067137002944946289e+00 7.418380379676818848e-01
1.068145632743835449e+00 7.811226844787597656e-01
1.069154262542724609e+00 7.692342400550842285e-01
1.070162892341613770e+00 7.526448965072631836e-01
1.071171522140502930e+00 7.179888486862182617e-01
1.072180151939392090e+00 7.755638957023620605e-01
1.073188781738281250e+00 7.805363535881042480e-01
1.074197411537170410e+00 7.566757202148437500e-01
1.075206041336059570e+00 7.904852032661437988e-01
1.076214671134948730e+00 7.343623042106628418e-01
1.077223300933837891e+00 7.584434747695922852e-01
1.078231930732727051e+00 7.959656715393066406e-01
1.079240560531616211e+00 8.065972328186035156e-01
1.080249190330505371e+00 7.236174941062927246e-01
1.081257939338684082e+00 7.439709305763244629e-01
1.082266569137573242e+00 7.709758877754211426e-01
1.083275198936462402e+00 7.501701712608337402e-01
1.084283828735351562e+00 7.827885150909423828e-01
1.085292458534240723e+00 7.760685086250305176e-01
1.086301088333129883e+00 7.563371062278747559e-01
1.087309718132019043e+00 7.973977327346801758e-01
1.088318347930908203e+00 8.109434843063354492e-01
1.089326977729797363e+00 7.818900942802429199e-01
1.090335607528686523e+00 7.528240680694580078e-01
1.091344237327575684e+00 7.738099694252014160e-01
1.092352867126464844e+00 7.644404768943786621e-01
1.093361496925354004e+00 7.945802211761474609e-01
1.094370126724243164e+00 8.281550407409667969e-01
1.095378756523132324e+00 8.073208928108215332e-01
1.096387386322021484e+00 7.958837151527404785e-01
1.097396016120910645e+00 7.843057513236999512e-01
1.098404645919799805e+00 8.408350348472595215e-01
1.099413275718688965e+00 8.441777229309082031e-01
1.100422024726867676e+00 8.112406134605407715e-01
1.101430654525756836e+00 8.486406803131103516e-01
1.102439284324645996e+00 7.934036850929260254e-01
1.103447914123535156e+00 7.865942120552062988e-01
1.104456543922424316e+00 7.632467746734619141e-01
1.105465173721313477e+00 8.119274973869323730e-01
1.106473803520202637e+00 7.769060134887695312e-01
1.107482433319091797e+00 7.184346318244934082e-01
1.108491063117980957e+00 8.075510263442993164e-01
1.109499692916870117e+00 8.520357012748718262e-01
1.110508322715759277e+00 8.324519991874694824e-01
1.111516952514648438e+00 7.930523157119750977e-01
1.112525582313537598e+00 7.583625912666320801e-01
1.113534212112426758e+00 7.621607780456542969e-01
1.114542841911315918e+00 8.517255783081054688e-01
1.115551471710205078e+00 8.050952553749084473e-01
1.116560101509094238e+00 7.778496146202087402e-01
1.117568731307983398e+00 7.724369764328002930e-01
1.118577361106872559e+00 8.445857763290405273e-01
1.119586110115051270e+00 8.725668787956237793e-01
1.120594739913940430e+00 8.442035913467407227e-01
1.121603369712829590e+00 8.108204603195190430e-01
1.122611999511718750e+00 8.317790627479553223e-01
1.123620629310607910e+00 8.852640986442565918e-01
1.124629259109497070e+00 7.672390937805175781e-01
1.125637888908386230e+00 7.742206454277038574e-01
1.126646518707275391e+00 8.102962374687194824e-01
1.127655148506164551e+00 8.821371793746948242e-01
1.128663778305053711e+00 8.525515198707580566e-01
1.129672408103942871e+00 8.394134044647216797e-01
1.130681037902832031e+00 8.661380410194396973e-01
1.131689667701721191e+00 8.034400939941406250e-01
1.132698297500610352e+00 7.568603754043579102e-01
1.133706927299499512e+00 8.003106117248535156e-01
1.134715557098388672e+00 8.107115626335144043e-01
1.135724186897277832e+00 8.242267966270446777e-01
1.136732816696166992e+00 8.238911032676696777e-01
1.137741446495056152e+00 8.239777088165283203e-01
1.138750195503234863e+00 8.578441739082336426e-01
1.139758825302124023e+00 8.449262380599975586e-01
1.140767455101013184e+00 9.008059501647949219e-01
1.141776084899902344e+00 8.778545856475830078e-01
1.142784714698791504e+00 8.975163698196411133e-01
1.143793344497680664e+00 8.161157369613647461e-01
1.144801974296569824e+00 8.483975529670715332e-01
1.145810604095458984e+00 8.449670672416687012e-01
1.146819233894348145e+00 8.033006787300109863e-01
1.147827863693237305e+00 8.665543198585510254e-01
1.148836493492126465e+00 8.152987957000732422e-01
1.149845123291015625e+00 8.499029278755187988e-01
1.150853753089904785e+00 8.308737874031066895e-01
1.151862382888793945e+00 8.266719579696655273e-01
1.152871012687683105e+00 8.364285230636596680e-01
1.153879642486572266e+00 8.591297864913940430e-01
1.154888272285461426e+00 8.669683933258056641e-01
1.155896902084350586e+00 7.956233024597167969e-01
1.156905531883239746e+00 7.536960244178771973e-01
1.157914280891418457e+00 8.534731864929199219e-01
1.158922910690307617e+00 8.699206113815307617e-01
1.159931540489196777e+00 7.991583943367004395e-01
1.160940170288085938e+00 7.917635440826416016e-01
1.161948800086975098e+00 8.251639008522033691e-01
1.162957429885864258e+00 9.224509000778198242e-01
1.163966059684753418e+00 8.420438766479492188e-01
1.164974689483642578e+00 7.801084518432617188e-01
1.165983319282531738e+00 9.908291101455688477e-01
1.166991949081420898e+00 9.621380567550659180e-01
1.168000578880310059e+00 8.292161226272583008e-01
1.169009208679199219e+00 8.568682670593261719e-01
1.170017838478088379e+00 7.415912151336669922e-01
1.171026468276977539e+00 7.451183199882507324e-01
1.172035098075866699e+00 8.412979841232299805e-01
1.173043727874755859e+00 8.328443169593811035e-01
1.174052357673645020e+00 8.725595474243164062e-01
1.175060987472534180e+00 8.759745955467224121e-01
1.176069617271423340e+00 8.163691759109497070e-01
1.177078366279602051e+00 8.608281016349792480e-01
1.178086996078491211e+00 7.865166068077087402e-01
1.179095625877380371e+00 8.967961668968200684e-01
1.180104255676269531e+00 9.605063796043395996e-01
1.181112885475158691e+00 8.248687386512756348e-01
1.182121515274047852e+00 8.106929063796997070e-01
1.183130145072937012e+00 9.754570722579956055e-01
1.184138774871826172e+00 8.172315955162048340e-01
1.185147404670715332e+00 9.563864469528198242e-01
1.186156034469604492e+00 8.733431100845336914e-01
1.187164664268493652e+00 9.145957827568054199e-01
1.188173294067382812e+00 8.248934745788574219e-01
1.189181923866271973e+00 8.041712045669555664e-01
1.190190553665161133e+00 8.021937608718872070e-01
1.191199183464050293e+00 7.934908866882324219e-01
1.192207813262939453e+00 7.984495759010314941e-01
1.193216443061828613e+00 9.523438811302185059e-01
1.194225072860717773e+00 9.113837480545043945e-01
1.195233702659606934e+00 8.562210202217102051e-01
1.196242451667785645e+00 8.043150305747985840e-01
1.197251081466674805e+00 8.878543972969055176e-01
1.198259711265563965e+00 9.023138284683227539e-01
1.199268341064453125e+00 7.761955857276916504e-01
1.200276970863342285e+00 9.017161726951599121e-01
1.201285600662231445e+00 7.377471923828125000e-01
1.202294230461120605e+00 7.971311211585998535e-01
1.203302860260009766e+00 1.029801487922668457e+00
1.204311490058898926e+00 5.853111147880554199e-01
1.205320119857788086e+00 1.053632736206054688e+00
1.206328749656677246e+00 8.695066571235656738e-01
1.207337379455566406e+00 9.166299104690551758e-01
1.208346009254455566e+00 7.125496864318847656e-01
1.209354639053344727e+00 9.694261550903320312e-01
