0.000000000000000000e+00 1.090843652343750000e+04
1.008636085316538811e-03 7.729276855468750000e+03
2.017272170633077621e-03 6.080373046875000000e+03
3.025908255949616432e-03 4.687438964843750000e+03
4.034544341266155243e-03 3.738339843750000000e+03
5.043180659413337708e-03 2.872884277343750000e+03
6.051816511899232864e-03 2.216236816406250000e+03
7.060452364385128021e-03 1.865300537109375000e+03
8.069088682532310486e-03 1.517854614257812500e+03
9.077725000679492950e-03 1.239826782226562500e+03
1.008636131882667542e-02 1.036046264648437500e+03
1.109499670565128326e-02 8.587279663085937500e+02
1.210363302379846573e-02 7.129155273437500000e+02
1.311226934194564819e-02 5.973867187500000000e+02
1.412090472877025604e-02 5.223180541992187500e+02
1.512954104691743851e-02 4.576852416992187500e+02
1.613817736506462097e-02 3.942218322753906250e+02
1.714681275188922882e-02 3.385086669921875000e+02
1.815545000135898590e-02 2.928280334472656250e+02
1.916408538818359375e-02 2.625844421386718750e+02
2.017272263765335083e-02 2.329964904785156250e+02
2.118135802447795868e-02 2.055995483398437500e+02
2.218999341130256653e-02 1.825319671630859375e+02
2.319863066077232361e-02 1.627838134765625000e+02
2.420726604759693146e-02 1.432403259277343750e+02
2.521590143442153931e-02 1.299588470458984375e+02
2.622453868389129639e-02 1.169600601196289062e+02
2.723317407071590424e-02 1.060593872070312500e+02
2.824180945754051208e-02 9.587776184082031250e+01
2.925044670701026917e-02 8.718539428710937500e+01
3.025908209383487701e-02 7.954981994628906250e+01
3.126771748065948486e-02 7.225902557373046875e+01
3.227635473012924194e-02 6.632485198974609375e+01
3.328499197959899902e-02 6.184989166259765625e+01
3.429362550377845764e-02 5.707122039794921875e+01
3.530226275324821472e-02 5.207703018188476562e+01
3.631090000271797180e-02 4.828995132446289062e+01
3.731953352689743042e-02 4.464721679687500000e+01
3.832817077636718750e-02 4.079298019409179688e+01
3.933680802583694458e-02 3.799537277221679688e+01
4.034544527530670166e-02 3.576698303222656250e+01
4.135407879948616028e-02 3.283473205566406250e+01
4.236271604895591736e-02 3.112054443359375000e+01
4.337135329842567444e-02 2.952477073669433594e+01
4.437998682260513306e-02 2.732285308837890625e+01
4.538862407207489014e-02 2.549742698669433594e+01
4.639726132154464722e-02 2.440838623046875000e+01
4.740589484572410583e-02 2.282796096801757812e+01
4.841453209519386292e-02 2.156672668457031250e+01
4.942316934466362000e-02 2.004725646972656250e+01
5.043180286884307861e-02 1.902959442138671875e+01
5.144044011831283569e-02 1.788559341430664062e+01
5.244907736778259277e-02 1.703686714172363281e+01
5.345771089196205139e-02 1.626255416870117188e+01
5.446634814143180847e-02 1.540322685241699219e+01
5.547498539090156555e-02 1.485692787170410156e+01
5.648361891508102417e-02 1.390422058105468750e+01
5.749225616455078125e-02 1.338255023956298828e+01
5.850089341402053833e-02 1.280668163299560547e+01
5.950953066349029541e-02 1.210195636749267578e+01
6.051816418766975403e-02 1.151109409332275391e+01
6.152680143713951111e-02 1.120441913604736328e+01
6.253543496131896973e-02 1.073462963104248047e+01
6.354407221078872681e-02 1.022082805633544922e+01
6.455270946025848389e-02 9.747589111328125000e+00
6.556134670972824097e-02 9.359402656555175781e+00
6.656998395919799805e-02 9.063059806823730469e+00
6.757862120866775513e-02 8.797421455383300781e+00
6.858725100755691528e-02 8.374508857727050781e+00
6.959588825702667236e-02 8.024770736694335938e+00
7.060452550649642944e-02 7.713633537292480469e+00
7.161316275596618652e-02 7.589424133300781250e+00
7.262180000543594360e-02 7.325682163238525391e+00
7.363043725490570068e-02 6.923073291778564453e+00
7.463906705379486084e-02 6.718302726745605469e+00
7.564770430326461792e-02 6.544211864471435547e+00
7.665634155273437500e-02 6.408431529998779297e+00
7.766497880220413208e-02 6.224050998687744141e+00
7.867361605167388916e-02 5.965582847595214844e+00
7.968225330114364624e-02 5.878698825836181641e+00
8.069089055061340332e-02 5.756572723388671875e+00
8.169952034950256348e-02 5.561635494232177734e+00
8.270815759897232056e-02 5.316805362701416016e+00
8.371679484844207764e-02 5.207308292388916016e+00
8.472543209791183472e-02 5.141599178314208984e+00
8.573406934738159180e-02 5.102671623229980469e+00
8.674270659685134888e-02 4.903232574462890625e+00
8.775133639574050903e-02 4.935338020324707031e+00
8.875997364521026611e-02 4.694533824920654297e+00
8.976861089468002319e-02 4.614688396453857422e+00
9.077724814414978027e-02 4.483815670013427734e+00
9.178588539361953735e-02 4.358434677124023438e+00
9.279452264308929443e-02 4.273348331451416016e+00
9.380315244197845459e-02 4.177770614624023438e+00
9.481178969144821167e-02 4.182947158813476562e+00
9.582042694091796875e-02 4.106834411621093750e+00
9.682906419038772583e-02 3.941071271896362305e+00
9.783770143985748291e-02 3.829458713531494141e+00
9.884633868932723999e-02 3.868691444396972656e+00
9.985497593879699707e-02 3.774632453918457031e+00
1.008636057376861572e-01 3.718251943588256836e+00
1.018722429871559143e-01 3.691053390502929688e+00
1.028808802366256714e-01 3.623608350753784180e+00
1.038895174860954285e-01 3.631110906600952148e+00
1.048981547355651855e-01 3.480265140533447266e+00
1.059067919850349426e-01 3.398602724075317383e+00
1.069154217839241028e-01 3.370983362197875977e+00
1.079240590333938599e-01 3.309931278228759766e+00
1.089326962828636169e-01 3.290784835815429688e+00
1.099413335323333740e-01 3.233952760696411133e+00
1.109499707818031311e-01 3.212323665618896484e+00
1.119586080312728882e-01 3.221796989440917969e+00
1.129672378301620483e-01 3.123421192169189453e+00
1.139758750796318054e-01 3.062541723251342773e+00
1.149845123291015625e-01 3.044885396957397461e+00
1.159931495785713196e-01 3.030736207962036133e+00
1.170017868280410767e-01 2.968431472778320312e+00
1.180104240775108337e-01 2.968940973281860352e+00
1.190190613269805908e-01 2.904286384582519531e+00
1.200276911258697510e-01 2.975269079208374023e+00
1.210363283753395081e-01 2.970442533493041992e+00
1.220449656248092651e-01 2.839034318923950195e+00
1.230536028742790222e-01 2.840653657913208008e+00
1.240622401237487793e-01 2.811244726181030273e+00
1.250708699226379395e-01 2.759078502655029297e+00
1.260795146226882935e-01 2.773103475570678711e+00
1.270881444215774536e-01 2.738506317138671875e+00
1.280967891216278076e-01 2.708399534225463867e+00
1.291054189205169678e-01 2.705702781677246094e+00
1.301140487194061279e-01 2.733215808868408203e+00
1.311226934194564819e-01 2.691733121871948242e+00
1.321313232183456421e-01 2.623859643936157227e+00
1.331399679183959961e-01 2.623248577117919922e+00
1.341485977172851562e-01 2.616232872009277344e+00
1.351572424173355103e-01 2.565177440643310547e+00
1.361658722162246704e-01 2.596764802932739258e+00
1.371745020151138306e-01 2.591139078140258789e+00
1.381831467151641846e-01 2.601006269454956055e+00
1.391917765140533447e-01 2.594986438751220703e+00
1.402004212141036987e-01 2.564306497573852539e+00
1.412090510129928589e-01 2.599041461944580078e+00
1.422176808118820190e-01 2.495544433593750000e+00
1.432263255119323730e-01 2.475977420806884766e+00
1.442349553108215332e-01 2.507631540298461914e+00
1.452436000108718872e-01 2.445923805236816406e+00
1.462522298097610474e-01 2.448122024536132812e+00
1.472608745098114014e-01 2.442692279815673828e+00
1.482695043087005615e-01 2.445737361907958984e+00
1.492781341075897217e-01 2.468383312225341797e+00
1.502867788076400757e-01 2.410771131515502930e+00
1.512954086065292358e-01 2.386911630630493164e+00
1.523040533065795898e-01 2.311589956283569336e+00
1.533126831054687500e-01 2.351034879684448242e+00
1.543213278055191040e-01 2.358461380004882812e+00
1.553299576044082642e-01 2.379027605056762695e+00
1.563385874032974243e-01 2.354051589965820312e+00
1.573472321033477783e-01 2.369265556335449219e+00
1.583558619022369385e-01 2.335357189178466797e+00
1.593645066022872925e-01 2.314304113388061523e+00
1.603731364011764526e-01 2.337229013442993164e+00
1.613817811012268066e-01 2.317847251892089844e+00
1.623904109001159668e-01 2.307592868804931641e+00
1.633990406990051270e-01 2.311967372894287109e+00
1.644076853990554810e-01 2.291836977005004883e+00
1.654163151979446411e-01 2.280879020690917969e+00
1.664249598979949951e-01 2.285839557647705078e+00
1.674335896968841553e-01 2.306507349014282227e+00
1.684422194957733154e-01 2.268645286560058594e+00
1.694508641958236694e-01 2.296420335769653320e+00
1.704594939947128296e-01 2.276166677474975586e+00
1.714681386947631836e-01 2.237271308898925781e+00
1.724767684936523438e-01 2.256773710250854492e+00
1.734854131937026978e-01 2.222144842147827148e+00
1.744940429925918579e-01 2.228397846221923828e+00
1.755026727914810181e-01 2.209810256958007812e+00
1.765113174915313721e-01 2.262348651885986328e+00
1.775199472904205322e-01 2.221321105957031250e+00
1.785285919904708862e-01 2.197915554046630859e+00
1.795372217893600464e-01 2.221506834030151367e+00
1.805458664894104004e-01 2.244878768920898438e+00
1.815544962882995605e-01 2.247922897338867188e+00
1.825631260871887207e-01 2.215338945388793945e+00
1.835717707872390747e-01 2.281445026397705078e+00
1.845804005861282349e-01 2.236924171447753906e+00
1.855890452861785889e-01 2.201611042022705078e+00
1.865976750850677490e-01 2.203561782836914062e+00
1.876063048839569092e-01 2.198840141296386719e+00
1.886149495840072632e-01 2.225237846374511719e+00
1.896235793828964233e-01 2.182428121566772461e+00
1.906322240829467773e-01 2.175544261932373047e+00
1.916408538818359375e-01 2.183345794677734375e+00
1.926494985818862915e-01 2.165479660034179688e+00
1.936581283807754517e-01 2.223256826400756836e+00
1.946667581796646118e-01 2.105088710784912109e+00
1.956754028797149658e-01 2.141749143600463867e+00
1.966840326786041260e-01 2.174776077270507812e+00
1.976926773786544800e-01 2.167054653167724609e+00
1.987013071775436401e-01 2.164081335067749023e+00
1.997099518775939941e-01 2.196960926055908203e+00
2.007185816764831543e-01 2.162393331527709961e+00
2.017272114753723145e-01 2.191410541534423828e+00
2.027358561754226685e-01 2.173638820648193359e+00
2.037444859743118286e-01 2.122565746307373047e+00
2.047531306743621826e-01 2.166096448898315430e+00
2.057617604732513428e-01 2.188099622726440430e+00
2.067703902721405029e-01 2.179857015609741211e+00
2.077790349721908569e-01 2.175468683242797852e+00
2.087876647710800171e-01 2.146272420883178711e+00
2.097963094711303711e-01 2.188930034637451172e+00
2.108049392700195312e-01 2.173188686370849609e+00
2.118135839700698853e-01 2.165973186492919922e+00
2.128222137689590454e-01 2.165809631347656250e+00
2.138308435678482056e-01 2.153537034988403320e+00
2.148394882678985596e-01 2.181761026382446289e+00
2.158481180667877197e-01 2.184033870697021484e+00
2.168567627668380737e-01 2.109558343887329102e+00
2.178653925657272339e-01 2.152935028076171875e+00
2.188740372657775879e-01 2.106067419052124023e+00
2.198826670646667480e-01 2.117546081542968750e+00
2.208912968635559082e-01 2.166671037673950195e+00
2.218999415636062622e-01 2.118810415267944336e+00
2.229085713624954224e-01 2.149019479751586914e+00
2.239172160625457764e-01 2.205350160598754883e+00
2.249258458614349365e-01 2.173156738281250000e+00
2.259344756603240967e-01 2.157604932785034180e+00
2.269431203603744507e-01 2.154248476028442383e+00
2.279517501592636108e-01 2.152615785598754883e+00
2.289603948593139648e-01 2.154250144958496094e+00
2.299690246582031250e-01 2.171155452728271484e+00
2.309776693582534790e-01 2.157629489898681641e+00
2.319862991571426392e-01 2.148197889328002930e+00
2.329949289560317993e-01 2.182102203369140625e+00
2.340035736560821533e-01 2.201574087142944336e+00
2.350122034549713135e-01 2.176443338394165039e+00
2.360208481550216675e-01 2.199195623397827148e+00
2.370294779539108276e-01 2.180104017257690430e+00
2.380381226539611816e-01 2.171324014663696289e+00
2.390467524528503418e-01 2.143042325973510742e+00
2.400553822517395020e-01 2.199701309204101562e+00
2.410640269517898560e-01 2.177498817443847656e+00
2.420726567506790161e-01 2.157045841217041016e+00
2.430813014507293701e-01 2.301776885986328125e+00
2.440899312496185303e-01 2.180766582489013672e+00
2.450985759496688843e-01 2.182340860366821289e+00
2.461072057485580444e-01 2.196959972381591797e+00
2.471158355474472046e-01 2.182608604431152344e+00
2.481244802474975586e-01 2.198096990585327148e+00
2.491331100463867188e-01 2.169443368911743164e+00
2.501417398452758789e-01 2.160816192626953125e+00
2.511503994464874268e-01 2.191576004028320312e+00
2.521590292453765869e-01 2.175578117370605469e+00
2.531676590442657471e-01 2.195534229278564453e+00
2.541762888431549072e-01 2.204058408737182617e+00
2.551849186420440674e-01 2.187790632247924805e+00
2.561935782432556152e-01 2.202334880828857422e+00
2.572022080421447754e-01 2.187587261199951172e+00
2.582108378410339355e-01 2.163807868957519531e+00
2.592194676399230957e-01 2.174120664596557617e+00
2.602280974388122559e-01 2.179593324661254883e+00
2.612367570400238037e-01 2.234085559844970703e+00
2.622453868389129639e-01 2.212001800537109375e+00
2.632540166378021240e-01 2.242039442062377930e+00
2.642626464366912842e-01 2.192064523696899414e+00
2.652712762355804443e-01 2.227361440658569336e+00
2.662799358367919922e-01 2.221436738967895508e+00
2.672885656356811523e-01 2.217366456985473633e+00
2.682971954345703125e-01 2.229154586791992188e+00
2.693058252334594727e-01 2.191435098648071289e+00
2.703144848346710205e-01 2.220148324966430664e+00
2.713231146335601807e-01 2.195922613143920898e+00
2.723317444324493408e-01 2.181355953216552734e+00
2.733403742313385010e-01 2.219038248062133789e+00
2.743490040302276611e-01 2.227414846420288086e+00
2.753576636314392090e-01 2.247918367385864258e+00
2.763662934303283691e-01 2.243560314178466797e+00
2.773749232292175293e-01 2.219199895858764648e+00
2.783835530281066895e-01 2.261629581451416016e+00
2.793921828269958496e-01 2.254485368728637695e+00
2.804008424282073975e-01 2.232484102249145508e+00
2.814094722270965576e-01 2.257874488830566406e+00
2.824181020259857178e-01 2.264144659042358398e+00
2.834267318248748779e-01 2.264802932739257812e+00
2.844353616237640381e-01 2.226128101348876953e+00
2.854440212249755859e-01 2.247100353240966797e+00
2.864526510238647461e-01 2.249766588211059570e+00
2.874612808227539062e-01 2.230062484741210938e+00
2.884699106216430664e-01 2.238408327102661133e+00
2.894785702228546143e-01 2.266683340072631836e+00
2.904872000217437744e-01 2.256250619888305664e+00
2.914958298206329346e-01 2.243217706680297852e+00
2.925044596195220947e-01 2.243301391601562500e+00
2.935130894184112549e-01 2.265337467193603516e+00
2.945217490196228027e-01 2.285753011703491211e+00
2.955303788185119629e-01 2.272562742233276367e+00
2.965390086174011230e-01 2.284890174865722656e+00
2.975476384162902832e-01 2.284478664398193359e+00
2.985562682151794434e-01 2.250798702239990234e+00
2.995649278163909912e-01 2.298704147338867188e+00
3.005735576152801514e-01 2.295238256454467773e+00
3.015821874141693115e-01 2.294906616210937500e+00
3.025908172130584717e-01 2.306236267089843750e+00
3.035994470119476318e-01 2.250198602676391602e+00
3.046081066131591797e-01 2.254211902618408203e+00
3.056167364120483398e-01 2.304172277450561523e+00
3.066253662109375000e-01 2.264105319976806641e+00
3.076339960098266602e-01 2.312783479690551758e+00
3.086426556110382080e-01 2.284441947937011719e+00
3.096512854099273682e-01 2.305394172668457031e+00
3.106599152088165283e-01 2.293294429779052734e+00
3.116685450077056885e-01 2.356992483139038086e+00
3.126771748065948486e-01 2.329177618026733398e+00
3.136858344078063965e-01 2.330271720886230469e+00
3.146944642066955566e-01 2.354770660400390625e+00
3.157030940055847168e-01 2.342854022979736328e+00
3.167117238044738770e-01 2.395872831344604492e+00
3.177203536033630371e-01 2.333753585815429688e+00
3.187290132045745850e-01 2.338195085525512695e+00
3.197376430034637451e-01 2.315599441528320312e+00
3.207462728023529053e-01 2.316872835159301758e+00
3.217549026012420654e-01 2.313163995742797852e+00
3.227635622024536133e-01 2.312880516052246094e+00
3.237721920013427734e-01 2.328458070755004883e+00
3.247808218002319336e-01 2.350157260894775391e+00
3.257894515991210938e-01 2.364272594451904297e+00
3.267980813980102539e-01 2.329118490219116211e+00
3.278067409992218018e-01 2.355103731155395508e+00
3.288153707981109619e-01 2.351401090621948242e+00
3.298240005970001221e-01 2.332986354827880859e+00
3.308326303958892822e-01 2.336424350738525391e+00
3.318412601947784424e-01 2.391753196716308594e+00
3.328499197959899902e-01 2.344336986541748047e+00
3.338585495948791504e-01 2.384068012237548828e+00
3.348671793937683105e-01 2.383512735366821289e+00
3.358758091926574707e-01 2.347611188888549805e+00
3.368844389915466309e-01 2.366298675537109375e+00
3.378930985927581787e-01 2.357839822769165039e+00
3.389017283916473389e-01 2.342529773712158203e+00
3.399103581905364990e-01 2.356988668441772461e+00
3.409189879894256592e-01 2.353642702102661133e+00
3.419276475906372070e-01 2.376516819000244141e+00
3.429362773895263672e-01 2.390066146850585938e+00
3.439449071884155273e-01 2.406580924987792969e+00
3.449535369873046875e-01 2.406574726104736328e+00
3.459621667861938477e-01 2.406981229782104492e+00
3.469708263874053955e-01 2.420653820037841797e+00
3.479794561862945557e-01 2.384606122970581055e+00
3.489880859851837158e-01 2.390055656433105469e+00
3.499967157840728760e-01 2.368889808654785156e+00
3.510053455829620361e-01 2.391205787658691406e+00
3.520140051841735840e-01 2.385318756103515625e+00
3.530226349830627441e-01 2.361956119537353516e+00
3.540312647819519043e-01 2.403647184371948242e+00
3.550398945808410645e-01 2.369937658309936523e+00
3.560485243797302246e-01 2.381113052368164062e+00
3.570571839809417725e-01 2.385990142822265625e+00
3.580658137798309326e-01 2.401777505874633789e+00
3.590744435787200928e-01 2.414699316024780273e+00
3.600830733776092529e-01 2.381306171417236328e+00
3.610917329788208008e-01 2.423074007034301758e+00
3.621003627777099609e-01 2.433689355850219727e+00
3.631089925765991211e-01 2.376531362533569336e+00
3.641176223754882812e-01 2.393922328948974609e+00
3.651262521743774414e-01 2.407421827316284180e+00
3.661349117755889893e-01 2.435732841491699219e+00
3.671435415744781494e-01 2.446851968765258789e+00
3.681521713733673096e-01 2.409200191497802734e+00
3.691608011722564697e-01 2.427260398864746094e+00
3.701694309711456299e-01 2.459582328796386719e+00
3.711780905723571777e-01 2.429471969604492188e+00
3.721867203712463379e-01 2.415577173233032227e+00
3.731953501701354980e-01 2.424292087554931641e+00
3.742039799690246582e-01 2.406876564025878906e+00
3.752126097679138184e-01 2.421676397323608398e+00
3.762212693691253662e-01 2.440084934234619141e+00
3.772298991680145264e-01 2.401451587677001953e+00
3.782385289669036865e-01 2.424515724182128906e+00
3.792471587657928467e-01 2.451887369155883789e+00
3.802558183670043945e-01 2.471516370773315430e+00
3.812644481658935547e-01 2.457578182220458984e+00
3.822730779647827148e-01 2.464516162872314453e+00
3.832817077636718750e-01 2.485743284225463867e+00
3.842903375625610352e-01 2.477402448654174805e+00
3.852989971637725830e-01 2.436784267425537109e+00
3.863076269626617432e-01 2.443633794784545898e+00
3.873162567615509033e-01 2.447340965270996094e+00
3.883248865604400635e-01 2.475987195968627930e+00
3.893335163593292236e-01 2.473390579223632812e+00
3.903421759605407715e-01 2.450911521911621094e+00
3.913508057594299316e-01 2.445687294006347656e+00
3.923594355583190918e-01 2.467041492462158203e+00
3.933680653572082520e-01 2.448082208633422852e+00
3.943766951560974121e-01 2.456963539123535156e+00
3.953853547573089600e-01 2.466014862060546875e+00
3.963939845561981201e-01 2.439960241317749023e+00
3.974026143550872803e-01 2.436188459396362305e+00
3.984112441539764404e-01 2.451735973358154297e+00
3.994199037551879883e-01 2.457720279693603516e+00
4.004285335540771484e-01 2.473683834075927734e+00
4.014371633529663086e-01 2.485276460647583008e+00
4.024457931518554688e-01 2.455641984939575195e+00
4.034544229507446289e-01 2.472257375717163086e+00
4.044630825519561768e-01 2.474326133728027344e+00
4.054717123508453369e-01 2.482445001602172852e+00
4.064803421497344971e-01 2.427382230758666992e+00
4.074889719486236572e-01 2.415205001831054688e+00
4.084976017475128174e-01 2.416960716247558594e+00
4.095062613487243652e-01 2.451260805130004883e+00
4.105148911476135254e-01 2.450178861618041992e+00
4.115235209465026855e-01 2.464550495147705078e+00
4.125321507453918457e-01 2.454904079437255859e+00
4.135407805442810059e-01 2.409016132354736328e+00
4.145494401454925537e-01 2.436661243438720703e+00
4.155580699443817139e-01 2.466485977172851562e+00
4.165666997432708740e-01 2.447369575500488281e+00
4.175753295421600342e-01 2.477114915847778320e+00
4.185839891433715820e-01 2.484465837478637695e+00
4.195926189422607422e-01 2.460691690444946289e+00
4.206012487411499023e-01 2.461443662643432617e+00
4.216098785400390625e-01 2.451766252517700195e+00
4.226185083389282227e-01 2.469930171966552734e+00
4.236271679401397705e-01 2.478557348251342773e+00
4.246357977390289307e-01 2.459361791610717773e+00
4.256444275379180908e-01 2.448923826217651367e+00
4.266530573368072510e-01 2.419474601745605469e+00
4.276616871356964111e-01 2.440552949905395508e+00
4.286703467369079590e-01 2.434731960296630859e+00
4.296789765357971191e-01 2.468207597732543945e+00
4.306876063346862793e-01 2.457495689392089844e+00
4.316962361335754395e-01 2.450279951095581055e+00
4.327048659324645996e-01 2.470315456390380859e+00
4.337135255336761475e-01 2.463464021682739258e+00
4.347221553325653076e-01 2.454129695892333984e+00
4.357307851314544678e-01 2.437417030334472656e+00
4.367394149303436279e-01 2.444983482360839844e+00
4.377480745315551758e-01 2.451659679412841797e+00
4.387567043304443359e-01 2.471320152282714844e+00
4.397653341293334961e-01 2.445670604705810547e+00
4.407739639282226562e-01 2.449803590774536133e+00
4.417825937271118164e-01 2.420191526412963867e+00
4.427912533283233643e-01 2.432035207748413086e+00
4.437998831272125244e-01 2.426671028137207031e+00
4.448085129261016846e-01 2.458560466766357422e+00
4.458171427249908447e-01 2.450824499130249023e+00
4.468257725238800049e-01 2.431523084640502930e+00
4.478344321250915527e-01 2.422508001327514648e+00
4.488430619239807129e-01 2.424235343933105469e+00
4.498516917228698730e-01 2.402717590332031250e+00
4.508603215217590332e-01 2.427031755447387695e+00
4.518689513206481934e-01 2.409686803817749023e+00
4.528776109218597412e-01 2.416521072387695312e+00
4.538862407207489014e-01 2.430399417877197266e+00
4.548948705196380615e-01 2.447361230850219727e+00
4.559035003185272217e-01 2.384844541549682617e+00
4.569121599197387695e-01 2.394259452819824219e+00
4.579207897186279297e-01 2.429283618927001953e+00
4.589294195175170898e-01 2.419439554214477539e+00
4.599380493164062500e-01 2.403364896774291992e+00
4.609466791152954102e-01 2.414323568344116211e+00
4.619553387165069580e-01 2.379962682723999023e+00
4.629639685153961182e-01 2.412928104400634766e+00
4.639725983142852783e-01 2.393043994903564453e+00
4.649812281131744385e-01 2.404930830001831055e+00
4.659898579120635986e-01 2.392097234725952148e+00
4.669985175132751465e-01 2.425894975662231445e+00
4.680071473121643066e-01 2.440337181091308594e+00
4.690157771110534668e-01 2.417453527450561523e+00
4.700244069099426270e-01 2.403101921081542969e+00
4.710330665111541748e-01 2.409576416015625000e+00
4.720416963100433350e-01 2.434983491897583008e+00
4.730503261089324951e-01 2.381709814071655273e+00
4.740589559078216553e-01 2.361277341842651367e+00
4.750675857067108154e-01 2.375975370407104492e+00
4.760762453079223633e-01 2.366392135620117188e+00
4.770848751068115234e-01 2.381614446640014648e+00
4.780935049057006836e-01 2.380560159683227539e+00
4.791021347045898438e-01 2.406211614608764648e+00
4.801107645034790039e-01 2.378556728363037109e+00
4.811194241046905518e-01 2.389146804809570312e+00
4.821280539035797119e-01 2.373989582061767578e+00
4.831366837024688721e-01 2.372270822525024414e+00
4.841453135013580322e-01 2.390200376510620117e+00
4.851539433002471924e-01 2.363720417022705078e+00
4.861626029014587402e-01 2.397697210311889648e+00
4.871712327003479004e-01 2.385475873947143555e+00
4.881798624992370605e-01 2.365164756774902344e+00
4.891884922981262207e-01 2.349786043167114258e+00
4.901971518993377686e-01 2.353339195251464844e+00
4.912057816982269287e-01 2.374078035354614258e+00
4.922144114971160889e-01 2.352811098098754883e+00
4.932230412960052490e-01 2.358124494552612305e+00
4.942316710948944092e-01 2.358261346817016602e+00
4.952403306961059570e-01 2.378771305084228516e+00
4.962489604949951172e-01 2.371814012527465820e+00
4.972575902938842773e-01 2.348067522048950195e+00
4.982662200927734375e-01 2.366372346878051758e+00
4.992748498916625977e-01 2.371195554733276367e+00
5.002834796905517578e-01 2.361430406570434570e+00
5.012921094894409180e-01 2.366364002227783203e+00
5.023007988929748535e-01 2.336627960205078125e+00
5.033094286918640137e-01 2.331544160842895508e+00
5.043180584907531738e-01 2.407211065292358398e+00
5.053266882896423340e-01 2.364009857177734375e+00
5.063353180885314941e-01 2.331465959548950195e+00
5.073439478874206543e-01 2.324212074279785156e+00
5.083525776863098145e-01 2.303465843200683594e+00
5.093612074851989746e-01 2.332589149475097656e+00
5.103698372840881348e-01 2.332751274108886719e+00
5.113784670829772949e-01 2.329653024673461914e+00
5.123871564865112305e-01 2.328432559967041016e+00
5.133957862854003906e-01 2.352815866470336914e+00
5.144044160842895508e-01 2.343673706054687500e+00
5.154130458831787109e-01 2.317053079605102539e+00
5.164216756820678711e-01 2.315321683883666992e+00
5.174303054809570312e-01 2.286207437515258789e+00
5.184389352798461914e-01 2.306797027587890625e+00
5.194475650787353516e-01 2.303121089935302734e+00
5.204561948776245117e-01 2.310340881347656250e+00
5.214648842811584473e-01 2.289549827575683594e+00
5.224735140800476074e-01 2.299145221710205078e+00
5.234821438789367676e-01 2.293230772018432617e+00
5.244907736778259277e-01 2.302602291107177734e+00
5.254994034767150879e-01 2.319643259048461914e+00
5.265080332756042480e-01 2.300379991531372070e+00
5.275166630744934082e-01 2.306324243545532227e+00
5.285252928733825684e-01 2.315605401992797852e+00
5.295339226722717285e-01 2.275003433227539062e+00
5.305425524711608887e-01 2.308187723159790039e+00
5.315512418746948242e-01 2.323898792266845703e+00
5.325598716735839844e-01 2.286111116409301758e+00
5.335685014724731445e-01 2.309825658798217773e+00
5.345771312713623047e-01 2.295176982879638672e+00
5.355857610702514648e-01 2.307943105697631836e+00
5.365943908691406250e-01 2.319021463394165039e+00
5.376030206680297852e-01 2.298199415206909180e+00
5.386116504669189453e-01 2.276877164840698242e+00
5.396202802658081055e-01 2.315055131912231445e+00
5.406289696693420410e-01 2.293807983398437500e+00
5.416375994682312012e-01 2.297498226165771484e+00
5.426462292671203613e-01 2.287651538848876953e+00
5.436548590660095215e-01 2.273319721221923828e+00
5.446634888648986816e-01 2.261919260025024414e+00
5.456721186637878418e-01 2.273987293243408203e+00
5.466807484626770020e-01 2.261089086532592773e+00
5.476893782615661621e-01 2.268792867660522461e+00
5.486980080604553223e-01 2.281003713607788086e+00
5.497066378593444824e-01 2.284616470336914062e+00
5.507153272628784180e-01 2.301478624343872070e+00
5.517239570617675781e-01 2.291371583938598633e+00
5.527325868606567383e-01 2.286424875259399414e+00
5.537412166595458984e-01 2.270174503326416016e+00
5.547498464584350586e-01 2.272336244583129883e+00
5.557584762573242188e-01 2.289610624313354492e+00
5.567671060562133789e-01 2.281947374343872070e+00
5.577757358551025391e-01 2.308515071868896484e+00
5.587843656539916992e-01 2.291105270385742188e+00
5.597930550575256348e-01 2.270827770233154297e+00
5.608016848564147949e-01 2.249293804168701172e+00
5.618103146553039551e-01 2.254477739334106445e+00
5.628189444541931152e-01 2.274873733520507812e+00
5.638275742530822754e-01 2.291571140289306641e+00
5.648362040519714355e-01 2.267317295074462891e+00
5.658448338508605957e-01 2.269671916961669922e+00
5.668534636497497559e-01 2.295423984527587891e+00
5.678620934486389160e-01 2.243339061737060547e+00
5.688707232475280762e-01 2.272814750671386719e+00
5.698794126510620117e-01 2.271531581878662109e+00
5.708880424499511719e-01 2.249738216400146484e+00
5.718966722488403320e-01 2.259162425994873047e+00
5.729053020477294922e-01 2.275855064392089844e+00
5.739139318466186523e-01 2.272315025329589844e+00
5.749225616455078125e-01 2.239350557327270508e+00
5.759311914443969727e-01 2.268515825271606445e+00
5.769398212432861328e-01 2.261616706848144531e+00
5.779484510421752930e-01 2.243438243865966797e+00
5.789571404457092285e-01 2.248074293136596680e+00
5.799657702445983887e-01 2.237946987152099609e+00
5.809744000434875488e-01 2.254985570907592773e+00
5.819830298423767090e-01 2.265240430831909180e+00
5.829916596412658691e-01 2.255895137786865234e+00
5.840002894401550293e-01 2.255698680877685547e+00
5.850089192390441895e-01 2.245483160018920898e+00
5.860175490379333496e-01 2.236265182495117188e+00
5.870261788368225098e-01 2.272833585739135742e+00
5.880348086357116699e-01 2.299373865127563477e+00
5.890434980392456055e-01 2.295751333236694336e+00
5.900521278381347656e-01 2.231440067291259766e+00
5.910607576370239258e-01 2.268962383270263672e+00
5.920693874359130859e-01 2.284719944000244141e+00
5.930780172348022461e-01 2.254994153976440430e+00
5.940866470336914062e-01 2.248127222061157227e+00
5.950952768325805664e-01 2.252982378005981445e+00
5.961039066314697266e-01 2.261625528335571289e+00
5.971125364303588867e-01 2.258626937866210938e+00
5.981212258338928223e-01 2.267681360244750977e+00
5.991298556327819824e-01 2.273013353347778320e+00
6.001384854316711426e-01 2.263066530227661133e+00
6.011471152305603027e-01 2.254295825958251953e+00
6.021557450294494629e-01 2.257387638092041016e+00
6.031643748283386230e-01 2.252785444259643555e+00
6.041730046272277832e-01 2.265658617019653320e+00
6.051816344261169434e-01 2.213199615478515625e+00
6.061902642250061035e-01 2.257856130599975586e+00
6.071988940238952637e-01 2.308685302734375000e+00
6.082075834274291992e-01 2.286266803741455078e+00
6.092162132263183594e-01 2.268340349197387695e+00
6.102248430252075195e-01 2.275554656982421875e+00
6.112334728240966797e-01 2.259674549102783203e+00
6.122421026229858398e-01 2.246862888336181641e+00
6.132507324218750000e-01 2.257200002670288086e+00
6.142593622207641602e-01 2.250208616256713867e+00
6.152679920196533203e-01 2.248642683029174805e+00
6.162766218185424805e-01 2.262379169464111328e+00
6.172853112220764160e-01 2.252778291702270508e+00
6.182939410209655762e-01 2.254821538925170898e+00
6.193025708198547363e-01 2.220467567443847656e+00
6.203112006187438965e-01 2.232412338256835938e+00
6.213198304176330566e-01 2.236907243728637695e+00
6.223284602165222168e-01 2.282891035079956055e+00
6.233370900154113770e-01 2.265799999237060547e+00
6.243457198143005371e-01 2.251829147338867188e+00
6.253543496131896973e-01 2.268284797668457031e+00
6.263629794120788574e-01 2.283217668533325195e+00
6.273716688156127930e-01 2.256330251693725586e+00
6.283802986145019531e-01 2.237241506576538086e+00
6.293889284133911133e-01 2.255072116851806641e+00
6.303975582122802734e-01 2.255408287048339844e+00
6.314061880111694336e-01 2.262213706970214844e+00
6.324148178100585938e-01 2.258781909942626953e+00
6.334234476089477539e-01 2.291211366653442383e+00
6.344320774078369141e-01 2.288728237152099609e+00
6.354407072067260742e-01 2.273669004440307617e+00
6.364493966102600098e-01 2.279205322265625000e+00
6.374580264091491699e-01 2.280842304229736328e+00
6.384666562080383301e-01 2.261286020278930664e+00
6.394752860069274902e-01 2.257953166961669922e+00
6.404839158058166504e-01 2.310350894927978516e+00
6.414925456047058105e-01 2.276501417160034180e+00
6.425011754035949707e-01 2.272852420806884766e+00
6.435098052024841309e-01 2.283931255340576172e+00
6.445184350013732910e-01 2.279904127120971680e+00
6.455271244049072266e-01 2.282093763351440430e+00
6.465357542037963867e-01 2.250724554061889648e+00
6.475443840026855469e-01 2.265245437622070312e+00
6.485530138015747070e-01 2.268925428390502930e+00
6.495616436004638672e-01 2.281457662582397461e+00
6.505702733993530273e-01 2.292142629623413086e+00
6.515789031982421875e-01 2.237693786621093750e+00
6.525875329971313477e-01 2.259105205535888672e+00
6.535961627960205078e-01 2.255178213119506836e+00
6.546047925949096680e-01 2.274370431900024414e+00
6.556134819984436035e-01 2.273414850234985352e+00
6.566221117973327637e-01 2.306118726730346680e+00
6.576307415962219238e-01 2.269579648971557617e+00
6.586393713951110840e-01 2.290617465972900391e+00
6.596480011940002441e-01 2.322582483291625977e+00
6.606566309928894043e-01 2.281386375427246094e+00
6.616652607917785645e-01 2.249756336212158203e+00
6.626738905906677246e-01 2.280985593795776367e+00
6.636825203895568848e-01 2.276385307312011719e+00
6.646912097930908203e-01 2.277129650115966797e+00
6.656998395919799805e-01 2.260892152786254883e+00
6.667084693908691406e-01 2.244787693023681641e+00
6.677170991897583008e-01 2.280488491058349609e+00
6.687257289886474609e-01 2.265931367874145508e+00
6.697343587875366211e-01 2.289830207824707031e+00
6.707429885864257812e-01 2.292054653167724609e+00
6.717516183853149414e-01 2.281827449798583984e+00
6.727602481842041016e-01 2.259379863739013672e+00
6.737688779830932617e-01 2.344392538070678711e+00
6.747775673866271973e-01 2.293310165405273438e+00
6.757861971855163574e-01 2.329078674316406250e+00
6.767948269844055176e-01 2.293903827667236328e+00
6.778034567832946777e-01 2.292089939117431641e+00
6.788120865821838379e-01 2.303336858749389648e+00
6.798207163810729980e-01 2.313961505889892578e+00
6.808293461799621582e-01 2.320608854293823242e+00
6.818379759788513184e-01 2.304129362106323242e+00
6.828466057777404785e-01 2.321766138076782227e+00
6.838552951812744141e-01 2.301973104476928711e+00
6.848639249801635742e-01 2.283235073089599609e+00
6.858725547790527344e-01 2.330105066299438477e+00
6.868811845779418945e-01 2.326337099075317383e+00
6.878898143768310547e-01 2.318351268768310547e+00
6.888984441757202148e-01 2.315581798553466797e+00
6.899070739746093750e-01 2.335861682891845703e+00
6.909157037734985352e-01 2.315806865692138672e+00
6.919243335723876953e-01 2.346510171890258789e+00
6.929329633712768555e-01 2.340166091918945312e+00
6.939416527748107910e-01 2.330253124237060547e+00
6.949502825736999512e-01 2.331905364990234375e+00
6.959589123725891113e-01 2.345823764801025391e+00
6.969675421714782715e-01 2.335381031036376953e+00
6.979761719703674316e-01 2.325707912445068359e+00
6.989848017692565918e-01 2.321221351623535156e+00
6.999934315681457520e-01 2.323353767395019531e+00
7.010020613670349121e-01 2.332959651947021484e+00
7.020106911659240723e-01 2.324953794479370117e+00
7.030193805694580078e-01 2.334044456481933594e+00
7.040280103683471680e-01 2.341563701629638672e+00
7.050366401672363281e-01 2.383501768112182617e+00
7.060452699661254883e-01 2.329365968704223633e+00
7.070538997650146484e-01 2.375777721405029297e+00
7.080625295639038086e-01 2.346247196197509766e+00
7.090711593627929688e-01 2.347631216049194336e+00
7.100797891616821289e-01 2.348737955093383789e+00
7.110884189605712891e-01 2.320506572723388672e+00
7.120970487594604492e-01 2.340651988983154297e+00
7.131057381629943848e-01 2.372336626052856445e+00
7.141143679618835449e-01 2.364385604858398438e+00
7.151229977607727051e-01 2.360323905944824219e+00
7.161316275596618652e-01 2.375874519348144531e+00
7.171402573585510254e-01 2.374860048294067383e+00
7.181488871574401855e-01 2.361315965652465820e+00
7.191575169563293457e-01 2.341612100601196289e+00
7.201661467552185059e-01 2.377607583999633789e+00
7.211747765541076660e-01 2.406343698501586914e+00
7.221834659576416016e-01 2.389749288558959961e+00
7.231920957565307617e-01 2.379958152770996094e+00
7.242007255554199219e-01 2.393125295639038086e+00
7.252093553543090820e-01 2.392096996307373047e+00
7.262179851531982422e-01 2.406442642211914062e+00
7.272266149520874023e-01 2.364209175109863281e+00
7.282352447509765625e-01 2.354725837707519531e+00
7.292438745498657227e-01 2.388757228851318359e+00
7.302525043487548828e-01 2.391634225845336914e+00
7.312611341476440430e-01 2.381717443466186523e+00
7.322698235511779785e-01 2.397142410278320312e+00
7.332784533500671387e-01 2.407021045684814453e+00
7.342870831489562988e-01 2.428924083709716797e+00
7.352957129478454590e-01 2.421528339385986328e+00
7.363043427467346191e-01 2.407706737518310547e+00
7.373129725456237793e-01 2.372043609619140625e+00
7.383216023445129395e-01 2.381386518478393555e+00
7.393302321434020996e-01 2.417749881744384766e+00
7.403388619422912598e-01 2.403584241867065430e+00
7.413475513458251953e-01 2.418812990188598633e+00
7.423561811447143555e-01 2.408371448516845703e+00
7.433648109436035156e-01 2.401483535766601562e+00
7.443734407424926758e-01 2.441621303558349609e+00
7.453820705413818359e-01 2.421276807785034180e+00
7.463907003402709961e-01 2.418320178985595703e+00
7.473993301391601562e-01 2.422266960144042969e+00
7.484079599380493164e-01 2.457200527191162109e+00
7.494165897369384766e-01 2.475905418395996094e+00
7.504252195358276367e-01 2.435797691345214844e+00
7.514339089393615723e-01 2.463621854782104492e+00
7.524425387382507324e-01 2.483362674713134766e+00
7.534511685371398926e-01 2.495158195495605469e+00
7.544597983360290527e-01 2.447942733764648438e+00
7.554684281349182129e-01 2.440543174743652344e+00
7.564770579338073730e-01 2.493305444717407227e+00
7.574856877326965332e-01 2.456446647644042969e+00
7.584943175315856934e-01 2.454914808273315430e+00
7.595029473304748535e-01 2.443698406219482422e+00
7.605116367340087891e-01 2.460150480270385742e+00
7.615202665328979492e-01 2.435953855514526367e+00
7.625288963317871094e-01 2.498064041137695312e+00
7.635375261306762695e-01 2.492757797241210938e+00
7.645461559295654297e-01 2.481419801712036133e+00
7.655547857284545898e-01 2.509420156478881836e+00
7.665634155273437500e-01 2.497247934341430664e+00
7.675720453262329102e-01 2.508513450622558594e+00
7.685806751251220703e-01 2.497693777084350586e+00
7.695893049240112305e-01 2.513602256774902344e+00
7.705979943275451660e-01 2.504130363464355469e+00
7.716066241264343262e-01 2.448491334915161133e+00
7.726152539253234863e-01 2.487937688827514648e+00
7.736238837242126465e-01 2.477740764617919922e+00
7.746325135231018066e-01 2.514256000518798828e+00
7.756411433219909668e-01 2.520131349563598633e+00
7.766497731208801270e-01 2.500453948974609375e+00
7.776584029197692871e-01 2.550230264663696289e+00
7.786670327186584473e-01 2.532727241516113281e+00
7.796757221221923828e-01 2.507080078125000000e+00
7.806843519210815430e-01 2.550151109695434570e+00
7.816929817199707031e-01 2.503223419189453125e+00
7.827016115188598633e-01 2.506066560745239258e+00
7.837102413177490234e-01 2.514490842819213867e+00
7.847188711166381836e-01 2.541532993316650391e+00
7.857275009155273438e-01 2.524522066116333008e+00
7.867361307144165039e-01 2.547465085983276367e+00
7.877447605133056641e-01 2.550365209579467773e+00
7.887533903121948242e-01 2.589997053146362305e+00
7.897620797157287598e-01 2.564954280853271484e+00
7.907707095146179199e-01 2.522333383560180664e+00
7.917793393135070801e-01 2.539621829986572266e+00
7.927879691123962402e-01 2.571628808975219727e+00
7.937965989112854004e-01 2.557088613510131836e+00
7.948052287101745605e-01 2.573640584945678711e+00
7.958138585090637207e-01 2.577769279479980469e+00
7.968224883079528809e-01 2.591784477233886719e+00
7.978311181068420410e-01 2.542108058929443359e+00
7.988398075103759766e-01 2.579334020614624023e+00
7.998484373092651367e-01 2.581480026245117188e+00
8.008570671081542969e-01 2.601614952087402344e+00
8.018656969070434570e-01 2.605336904525756836e+00
8.028743267059326172e-01 2.609366178512573242e+00
8.038829565048217773e-01 2.565042018890380859e+00
8.048915863037109375e-01 2.575522899627685547e+00
8.059002161026000977e-01 2.594577550888061523e+00
8.069088459014892578e-01 2.577491521835327148e+00
8.079174757003784180e-01 2.588424921035766602e+00
8.089261651039123535e-01 2.622915029525756836e+00
8.099347949028015137e-01 2.621475696563720703e+00
8.109434247016906738e-01 2.621259927749633789e+00
8.119520545005798340e-01 2.655076980590820312e+00
8.129606842994689941e-01 2.626538515090942383e+00
8.139693140983581543e-01 2.638705492019653320e+00
8.149779438972473145e-01 2.624242067337036133e+00
8.159865736961364746e-01 2.641120672225952148e+00
8.169952034950256348e-01 2.638454914093017578e+00
8.180038928985595703e-01 2.624063253402709961e+00
8.190125226974487305e-01 2.647696495056152344e+00
8.200211524963378906e-01 2.687967538833618164e+00
8.210297822952270508e-01 2.681750297546386719e+00
8.220384120941162109e-01 2.680531501770019531e+00
8.230470418930053711e-01 2.675336837768554688e+00
8.240556716918945312e-01 2.662806034088134766e+00
8.250643014907836914e-01 2.645519733428955078e+00
8.260729312896728516e-01 2.690081357955932617e+00
8.270815610885620117e-01 2.684139013290405273e+00
8.280902504920959473e-01 2.662381887435913086e+00
8.290988802909851074e-01 2.657550096511840820e+00
8.301075100898742676e-01 2.688547849655151367e+00
8.311161398887634277e-01 2.690342664718627930e+00
8.321247696876525879e-01 2.677293539047241211e+00
8.331333994865417480e-01 2.687528848648071289e+00
8.341420292854309082e-01 2.713860273361206055e+00
8.351506590843200684e-01 2.715450048446655273e+00
8.361592888832092285e-01 2.723404884338378906e+00
8.371679782867431641e-01 2.756682395935058594e+00
8.381766080856323242e-01 2.738678455352783203e+00
8.391852378845214844e-01 2.738719463348388672e+00
8.401938676834106445e-01 2.749186277389526367e+00
8.412024974822998047e-01 2.743323087692260742e+00
8.422111272811889648e-01 2.788052797317504883e+00
8.432197570800781250e-01 2.739359855651855469e+00
8.442283868789672852e-01 2.781752824783325195e+00
8.452370166778564453e-01 2.773471117019653320e+00
8.462456464767456055e-01 2.764193534851074219e+00
8.472543358802795410e-01 2.772726535797119141e+00
8.482629656791687012e-01 2.794597387313842773e+00
8.492715954780578613e-01 2.808991193771362305e+00
8.502802252769470215e-01 2.814076900482177734e+00
8.512888550758361816e-01 2.778899192810058594e+00
8.522974848747253418e-01 2.760916471481323242e+00
8.533061146736145020e-01 2.812071084976196289e+00
8.543147444725036621e-01 2.809229850769042969e+00
8.553233742713928223e-01 2.812380075454711914e+00
8.563320636749267578e-01 2.826676607131958008e+00
8.573406934738159180e-01 2.835660219192504883e+00
8.583493232727050781e-01 2.848731994628906250e+00
8.593579530715942383e-01 2.820741653442382812e+00
8.603665828704833984e-01 2.821776628494262695e+00
8.613752126693725586e-01 2.837281942367553711e+00
8.623838424682617188e-01 2.852121114730834961e+00
8.633924722671508789e-01 2.847945928573608398e+00
8.644011020660400391e-01 2.859162807464599609e+00
8.654097318649291992e-01 2.864239692687988281e+00
8.664184212684631348e-01 2.885090351104736328e+00
8.674270510673522949e-01 2.866367340087890625e+00
8.684356808662414551e-01 2.822721719741821289e+00
8.694443106651306152e-01 2.876043081283569336e+00
8.704529404640197754e-01 2.876950025558471680e+00
8.714615702629089355e-01 2.895236968994140625e+00
8.724702000617980957e-01 2.877429008483886719e+00
8.734788298606872559e-01 2.902032613754272461e+00
8.744874596595764160e-01 2.876273155212402344e+00
8.754961490631103516e-01 2.887891054153442383e+00
8.765047788619995117e-01 2.878654241561889648e+00
8.775134086608886719e-01 2.917280912399291992e+00
8.785220384597778320e-01 2.926603555679321289e+00
8.795306682586669922e-01 2.909912109375000000e+00
8.805392980575561523e-01 2.909433364868164062e+00
8.815479278564453125e-01 2.912099123001098633e+00
8.825565576553344727e-01 2.923104524612426758e+00
8.835651874542236328e-01 2.933595657348632812e+00
8.845738172531127930e-01 2.918592214584350586e+00
8.855825066566467285e-01 2.930992126464843750e+00
8.865911364555358887e-01 2.911506652832031250e+00
8.875997662544250488e-01 2.943430185317993164e+00
8.886083960533142090e-01 2.937396526336669922e+00
8.896170258522033691e-01 2.938020229339599609e+00
8.906256556510925293e-01 2.954903841018676758e+00
8.916342854499816895e-01 2.922969102859497070e+00
8.926429152488708496e-01 2.964217185974121094e+00
8.936515450477600098e-01 2.973626375198364258e+00
8.946602344512939453e-01 2.984949111938476562e+00
8.956688642501831055e-01 2.997077226638793945e+00
8.966774940490722656e-01 2.976243734359741211e+00
8.976861238479614258e-01 2.958836317062377930e+00
8.986947536468505859e-01 2.969077587127685547e+00
8.997033834457397461e-01 2.978045463562011719e+00
9.007120132446289062e-01 3.015327692031860352e+00
9.017206430435180664e-01 3.006743192672729492e+00
9.027292728424072266e-01 3.049283981323242188e+00
9.037379026412963867e-01 3.026370048522949219e+00
9.047465920448303223e-01 3.029253721237182617e+00
9.057552218437194824e-01 3.020434141159057617e+00
9.067638516426086426e-01 3.024926662445068359e+00
9.077724814414978027e-01 3.010915756225585938e+00
9.087811112403869629e-01 3.038035631179809570e+00
9.097897410392761230e-01 3.068250656127929688e+00
9.107983708381652832e-01 3.107591867446899414e+00
9.118070006370544434e-01 3.141394376754760742e+00
9.128156304359436035e-01 3.085211753845214844e+00
9.138243198394775391e-01 3.047031879425048828e+00
9.148329496383666992e-01 3.080198526382446289e+00
9.158415794372558594e-01 3.107339620590209961e+00
9.168502092361450195e-01 3.142076492309570312e+00
9.178588390350341797e-01 3.138886928558349609e+00
9.188674688339233398e-01 3.133733987808227539e+00
9.198760986328125000e-01 3.137553691864013672e+00
9.208847284317016602e-01 3.128021717071533203e+00
9.218933582305908203e-01 3.152799129486083984e+00
9.229020476341247559e-01 3.131671428680419922e+00
9.239106774330139160e-01 3.137281179428100586e+00
9.249193072319030762e-01 3.177735805511474609e+00
9.259279370307922363e-01 3.170581817626953125e+00
9.269365668296813965e-01 3.165754795074462891e+00
9.279451966285705566e-01 3.131809473037719727e+00
9.289538264274597168e-01 3.122428655624389648e+00
9.299624562263488770e-01 3.187636137008666992e+00
9.309710860252380371e-01 3.222353696823120117e+00
9.319797158241271973e-01 3.176835060119628906e+00
9.329884052276611328e-01 3.234087705612182617e+00
9.339970350265502930e-01 3.184821844100952148e+00
9.350056648254394531e-01 3.160406112670898438e+00
9.360142946243286133e-01 3.189207315444946289e+00
9.370229244232177734e-01 3.186582088470458984e+00
9.380315542221069336e-01 3.201380968093872070e+00
9.390401840209960938e-01 3.271007537841796875e+00
9.400488138198852539e-01 3.238970041275024414e+00
9.410574436187744141e-01 3.239416360855102539e+00
9.420661330223083496e-01 3.232868432998657227e+00
9.430747628211975098e-01 3.183021306991577148e+00
9.440833926200866699e-01 3.253095388412475586e+00
9.450920224189758301e-01 3.314787149429321289e+00
9.461006522178649902e-01 3.305073738098144531e+00
9.471092820167541504e-01 3.358278512954711914e+00
9.481179118156433105e-01 3.297384500503540039e+00
9.491265416145324707e-01 3.343473434448242188e+00
9.501351714134216309e-01 3.291935682296752930e+00
9.511438012123107910e-01 3.257828950881958008e+00
9.521524906158447266e-01 3.290409564971923828e+00
9.531611204147338867e-01 3.320594072341918945e+00
9.541697502136230469e-01 3.331216096878051758e+00
9.551783800125122070e-01 3.373778581619262695e+00
9.561870098114013672e-01 3.322233915328979492e+00
9.571956396102905273e-01 3.341134309768676758e+00
9.582042694091796875e-01 3.366944789886474609e+00
9.592128992080688477e-01 3.326729297637939453e+00
9.602215290069580078e-01 3.350600004196166992e+00
9.612302184104919434e-01 3.344318628311157227e+00
9.622388482093811035e-01 3.328981399536132812e+00
9.632474780082702637e-01 3.318906545639038086e+00
9.642561078071594238e-01 3.370804071426391602e+00
9.652647376060485840e-01 3.420148372650146484e+00
9.662733674049377441e-01 3.428525686264038086e+00
9.672819972038269043e-01 3.402689695358276367e+00
9.682906270027160645e-01 3.405249357223510742e+00
9.692992568016052246e-01 3.406153917312622070e+00
9.703078866004943848e-01 3.444209098815917969e+00
9.713165760040283203e-01 3.486238241195678711e+00
9.723252058029174805e-01 3.462359905242919922e+00
9.733338356018066406e-01 3.535073518753051758e+00
9.743424654006958008e-01 3.532348394393920898e+00
9.753510951995849609e-01 3.472564220428466797e+00
9.763597249984741211e-01 3.458628177642822266e+00
9.773683547973632812e-01 3.471039056777954102e+00
9.783769845962524414e-01 3.453161239624023438e+00
9.793856143951416016e-01 3.537497282028198242e+00
9.803943037986755371e-01 3.572076082229614258e+00
9.814029335975646973e-01 3.568274259567260742e+00
9.824115633964538574e-01 3.517982959747314453e+00
9.834201931953430176e-01 3.483792543411254883e+00
9.844288229942321777e-01 3.488745212554931641e+00
9.854374527931213379e-01 3.574845075607299805e+00
9.864460825920104980e-01 3.523983955383300781e+00
9.874547123908996582e-01 3.471168518066406250e+00
9.884633421897888184e-01 3.541791439056396484e+00
9.894719719886779785e-01 3.568700551986694336e+00
9.904806613922119141e-01 3.682110786437988281e+00
9.914892911911010742e-01 3.588247537612915039e+00
9.924979209899902344e-01 3.547954082489013672e+00
9.935065507888793945e-01 3.645767688751220703e+00
9.945151805877685547e-01 3.530471086502075195e+00
9.955238103866577148e-01 3.581173419952392578e+00
9.965324401855468750e-01 3.642817258834838867e+00
9.975410699844360352e-01 3.673599243164062500e+00
9.985496997833251953e-01 3.626146554946899414e+00
9.995583891868591309e-01 3.627496004104614258e+00
1.000566959381103516e+00 3.647519111633300781e+00
1.001575589179992676e+00 3.625006198883056641e+00
1.002584218978881836e+00 3.717176914215087891e+00
1.003592848777770996e+00 3.732597589492797852e+00
1.004601597785949707e+00 3.679154396057128906e+00
1.005610227584838867e+00 3.671331882476806641e+00
1.006618857383728027e+00 3.654442548751831055e+00
1.007627487182617188e+00 3.819622278213500977e+00
1.008636116981506348e+00 3.672570943832397461e+00
1.009644746780395508e+00 3.727668046951293945e+00
1.010653376579284668e+00 3.804935693740844727e+00
1.011662006378173828e+00 3.666468858718872070e+00
1.012670636177062988e+00 3.720852375030517578e+00
1.013679265975952148e+00 3.764004707336425781e+00
1.014687895774841309e+00 3.837424755096435547e+00
1.015696525573730469e+00 3.778707981109619141e+00
1.016705155372619629e+00 3.770271778106689453e+00
1.017713785171508789e+00 3.874184131622314453e+00
1.018722414970397949e+00 3.814281225204467773e+00
1.019731044769287109e+00 3.737081527709960938e+00
1.020739674568176270e+00 3.843419790267944336e+00
1.021748304367065430e+00 3.968181610107421875e+00
1.022756934165954590e+00 3.876142978668212891e+00
1.023765683174133301e+00 3.815511703491210938e+00
1.024774312973022461e+00 3.834112167358398438e+00
1.025782942771911621e+00 3.812121391296386719e+00
1.026791572570800781e+00 3.852796077728271484e+00
1.027800202369689941e+00 3.821006536483764648e+00
1.028808832168579102e+00 3.835159778594970703e+00
1.029817461967468262e+00 3.844985485076904297e+00
1.030826091766357422e+00 4.022270202636718750e+00
1.031834721565246582e+00 3.869189023971557617e+00
1.032843351364135742e+00 3.791313886642456055e+00
1.033851981163024902e+00 3.889083862304687500e+00
1.034860610961914062e+00 3.882098674774169922e+00
1.035869240760803223e+00 3.842600107192993164e+00
1.036877870559692383e+00 3.944582223892211914e+00
1.037886500358581543e+00 4.016940593719482422e+00
1.038895130157470703e+00 4.041738986968994141e+00
1.039903759956359863e+00 3.885853052139282227e+00
1.040912389755249023e+00 4.043306827545166016e+00
1.041921019554138184e+00 4.056563377380371094e+00
1.042929768562316895e+00 4.087206840515136719e+00
1.043938398361206055e+00 4.050058841705322266e+00
1.044947028160095215e+00 3.914596796035766602e+00
1.045955657958984375e+00 4.138607501983642578e+00
1.046964287757873535e+00 3.940237283706665039e+00
1.047972917556762695e+00 4.039521217346191406e+00
1.048981547355651855e+00 4.116768836975097656e+00
1.049990177154541016e+00 4.067444801330566406e+00
1.050998806953430176e+00 4.119900226593017578e+00
1.052007436752319336e+00 4.088752269744873047e+00
1.053016066551208496e+00 4.083475589752197266e+00
1.054024696350097656e+00 4.144626617431640625e+00
1.055033326148986816e+00 4.131327152252197266e+00
1.056041955947875977e+00 4.185237407684326172e+00
1.057050585746765137e+00 4.072300910949707031e+00
1.058059215545654297e+00 4.203781604766845703e+00
1.059067845344543457e+00 4.218061447143554688e+00
1.060076475143432617e+00 4.131013870239257812e+00
1.061085104942321777e+00 4.100766658782958984e+00
1.062093853950500488e+00 4.232553005218505859e+00
1.063102483749389648e+00 4.198301315307617188e+00
1.064111113548278809e+00 4.191583633422851562e+00
1.065119743347167969e+00 4.162089824676513672e+00
1.066128373146057129e+00 4.182064056396484375e+00
1.067137002944946289e+00 4.224271774291992188e+00
1.068145632743835449e+00 4.149864196777343750e+00
1.069154262542724609e+00 4.266577243804931641e+00
1.070162892341613770e+00 4.278906822204589844e+00
1.071171522140502930e+00 4.231224536895751953e+00
1.072180151939392090e+00 4.298653125762939453e+00
1.073188781738281250e+00 4.283559322357177734e+00
1.074197411537170410e+00 4.252869606018066406e+00
1.075206041336059570e+00 4.204078197479248047e+00
1.076214671134948730e+00 4.350983142852783203e+00
1.077223300933837891e+00 4.354506492614746094e+00
1.078231930732727051e+00 4.417942523956298828e+00
1.079240560531616211e+00 4.386904239654541016e+00
1.080249190330505371e+00 4.370944023132324219e+00
1.081257939338684082e+00 4.380192279815673828e+00
1.082266569137573242e+00 4.293844699859619141e+00
1.083275198936462402e+00 4.242041110992431641e+00
1.084283828735351562e+00 4.173439502716064453e+00
1.085292458534240723e+00 4.310929298400878906e+00
1.086301088333129883e+00 4.507509708404541016e+00
1.087309718132019043e+00 4.521079540252685547e+00
1.088318347930908203e+00 4.397607326507568359e+00
1.089326977729797363e+00 4.377394199371337891e+00
1.090335607528686523e+00 4.366392135620117188e+00
1.091344237327575684e+00 4.444663524627685547e+00
1.092352867126464844e+00 4.559481143951416016e+00
1.093361496925354004e+00 4.316674709320068359e+00
1.094370126724243164e+00 4.410001754760742188e+00
1.095378756523132324e+00 4.401874065399169922e+00
1.096387386322021484e+00 4.280155658721923828e+00
1.097396016120910645e+00 4.477283000946044922e+00
1.098404645919799805e+00 4.392044544219970703e+00
1.099413275718688965e+00 4.473114013671875000e+00
1.100422024726867676e+00 4.601403713226318359e+00
1.101430654525756836e+00 4.648593902587890625e+00
1.102439284324645996e+00 4.720922946929931641e+00
1.103447914123535156e+00 4.670650005340576172e+00
1.104456543922424316e+00 4.618033409118652344e+00
1.105465173721313477e+00 4.617723464965820312e+00
1.106473803520202637e+00 4.610960960388183594e+00
1.107482433319091797e+00 4.540791034698486328e+00
1.108491063117980957e+00 4.600915908813476562e+00
1.109499692916870117e+00 4.582414150238037109e+00
1.110508322715759277e+00 4.561132907867431641e+00
1.111516952514648438e+00 4.694036960601806641e+00
1.112525582313537598e+00 4.708762645721435547e+00
1.113534212112426758e+00 4.644568920135498047e+00
1.114542841911315918e+00 4.631078243255615234e+00
1.115551471710205078e+00 4.680018901824951172e+00
1.116560101509094238e+00 4.713201522827148438e+00
1.117568731307983398e+00 4.639130592346191406e+00
1.118577361106872559e+00 4.621297836303710938e+00
1.119586110115051270e+00 4.709927558898925781e+00
1.120594739913940430e+00 4.827934741973876953e+00
1.121603369712829590e+00 4.708845138549804688e+00
1.122611999511718750e+00 4.726948261260986328e+00
1.123620629310607910e+00 4.748007297515869141e+00
1.124629259109497070e+00 4.745770454406738281e+00
1.125637888908386230e+00 4.787127971649169922e+00
1.126646518707275391e+00 4.811623573303222656e+00
1.127655148506164551e+00 4.962582588195800781e+00
1.128663778305053711e+00 4.722730636596679688e+00
1.129672408103942871e+00 4.872128009796142578e+00
1.130681037902832031e+00 4.778806209564208984e+00
1.131689667701721191e+00 4.730563640594482422e+00
1.132698297500610352e+00 4.812707424163818359e+00
1.133706927299499512e+00 4.594560146331787109e+00
1.134715557098388672e+00 4.834846019744873047e+00
1.135724186897277832e+00 4.786731719970703125e+00
1.136732816696166992e+00 4.851297855377197266e+00
1.137741446495056152e+00 4.894621849060058594e+00
1.138750195503234863e+00 4.908181190490722656e+00
1.139758825302124023e+00 4.975044727325439453e+00
1.140767455101013184e+00 4.933024406433105469e+00
1.141776084899902344e+00 4.888896465301513672e+00
1.142784714698791504e+00 4.984716415405273438e+00
1.143793344497680664e+00 4.930258274078369141e+00
1.144801974296569824e+00 4.863417625427246094e+00
1.145810604095458984e+00 4.868278026580810547e+00
1.146819233894348145e+00 4.963154315948486328e+00
1.147827863693237305e+00 5.040062904357910156e+00
1.148836493492126465e+00 4.885223388671875000e+00
1.149845123291015625e+00 4.999571323394775391e+00
1.150853753089904785e+00 5.150710105895996094e+00
1.151862382888793945e+00 4.986892700195312500e+00
1.152871012687683105e+00 5.079360485076904297e+00
1.153879642486572266e+00 5.050334453582763672e+00
1.154888272285461426e+00 5.217852115631103516e+00
1.155896902084350586e+00 5.234105110168457031e+00
1.156905531883239746e+00 5.114609718322753906e+00
1.157914280891418457e+00 5.100978374481201172e+00
1.158922910690307617e+00 5.138599872589111328e+00
1.159931540489196777e+00 5.047233581542968750e+00
1.160940170288085938e+00 5.030750751495361328e+00
1.161948800086975098e+00 5.134421825408935547e+00
1.162957429885864258e+00 4.942723751068115234e+00
1.163966059684753418e+00 5.132370471954345703e+00
1.164974689483642578e+00 5.063268184661865234e+00
1.165983319282531738e+00 5.134828567504882812e+00
1.166991949081420898e+00 5.381755828857421875e+00
1.168000578880310059e+00 5.244400501251220703e+00
1.169009208679199219e+00 5.233917713165283203e+00
1.170017838478088379e+00 5.170401096343994141e+00
1.171026468276977539e+00 5.226036548614501953e+00
1.172035098075866699e+00 5.077671051025390625e+00
1.173043727874755859e+00 5.016669273376464844e+00
1.174052357673645020e+00 5.391496181488037109e+00
1.175060987472534180e+00 5.426838874816894531e+00
1.176069617271423340e+00 5.410253524780273438e+00
1.177078366279602051e+00 5.118747711181640625e+00
1.178086996078491211e+00 5.259009838104248047e+00
1.179095625877380371e+00 5.323696613311767578e+00
1.180104255676269531e+00 5.432014942169189453e+00
1.181112885475158691e+00 5.254407405853271484e+00
1.182121515274047852e+00 5.090453624725341797e+00
1.183130145072937012e+00 5.377608776092529297e+00
1.184138774871826172e+00 5.190170288085937500e+00
1.185147404670715332e+00 4.868428230285644531e+00
1.186156034469604492e+00 5.148747444152832031e+00
1.187164664268493652e+00 5.513854503631591797e+00
1.188173294067382812e+00 5.563964843750000000e+00
1.189181923866271973e+00 5.649663448333740234e+00
1.190190553665161133e+00 5.656700134277343750e+00
1.191199183464050293e+00 5.561963558197021484e+00
1.192207813262939453e+00 5.399748802185058594e+00
1.193216443061828613e+00 5.310609340667724609e+00
1.194225072860717773e+00 5.019409179687500000e+00
1.195233702659606934e+00 5.300922393798828125e+00
1.196242451667785645e+00 5.516721248626708984e+00
1.197251081466674805e+00 5.689251422882080078e+00
1.198259711265563965e+00 5.543343067169189453e+00
1.199268341064453125e+00 5.608143329620361328e+00
1.200276970863342285e+00 5.943881988525390625e+00
1.201285600662231445e+00 5.765756130218505859e+00
1.202294230461120605e+00 5.246074676513671875e+00
1.203302860260009766e+00 5.477268695831298828e+00
1.204311490058898926e+00 5.171730041503906250e+00
1.205320119857788086e+00 5.166836261749267578e+00
1.206328749656677246e+00 5.469245433807373047e+00
1.207337379455566406e+00 5.315052032470703125e+00
1.208346009254455566e+00 4.942074775695800781e+00
1.209354639053344727e+00 5.676627635955810547e+00
