0.000000000000000000e+00 1.589675097656250000e+04
1.008636085316538811e-03 1.118685351562500000e+04
2.017272170633077621e-03 8.388553710937500000e+03
3.025908255949616432e-03 6.489554199218750000e+03
4.034544341266155243e-03 5.067391601562500000e+03
5.043180659413337708e-03 3.946822265625000000e+03
6.051816511899232864e-03 3.062258544921875000e+03
7.060452364385128021e-03 2.447304199218750000e+03
8.069088682532310486e-03 1.997773925781250000e+03
9.077725000679492950e-03 1.634520629882812500e+03
1.008636131882667542e-02 1.375364257812500000e+03
1.109499670565128326e-02 1.167191040039062500e+03
1.210363302379846573e-02 9.647050170898437500e+02
1.311226934194564819e-02 8.201289672851562500e+02
1.412090472877025604e-02 7.093085327148437500e+02
1.512954104691743851e-02 6.149882202148437500e+02
1.613817736506462097e-02 5.285883789062500000e+02
1.714681275188922882e-02 4.671940917968750000e+02
1.815545000135898590e-02 4.066203002929687500e+02
1.916408538818359375e-02 3.547107849121093750e+02
2.017272263765335083e-02 3.150219726562500000e+02
2.118135802447795868e-02 2.810810546875000000e+02
2.218999341130256653e-02 2.495894775390625000e+02
2.319863066077232361e-02 2.257842102050781250e+02
2.420726604759693146e-02 2.024608459472656250e+02
2.521590143442153931e-02 1.830329284667968750e+02
2.622453868389129639e-02 1.678066711425781250e+02
2.723317407071590424e-02 1.514269561767578125e+02
2.824180945754051208e-02 1.376367187500000000e+02
2.925044670701026917e-02 1.263592071533203125e+02
3.025908209383487701e-02 1.156966018676757812e+02
3.126771748065948486e-02 1.051077957153320312e+02
3.227635473012924194e-02 9.730241394042968750e+01
3.328499197959899902e-02 8.862287902832031250e+01
3.429362550377845764e-02 8.254016113281250000e+01
3.530226275324821472e-02 7.611682891845703125e+01
3.631090000271797180e-02 7.093021392822265625e+01
3.731953352689743042e-02 6.526035308837890625e+01
3.832817077636718750e-02 6.085764312744140625e+01
3.933680802583694458e-02 5.682892608642578125e+01
4.034544527530670166e-02 5.312128829956054688e+01
4.135407879948616028e-02 4.919550323486328125e+01
4.236271604895591736e-02 4.639219665527343750e+01
4.337135329842567444e-02 4.331608581542968750e+01
4.437998682260513306e-02 4.045006561279296875e+01
4.538862407207489014e-02 3.834482955932617188e+01
4.639726132154464722e-02 3.623384475708007812e+01
4.740589484572410583e-02 3.418667984008789062e+01
4.841453209519386292e-02 3.214304733276367188e+01
4.942316934466362000e-02 3.025057220458984375e+01
5.043180286884307861e-02 2.872595977783203125e+01
5.144044011831283569e-02 2.703100395202636719e+01
5.244907736778259277e-02 2.566112709045410156e+01
5.345771089196205139e-02 2.446327018737792969e+01
5.446634814143180847e-02 2.328971481323242188e+01
5.547498539090156555e-02 2.182435607910156250e+01
5.648361891508102417e-02 2.096671104431152344e+01
5.749225616455078125e-02 2.006060409545898438e+01
5.850089341402053833e-02 1.900355529785156250e+01
5.950953066349029541e-02 1.807322311401367188e+01
6.051816418766975403e-02 1.735690879821777344e+01
6.152680143713951111e-02 1.674752426147460938e+01
6.253543496131896973e-02 1.590064430236816406e+01
6.354407221078872681e-02 1.521841526031494141e+01
6.455270946025848389e-02 1.438915443420410156e+01
6.556134670972824097e-02 1.381825828552246094e+01
6.656998395919799805e-02 1.349978351593017578e+01
6.757862120866775513e-02 1.301741409301757812e+01
6.858725100755691528e-02 1.272653293609619141e+01
6.959588825702667236e-02 1.210181617736816406e+01
7.060452550649642944e-02 1.155452728271484375e+01
7.161316275596618652e-02 1.122508716583251953e+01
7.262180000543594360e-02 1.083873367309570312e+01
7.363043725490570068e-02 1.052709484100341797e+01
7.463906705379486084e-02 1.000701713562011719e+01
7.564770430326461792e-02 9.798615455627441406e+00
7.665634155273437500e-02 9.450186729431152344e+00
7.766497880220413208e-02 9.187472343444824219e+00
7.867361605167388916e-02 9.052932739257812500e+00
7.968225330114364624e-02 8.640259742736816406e+00
8.069089055061340332e-02 8.438264846801757812e+00
8.169952034950256348e-02 8.251406669616699219e+00
8.270815759897232056e-02 7.863564014434814453e+00
8.371679484844207764e-02 7.539898395538330078e+00
8.472543209791183472e-02 7.401624679565429688e+00
8.573406934738159180e-02 7.360774517059326172e+00
8.674270659685134888e-02 7.175874233245849609e+00
8.775133639574050903e-02 6.882799148559570312e+00
8.875997364521026611e-02 6.708976268768310547e+00
8.976861089468002319e-02 6.543748855590820312e+00
9.077724814414978027e-02 6.396872043609619141e+00
9.178588539361953735e-02 6.189310073852539062e+00
9.279452264308929443e-02 6.109313011169433594e+00
9.380315244197845459e-02 6.013415336608886719e+00
9.481178969144821167e-02 5.919803142547607422e+00
9.582042694091796875e-02 5.846032619476318359e+00
9.682906419038772583e-02 5.657129764556884766e+00
9.783770143985748291e-02 5.471208095550537109e+00
9.884633868932723999e-02 5.490712642669677734e+00
9.985497593879699707e-02 5.303380966186523438e+00
1.008636057376861572e-01 5.269962787628173828e+00
1.018722429871559143e-01 5.127320766448974609e+00
1.028808802366256714e-01 5.026916027069091797e+00
1.038895174860954285e-01 4.953574657440185547e+00
1.048981547355651855e-01 4.796691417694091797e+00
1.059067919850349426e-01 4.809279441833496094e+00
1.069154217839241028e-01 4.726588249206542969e+00
1.079240590333938599e-01 4.645300388336181641e+00
1.089326962828636169e-01 4.590380668640136719e+00
1.099413335323333740e-01 4.516675949096679688e+00
1.109499707818031311e-01 4.354554176330566406e+00
1.119586080312728882e-01 4.383426189422607422e+00
1.129672378301620483e-01 4.348324298858642578e+00
1.139758750796318054e-01 4.223705291748046875e+00
1.149845123291015625e-01 4.189064502716064453e+00
1.159931495785713196e-01 4.187360286712646484e+00
1.170017868280410767e-01 4.035661697387695312e+00
1.180104240775108337e-01 3.971609592437744141e+00
1.190190613269805908e-01 4.037514686584472656e+00
1.200276911258697510e-01 3.936700582504272461e+00
1.210363283753395081e-01 3.862318515777587891e+00
1.220449656248092651e-01 3.826313972473144531e+00
1.230536028742790222e-01 3.782842159271240234e+00
1.240622401237487793e-01 3.767758846282958984e+00
1.250708699226379395e-01 3.754811763763427734e+00
1.260795146226882935e-01 3.643511056900024414e+00
1.270881444215774536e-01 3.581464529037475586e+00
1.280967891216278076e-01 3.533055305480957031e+00
1.291054189205169678e-01 3.541132926940917969e+00
1.301140487194061279e-01 3.583766460418701172e+00
1.311226934194564819e-01 3.566277265548706055e+00
1.321313232183456421e-01 3.460852384567260742e+00
1.331399679183959961e-01 3.467075109481811523e+00
1.341485977172851562e-01 3.378106832504272461e+00
1.351572424173355103e-01 3.362969398498535156e+00
1.361658722162246704e-01 3.295819520950317383e+00
1.371745020151138306e-01 3.265719413757324219e+00
1.381831467151641846e-01 3.266677856445312500e+00
1.391917765140533447e-01 3.227397441864013672e+00
1.402004212141036987e-01 3.254185199737548828e+00
1.412090510129928589e-01 3.228369235992431641e+00
1.422176808118820190e-01 3.216587305068969727e+00
1.432263255119323730e-01 3.116633892059326172e+00
1.442349553108215332e-01 3.178193807601928711e+00
1.452436000108718872e-01 3.134426116943359375e+00
1.462522298097610474e-01 3.093914508819580078e+00
1.472608745098114014e-01 3.107017278671264648e+00
1.482695043087005615e-01 3.055188179016113281e+00
1.492781341075897217e-01 3.087723731994628906e+00
1.502867788076400757e-01 3.058770179748535156e+00
1.512954086065292358e-01 3.039237022399902344e+00
1.523040533065795898e-01 3.027392387390136719e+00
1.533126831054687500e-01 2.988013505935668945e+00
1.543213278055191040e-01 2.998455524444580078e+00
1.553299576044082642e-01 2.938903570175170898e+00
1.563385874032974243e-01 2.949892520904541016e+00
1.573472321033477783e-01 2.891589164733886719e+00
1.583558619022369385e-01 2.893446207046508789e+00
1.593645066022872925e-01 2.874951124191284180e+00
1.603731364011764526e-01 2.890073060989379883e+00
1.613817811012268066e-01 2.849441528320312500e+00
1.623904109001159668e-01 2.866081476211547852e+00
1.633990406990051270e-01 2.846093654632568359e+00
1.644076853990554810e-01 2.874630689620971680e+00
1.654163151979446411e-01 2.832983970642089844e+00
1.664249598979949951e-01 2.810381412506103516e+00
1.674335896968841553e-01 2.831123352050781250e+00
1.684422194957733154e-01 2.854010105133056641e+00
1.694508641958236694e-01 2.809337377548217773e+00
1.704594939947128296e-01 2.758999347686767578e+00
1.714681386947631836e-01 2.765563488006591797e+00
1.724767684936523438e-01 2.687237262725830078e+00
1.734854131937026978e-01 2.760025024414062500e+00
1.744940429925918579e-01 2.703969240188598633e+00
1.755026727914810181e-01 2.743684291839599609e+00
1.765113174915313721e-01 2.674679756164550781e+00
1.775199472904205322e-01 2.609435081481933594e+00
1.785285919904708862e-01 2.678534269332885742e+00
1.795372217893600464e-01 2.650106668472290039e+00
1.805458664894104004e-01 2.676404476165771484e+00
1.815544962882995605e-01 2.703986406326293945e+00
1.825631260871887207e-01 2.713101387023925781e+00
1.835717707872390747e-01 2.666295528411865234e+00
1.845804005861282349e-01 2.652655363082885742e+00
1.855890452861785889e-01 2.625521183013916016e+00
1.865976750850677490e-01 2.618910789489746094e+00
1.876063048839569092e-01 2.625297546386718750e+00
1.886149495840072632e-01 2.530313491821289062e+00
1.896235793828964233e-01 2.593097686767578125e+00
1.906322240829467773e-01 2.589618682861328125e+00
1.916408538818359375e-01 2.577183723449707031e+00
1.926494985818862915e-01 2.585965633392333984e+00
1.936581283807754517e-01 2.553607463836669922e+00
1.946667581796646118e-01 2.503221035003662109e+00
1.956754028797149658e-01 2.574775934219360352e+00
1.966840326786041260e-01 2.552732706069946289e+00
1.976926773786544800e-01 2.579025983810424805e+00
1.987013071775436401e-01 2.532622337341308594e+00
1.997099518775939941e-01 2.476084470748901367e+00
2.007185816764831543e-01 2.503518342971801758e+00
2.017272114753723145e-01 2.517229795455932617e+00
2.027358561754226685e-01 2.481562137603759766e+00
2.037444859743118286e-01 2.461456775665283203e+00
2.047531306743621826e-01 2.505853891372680664e+00
2.057617604732513428e-01 2.482723474502563477e+00
2.067703902721405029e-01 2.415782690048217773e+00
2.077790349721908569e-01 2.445610761642456055e+00
2.087876647710800171e-01 2.438586235046386719e+00
2.097963094711303711e-01 2.405604124069213867e+00
2.108049392700195312e-01 2.410127401351928711e+00
2.118135839700698853e-01 2.453492164611816406e+00
2.128222137689590454e-01 2.447968482971191406e+00
2.138308435678482056e-01 2.471962690353393555e+00
2.148394882678985596e-01 2.417376279830932617e+00
2.158481180667877197e-01 2.475736618041992188e+00
2.168567627668380737e-01 2.454769372940063477e+00
2.178653925657272339e-01 2.399323940277099609e+00
2.188740372657775879e-01 2.404869556427001953e+00
2.198826670646667480e-01 2.417681217193603516e+00
2.208912968635559082e-01 2.408192634582519531e+00
2.218999415636062622e-01 2.404088258743286133e+00
2.229085713624954224e-01 2.399514675140380859e+00
2.239172160625457764e-01 2.414230108261108398e+00
2.249258458614349365e-01 2.397427558898925781e+00
2.259344756603240967e-01 2.398502588272094727e+00
2.269431203603744507e-01 2.372327804565429688e+00
2.279517501592636108e-01 2.362343072891235352e+00
2.289603948593139648e-01 2.418555498123168945e+00
2.299690246582031250e-01 2.364761114120483398e+00
2.309776693582534790e-01 2.408908128738403320e+00
2.319862991571426392e-01 2.436475038528442383e+00
2.329949289560317993e-01 2.378732919692993164e+00
2.340035736560821533e-01 2.384515523910522461e+00
2.350122034549713135e-01 2.409567356109619141e+00
2.360208481550216675e-01 2.386003971099853516e+00
2.370294779539108276e-01 2.381022930145263672e+00
2.380381226539611816e-01 2.344860792160034180e+00
2.390467524528503418e-01 2.326434373855590820e+00
2.400553822517395020e-01 2.354935407638549805e+00
2.410640269517898560e-01 2.359319448471069336e+00
2.420726567506790161e-01 2.383729934692382812e+00
2.430813014507293701e-01 2.454327106475830078e+00
2.440899312496185303e-01 2.329294204711914062e+00
2.450985759496688843e-01 2.337805271148681641e+00
2.461072057485580444e-01 2.309404373168945312e+00
2.471158355474472046e-01 2.322187423706054688e+00
2.481244802474975586e-01 2.332976102828979492e+00
2.491331100463867188e-01 2.348103046417236328e+00
2.501417398452758789e-01 2.337883234024047852e+00
2.511503994464874268e-01 2.334486007690429688e+00
2.521590292453765869e-01 2.313328266143798828e+00
2.531676590442657471e-01 2.327084779739379883e+00
2.541762888431549072e-01 2.315455913543701172e+00
2.551849186420440674e-01 2.292282819747924805e+00
2.561935782432556152e-01 2.339477062225341797e+00
2.572022080421447754e-01 2.357470989227294922e+00
2.582108378410339355e-01 2.307751655578613281e+00
2.592194676399230957e-01 2.326279640197753906e+00
2.602280974388122559e-01 2.309342145919799805e+00
2.612367570400238037e-01 2.296812057495117188e+00
2.622453868389129639e-01 2.345839500427246094e+00
2.632540166378021240e-01 2.300807714462280273e+00
2.642626464366912842e-01 2.319780588150024414e+00
2.652712762355804443e-01 2.339597940444946289e+00
2.662799358367919922e-01 2.324672698974609375e+00
2.672885656356811523e-01 2.335496902465820312e+00
2.682971954345703125e-01 2.295541048049926758e+00
2.693058252334594727e-01 2.337271451950073242e+00
2.703144848346710205e-01 2.321272611618041992e+00
2.713231146335601807e-01 2.270087242126464844e+00
2.723317444324493408e-01 2.283157825469970703e+00
2.733403742313385010e-01 2.299601078033447266e+00
2.743490040302276611e-01 2.269086122512817383e+00
2.753576636314392090e-01 2.312999010086059570e+00
2.763662934303283691e-01 2.266480207443237305e+00
2.773749232292175293e-01 2.302953958511352539e+00
2.783835530281066895e-01 2.320815324783325195e+00
2.793921828269958496e-01 2.298958778381347656e+00
2.804008424282073975e-01 2.295721769332885742e+00
2.814094722270965576e-01 2.263798475265502930e+00
2.824181020259857178e-01 2.288501262664794922e+00
2.834267318248748779e-01 2.323776245117187500e+00
2.844353616237640381e-01 2.271869897842407227e+00
2.854440212249755859e-01 2.244185686111450195e+00
2.864526510238647461e-01 2.269508361816406250e+00
2.874612808227539062e-01 2.230552911758422852e+00
2.884699106216430664e-01 2.246862173080444336e+00
2.894785702228546143e-01 2.258238554000854492e+00
2.904872000217437744e-01 2.264330863952636719e+00
2.914958298206329346e-01 2.280818939208984375e+00
2.925044596195220947e-01 2.314236164093017578e+00
2.935130894184112549e-01 2.241297960281372070e+00
2.945217490196228027e-01 2.275807380676269531e+00
2.955303788185119629e-01 2.226168155670166016e+00
2.965390086174011230e-01 2.235994100570678711e+00
2.975476384162902832e-01 2.285816192626953125e+00
2.985562682151794434e-01 2.235104799270629883e+00
2.995649278163909912e-01 2.225363492965698242e+00
3.005735576152801514e-01 2.260034799575805664e+00
3.015821874141693115e-01 2.251006603240966797e+00
3.025908172130584717e-01 2.225540637969970703e+00
3.035994470119476318e-01 2.230599403381347656e+00
3.046081066131591797e-01 2.254626512527465820e+00
3.056167364120483398e-01 2.238448381423950195e+00
3.066253662109375000e-01 2.196211099624633789e+00
3.076339960098266602e-01 2.219389915466308594e+00
3.086426556110382080e-01 2.248133659362792969e+00
3.096512854099273682e-01 2.215928077697753906e+00
3.106599152088165283e-01 2.247486829757690430e+00
3.116685450077056885e-01 2.262356281280517578e+00
3.126771748065948486e-01 2.221261501312255859e+00
3.136858344078063965e-01 2.241897583007812500e+00
3.146944642066955566e-01 2.233500242233276367e+00
3.157030940055847168e-01 2.230371713638305664e+00
3.167117238044738770e-01 2.194719076156616211e+00
3.177203536033630371e-01 2.239708423614501953e+00
3.187290132045745850e-01 2.205335378646850586e+00
3.197376430034637451e-01 2.230266571044921875e+00
3.207462728023529053e-01 2.185428380966186523e+00
3.217549026012420654e-01 2.192137241363525391e+00
3.227635622024536133e-01 2.206011056900024414e+00
3.237721920013427734e-01 2.227488994598388672e+00
3.247808218002319336e-01 2.214320421218872070e+00
3.257894515991210938e-01 2.192373752593994141e+00
3.267980813980102539e-01 2.205409526824951172e+00
3.278067409992218018e-01 2.175079345703125000e+00
3.288153707981109619e-01 2.180421352386474609e+00
3.298240005970001221e-01 2.161891698837280273e+00
3.308326303958892822e-01 2.181823730468750000e+00
3.318412601947784424e-01 2.227381229400634766e+00
3.328499197959899902e-01 2.172296762466430664e+00
3.338585495948791504e-01 2.219810247421264648e+00
3.348671793937683105e-01 2.232373714447021484e+00
3.358758091926574707e-01 2.202067613601684570e+00
3.368844389915466309e-01 2.190416097640991211e+00
3.378930985927581787e-01 2.184540510177612305e+00
3.389017283916473389e-01 2.208205699920654297e+00
3.399103581905364990e-01 2.206999301910400391e+00
3.409189879894256592e-01 2.171925306320190430e+00
3.419276475906372070e-01 2.175131559371948242e+00
3.429362773895263672e-01 2.199682235717773438e+00
3.439449071884155273e-01 2.163108825683593750e+00
3.449535369873046875e-01 2.187394380569458008e+00
3.459621667861938477e-01 2.168625116348266602e+00
3.469708263874053955e-01 2.168989181518554688e+00
3.479794561862945557e-01 2.175683021545410156e+00
3.489880859851837158e-01 2.151641607284545898e+00
3.499967157840728760e-01 2.166835069656372070e+00
3.510053455829620361e-01 2.180764198303222656e+00
3.520140051841735840e-01 2.173172950744628906e+00
3.530226349830627441e-01 2.169601917266845703e+00
3.540312647819519043e-01 2.173354148864746094e+00
3.550398945808410645e-01 2.131124496459960938e+00
3.560485243797302246e-01 2.166286468505859375e+00
3.570571839809417725e-01 2.192427158355712891e+00
3.580658137798309326e-01 2.135422468185424805e+00
3.590744435787200928e-01 2.128206968307495117e+00
3.600830733776092529e-01 2.141138315200805664e+00
3.610917329788208008e-01 2.176786422729492188e+00
3.621003627777099609e-01 2.196879148483276367e+00
3.631089925765991211e-01 2.152825117111206055e+00
3.641176223754882812e-01 2.165036678314208984e+00
3.651262521743774414e-01 2.183513402938842773e+00
3.661349117755889893e-01 2.142677307128906250e+00
3.671435415744781494e-01 2.140915870666503906e+00
3.681521713733673096e-01 2.136287450790405273e+00
3.691608011722564697e-01 2.136016368865966797e+00
3.701694309711456299e-01 2.131837129592895508e+00
3.711780905723571777e-01 2.157698154449462891e+00
3.721867203712463379e-01 2.136968374252319336e+00
3.731953501701354980e-01 2.120564222335815430e+00
3.742039799690246582e-01 2.138482332229614258e+00
3.752126097679138184e-01 2.141202926635742188e+00
3.762212693691253662e-01 2.116245269775390625e+00
3.772298991680145264e-01 2.089320421218872070e+00
3.782385289669036865e-01 2.131400585174560547e+00
3.792471587657928467e-01 2.090950727462768555e+00
3.802558183670043945e-01 2.126237392425537109e+00
3.812644481658935547e-01 2.118808269500732422e+00
3.822730779647827148e-01 2.151024341583251953e+00
3.832817077636718750e-01 2.129784822463989258e+00
3.842903375625610352e-01 2.124262332916259766e+00
3.852989971637725830e-01 2.093827724456787109e+00
3.863076269626617432e-01 2.105699300765991211e+00
3.873162567615509033e-01 2.092231035232543945e+00
3.883248865604400635e-01 2.118128776550292969e+00
3.893335163593292236e-01 2.089980840682983398e+00
3.903421759605407715e-01 2.072861194610595703e+00
3.913508057594299316e-01 2.081929445266723633e+00
3.923594355583190918e-01 2.099466085433959961e+00
3.933680653572082520e-01 2.096554756164550781e+00
3.943766951560974121e-01 2.092935562133789062e+00
3.953853547573089600e-01 2.089646339416503906e+00
3.963939845561981201e-01 2.108111381530761719e+00
3.974026143550872803e-01 2.077396631240844727e+00
3.984112441539764404e-01 2.092391252517700195e+00
3.994199037551879883e-01 2.060625076293945312e+00
4.004285335540771484e-01 2.069338798522949219e+00
4.014371633529663086e-01 2.083112239837646484e+00
4.024457931518554688e-01 2.057231903076171875e+00
4.034544229507446289e-01 2.068766355514526367e+00
4.044630825519561768e-01 2.071213006973266602e+00
4.054717123508453369e-01 2.088685989379882812e+00
4.064803421497344971e-01 2.087290763854980469e+00
4.074889719486236572e-01 2.067493677139282227e+00
4.084976017475128174e-01 2.061096668243408203e+00
4.095062613487243652e-01 2.059227705001831055e+00
4.105148911476135254e-01 2.063969850540161133e+00
4.115235209465026855e-01 2.052167415618896484e+00
4.125321507453918457e-01 2.034796476364135742e+00
4.135407805442810059e-01 2.073962688446044922e+00
4.145494401454925537e-01 2.050139427185058594e+00
4.155580699443817139e-01 2.040283679962158203e+00
4.165666997432708740e-01 2.019067049026489258e+00
4.175753295421600342e-01 2.028873205184936523e+00
4.185839891433715820e-01 2.033949613571166992e+00
4.195926189422607422e-01 2.068905830383300781e+00
4.206012487411499023e-01 2.060566663742065430e+00
4.216098785400390625e-01 2.032320499420166016e+00
4.226185083389282227e-01 2.035734891891479492e+00
4.236271679401397705e-01 2.026432037353515625e+00
4.246357977390289307e-01 2.011790513992309570e+00
4.256444275379180908e-01 2.034035444259643555e+00
4.266530573368072510e-01 2.017759561538696289e+00
4.276616871356964111e-01 2.027187347412109375e+00
4.286703467369079590e-01 2.051234006881713867e+00
4.296789765357971191e-01 2.011301994323730469e+00
4.306876063346862793e-01 2.015572786331176758e+00
4.316962361335754395e-01 2.019248485565185547e+00
4.327048659324645996e-01 2.014247179031372070e+00
4.337135255336761475e-01 2.039418220520019531e+00
4.347221553325653076e-01 2.018451213836669922e+00
4.357307851314544678e-01 2.026145458221435547e+00
4.367394149303436279e-01 2.004511356353759766e+00
4.377480745315551758e-01 1.990240693092346191e+00
4.387567043304443359e-01 1.996700644493103027e+00
4.397653341293334961e-01 1.995833992958068848e+00
4.407739639282226562e-01 2.004141569137573242e+00
4.417825937271118164e-01 1.997011780738830566e+00
4.427912533283233643e-01 2.036856651306152344e+00
4.437998831272125244e-01 2.012495279312133789e+00
4.448085129261016846e-01 2.010905981063842773e+00
4.458171427249908447e-01 1.983641862869262695e+00
4.468257725238800049e-01 1.984932661056518555e+00
4.478344321250915527e-01 1.994912624359130859e+00
4.488430619239807129e-01 1.990648031234741211e+00
4.498516917228698730e-01 2.013179540634155273e+00
4.508603215217590332e-01 2.023915529251098633e+00
4.518689513206481934e-01 2.005339145660400391e+00
4.528776109218597412e-01 1.999688982963562012e+00
4.538862407207489014e-01 2.001711130142211914e+00
4.548948705196380615e-01 1.971179723739624023e+00
4.559035003185272217e-01 1.971374511718750000e+00
4.569121599197387695e-01 1.968173980712890625e+00
4.579207897186279297e-01 1.984973669052124023e+00
4.589294195175170898e-01 1.970944523811340332e+00
4.599380493164062500e-01 1.973060727119445801e+00
4.609466791152954102e-01 1.981956362724304199e+00
4.619553387165069580e-01 1.971214294433593750e+00
4.629639685153961182e-01 1.967549204826354980e+00
4.639725983142852783e-01 1.961567521095275879e+00
4.649812281131744385e-01 1.990725159645080566e+00
4.659898579120635986e-01 1.956953644752502441e+00
4.669985175132751465e-01 1.945892810821533203e+00
4.680071473121643066e-01 1.959052443504333496e+00
4.690157771110534668e-01 1.967753648757934570e+00
4.700244069099426270e-01 1.978439211845397949e+00
4.710330665111541748e-01 1.979327917098999023e+00
4.720416963100433350e-01 1.937802910804748535e+00
4.730503261089324951e-01 1.937106370925903320e+00
4.740589559078216553e-01 1.947108864784240723e+00
4.750675857067108154e-01 1.933642268180847168e+00
4.760762453079223633e-01 1.951168775558471680e+00
4.770848751068115234e-01 1.932000041007995605e+00
4.780935049057006836e-01 1.928211808204650879e+00
4.791021347045898438e-01 1.943976879119873047e+00
4.801107645034790039e-01 1.931104540824890137e+00
4.811194241046905518e-01 1.945882081985473633e+00
4.821280539035797119e-01 1.935702085494995117e+00
4.831366837024688721e-01 1.904211163520812988e+00
4.841453135013580322e-01 1.934781908988952637e+00
4.851539433002471924e-01 1.920773744583129883e+00
4.861626029014587402e-01 1.928224682807922363e+00
4.871712327003479004e-01 1.924319624900817871e+00
4.881798624992370605e-01 1.914697527885437012e+00
4.891884922981262207e-01 1.901547670364379883e+00
4.901971518993377686e-01 1.911682128906250000e+00
4.912057816982269287e-01 1.922127723693847656e+00
4.922144114971160889e-01 1.912580728530883789e+00
4.932230412960052490e-01 1.916649937629699707e+00
4.942316710948944092e-01 1.898954153060913086e+00
4.952403306961059570e-01 1.906206011772155762e+00
4.962489604949951172e-01 1.889829874038696289e+00
4.972575902938842773e-01 1.911116480827331543e+00
4.982662200927734375e-01 1.869304895401000977e+00
4.992748498916625977e-01 1.898245096206665039e+00
5.002834796905517578e-01 1.882018685340881348e+00
5.012921094894409180e-01 1.882793188095092773e+00
5.023007988929748535e-01 1.901862621307373047e+00
5.033094286918640137e-01 1.884301900863647461e+00
5.043180584907531738e-01 1.958484172821044922e+00
5.053266882896423340e-01 1.921664357185363770e+00
5.063353180885314941e-01 1.885485410690307617e+00
5.073439478874206543e-01 1.890330195426940918e+00
5.083525776863098145e-01 1.902651309967041016e+00
5.093612074851989746e-01 1.902363657951354980e+00
5.103698372840881348e-01 1.906041026115417480e+00
5.113784670829772949e-01 1.895877599716186523e+00
5.123871564865112305e-01 1.893522739410400391e+00
5.133957862854003906e-01 1.904651403427124023e+00
5.144044160842895508e-01 1.910964250564575195e+00
5.154130458831787109e-01 1.902405619621276855e+00
5.164216756820678711e-01 1.884217143058776855e+00
5.174303054809570312e-01 1.906174898147583008e+00
5.184389352798461914e-01 1.898687839508056641e+00
5.194475650787353516e-01 1.917096138000488281e+00
5.204561948776245117e-01 1.914724946022033691e+00
5.214648842811584473e-01 1.909268140792846680e+00
5.224735140800476074e-01 1.889963984489440918e+00
5.234821438789367676e-01 1.889964342117309570e+00
5.244907736778259277e-01 1.909062385559082031e+00
5.254994034767150879e-01 1.907176494598388672e+00
5.265080332756042480e-01 1.903941392898559570e+00
5.275166630744934082e-01 1.897739291191101074e+00
5.285252928733825684e-01 1.894089818000793457e+00
5.295339226722717285e-01 1.887049198150634766e+00
5.305425524711608887e-01 1.894970059394836426e+00
5.315512418746948242e-01 1.887267351150512695e+00
5.325598716735839844e-01 1.868601322174072266e+00
5.335685014724731445e-01 1.875578761100769043e+00
5.345771312713623047e-01 1.857778310775756836e+00
5.355857610702514648e-01 1.870167255401611328e+00
5.365943908691406250e-01 1.867846965789794922e+00
5.376030206680297852e-01 1.858918309211730957e+00
5.386116504669189453e-01 1.838116168975830078e+00
5.396202802658081055e-01 1.849243998527526855e+00
5.406289696693420410e-01 1.846517801284790039e+00
5.416375994682312012e-01 1.852439403533935547e+00
5.426462292671203613e-01 1.855860590934753418e+00
5.436548590660095215e-01 1.865230321884155273e+00
5.446634888648986816e-01 1.811151027679443359e+00
5.456721186637878418e-01 1.833680868148803711e+00
5.466807484626770020e-01 1.848826885223388672e+00
5.476893782615661621e-01 1.861887097358703613e+00
5.486980080604553223e-01 1.844173073768615723e+00
5.497066378593444824e-01 1.844633102416992188e+00
5.507153272628784180e-01 1.830614686012268066e+00
5.517239570617675781e-01 1.819606900215148926e+00
5.527325868606567383e-01 1.803823947906494141e+00
5.537412166595458984e-01 1.841464281082153320e+00
5.547498464584350586e-01 1.808847069740295410e+00
5.557584762573242188e-01 1.819815993309020996e+00
5.567671060562133789e-01 1.797125577926635742e+00
5.577757358551025391e-01 1.784619688987731934e+00
5.587843656539916992e-01 1.775615096092224121e+00
5.597930550575256348e-01 1.795030832290649414e+00
5.608016848564147949e-01 1.778229236602783203e+00
5.618103146553039551e-01 1.779791116714477539e+00
5.628189444541931152e-01 1.812178015708923340e+00
5.638275742530822754e-01 1.801510572433471680e+00
5.648362040519714355e-01 1.778664708137512207e+00
5.658448338508605957e-01 1.775856137275695801e+00
5.668534636497497559e-01 1.771069169044494629e+00
5.678620934486389160e-01 1.755182862281799316e+00
5.688707232475280762e-01 1.779396414756774902e+00
5.698794126510620117e-01 1.752854585647583008e+00
5.708880424499511719e-01 1.763193249702453613e+00
5.718966722488403320e-01 1.756226420402526855e+00
5.729053020477294922e-01 1.777343511581420898e+00
5.739139318466186523e-01 1.769764304161071777e+00
5.749225616455078125e-01 1.769490003585815430e+00
5.759311914443969727e-01 1.755823612213134766e+00
5.769398212432861328e-01 1.769077897071838379e+00
5.779484510421752930e-01 1.744388937950134277e+00
5.789571404457092285e-01 1.719818592071533203e+00
5.799657702445983887e-01 1.734359860420227051e+00
5.809744000434875488e-01 1.732915759086608887e+00
5.819830298423767090e-01 1.746237277984619141e+00
5.829916596412658691e-01 1.745659828186035156e+00
5.840002894401550293e-01 1.729456543922424316e+00
5.850089192390441895e-01 1.760138988494873047e+00
5.860175490379333496e-01 1.732071280479431152e+00
5.870261788368225098e-01 1.717554807662963867e+00
5.880348086357116699e-01 1.737167358398437500e+00
5.890434980392456055e-01 1.704834461212158203e+00
5.900521278381347656e-01 1.736063480377197266e+00
5.910607576370239258e-01 1.729073524475097656e+00
5.920693874359130859e-01 1.741371750831604004e+00
5.930780172348022461e-01 1.729882001876831055e+00
5.940866470336914062e-01 1.753166198730468750e+00
5.950952768325805664e-01 1.727289438247680664e+00
5.961039066314697266e-01 1.729217171669006348e+00
5.971125364303588867e-01 1.734704256057739258e+00
5.981212258338928223e-01 1.715620279312133789e+00
5.991298556327819824e-01 1.695501089096069336e+00
6.001384854316711426e-01 1.720022082328796387e+00
6.011471152305603027e-01 1.726478099822998047e+00
6.021557450294494629e-01 1.729104876518249512e+00
6.031643748283386230e-01 1.704407930374145508e+00
6.041730046272277832e-01 1.701187014579772949e+00
6.051816344261169434e-01 1.704768538475036621e+00
6.061902642250061035e-01 1.717495799064636230e+00
6.071988940238952637e-01 1.692911505699157715e+00
6.082075834274291992e-01 1.702403903007507324e+00
6.092162132263183594e-01 1.699905395507812500e+00
6.102248430252075195e-01 1.710649967193603516e+00
6.112334728240966797e-01 1.701592445373535156e+00
6.122421026229858398e-01 1.704824447631835938e+00
6.132507324218750000e-01 1.676949262619018555e+00
6.142593622207641602e-01 1.689061164855957031e+00
6.152679920196533203e-01 1.704008221626281738e+00
6.162766218185424805e-01 1.698337674140930176e+00
6.172853112220764160e-01 1.701253652572631836e+00
6.182939410209655762e-01 1.691738128662109375e+00
6.193025708198547363e-01 1.692881584167480469e+00
6.203112006187438965e-01 1.688447833061218262e+00
6.213198304176330566e-01 1.701639771461486816e+00
6.223284602165222168e-01 1.675896048545837402e+00
6.233370900154113770e-01 1.677364826202392578e+00
6.243457198143005371e-01 1.675541281700134277e+00
6.253543496131896973e-01 1.677701592445373535e+00
6.263629794120788574e-01 1.699736833572387695e+00
6.273716688156127930e-01 1.658115744590759277e+00
6.283802986145019531e-01 1.688978910446166992e+00
6.293889284133911133e-01 1.679270267486572266e+00
6.303975582122802734e-01 1.666242361068725586e+00
6.314061880111694336e-01 1.696200132369995117e+00
6.324148178100585938e-01 1.678078055381774902e+00
6.334234476089477539e-01 1.697860002517700195e+00
6.344320774078369141e-01 1.693773031234741211e+00
6.354407072067260742e-01 1.677251935005187988e+00
6.364493966102600098e-01 1.670094847679138184e+00
6.374580264091491699e-01 1.672580480575561523e+00
6.384666562080383301e-01 1.664279460906982422e+00
6.394752860069274902e-01 1.663312077522277832e+00
6.404839158058166504e-01 1.654505491256713867e+00
6.414925456047058105e-01 1.649870991706848145e+00
6.425011754035949707e-01 1.653437495231628418e+00
6.435098052024841309e-01 1.642761349678039551e+00
6.445184350013732910e-01 1.654761195182800293e+00
6.455271244049072266e-01 1.687627792358398438e+00
6.465357542037963867e-01 1.665321946144104004e+00
6.475443840026855469e-01 1.659807205200195312e+00
6.485530138015747070e-01 1.657199144363403320e+00
6.495616436004638672e-01 1.648728132247924805e+00
6.505702733993530273e-01 1.647909045219421387e+00
6.515789031982421875e-01 1.647621393203735352e+00
6.525875329971313477e-01 1.647983670234680176e+00
6.535961627960205078e-01 1.632042407989501953e+00
6.546047925949096680e-01 1.645785808563232422e+00
6.556134819984436035e-01 1.675904512405395508e+00
6.566221117973327637e-01 1.644433021545410156e+00
6.576307415962219238e-01 1.625896692276000977e+00
6.586393713951110840e-01 1.636143803596496582e+00
6.596480011940002441e-01 1.635289430618286133e+00
6.606566309928894043e-01 1.641191363334655762e+00
6.616652607917785645e-01 1.676476001739501953e+00
6.626738905906677246e-01 1.664595842361450195e+00
6.636825203895568848e-01 1.635427474975585938e+00
6.646912097930908203e-01 1.649503827095031738e+00
6.656998395919799805e-01 1.643293976783752441e+00
6.667084693908691406e-01 1.629880785942077637e+00
6.677170991897583008e-01 1.651925206184387207e+00
6.687257289886474609e-01 1.628367781639099121e+00
6.697343587875366211e-01 1.621341228485107422e+00
6.707429885864257812e-01 1.644664406776428223e+00
6.717516183853149414e-01 1.657768607139587402e+00
6.727602481842041016e-01 1.650032162666320801e+00
6.737688779830932617e-01 1.628921866416931152e+00
6.747775673866271973e-01 1.652610659599304199e+00
6.757861971855163574e-01 1.617509722709655762e+00
6.767948269844055176e-01 1.630928993225097656e+00
6.778034567832946777e-01 1.628428101539611816e+00
6.788120865821838379e-01 1.611153841018676758e+00
6.798207163810729980e-01 1.638430356979370117e+00
6.808293461799621582e-01 1.630873560905456543e+00
6.818379759788513184e-01 1.622710108757019043e+00
6.828466057777404785e-01 1.620563626289367676e+00
6.838552951812744141e-01 1.650799036026000977e+00
6.848639249801635742e-01 1.636214494705200195e+00
6.858725547790527344e-01 1.657648801803588867e+00
6.868811845779418945e-01 1.640726208686828613e+00
6.878898143768310547e-01 1.599681377410888672e+00
6.888984441757202148e-01 1.608589410781860352e+00
6.899070739746093750e-01 1.621583580970764160e+00
6.909157037734985352e-01 1.631953120231628418e+00
6.919243335723876953e-01 1.607516765594482422e+00
6.929329633712768555e-01 1.616956591606140137e+00
6.939416527748107910e-01 1.608679771423339844e+00
6.949502825736999512e-01 1.604435205459594727e+00
6.959589123725891113e-01 1.636046290397644043e+00
6.969675421714782715e-01 1.651990413665771484e+00
6.979761719703674316e-01 1.635761141777038574e+00
6.989848017692565918e-01 1.640522599220275879e+00
6.999934315681457520e-01 1.651917815208435059e+00
7.010020613670349121e-01 1.640302538871765137e+00
7.020106911659240723e-01 1.628722429275512695e+00
7.030193805694580078e-01 1.616629004478454590e+00
7.040280103683471680e-01 1.652876019477844238e+00
7.050366401672363281e-01 1.636738419532775879e+00
7.060452699661254883e-01 1.621814131736755371e+00
7.070538997650146484e-01 1.622842431068420410e+00
7.080625295639038086e-01 1.619100332260131836e+00
7.090711593627929688e-01 1.621712684631347656e+00
7.100797891616821289e-01 1.621212601661682129e+00
7.110884189605712891e-01 1.633830428123474121e+00
7.120970487594604492e-01 1.641348838806152344e+00
7.131057381629943848e-01 1.639053702354431152e+00
7.141143679618835449e-01 1.610746502876281738e+00
7.151229977607727051e-01 1.611515641212463379e+00
7.161316275596618652e-01 1.623043179512023926e+00
7.171402573585510254e-01 1.618128180503845215e+00
7.181488871574401855e-01 1.611363530158996582e+00
7.191575169563293457e-01 1.618499994277954102e+00
7.201661467552185059e-01 1.601724982261657715e+00
7.211747765541076660e-01 1.607146143913269043e+00
7.221834659576416016e-01 1.607101798057556152e+00
7.231920957565307617e-01 1.659549832344055176e+00
7.242007255554199219e-01 1.617375969886779785e+00
7.252093553543090820e-01 1.638037919998168945e+00
7.262179851531982422e-01 1.626480698585510254e+00
7.272266149520874023e-01 1.603455185890197754e+00
7.282352447509765625e-01 1.633138179779052734e+00
7.292438745498657227e-01 1.622726678848266602e+00
7.302525043487548828e-01 1.603559136390686035e+00
7.312611341476440430e-01 1.605880737304687500e+00
7.322698235511779785e-01 1.636900544166564941e+00
7.332784533500671387e-01 1.637550711631774902e+00
7.342870831489562988e-01 1.646263837814331055e+00
7.352957129478454590e-01 1.608541488647460938e+00
7.363043427467346191e-01 1.627170801162719727e+00
7.373129725456237793e-01 1.625854253768920898e+00
7.383216023445129395e-01 1.625058293342590332e+00
7.393302321434020996e-01 1.648020267486572266e+00
7.403388619422912598e-01 1.641525030136108398e+00
7.413475513458251953e-01 1.622894406318664551e+00
7.423561811447143555e-01 1.614696979522705078e+00
7.433648109436035156e-01 1.624706149101257324e+00
7.443734407424926758e-01 1.617631673812866211e+00
7.453820705413818359e-01 1.656602621078491211e+00
7.463907003402709961e-01 1.632531523704528809e+00
7.473993301391601562e-01 1.639424324035644531e+00
7.484079599380493164e-01 1.610267758369445801e+00
7.494165897369384766e-01 1.639935135841369629e+00
7.504252195358276367e-01 1.630889058113098145e+00
7.514339089393615723e-01 1.619978189468383789e+00
7.524425387382507324e-01 1.680743217468261719e+00
7.534511685371398926e-01 1.683361530303955078e+00
7.544597983360290527e-01 1.637753963470458984e+00
7.554684281349182129e-01 1.643390417098999023e+00
7.564770579338073730e-01 1.611990213394165039e+00
7.574856877326965332e-01 1.643993616104125977e+00
7.584943175315856934e-01 1.634538769721984863e+00
7.595029473304748535e-01 1.654605865478515625e+00
7.605116367340087891e-01 1.664570450782775879e+00
7.615202665328979492e-01 1.654455900192260742e+00
7.625288963317871094e-01 1.636060714721679688e+00
7.635375261306762695e-01 1.628385424613952637e+00
7.645461559295654297e-01 1.633300662040710449e+00
7.655547857284545898e-01 1.635047316551208496e+00
7.665634155273437500e-01 1.653042078018188477e+00
7.675720453262329102e-01 1.672131776809692383e+00
7.685806751251220703e-01 1.664606928825378418e+00
7.695893049240112305e-01 1.686643242835998535e+00
7.705979943275451660e-01 1.677904605865478516e+00
7.716066241264343262e-01 1.667001008987426758e+00
7.726152539253234863e-01 1.662048578262329102e+00
7.736238837242126465e-01 1.657650113105773926e+00
7.746325135231018066e-01 1.667353034019470215e+00
7.756411433219909668e-01 1.647324562072753906e+00
7.766497731208801270e-01 1.675941944122314453e+00
7.776584029197692871e-01 1.658440470695495605e+00
7.786670327186584473e-01 1.667255401611328125e+00
7.796757221221923828e-01 1.646850705146789551e+00
7.806843519210815430e-01 1.670940279960632324e+00
7.816929817199707031e-01 1.684975504875183105e+00
7.827016115188598633e-01 1.686468005180358887e+00
7.837102413177490234e-01 1.702318906784057617e+00
7.847188711166381836e-01 1.666348934173583984e+00
7.857275009155273438e-01 1.670405268669128418e+00
7.867361307144165039e-01 1.661463737487792969e+00
7.877447605133056641e-01 1.645570874214172363e+00
7.887533903121948242e-01 1.663220405578613281e+00
7.897620797157287598e-01 1.663490533828735352e+00
7.907707095146179199e-01 1.668539762496948242e+00
7.917793393135070801e-01 1.676226973533630371e+00
7.927879691123962402e-01 1.670379281044006348e+00
7.937965989112854004e-01 1.709961175918579102e+00
7.948052287101745605e-01 1.675583839416503906e+00
7.958138585090637207e-01 1.692557573318481445e+00
7.968224883079528809e-01 1.655022978782653809e+00
7.978311181068420410e-01 1.673676729202270508e+00
7.988398075103759766e-01 1.685612320899963379e+00
7.998484373092651367e-01 1.683485150337219238e+00
8.008570671081542969e-01 1.668441891670227051e+00
8.018656969070434570e-01 1.674781441688537598e+00
8.028743267059326172e-01 1.689582347869873047e+00
8.038829565048217773e-01 1.699108123779296875e+00
8.048915863037109375e-01 1.698773860931396484e+00
8.059002161026000977e-01 1.705258846282958984e+00
8.069088459014892578e-01 1.706527709960937500e+00
8.079174757003784180e-01 1.688512563705444336e+00
8.089261651039123535e-01 1.712593078613281250e+00
8.099347949028015137e-01 1.708181738853454590e+00
8.109434247016906738e-01 1.730437278747558594e+00
8.119520545005798340e-01 1.724208831787109375e+00
8.129606842994689941e-01 1.717903971672058105e+00
8.139693140983581543e-01 1.714594841003417969e+00
8.149779438972473145e-01 1.732696175575256348e+00
8.159865736961364746e-01 1.670762181282043457e+00
8.169952034950256348e-01 1.711273908615112305e+00
8.180038928985595703e-01 1.744825720787048340e+00
8.190125226974487305e-01 1.723038315773010254e+00
8.200211524963378906e-01 1.699938654899597168e+00
8.210297822952270508e-01 1.716828346252441406e+00
8.220384120941162109e-01 1.687872409820556641e+00
8.230470418930053711e-01 1.698336720466613770e+00
8.240556716918945312e-01 1.733011722564697266e+00
8.250643014907836914e-01 1.738480091094970703e+00
8.260729312896728516e-01 1.749708175659179688e+00
8.270815610885620117e-01 1.731987953186035156e+00
8.280902504920959473e-01 1.735558867454528809e+00
8.290988802909851074e-01 1.730540156364440918e+00
8.301075100898742676e-01 1.736105203628540039e+00
8.311161398887634277e-01 1.750544786453247070e+00
8.321247696876525879e-01 1.720203399658203125e+00
8.331333994865417480e-01 1.742867827415466309e+00
8.341420292854309082e-01 1.742253899574279785e+00
8.351506590843200684e-01 1.744023203849792480e+00
8.361592888832092285e-01 1.758150219917297363e+00
8.371679782867431641e-01 1.755174160003662109e+00
8.381766080856323242e-01 1.737792730331420898e+00
8.391852378845214844e-01 1.764673113822937012e+00
8.401938676834106445e-01 1.769736289978027344e+00
8.412024974822998047e-01 1.763637661933898926e+00
8.422111272811889648e-01 1.768002033233642578e+00
8.432197570800781250e-01 1.779287099838256836e+00
8.442283868789672852e-01 1.788345098495483398e+00
8.452370166778564453e-01 1.753361463546752930e+00
8.462456464767456055e-01 1.783871769905090332e+00
8.472543358802795410e-01 1.738809466361999512e+00
8.482629656791687012e-01 1.738024592399597168e+00
8.492715954780578613e-01 1.722721457481384277e+00
8.502802252769470215e-01 1.742612719535827637e+00
8.512888550758361816e-01 1.716844201087951660e+00
8.522974848747253418e-01 1.691316008567810059e+00
8.533061146736145020e-01 1.704881310462951660e+00
8.543147444725036621e-01 1.702692389488220215e+00
8.553233742713928223e-01 1.667314291000366211e+00
8.563320636749267578e-01 1.686855792999267578e+00
8.573406934738159180e-01 1.717906832695007324e+00
8.583493232727050781e-01 1.726749420166015625e+00
8.593579530715942383e-01 1.674751758575439453e+00
8.603665828704833984e-01 1.678603529930114746e+00
8.613752126693725586e-01 1.685427784919738770e+00
8.623838424682617188e-01 1.700758576393127441e+00
8.633924722671508789e-01 1.709156274795532227e+00
8.644011020660400391e-01 1.661745548248291016e+00
8.654097318649291992e-01 1.659488558769226074e+00
8.664184212684631348e-01 1.695184946060180664e+00
8.674270510673522949e-01 1.704905390739440918e+00
8.684356808662414551e-01 1.670641660690307617e+00
8.694443106651306152e-01 1.691244959831237793e+00
8.704529404640197754e-01 1.696528077125549316e+00
8.714615702629089355e-01 1.675524830818176270e+00
8.724702000617980957e-01 1.685973882675170898e+00
8.734788298606872559e-01 1.714108347892761230e+00
8.744874596595764160e-01 1.724248409271240234e+00
8.754961490631103516e-01 1.736179709434509277e+00
8.765047788619995117e-01 1.709340333938598633e+00
8.775134086608886719e-01 1.716140985488891602e+00
8.785220384597778320e-01 1.714237093925476074e+00
8.795306682586669922e-01 1.704605937004089355e+00
8.805392980575561523e-01 1.728147029876708984e+00
8.815479278564453125e-01 1.729393005371093750e+00
8.825565576553344727e-01 1.704317688941955566e+00
8.835651874542236328e-01 1.701927781105041504e+00
8.845738172531127930e-01 1.763232350349426270e+00
8.855825066566467285e-01 1.730719447135925293e+00
8.865911364555358887e-01 1.725567102432250977e+00
8.875997662544250488e-01 1.750276923179626465e+00
8.886083960533142090e-01 1.754725456237792969e+00
8.896170258522033691e-01 1.730612158775329590e+00
8.906256556510925293e-01 1.733283758163452148e+00
8.916342854499816895e-01 1.713615894317626953e+00
8.926429152488708496e-01 1.707378864288330078e+00
8.936515450477600098e-01 1.722642898559570312e+00
8.946602344512939453e-01 1.712074279785156250e+00
8.956688642501831055e-01 1.744961142539978027e+00
8.966774940490722656e-01 1.743916630744934082e+00
8.976861238479614258e-01 1.763119578361511230e+00
8.986947536468505859e-01 1.732108473777770996e+00
8.997033834457397461e-01 1.750111937522888184e+00
9.007120132446289062e-01 1.767843484878540039e+00
9.017206430435180664e-01 1.774110794067382812e+00
9.027292728424072266e-01 1.730990886688232422e+00
9.037379026412963867e-01 1.776465296745300293e+00
9.047465920448303223e-01 1.735341668128967285e+00
9.057552218437194824e-01 1.738891363143920898e+00
9.067638516426086426e-01 1.796912550926208496e+00
9.077724814414978027e-01 1.812513709068298340e+00
9.087811112403869629e-01 1.769354701042175293e+00
9.097897410392761230e-01 1.764648556709289551e+00
9.107983708381652832e-01 1.761286973953247070e+00
9.118070006370544434e-01 1.814970970153808594e+00
9.128156304359436035e-01 1.757436633110046387e+00
9.138243198394775391e-01 1.751857995986938477e+00
9.148329496383666992e-01 1.784737348556518555e+00
9.158415794372558594e-01 1.813934445381164551e+00
9.168502092361450195e-01 1.791730999946594238e+00
9.178588390350341797e-01 1.795124173164367676e+00
9.188674688339233398e-01 1.752407908439636230e+00
9.198760986328125000e-01 1.763815045356750488e+00
9.208847284317016602e-01 1.756991028785705566e+00
9.218933582305908203e-01 1.775682091712951660e+00
9.229020476341247559e-01 1.784990668296813965e+00
9.239106774330139160e-01 1.791388034820556641e+00
9.249193072319030762e-01 1.787269115447998047e+00
9.259279370307922363e-01 1.783970952033996582e+00
9.269365668296813965e-01 1.769118428230285645e+00
9.279451966285705566e-01 1.792269110679626465e+00
9.289538264274597168e-01 1.788424611091613770e+00
9.299624562263488770e-01 1.781708598136901855e+00
9.309710860252380371e-01 1.782017350196838379e+00
9.319797158241271973e-01 1.817077040672302246e+00
9.329884052276611328e-01 1.837049245834350586e+00
9.339970350265502930e-01 1.831708908081054688e+00
9.350056648254394531e-01 1.825780630111694336e+00
9.360142946243286133e-01 1.808347821235656738e+00
9.370229244232177734e-01 1.785804867744445801e+00
9.380315542221069336e-01 1.828788757324218750e+00
9.390401840209960938e-01 1.810318470001220703e+00
9.400488138198852539e-01 1.832032084465026855e+00
9.410574436187744141e-01 1.808635830879211426e+00
9.420661330223083496e-01 1.785497188568115234e+00
9.430747628211975098e-01 1.851379513740539551e+00
9.440833926200866699e-01 1.821056127548217773e+00
9.450920224189758301e-01 1.808252930641174316e+00
9.461006522178649902e-01 1.831209778785705566e+00
9.471092820167541504e-01 1.824938654899597168e+00
9.481179118156433105e-01 1.847655534744262695e+00
9.491265416145324707e-01 1.791157960891723633e+00
9.501351714134216309e-01 1.808483123779296875e+00
9.511438012123107910e-01 1.864194989204406738e+00
9.521524906158447266e-01 1.836026787757873535e+00
9.531611204147338867e-01 1.786441445350646973e+00
9.541697502136230469e-01 1.837030172348022461e+00
9.551783800125122070e-01 1.860000014305114746e+00
9.561870098114013672e-01 1.853393435478210449e+00
9.571956396102905273e-01 1.848469138145446777e+00
9.582042694091796875e-01 1.827942967414855957e+00
9.592128992080688477e-01 1.786413073539733887e+00
9.602215290069580078e-01 1.840454220771789551e+00
9.612302184104919434e-01 1.830738306045532227e+00
9.622388482093811035e-01 1.814926385879516602e+00
9.632474780082702637e-01 1.825510621070861816e+00
9.642561078071594238e-01 1.859334349632263184e+00
9.652647376060485840e-01 1.767479896545410156e+00
9.662733674049377441e-01 1.805295944213867188e+00
9.672819972038269043e-01 1.880104780197143555e+00
9.682906270027160645e-01 1.878466367721557617e+00
9.692992568016052246e-01 1.816365003585815430e+00
9.703078866004943848e-01 1.834120750427246094e+00
9.713165760040283203e-01 1.837875247001647949e+00
9.723252058029174805e-01 1.830604314804077148e+00
9.733338356018066406e-01 1.805774807929992676e+00
9.743424654006958008e-01 1.856135606765747070e+00
9.753510951995849609e-01 1.875231504440307617e+00
9.763597249984741211e-01 1.883073687553405762e+00
9.773683547973632812e-01 1.786330461502075195e+00
9.783769845962524414e-01 1.784751653671264648e+00
9.793856143951416016e-01 1.809444308280944824e+00
9.803943037986755371e-01 1.830192208290100098e+00
9.814029335975646973e-01 1.790696620941162109e+00
9.824115633964538574e-01 1.808764815330505371e+00
9.834201931953430176e-01 1.832944989204406738e+00
9.844288229942321777e-01 1.790130615234375000e+00
9.854374527931213379e-01 1.833891391754150391e+00
9.864460825920104980e-01 1.865610837936401367e+00
9.874547123908996582e-01 1.782984018325805664e+00
9.884633421897888184e-01 1.810335040092468262e+00
9.894719719886779785e-01 1.860217571258544922e+00
9.904806613922119141e-01 1.845304131507873535e+00
9.914892911911010742e-01 1.824610590934753418e+00
9.924979209899902344e-01 1.808273553848266602e+00
9.935065507888793945e-01 1.773897528648376465e+00
9.945151805877685547e-01 1.819469332695007324e+00
9.955238103866577148e-01 1.756587982177734375e+00
9.965324401855468750e-01 1.760282874107360840e+00
9.975410699844360352e-01 1.773252248764038086e+00
9.985496997833251953e-01 1.764881372451782227e+00
9.995583891868591309e-01 1.827803611755371094e+00
1.000566959381103516e+00 1.793628692626953125e+00
1.001575589179992676e+00 1.826397538185119629e+00
1.002584218978881836e+00 1.758276343345642090e+00
1.003592848777770996e+00 1.791815876960754395e+00
1.004601597785949707e+00 1.772059082984924316e+00
1.005610227584838867e+00 1.771975517272949219e+00
1.006618857383728027e+00 1.743733406066894531e+00
1.007627487182617188e+00 1.717637300491333008e+00
1.008636116981506348e+00 1.769289970397949219e+00
1.009644746780395508e+00 1.751966595649719238e+00
1.010653376579284668e+00 1.756530761718750000e+00
1.011662006378173828e+00 1.779806971549987793e+00
1.012670636177062988e+00 1.784926891326904297e+00
1.013679265975952148e+00 1.715092182159423828e+00
1.014687895774841309e+00 1.746174693107604980e+00
1.015696525573730469e+00 1.739894747734069824e+00
1.016705155372619629e+00 1.789563655853271484e+00
1.017713785171508789e+00 1.777612924575805664e+00
1.018722414970397949e+00 1.801340579986572266e+00
1.019731044769287109e+00 1.741467475891113281e+00
1.020739674568176270e+00 1.720923066139221191e+00
1.021748304367065430e+00 1.734917521476745605e+00
1.022756934165954590e+00 1.745610117912292480e+00
1.023765683174133301e+00 1.780312776565551758e+00
1.024774312973022461e+00 1.745193362236022949e+00
1.025782942771911621e+00 1.764904141426086426e+00
1.026791572570800781e+00 1.764489412307739258e+00
1.027800202369689941e+00 1.808971405029296875e+00
1.028808832168579102e+00 1.834918737411499023e+00
1.029817461967468262e+00 1.884267687797546387e+00
1.030826091766357422e+00 1.753886103630065918e+00
1.031834721565246582e+00 1.780295848846435547e+00
1.032843351364135742e+00 1.856837272644042969e+00
1.033851981163024902e+00 1.802118420600891113e+00
1.034860610961914062e+00 1.848941087722778320e+00
1.035869240760803223e+00 1.813472747802734375e+00
1.036877870559692383e+00 1.778592586517333984e+00
1.037886500358581543e+00 1.849966645240783691e+00
1.038895130157470703e+00 1.776516795158386230e+00
1.039903759956359863e+00 1.763677000999450684e+00
1.040912389755249023e+00 1.884816050529479980e+00
1.041921019554138184e+00 1.883073568344116211e+00
1.042929768562316895e+00 1.801205039024353027e+00
1.043938398361206055e+00 1.821008682250976562e+00
1.044947028160095215e+00 1.834500551223754883e+00
1.045955657958984375e+00 1.798369765281677246e+00
1.046964287757873535e+00 1.774298429489135742e+00
1.047972917556762695e+00 1.823472380638122559e+00
1.048981547355651855e+00 1.868221759796142578e+00
1.049990177154541016e+00 1.883418917655944824e+00
1.050998806953430176e+00 1.779852986335754395e+00
1.052007436752319336e+00 1.778703451156616211e+00
1.053016066551208496e+00 1.806106209754943848e+00
1.054024696350097656e+00 1.895761609077453613e+00
1.055033326148986816e+00 1.845483660697937012e+00
1.056041955947875977e+00 1.853445172309875488e+00
1.057050585746765137e+00 1.871017217636108398e+00
1.058059215545654297e+00 1.904756665229797363e+00
1.059067845344543457e+00 1.851325273513793945e+00
1.060076475143432617e+00 1.789776325225830078e+00
1.061085104942321777e+00 1.884072661399841309e+00
1.062093853950500488e+00 1.942275047302246094e+00
1.063102483749389648e+00 1.938886642456054688e+00
1.064111113548278809e+00 1.911132454872131348e+00
1.065119743347167969e+00 1.898112058639526367e+00
1.066128373146057129e+00 1.873837113380432129e+00
1.067137002944946289e+00 1.815208673477172852e+00
1.068145632743835449e+00 1.915696620941162109e+00
1.069154262542724609e+00 1.882795453071594238e+00
1.070162892341613770e+00 1.917999386787414551e+00
1.071171522140502930e+00 1.930443048477172852e+00
1.072180151939392090e+00 1.942837476730346680e+00
1.073188781738281250e+00 1.960841536521911621e+00
1.074197411537170410e+00 1.992865204811096191e+00
1.075206041336059570e+00 1.911092638969421387e+00
1.076214671134948730e+00 1.972384452819824219e+00
1.077223300933837891e+00 1.905809760093688965e+00
1.078231930732727051e+00 1.889715433120727539e+00
1.079240560531616211e+00 1.948908925056457520e+00
1.080249190330505371e+00 1.939653158187866211e+00
1.081257939338684082e+00 1.955902695655822754e+00
1.082266569137573242e+00 1.872054934501647949e+00
1.083275198936462402e+00 1.873288869857788086e+00
1.084283828735351562e+00 1.983460426330566406e+00
1.085292458534240723e+00 1.950226187705993652e+00
1.086301088333129883e+00 1.985488891601562500e+00
1.087309718132019043e+00 1.937586665153503418e+00
1.088318347930908203e+00 1.928414344787597656e+00
1.089326977729797363e+00 1.913958072662353516e+00
1.090335607528686523e+00 1.932739019393920898e+00
1.091344237327575684e+00 1.971276402473449707e+00
1.092352867126464844e+00 1.973371863365173340e+00
1.093361496925354004e+00 1.979561090469360352e+00
1.094370126724243164e+00 2.006691217422485352e+00
1.095378756523132324e+00 1.970524668693542480e+00
1.096387386322021484e+00 1.963669657707214355e+00
1.097396016120910645e+00 1.919462680816650391e+00
1.098404645919799805e+00 2.053120851516723633e+00
1.099413275718688965e+00 2.055856704711914062e+00
1.100422024726867676e+00 1.977337718009948730e+00
1.101430654525756836e+00 1.917761206626892090e+00
1.102439284324645996e+00 1.996733546257019043e+00
1.103447914123535156e+00 2.056797266006469727e+00
1.104456543922424316e+00 1.932248115539550781e+00
1.105465173721313477e+00 1.944632172584533691e+00
1.106473803520202637e+00 2.106039762496948242e+00
1.107482433319091797e+00 2.061029911041259766e+00
1.108491063117980957e+00 2.012807607650756836e+00
1.109499692916870117e+00 2.101815462112426758e+00
1.110508322715759277e+00 1.953311443328857422e+00
1.111516952514648438e+00 1.974371790885925293e+00
1.112525582313537598e+00 2.001831293106079102e+00
1.113534212112426758e+00 2.181060552597045898e+00
1.114542841911315918e+00 2.172533035278320312e+00
1.115551471710205078e+00 2.021703481674194336e+00
1.116560101509094238e+00 1.995033502578735352e+00
1.117568731307983398e+00 2.027179241180419922e+00
1.118577361106872559e+00 2.066656589508056641e+00
1.119586110115051270e+00 1.987423300743103027e+00
1.120594739913940430e+00 2.082134485244750977e+00
1.121603369712829590e+00 2.124239921569824219e+00
1.122611999511718750e+00 2.044671297073364258e+00
1.123620629310607910e+00 2.062240839004516602e+00
1.124629259109497070e+00 2.077396392822265625e+00
1.125637888908386230e+00 2.081110000610351562e+00
1.126646518707275391e+00 2.163993835449218750e+00
1.127655148506164551e+00 2.158270597457885742e+00
1.128663778305053711e+00 2.122645854949951172e+00
1.129672408103942871e+00 2.103428840637207031e+00
1.130681037902832031e+00 2.156947851181030273e+00
1.131689667701721191e+00 2.111412286758422852e+00
1.132698297500610352e+00 2.125522613525390625e+00
1.133706927299499512e+00 2.107718706130981445e+00
1.134715557098388672e+00 2.107014179229736328e+00
1.135724186897277832e+00 2.173804283142089844e+00
1.136732816696166992e+00 2.141859054565429688e+00
1.137741446495056152e+00 2.175196170806884766e+00
1.138750195503234863e+00 2.118788719177246094e+00
1.139758825302124023e+00 2.134975433349609375e+00
1.140767455101013184e+00 2.188532352447509766e+00
1.141776084899902344e+00 2.276469469070434570e+00
1.142784714698791504e+00 2.113756179809570312e+00
1.143793344497680664e+00 2.062223911285400391e+00
1.144801974296569824e+00 2.194436311721801758e+00
1.145810604095458984e+00 2.177893877029418945e+00
1.146819233894348145e+00 2.278584957122802734e+00
1.147827863693237305e+00 2.037013292312622070e+00
1.148836493492126465e+00 2.199540853500366211e+00
1.149845123291015625e+00 2.105229854583740234e+00
1.150853753089904785e+00 2.186800003051757812e+00
1.151862382888793945e+00 2.064898252487182617e+00
1.152871012687683105e+00 2.297570705413818359e+00
1.153879642486572266e+00 2.195315837860107422e+00
1.154888272285461426e+00 2.117236375808715820e+00
1.155896902084350586e+00 2.140650033950805664e+00
1.156905531883239746e+00 2.171857833862304688e+00
1.157914280891418457e+00 2.073588132858276367e+00
1.158922910690307617e+00 2.323005676269531250e+00
1.159931540489196777e+00 2.274494647979736328e+00
1.160940170288085938e+00 2.211146354675292969e+00
1.161948800086975098e+00 2.247950553894042969e+00
1.162957429885864258e+00 2.326184034347534180e+00
1.163966059684753418e+00 2.251086235046386719e+00
1.164974689483642578e+00 2.431152343750000000e+00
1.165983319282531738e+00 2.279157161712646484e+00
1.166991949081420898e+00 2.251456022262573242e+00
1.168000578880310059e+00 2.228654623031616211e+00
1.169009208679199219e+00 2.307385206222534180e+00
1.170017838478088379e+00 2.196758985519409180e+00
1.171026468276977539e+00 2.183126688003540039e+00
1.172035098075866699e+00 2.242037773132324219e+00
1.173043727874755859e+00 2.102858066558837891e+00
1.174052357673645020e+00 2.130450725555419922e+00
1.175060987472534180e+00 2.220757484436035156e+00
1.176069617271423340e+00 2.230681419372558594e+00
1.177078366279602051e+00 2.383497714996337891e+00
1.178086996078491211e+00 2.144968986511230469e+00
1.179095625877380371e+00 2.267155408859252930e+00
1.180104255676269531e+00 2.208127498626708984e+00
1.181112885475158691e+00 2.258769035339355469e+00
1.182121515274047852e+00 2.380389451980590820e+00
1.183130145072937012e+00 2.567339181900024414e+00
1.184138774871826172e+00 2.229849576950073242e+00
1.185147404670715332e+00 2.410680532455444336e+00
1.186156034469604492e+00 2.326510906219482422e+00
1.187164664268493652e+00 2.415810108184814453e+00
1.188173294067382812e+00 2.511136054992675781e+00
1.189181923866271973e+00 2.270045995712280273e+00
1.190190553665161133e+00 2.254347801208496094e+00
1.191199183464050293e+00 2.254221677780151367e+00
1.192207813262939453e+00 2.235821485519409180e+00
1.193216443061828613e+00 2.144850492477416992e+00
1.194225072860717773e+00 2.417839288711547852e+00
1.195233702659606934e+00 2.420222997665405273e+00
1.196242451667785645e+00 2.259906053543090820e+00
1.197251081466674805e+00 2.480122089385986328e+00
1.198259711265563965e+00 2.541014194488525391e+00
1.199268341064453125e+00 2.451250791549682617e+00
1.200276970863342285e+00 2.301309108734130859e+00
1.201285600662231445e+00 2.653491735458374023e+00
1.202294230461120605e+00 2.729327440261840820e+00
1.203302860260009766e+00 2.421700954437255859e+00
1.204311490058898926e+00 2.201255798339843750e+00
1.205320119857788086e+00 2.185478687286376953e+00
1.206328749656677246e+00 2.225650787353515625e+00
1.207337379455566406e+00 2.155889749526977539e+00
1.208346009254455566e+00 1.679898738861083984e+00
1.209354639053344727e+00 2.450590610504150391e+00
