0.000000000000000000e+00 3.580868652343750000e+03
1.008636085316538811e-03 2.868174804687500000e+03
2.017272170633077621e-03 2.192430175781250000e+03
3.025908255949616432e-03 1.655530029296875000e+03
4.034544341266155243e-03 1.267474121093750000e+03
5.043180659413337708e-03 1.023549560546875000e+03
6.051816511899232864e-03 8.195941162109375000e+02
7.060452364385128021e-03 6.632353515625000000e+02
8.069088682532310486e-03 5.463455810546875000e+02
9.077725000679492950e-03 4.483662719726562500e+02
1.008636131882667542e-02 3.743417663574218750e+02
1.109499670565128326e-02 3.140576782226562500e+02
1.210363302379846573e-02 2.705662841796875000e+02
1.311226934194564819e-02 2.275735168457031250e+02
1.412090472877025604e-02 1.974412536621093750e+02
1.512954104691743851e-02 1.685772399902343750e+02
1.613817736506462097e-02 1.477238006591796875e+02
1.714681275188922882e-02 1.301265869140625000e+02
1.815545000135898590e-02 1.155079803466796875e+02
1.916408538818359375e-02 1.019843902587890625e+02
2.017272263765335083e-02 9.088957977294921875e+01
2.118135802447795868e-02 7.972262573242187500e+01
2.218999341130256653e-02 7.119237518310546875e+01
2.319863066077232361e-02 6.485720825195312500e+01
2.420726604759693146e-02 5.806529235839843750e+01
2.521590143442153931e-02 5.298219299316406250e+01
2.622453868389129639e-02 4.747595596313476562e+01
2.723317407071590424e-02 4.315124511718750000e+01
2.824180945754051208e-02 3.964144134521484375e+01
2.925044670701026917e-02 3.594815063476562500e+01
3.025908209383487701e-02 3.310142517089843750e+01
3.126771748065948486e-02 3.047515487670898438e+01
3.227635473012924194e-02 2.811006164550781250e+01
3.328499197959899902e-02 2.606348991394042969e+01
3.429362550377845764e-02 2.399874687194824219e+01
3.530226275324821472e-02 2.236901283264160156e+01
3.631090000271797180e-02 2.024975585937500000e+01
3.731953352689743042e-02 1.896203613281250000e+01
3.832817077636718750e-02 1.746711730957031250e+01
3.933680802583694458e-02 1.640257644653320312e+01
4.034544527530670166e-02 1.541938686370849609e+01
4.135407879948616028e-02 1.416714096069335938e+01
4.236271604895591736e-02 1.326867389678955078e+01
4.337135329842567444e-02 1.272096347808837891e+01
4.437998682260513306e-02 1.174437046051025391e+01
4.538862407207489014e-02 1.114236927032470703e+01
4.639726132154464722e-02 1.068069744110107422e+01
4.740589484572410583e-02 9.963230133056640625e+00
4.841453209519386292e-02 9.562483787536621094e+00
4.942316934466362000e-02 9.097239494323730469e+00
5.043180286884307861e-02 8.475386619567871094e+00
5.144044011831283569e-02 7.834185600280761719e+00
5.244907736778259277e-02 7.680315017700195312e+00
5.345771089196205139e-02 7.368777751922607422e+00
5.446634814143180847e-02 7.021589279174804688e+00
5.547498539090156555e-02 6.598022937774658203e+00
5.648361891508102417e-02 6.333366870880126953e+00
5.749225616455078125e-02 6.067836284637451172e+00
5.850089341402053833e-02 5.810662269592285156e+00
5.950953066349029541e-02 5.560861587524414062e+00
6.051816418766975403e-02 5.405869960784912109e+00
6.152680143713951111e-02 5.134914875030517578e+00
6.253543496131896973e-02 4.833382606506347656e+00
6.354407221078872681e-02 4.773875713348388672e+00
6.455270946025848389e-02 4.591367244720458984e+00
6.556134670972824097e-02 4.412803173065185547e+00
6.656998395919799805e-02 4.219217300415039062e+00
6.757862120866775513e-02 4.055489063262939453e+00
6.858725100755691528e-02 3.926004886627197266e+00
6.959588825702667236e-02 3.727045774459838867e+00
7.060452550649642944e-02 3.581556081771850586e+00
7.161316275596618652e-02 3.553780555725097656e+00
7.262180000543594360e-02 3.395257711410522461e+00
7.363043725490570068e-02 3.246042490005493164e+00
7.463906705379486084e-02 3.190355300903320312e+00
7.564770430326461792e-02 3.127326726913452148e+00
7.665634155273437500e-02 3.018332719802856445e+00
7.766497880220413208e-02 3.001395225524902344e+00
7.867361605167388916e-02 2.867115736007690430e+00
7.968225330114364624e-02 2.793868303298950195e+00
8.069089055061340332e-02 2.662940502166748047e+00
8.169952034950256348e-02 2.635660171508789062e+00
8.270815759897232056e-02 2.534087419509887695e+00
8.371679484844207764e-02 2.532503843307495117e+00
8.472543209791183472e-02 2.451290845870971680e+00
8.573406934738159180e-02 2.440302610397338867e+00
8.674270659685134888e-02 2.353097438812255859e+00
8.775133639574050903e-02 2.289805412292480469e+00
8.875997364521026611e-02 2.244029045104980469e+00
8.976861089468002319e-02 2.196776866912841797e+00
9.077724814414978027e-02 2.200699806213378906e+00
9.178588539361953735e-02 2.091695547103881836e+00
9.279452264308929443e-02 2.084682941436767578e+00
9.380315244197845459e-02 2.037067413330078125e+00
9.481178969144821167e-02 2.000359058380126953e+00
9.582042694091796875e-02 1.987447977066040039e+00
9.682906419038772583e-02 1.922976851463317871e+00
9.783770143985748291e-02 1.868332624435424805e+00
9.884633868932723999e-02 1.827095627784729004e+00
9.985497593879699707e-02 1.793242096900939941e+00
1.008636057376861572e-01 1.746826887130737305e+00
1.018722429871559143e-01 1.764043211936950684e+00
1.028808802366256714e-01 1.743959903717041016e+00
1.038895174860954285e-01 1.678551197052001953e+00
1.048981547355651855e-01 1.637601494789123535e+00
1.059067919850349426e-01 1.642938375473022461e+00
1.069154217839241028e-01 1.608506679534912109e+00
1.079240590333938599e-01 1.570776224136352539e+00
1.089326962828636169e-01 1.558480739593505859e+00
1.099413335323333740e-01 1.562445402145385742e+00
1.109499707818031311e-01 1.567669272422790527e+00
1.119586080312728882e-01 1.534021615982055664e+00
1.129672378301620483e-01 1.507602691650390625e+00
1.139758750796318054e-01 1.460072278976440430e+00
1.149845123291015625e-01 1.419631361961364746e+00
1.159931495785713196e-01 1.453056693077087402e+00
1.170017868280410767e-01 1.423896908760070801e+00
1.180104240775108337e-01 1.354148387908935547e+00
1.190190613269805908e-01 1.360800266265869141e+00
1.200276911258697510e-01 1.378477931022644043e+00
1.210363283753395081e-01 1.373948693275451660e+00
1.220449656248092651e-01 1.339849829673767090e+00
1.230536028742790222e-01 1.294079899787902832e+00
1.240622401237487793e-01 1.313202738761901855e+00
1.250708699226379395e-01 1.277400970458984375e+00
1.260795146226882935e-01 1.253347754478454590e+00
1.270881444215774536e-01 1.224891304969787598e+00
1.280967891216278076e-01 1.220793247222900391e+00
1.291054189205169678e-01 1.181694626808166504e+00
1.301140487194061279e-01 1.186653971672058105e+00
1.311226934194564819e-01 1.225121140480041504e+00
1.321313232183456421e-01 1.179470539093017578e+00
1.331399679183959961e-01 1.152274131774902344e+00
1.341485977172851562e-01 1.177634954452514648e+00
1.351572424173355103e-01 1.180911898612976074e+00
1.361658722162246704e-01 1.161372065544128418e+00
1.371745020151138306e-01 1.129672169685363770e+00
1.381831467151641846e-01 1.096352100372314453e+00
1.391917765140533447e-01 1.120144128799438477e+00
1.402004212141036987e-01 1.111182808876037598e+00
1.412090510129928589e-01 1.095573067665100098e+00
1.422176808118820190e-01 1.130241513252258301e+00
1.432263255119323730e-01 1.093800783157348633e+00
1.442349553108215332e-01 1.084849119186401367e+00
1.452436000108718872e-01 1.050925612449645996e+00
1.462522298097610474e-01 1.118507504463195801e+00
1.472608745098114014e-01 1.074928283691406250e+00
1.482695043087005615e-01 1.067049860954284668e+00
1.492781341075897217e-01 1.039541482925415039e+00
1.502867788076400757e-01 1.044682264328002930e+00
1.512954086065292358e-01 1.013091802597045898e+00
1.523040533065795898e-01 1.052057981491088867e+00
1.533126831054687500e-01 1.079011321067810059e+00
1.543213278055191040e-01 1.026525020599365234e+00
1.553299576044082642e-01 1.009903550148010254e+00
1.563385874032974243e-01 9.671367406845092773e-01
1.573472321033477783e-01 9.868897795677185059e-01
1.583558619022369385e-01 9.882642626762390137e-01
1.593645066022872925e-01 1.007395029067993164e+00
1.603731364011764526e-01 1.018656849861145020e+00
1.613817811012268066e-01 9.786250591278076172e-01
1.623904109001159668e-01 9.430335760116577148e-01
1.633990406990051270e-01 9.766125679016113281e-01
1.644076853990554810e-01 9.628105759620666504e-01
1.654163151979446411e-01 9.515982866287231445e-01
1.664249598979949951e-01 9.550337791442871094e-01
1.674335896968841553e-01 9.651662111282348633e-01
1.684422194957733154e-01 9.871401190757751465e-01
1.694508641958236694e-01 9.693493843078613281e-01
1.704594939947128296e-01 9.366198182106018066e-01
1.714681386947631836e-01 9.117623567581176758e-01
1.724767684936523438e-01 8.909462094306945801e-01
1.734854131937026978e-01 8.770185708999633789e-01
1.744940429925918579e-01 8.868570923805236816e-01
1.755026727914810181e-01 9.471855759620666504e-01
1.765113174915313721e-01 8.820058107376098633e-01
1.775199472904205322e-01 8.848350048065185547e-01
1.785285919904708862e-01 9.095345735549926758e-01
1.795372217893600464e-01 8.860716223716735840e-01
1.805458664894104004e-01 8.976154327392578125e-01
1.815544962882995605e-01 8.895885348320007324e-01
1.825631260871887207e-01 8.948503732681274414e-01
1.835717707872390747e-01 8.854566216468811035e-01
1.845804005861282349e-01 8.527020812034606934e-01
1.855890452861785889e-01 8.701044321060180664e-01
1.865976750850677490e-01 8.487654328346252441e-01
1.876063048839569092e-01 8.333563208580017090e-01
1.886149495840072632e-01 8.041387200355529785e-01
1.896235793828964233e-01 8.175217509269714355e-01
1.906322240829467773e-01 8.443455100059509277e-01
1.916408538818359375e-01 8.102290034294128418e-01
1.926494985818862915e-01 8.200378417968750000e-01
1.936581283807754517e-01 8.257625699043273926e-01
1.946667581796646118e-01 8.274019956588745117e-01
1.956754028797149658e-01 8.039234876632690430e-01
1.966840326786041260e-01 8.061139583587646484e-01
1.976926773786544800e-01 7.923521995544433594e-01
1.987013071775436401e-01 7.936284542083740234e-01
1.997099518775939941e-01 8.256793618202209473e-01
2.007185816764831543e-01 8.166986703872680664e-01
2.017272114753723145e-01 8.023297786712646484e-01
2.027358561754226685e-01 7.912235260009765625e-01
2.037444859743118286e-01 8.255816698074340820e-01
2.047531306743621826e-01 8.011488318443298340e-01
2.057617604732513428e-01 7.695472240447998047e-01
2.067703902721405029e-01 7.606382369995117188e-01
2.077790349721908569e-01 7.984443902969360352e-01
2.087876647710800171e-01 7.797435522079467773e-01
2.097963094711303711e-01 7.897299528121948242e-01
2.108049392700195312e-01 7.781993150711059570e-01
2.118135839700698853e-01 7.733249664306640625e-01
2.128222137689590454e-01 7.800183892250061035e-01
2.138308435678482056e-01 7.704158425331115723e-01
2.148394882678985596e-01 7.521473169326782227e-01
2.158481180667877197e-01 7.658109664916992188e-01
2.168567627668380737e-01 7.937999367713928223e-01
2.178653925657272339e-01 8.083600997924804688e-01
2.188740372657775879e-01 7.626734375953674316e-01
2.198826670646667480e-01 7.567079663276672363e-01
2.208912968635559082e-01 7.375962734222412109e-01
2.218999415636062622e-01 7.491355538368225098e-01
2.229085713624954224e-01 7.503831386566162109e-01
2.239172160625457764e-01 7.777067422866821289e-01
2.249258458614349365e-01 7.659848928451538086e-01
2.259344756603240967e-01 7.477932572364807129e-01
2.269431203603744507e-01 7.398911714553833008e-01
2.279517501592636108e-01 7.455552816390991211e-01
2.289603948593139648e-01 7.357009053230285645e-01
2.299690246582031250e-01 7.268527150154113770e-01
2.309776693582534790e-01 7.208126783370971680e-01
2.319862991571426392e-01 7.120418548583984375e-01
2.329949289560317993e-01 7.102397680282592773e-01
2.340035736560821533e-01 7.267467975616455078e-01
2.350122034549713135e-01 7.156717777252197266e-01
2.360208481550216675e-01 7.234429121017456055e-01
2.370294779539108276e-01 7.081883549690246582e-01
2.380381226539611816e-01 7.152082920074462891e-01
2.390467524528503418e-01 7.065749168395996094e-01
2.400553822517395020e-01 7.044652700424194336e-01
2.410640269517898560e-01 7.161179780960083008e-01
2.420726567506790161e-01 7.501625418663024902e-01
2.430813014507293701e-01 8.564944863319396973e-01
2.440899312496185303e-01 7.091674208641052246e-01
2.450985759496688843e-01 6.860178709030151367e-01
2.461072057485580444e-01 6.812738776206970215e-01
2.471158355474472046e-01 7.025678157806396484e-01
2.481244802474975586e-01 7.136157155036926270e-01
2.491331100463867188e-01 6.835048794746398926e-01
2.501417398452758789e-01 6.826613545417785645e-01
2.511503994464874268e-01 6.773013472557067871e-01
2.521590292453765869e-01 6.709956526756286621e-01
2.531676590442657471e-01 6.875719428062438965e-01
2.541762888431549072e-01 6.920343637466430664e-01
2.551849186420440674e-01 6.939039826393127441e-01
2.561935782432556152e-01 6.832683086395263672e-01
2.572022080421447754e-01 6.873368024826049805e-01
2.582108378410339355e-01 6.883528828620910645e-01
2.592194676399230957e-01 6.725468039512634277e-01
2.602280974388122559e-01 6.819024682044982910e-01
2.612367570400238037e-01 6.968515515327453613e-01
2.622453868389129639e-01 6.773229837417602539e-01
2.632540166378021240e-01 7.098864316940307617e-01
2.642626464366912842e-01 7.134644985198974609e-01
2.652712762355804443e-01 6.803954839706420898e-01
2.662799358367919922e-01 6.895817518234252930e-01
2.672885656356811523e-01 6.784063577651977539e-01
2.682971954345703125e-01 6.876555681228637695e-01
2.693058252334594727e-01 6.882677078247070312e-01
2.703144848346710205e-01 6.799097061157226562e-01
2.713231146335601807e-01 6.680094599723815918e-01
2.723317444324493408e-01 6.983709931373596191e-01
2.733403742313385010e-01 6.853096485137939453e-01
2.743490040302276611e-01 6.986206769943237305e-01
2.753576636314392090e-01 6.789873838424682617e-01
2.763662934303283691e-01 6.755302548408508301e-01
2.773749232292175293e-01 6.833180189132690430e-01
2.783835530281066895e-01 6.819880604743957520e-01
2.793921828269958496e-01 6.831324696540832520e-01
2.804008424282073975e-01 6.838282346725463867e-01
2.814094722270965576e-01 6.761690378189086914e-01
2.824181020259857178e-01 6.724199056625366211e-01
2.834267318248748779e-01 6.852315664291381836e-01
2.844353616237640381e-01 6.747567057609558105e-01
2.854440212249755859e-01 6.531503796577453613e-01
2.864526510238647461e-01 6.747396588325500488e-01
2.874612808227539062e-01 6.675668954849243164e-01
2.884699106216430664e-01 6.718269586563110352e-01
2.894785702228546143e-01 6.749767065048217773e-01
2.904872000217437744e-01 6.550350189208984375e-01
2.914958298206329346e-01 6.721938252449035645e-01
2.925044596195220947e-01 6.599115133285522461e-01
2.935130894184112549e-01 6.522763967514038086e-01
2.945217490196228027e-01 6.887679696083068848e-01
2.955303788185119629e-01 6.656894683837890625e-01
2.965390086174011230e-01 6.621547341346740723e-01
2.975476384162902832e-01 6.717254519462585449e-01
2.985562682151794434e-01 6.545220017433166504e-01
2.995649278163909912e-01 6.648091673851013184e-01
3.005735576152801514e-01 6.679948568344116211e-01
3.015821874141693115e-01 6.524471640586853027e-01
3.025908172130584717e-01 6.576750278472900391e-01
3.035994470119476318e-01 6.513723134994506836e-01
3.046081066131591797e-01 6.462196707725524902e-01
3.056167364120483398e-01 6.519918441772460938e-01
3.066253662109375000e-01 6.576530337333679199e-01
3.076339960098266602e-01 6.702247858047485352e-01
3.086426556110382080e-01 6.708956956863403320e-01
3.096512854099273682e-01 6.451579928398132324e-01
3.106599152088165283e-01 6.521059274673461914e-01
3.116685450077056885e-01 6.514328718185424805e-01
3.126771748065948486e-01 6.617615818977355957e-01
3.136858344078063965e-01 6.470683813095092773e-01
3.146944642066955566e-01 6.541250348091125488e-01
3.157030940055847168e-01 6.589078307151794434e-01
3.167117238044738770e-01 6.782381534576416016e-01
3.177203536033630371e-01 6.734623312950134277e-01
3.187290132045745850e-01 6.743414402008056641e-01
3.197376430034637451e-01 6.641474366188049316e-01
3.207462728023529053e-01 6.706668734550476074e-01
3.217549026012420654e-01 6.706527471542358398e-01
3.227635622024536133e-01 6.627367138862609863e-01
3.237721920013427734e-01 6.471514701843261719e-01
3.247808218002319336e-01 6.582221388816833496e-01
3.257894515991210938e-01 6.600432991981506348e-01
3.267980813980102539e-01 6.648074984550476074e-01
3.278067409992218018e-01 6.521748304367065430e-01
3.288153707981109619e-01 6.775177717208862305e-01
3.298240005970001221e-01 6.610198020935058594e-01
3.308326303958892822e-01 6.606123447418212891e-01
3.318412601947784424e-01 6.497849225997924805e-01
3.328499197959899902e-01 6.504798531532287598e-01
3.338585495948791504e-01 6.421369910240173340e-01
3.348671793937683105e-01 6.520338058471679688e-01
3.358758091926574707e-01 6.472210884094238281e-01
3.368844389915466309e-01 6.338606476783752441e-01
3.378930985927581787e-01 6.420544981956481934e-01
3.389017283916473389e-01 6.518856287002563477e-01
3.399103581905364990e-01 6.502043008804321289e-01
3.409189879894256592e-01 6.486738324165344238e-01
3.419276475906372070e-01 6.620665788650512695e-01
3.429362773895263672e-01 6.456087827682495117e-01
3.439449071884155273e-01 6.587073802947998047e-01
3.449535369873046875e-01 6.608571410179138184e-01
3.459621667861938477e-01 6.415523886680603027e-01
3.469708263874053955e-01 6.541258692741394043e-01
3.479794561862945557e-01 6.497939825057983398e-01
3.489880859851837158e-01 6.520028710365295410e-01
3.499967157840728760e-01 6.691629886627197266e-01
3.510053455829620361e-01 6.605062484741210938e-01
3.520140051841735840e-01 6.689558029174804688e-01
3.530226349830627441e-01 6.410835981369018555e-01
3.540312647819519043e-01 6.386071443557739258e-01
3.550398945808410645e-01 6.442711353302001953e-01
3.560485243797302246e-01 6.460152268409729004e-01
3.570571839809417725e-01 6.325318813323974609e-01
3.580658137798309326e-01 6.480666995048522949e-01
3.590744435787200928e-01 6.430801153182983398e-01
3.600830733776092529e-01 6.643505692481994629e-01
3.610917329788208008e-01 6.571682095527648926e-01
3.621003627777099609e-01 6.504741907119750977e-01
3.631089925765991211e-01 6.491324305534362793e-01
3.641176223754882812e-01 6.354418992996215820e-01
3.651262521743774414e-01 6.613726615905761719e-01
3.661349117755889893e-01 6.786141991615295410e-01
3.671435415744781494e-01 6.660496592521667480e-01
3.681521713733673096e-01 6.577357053756713867e-01
3.691608011722564697e-01 6.440938115119934082e-01
3.701694309711456299e-01 6.447671055793762207e-01
3.711780905723571777e-01 6.440258622169494629e-01
3.721867203712463379e-01 6.588816642761230469e-01
3.731953501701354980e-01 6.548680663108825684e-01
3.742039799690246582e-01 6.610488295555114746e-01
3.752126097679138184e-01 6.617186665534973145e-01
3.762212693691253662e-01 6.497862935066223145e-01
3.772298991680145264e-01 6.436538100242614746e-01
3.782385289669036865e-01 6.399154067039489746e-01
3.792471587657928467e-01 6.435195803642272949e-01
3.802558183670043945e-01 6.368343234062194824e-01
3.812644481658935547e-01 6.440104842185974121e-01
3.822730779647827148e-01 6.319230198860168457e-01
3.832817077636718750e-01 6.604259610176086426e-01
3.842903375625610352e-01 6.590279936790466309e-01
3.852989971637725830e-01 6.579048633575439453e-01
3.863076269626617432e-01 6.554989814758300781e-01
3.873162567615509033e-01 6.432233452796936035e-01
3.883248865604400635e-01 6.555537581443786621e-01
3.893335163593292236e-01 6.553993225097656250e-01
3.903421759605407715e-01 6.412993669509887695e-01
3.913508057594299316e-01 6.337552666664123535e-01
3.923594355583190918e-01 6.382553577423095703e-01
3.933680653572082520e-01 6.528193354606628418e-01
3.943766951560974121e-01 6.357138156890869141e-01
3.953853547573089600e-01 6.536364555358886719e-01
3.963939845561981201e-01 6.643642783164978027e-01
3.974026143550872803e-01 6.388641595840454102e-01
3.984112441539764404e-01 6.447809338569641113e-01
3.994199037551879883e-01 6.315823793411254883e-01
4.004285335540771484e-01 6.452727317810058594e-01
4.014371633529663086e-01 6.512195467948913574e-01
4.024457931518554688e-01 6.548342704772949219e-01
4.034544229507446289e-01 6.489777565002441406e-01
4.044630825519561768e-01 6.503561139106750488e-01
4.054717123508453369e-01 6.533490419387817383e-01
4.064803421497344971e-01 6.295511126518249512e-01
4.074889719486236572e-01 6.489151120185852051e-01
4.084976017475128174e-01 6.525204181671142578e-01
4.095062613487243652e-01 6.455118656158447266e-01
4.105148911476135254e-01 6.277666091918945312e-01
4.115235209465026855e-01 6.390156745910644531e-01
4.125321507453918457e-01 6.447904109954833984e-01
4.135407805442810059e-01 6.358971595764160156e-01
4.145494401454925537e-01 6.325358152389526367e-01
4.155580699443817139e-01 6.529508829116821289e-01
4.165666997432708740e-01 6.421427130699157715e-01
4.175753295421600342e-01 6.437040567398071289e-01
4.185839891433715820e-01 6.344541907310485840e-01
4.195926189422607422e-01 6.454713344573974609e-01
4.206012487411499023e-01 6.518082618713378906e-01
4.216098785400390625e-01 6.427832245826721191e-01
4.226185083389282227e-01 6.556376218795776367e-01
4.236271679401397705e-01 6.422670483589172363e-01
4.246357977390289307e-01 6.443313360214233398e-01
4.256444275379180908e-01 6.658282279968261719e-01
4.266530573368072510e-01 6.336799860000610352e-01
4.276616871356964111e-01 6.407955288887023926e-01
4.286703467369079590e-01 6.321328282356262207e-01
4.296789765357971191e-01 6.355466246604919434e-01
4.306876063346862793e-01 6.379036903381347656e-01
4.316962361335754395e-01 6.296622753143310547e-01
4.327048659324645996e-01 6.454225778579711914e-01
4.337135255336761475e-01 6.330507397651672363e-01
4.347221553325653076e-01 6.347639560699462891e-01
4.357307851314544678e-01 6.336539387702941895e-01
4.367394149303436279e-01 6.295437216758728027e-01
4.377480745315551758e-01 6.254189014434814453e-01
4.387567043304443359e-01 6.304497718811035156e-01
4.397653341293334961e-01 6.370204687118530273e-01
4.407739639282226562e-01 6.353243589401245117e-01
4.417825937271118164e-01 6.194004416465759277e-01
4.427912533283233643e-01 6.285064816474914551e-01
4.437998831272125244e-01 6.235808134078979492e-01
4.448085129261016846e-01 6.258493065834045410e-01
4.458171427249908447e-01 6.305031776428222656e-01
4.468257725238800049e-01 6.387265920639038086e-01
4.478344321250915527e-01 6.262028217315673828e-01
4.488430619239807129e-01 6.219619512557983398e-01
4.498516917228698730e-01 6.283587217330932617e-01
4.508603215217590332e-01 6.367287635803222656e-01
4.518689513206481934e-01 6.164877414703369141e-01
4.528776109218597412e-01 6.341882348060607910e-01
4.538862407207489014e-01 6.291939616203308105e-01
4.548948705196380615e-01 6.348801255226135254e-01
4.559035003185272217e-01 6.218959093093872070e-01
4.569121599197387695e-01 6.142145395278930664e-01
4.579207897186279297e-01 6.216005682945251465e-01
4.589294195175170898e-01 6.100861430168151855e-01
4.599380493164062500e-01 6.053909063339233398e-01
4.609466791152954102e-01 6.301329135894775391e-01
4.619553387165069580e-01 6.156307458877563477e-01
4.629639685153961182e-01 6.170049309730529785e-01
4.639725983142852783e-01 6.020978689193725586e-01
4.649812281131744385e-01 6.159841418266296387e-01
4.659898579120635986e-01 6.217896342277526855e-01
4.669985175132751465e-01 6.087620258331298828e-01
4.680071473121643066e-01 6.181717514991760254e-01
4.690157771110534668e-01 6.127152442932128906e-01
4.700244069099426270e-01 6.025414466857910156e-01
4.710330665111541748e-01 6.208513379096984863e-01
4.720416963100433350e-01 6.074531674385070801e-01
4.730503261089324951e-01 6.126561164855957031e-01
4.740589559078216553e-01 6.219891905784606934e-01
4.750675857067108154e-01 6.132745146751403809e-01
4.760762453079223633e-01 6.163255572319030762e-01
4.770848751068115234e-01 5.984193086624145508e-01
4.780935049057006836e-01 6.208741664886474609e-01
4.791021347045898438e-01 6.155616044998168945e-01
4.801107645034790039e-01 6.027914881706237793e-01
4.811194241046905518e-01 6.128115653991699219e-01
4.821280539035797119e-01 6.116710901260375977e-01
4.831366837024688721e-01 6.216503381729125977e-01
4.841453135013580322e-01 6.056446433067321777e-01
4.851539433002471924e-01 6.011003851890563965e-01
4.861626029014587402e-01 5.984115600585937500e-01
4.871712327003479004e-01 6.269357800483703613e-01
4.881798624992370605e-01 6.136506795883178711e-01
4.891884922981262207e-01 6.053152084350585938e-01
4.901971518993377686e-01 5.963029265403747559e-01
4.912057816982269287e-01 6.033082604408264160e-01
4.922144114971160889e-01 5.911160707473754883e-01
4.932230412960052490e-01 6.176931262016296387e-01
4.942316710948944092e-01 6.058135032653808594e-01
4.952403306961059570e-01 6.051002144813537598e-01
4.962489604949951172e-01 6.001836657524108887e-01
4.972575902938842773e-01 6.064593791961669922e-01
4.982662200927734375e-01 6.003089547157287598e-01
4.992748498916625977e-01 6.007425785064697266e-01
5.002834796905517578e-01 5.904982089996337891e-01
5.012921094894409180e-01 5.907848477363586426e-01
5.023007988929748535e-01 6.041837334632873535e-01
5.033094286918640137e-01 6.012266278266906738e-01
5.043180584907531738e-01 6.575484871864318848e-01
5.053266882896423340e-01 6.200546026229858398e-01
5.063353180885314941e-01 5.923017263412475586e-01
5.073439478874206543e-01 5.887644290924072266e-01
5.083525776863098145e-01 5.871480703353881836e-01
5.093612074851989746e-01 6.002231240272521973e-01
5.103698372840881348e-01 5.895885825157165527e-01
5.113784670829772949e-01 5.998359918594360352e-01
5.123871564865112305e-01 5.953702926635742188e-01
5.133957862854003906e-01 5.812096595764160156e-01
5.144044160842895508e-01 6.129577159881591797e-01
5.154130458831787109e-01 5.981631875038146973e-01
5.164216756820678711e-01 6.014075875282287598e-01
5.174303054809570312e-01 5.969612002372741699e-01
5.184389352798461914e-01 5.987510085105895996e-01
5.194475650787353516e-01 6.033298969268798828e-01
5.204561948776245117e-01 5.795821547508239746e-01
5.214648842811584473e-01 6.006472706794738770e-01
5.224735140800476074e-01 5.913541913032531738e-01
5.234821438789367676e-01 5.961943864822387695e-01
5.244907736778259277e-01 5.903973579406738281e-01
5.254994034767150879e-01 5.943931341171264648e-01
5.265080332756042480e-01 5.911061763763427734e-01
5.275166630744934082e-01 5.871071815490722656e-01
5.285252928733825684e-01 5.826486349105834961e-01
5.295339226722717285e-01 5.899972915649414062e-01
5.305425524711608887e-01 5.777012109756469727e-01
5.315512418746948242e-01 5.712491869926452637e-01
5.325598716735839844e-01 5.763274431228637695e-01
5.335685014724731445e-01 5.923873782157897949e-01
5.345771312713623047e-01 5.923643708229064941e-01
5.355857610702514648e-01 5.783705115318298340e-01
5.365943908691406250e-01 5.931224226951599121e-01
5.376030206680297852e-01 5.872956514358520508e-01
5.386116504669189453e-01 5.877955555915832520e-01
5.396202802658081055e-01 5.768859982490539551e-01
5.406289696693420410e-01 5.791512727737426758e-01
5.416375994682312012e-01 5.864289402961730957e-01
5.426462292671203613e-01 5.809828639030456543e-01
5.436548590660095215e-01 5.883973240852355957e-01
5.446634888648986816e-01 5.844111442565917969e-01
5.456721186637878418e-01 5.800299644470214844e-01
5.466807484626770020e-01 5.843751430511474609e-01
5.476893782615661621e-01 5.762690305709838867e-01
5.486980080604553223e-01 5.702218413352966309e-01
5.497066378593444824e-01 5.809196829795837402e-01
5.507153272628784180e-01 5.687865018844604492e-01
5.517239570617675781e-01 5.685996413230895996e-01
5.527325868606567383e-01 5.780344605445861816e-01
5.537412166595458984e-01 5.735198259353637695e-01
5.547498464584350586e-01 5.772792100906372070e-01
5.557584762573242188e-01 5.826693177223205566e-01
5.567671060562133789e-01 5.840671062469482422e-01
5.577757358551025391e-01 5.906256437301635742e-01
5.587843656539916992e-01 5.834203362464904785e-01
5.597930550575256348e-01 6.009361147880554199e-01
5.608016848564147949e-01 5.813983082771301270e-01
5.618103146553039551e-01 5.867181420326232910e-01
5.628189444541931152e-01 5.885200500488281250e-01
5.638275742530822754e-01 5.871109962463378906e-01
5.648362040519714355e-01 5.624452233314514160e-01
5.658448338508605957e-01 5.557665824890136719e-01
5.668534636497497559e-01 5.741385221481323242e-01
5.678620934486389160e-01 5.906496644020080566e-01
5.688707232475280762e-01 5.736998319625854492e-01
5.698794126510620117e-01 5.930601954460144043e-01
5.708880424499511719e-01 5.633385777473449707e-01
5.718966722488403320e-01 5.828047394752502441e-01
5.729053020477294922e-01 5.729622840881347656e-01
5.739139318466186523e-01 5.740630626678466797e-01
5.749225616455078125e-01 5.702493786811828613e-01
5.759311914443969727e-01 5.797321796417236328e-01
5.769398212432861328e-01 5.696408748626708984e-01
5.779484510421752930e-01 5.744755864143371582e-01
5.789571404457092285e-01 5.714360475540161133e-01
5.799657702445983887e-01 5.657826662063598633e-01
5.809744000434875488e-01 5.698414444923400879e-01
5.819830298423767090e-01 5.726995468139648438e-01
5.829916596412658691e-01 5.765101313591003418e-01
5.840002894401550293e-01 5.826936364173889160e-01
5.850089192390441895e-01 5.807926058769226074e-01
5.860175490379333496e-01 5.887472033500671387e-01
5.870261788368225098e-01 5.801333189010620117e-01
5.880348086357116699e-01 5.729783177375793457e-01
5.890434980392456055e-01 5.692416429519653320e-01
5.900521278381347656e-01 5.705559253692626953e-01
5.910607576370239258e-01 5.693497657775878906e-01
5.920693874359130859e-01 5.642621517181396484e-01
5.930780172348022461e-01 5.709947943687438965e-01
5.940866470336914062e-01 5.744276046752929688e-01
5.950952768325805664e-01 5.652196407318115234e-01
5.961039066314697266e-01 5.692678689956665039e-01
5.971125364303588867e-01 5.627027153968811035e-01
5.981212258338928223e-01 5.720242857933044434e-01
5.991298556327819824e-01 5.672984123229980469e-01
6.001384854316711426e-01 5.754949450492858887e-01
6.011471152305603027e-01 5.717370510101318359e-01
6.021557450294494629e-01 5.812806487083435059e-01
6.031643748283386230e-01 5.782114267349243164e-01
6.041730046272277832e-01 5.709716677665710449e-01
6.051816344261169434e-01 5.598415136337280273e-01
6.061902642250061035e-01 5.710697174072265625e-01
6.071988940238952637e-01 5.596927404403686523e-01
6.082075834274291992e-01 5.619798898696899414e-01
6.092162132263183594e-01 5.677137970924377441e-01
6.102248430252075195e-01 5.794153809547424316e-01
6.112334728240966797e-01 5.649940967559814453e-01
6.122421026229858398e-01 5.583291053771972656e-01
6.132507324218750000e-01 5.585392713546752930e-01
6.142593622207641602e-01 5.467856526374816895e-01
6.152679920196533203e-01 5.568402409553527832e-01
6.162766218185424805e-01 5.643469095230102539e-01
6.172853112220764160e-01 5.766471624374389648e-01
6.182939410209655762e-01 5.800889730453491211e-01
6.193025708198547363e-01 5.770675539970397949e-01
6.203112006187438965e-01 5.676887631416320801e-01
6.213198304176330566e-01 5.752247571945190430e-01
6.223284602165222168e-01 5.633432269096374512e-01
6.233370900154113770e-01 5.772663950920104980e-01
6.243457198143005371e-01 5.723162293434143066e-01
6.253543496131896973e-01 5.705314278602600098e-01
6.263629794120788574e-01 5.669945478439331055e-01
6.273716688156127930e-01 5.702747702598571777e-01
6.283802986145019531e-01 5.667917132377624512e-01
6.293889284133911133e-01 5.592929124832153320e-01
6.303975582122802734e-01 5.659729838371276855e-01
6.314061880111694336e-01 5.696337223052978516e-01
6.324148178100585938e-01 5.755495429039001465e-01
6.334234476089477539e-01 5.781852602958679199e-01
6.344320774078369141e-01 5.693268775939941406e-01
6.354407072067260742e-01 5.507937073707580566e-01
6.364493966102600098e-01 5.529353618621826172e-01
6.374580264091491699e-01 5.673591494560241699e-01
6.384666562080383301e-01 5.565004348754882812e-01
6.394752860069274902e-01 5.703541636466979980e-01
6.404839158058166504e-01 5.680310130119323730e-01
6.414925456047058105e-01 5.658246874809265137e-01
6.425011754035949707e-01 5.539000630378723145e-01
6.435098052024841309e-01 5.668718814849853516e-01
6.445184350013732910e-01 5.706424117088317871e-01
6.455271244049072266e-01 5.589976906776428223e-01
6.465357542037963867e-01 5.647447109222412109e-01
6.475443840026855469e-01 5.597521662712097168e-01
6.485530138015747070e-01 5.529216527938842773e-01
6.495616436004638672e-01 5.611537098884582520e-01
6.505702733993530273e-01 5.498579144477844238e-01
6.515789031982421875e-01 5.575941801071166992e-01
6.525875329971313477e-01 5.468744635581970215e-01
6.535961627960205078e-01 5.596674680709838867e-01
6.546047925949096680e-01 5.626819133758544922e-01
6.556134819984436035e-01 5.648912191390991211e-01
6.566221117973327637e-01 5.509191751480102539e-01
6.576307415962219238e-01 5.405457615852355957e-01
6.586393713951110840e-01 5.547755360603332520e-01
6.596480011940002441e-01 5.619211792945861816e-01
6.606566309928894043e-01 5.547671318054199219e-01
6.616652607917785645e-01 5.547010898590087891e-01
6.626738905906677246e-01 5.454972386360168457e-01
6.636825203895568848e-01 5.471786260604858398e-01
6.646912097930908203e-01 5.623009204864501953e-01
6.656998395919799805e-01 5.701339244842529297e-01
6.667084693908691406e-01 5.562565326690673828e-01
6.677170991897583008e-01 5.502825379371643066e-01
6.687257289886474609e-01 5.545268654823303223e-01
6.697343587875366211e-01 5.563797950744628906e-01
6.707429885864257812e-01 5.607517361640930176e-01
6.717516183853149414e-01 5.635145902633666992e-01
6.727602481842041016e-01 5.592748522758483887e-01
6.737688779830932617e-01 5.598808526992797852e-01
6.747775673866271973e-01 5.532677769660949707e-01
6.757861971855163574e-01 5.399022102355957031e-01
6.767948269844055176e-01 5.569120645523071289e-01
6.778034567832946777e-01 5.746766924858093262e-01
6.788120865821838379e-01 5.658243894577026367e-01
6.798207163810729980e-01 5.532975792884826660e-01
6.808293461799621582e-01 5.454245805740356445e-01
6.818379759788513184e-01 5.438020825386047363e-01
6.828466057777404785e-01 5.632662773132324219e-01
6.838552951812744141e-01 5.470590591430664062e-01
6.848639249801635742e-01 5.628705620765686035e-01
6.858725547790527344e-01 5.633785724639892578e-01
6.868811845779418945e-01 5.534928441047668457e-01
6.878898143768310547e-01 5.762963891029357910e-01
6.888984441757202148e-01 5.484822392463684082e-01
6.899070739746093750e-01 5.495761632919311523e-01
6.909157037734985352e-01 5.461221337318420410e-01
6.919243335723876953e-01 5.521398782730102539e-01
6.929329633712768555e-01 5.614817738533020020e-01
6.939416527748107910e-01 5.527805089950561523e-01
6.949502825736999512e-01 5.528249144554138184e-01
6.959589123725891113e-01 5.507130622863769531e-01
6.969675421714782715e-01 5.694342851638793945e-01
6.979761719703674316e-01 5.766578316688537598e-01
6.989848017692565918e-01 5.647627115249633789e-01
6.999934315681457520e-01 5.605279803276062012e-01
7.010020613670349121e-01 5.656332969665527344e-01
7.020106911659240723e-01 5.687536001205444336e-01
7.030193805694580078e-01 5.570951104164123535e-01
7.040280103683471680e-01 5.527985692024230957e-01
7.050366401672363281e-01 5.625812411308288574e-01
7.060452699661254883e-01 5.745909214019775391e-01
7.070538997650146484e-01 5.777700543403625488e-01
7.080625295639038086e-01 5.701881647109985352e-01
7.090711593627929688e-01 5.584691166877746582e-01
7.100797891616821289e-01 5.542988181114196777e-01
7.110884189605712891e-01 5.548936128616333008e-01
7.120970487594604492e-01 5.521392226219177246e-01
7.131057381629943848e-01 5.536062121391296387e-01
7.141143679618835449e-01 5.539795756340026855e-01
7.151229977607727051e-01 5.555118322372436523e-01
7.161316275596618652e-01 5.545624494552612305e-01
7.171402573585510254e-01 5.694551467895507812e-01
7.181488871574401855e-01 5.738057494163513184e-01
7.191575169563293457e-01 5.557919740676879883e-01
7.201661467552185059e-01 5.602976083755493164e-01
7.211747765541076660e-01 5.508397817611694336e-01
7.221834659576416016e-01 5.724366903305053711e-01
7.231920957565307617e-01 5.615971088409423828e-01
7.242007255554199219e-01 5.686367750167846680e-01
7.252093553543090820e-01 5.790660977363586426e-01
7.262179851531982422e-01 5.635970830917358398e-01
7.272266149520874023e-01 5.516327619552612305e-01
7.282352447509765625e-01 5.637094974517822266e-01
7.292438745498657227e-01 5.678768157958984375e-01
7.302525043487548828e-01 5.616088509559631348e-01
7.312611341476440430e-01 5.701266527175903320e-01
7.322698235511779785e-01 5.570720434188842773e-01
7.332784533500671387e-01 5.693464279174804688e-01
7.342870831489562988e-01 5.582427978515625000e-01
7.352957129478454590e-01 5.534897446632385254e-01
7.363043427467346191e-01 5.622428655624389648e-01
7.373129725456237793e-01 5.676239132881164551e-01
7.383216023445129395e-01 5.745791792869567871e-01
7.393302321434020996e-01 5.548437237739562988e-01
7.403388619422912598e-01 5.549907684326171875e-01
7.413475513458251953e-01 5.628129839897155762e-01
7.423561811447143555e-01 5.572234988212585449e-01
7.433648109436035156e-01 5.592392086982727051e-01
7.443734407424926758e-01 5.842092037200927734e-01
7.453820705413818359e-01 5.805862545967102051e-01
7.463907003402709961e-01 5.649034380912780762e-01
7.473993301391601562e-01 5.667042732238769531e-01
7.484079599380493164e-01 5.662012100219726562e-01
7.494165897369384766e-01 5.519468188285827637e-01
7.504252195358276367e-01 5.636628866195678711e-01
7.514339089393615723e-01 5.659058690071105957e-01
7.524425387382507324e-01 5.973072648048400879e-01
7.534511685371398926e-01 6.124149560928344727e-01
7.544597983360290527e-01 5.711416006088256836e-01
7.554684281349182129e-01 5.682575702667236328e-01
7.564770579338073730e-01 5.779235363006591797e-01
7.574856877326965332e-01 5.705648064613342285e-01
7.584943175315856934e-01 5.637279748916625977e-01
7.595029473304748535e-01 5.658203363418579102e-01
7.605116367340087891e-01 5.584027767181396484e-01
7.615202665328979492e-01 5.516715049743652344e-01
7.625288963317871094e-01 5.610601305961608887e-01
7.635375261306762695e-01 5.688651204109191895e-01
7.645461559295654297e-01 5.684938430786132812e-01
7.655547857284545898e-01 5.685429573059082031e-01
7.665634155273437500e-01 5.717189311981201172e-01
7.675720453262329102e-01 5.657895803451538086e-01
7.685806751251220703e-01 5.578129291534423828e-01
7.695893049240112305e-01 5.776794552803039551e-01
7.705979943275451660e-01 5.572925806045532227e-01
7.716066241264343262e-01 5.586071610450744629e-01
7.726152539253234863e-01 5.700451731681823730e-01
7.736238837242126465e-01 5.650619864463806152e-01
7.746325135231018066e-01 5.700072050094604492e-01
7.756411433219909668e-01 5.846866965293884277e-01
7.766497731208801270e-01 5.716935396194458008e-01
7.776584029197692871e-01 5.711067318916320801e-01
7.786670327186584473e-01 5.665831565856933594e-01
7.796757221221923828e-01 5.642371773719787598e-01
7.806843519210815430e-01 5.788225531578063965e-01
7.816929817199707031e-01 5.672517418861389160e-01
7.827016115188598633e-01 5.759063959121704102e-01
7.837102413177490234e-01 5.627622604370117188e-01
7.847188711166381836e-01 5.720412731170654297e-01
7.857275009155273438e-01 5.726835131645202637e-01
7.867361307144165039e-01 5.617910027503967285e-01
7.877447605133056641e-01 5.734722614288330078e-01
7.887533903121948242e-01 5.843676924705505371e-01
7.897620797157287598e-01 5.778989195823669434e-01
7.907707095146179199e-01 5.756572484970092773e-01
7.917793393135070801e-01 5.803354978561401367e-01
7.927879691123962402e-01 5.861217379570007324e-01
7.937965989112854004e-01 5.828357338905334473e-01
7.948052287101745605e-01 5.761626362800598145e-01
7.958138585090637207e-01 5.640828609466552734e-01
7.968224883079528809e-01 5.685075521469116211e-01
7.978311181068420410e-01 5.744763612747192383e-01
7.988398075103759766e-01 5.871442556381225586e-01
7.998484373092651367e-01 5.709801316261291504e-01
8.008570671081542969e-01 5.813026428222656250e-01
8.018656969070434570e-01 5.718796253204345703e-01
8.028743267059326172e-01 5.824999213218688965e-01
8.038829565048217773e-01 5.763550996780395508e-01
8.048915863037109375e-01 5.725980401039123535e-01
8.059002161026000977e-01 5.846410393714904785e-01
8.069088459014892578e-01 5.653526782989501953e-01
8.079174757003784180e-01 5.725374221801757812e-01
8.089261651039123535e-01 5.744197368621826172e-01
8.099347949028015137e-01 5.924565792083740234e-01
8.109434247016906738e-01 5.861421823501586914e-01
8.119520545005798340e-01 5.854506492614746094e-01
8.129606842994689941e-01 5.811762213706970215e-01
8.139693140983581543e-01 5.912337899208068848e-01
8.149779438972473145e-01 5.876118540763854980e-01
8.159865736961364746e-01 5.820184946060180664e-01
8.169952034950256348e-01 5.664008855819702148e-01
8.180038928985595703e-01 5.861565470695495605e-01
8.190125226974487305e-01 5.780764818191528320e-01
8.200211524963378906e-01 5.907161831855773926e-01
8.210297822952270508e-01 5.923376083374023438e-01
8.220384120941162109e-01 5.905690193176269531e-01
8.230470418930053711e-01 5.918925404548645020e-01
8.240556716918945312e-01 5.974280834197998047e-01
8.250643014907836914e-01 5.697432756423950195e-01
8.260729312896728516e-01 5.780814290046691895e-01
8.270815610885620117e-01 5.946853160858154297e-01
8.280902504920959473e-01 5.826529860496520996e-01
8.290988802909851074e-01 5.719487071037292480e-01
8.301075100898742676e-01 5.862457752227783203e-01
8.311161398887634277e-01 5.995998382568359375e-01
8.321247696876525879e-01 5.945352911949157715e-01
8.331333994865417480e-01 6.002326607704162598e-01
8.341420292854309082e-01 5.902907848358154297e-01
8.351506590843200684e-01 5.968120694160461426e-01
8.361592888832092285e-01 5.784155726432800293e-01
8.371679782867431641e-01 5.763039588928222656e-01
8.381766080856323242e-01 5.670720934867858887e-01
8.391852378845214844e-01 5.965693593025207520e-01
8.401938676834106445e-01 5.800693631172180176e-01
8.412024974822998047e-01 5.944559574127197266e-01
8.422111272811889648e-01 5.973973870277404785e-01
8.432197570800781250e-01 5.987903475761413574e-01
8.442283868789672852e-01 5.974584221839904785e-01
8.452370166778564453e-01 6.039411425590515137e-01
8.462456464767456055e-01 5.925751328468322754e-01
8.472543358802795410e-01 5.869672298431396484e-01
8.482629656791687012e-01 5.916965007781982422e-01
8.492715954780578613e-01 5.847603678703308105e-01
8.502802252769470215e-01 5.811021924018859863e-01
8.512888550758361816e-01 5.712993741035461426e-01
8.522974848747253418e-01 5.732329487800598145e-01
8.533061146736145020e-01 5.821427702903747559e-01
8.543147444725036621e-01 6.005349755287170410e-01
8.553233742713928223e-01 5.875588059425354004e-01
8.563320636749267578e-01 5.763084888458251953e-01
8.573406934738159180e-01 5.800638794898986816e-01
8.583493232727050781e-01 5.668318271636962891e-01
8.593579530715942383e-01 5.620296597480773926e-01
8.603665828704833984e-01 5.659912228584289551e-01
8.613752126693725586e-01 5.626523494720458984e-01
8.623838424682617188e-01 5.629456043243408203e-01
8.633924722671508789e-01 5.790308713912963867e-01
8.644011020660400391e-01 5.726017355918884277e-01
8.654097318649291992e-01 5.764254927635192871e-01
8.664184212684631348e-01 5.781616568565368652e-01
8.674270510673522949e-01 5.911927819252014160e-01
8.684356808662414551e-01 5.773039460182189941e-01
8.694443106651306152e-01 5.660835504531860352e-01
8.704529404640197754e-01 5.757490396499633789e-01
8.714615702629089355e-01 5.631806254386901855e-01
8.724702000617980957e-01 5.841104984283447266e-01
8.734788298606872559e-01 5.898647308349609375e-01
8.744874596595764160e-01 5.691949725151062012e-01
8.754961490631103516e-01 5.826274752616882324e-01
8.765047788619995117e-01 5.939099788665771484e-01
8.775134086608886719e-01 5.782815217971801758e-01
8.785220384597778320e-01 5.751453042030334473e-01
8.795306682586669922e-01 5.732510089874267578e-01
8.805392980575561523e-01 5.803858637809753418e-01
8.815479278564453125e-01 5.860255956649780273e-01
8.825565576553344727e-01 5.825650095939636230e-01
8.835651874542236328e-01 5.963646173477172852e-01
8.845738172531127930e-01 6.006402373313903809e-01
8.855825066566467285e-01 5.742563009262084961e-01
8.865911364555358887e-01 5.737386345863342285e-01
8.875997662544250488e-01 5.824558734893798828e-01
8.886083960533142090e-01 5.890689492225646973e-01
8.896170258522033691e-01 5.923634767532348633e-01
8.906256556510925293e-01 5.796333551406860352e-01
8.916342854499816895e-01 5.838187336921691895e-01
8.926429152488708496e-01 5.765010118484497070e-01
8.936515450477600098e-01 5.877768397331237793e-01
8.946602344512939453e-01 5.786797404289245605e-01
8.956688642501831055e-01 6.247171163558959961e-01
8.966774940490722656e-01 5.780003666877746582e-01
8.976861238479614258e-01 5.817832350730895996e-01
8.986947536468505859e-01 5.862719416618347168e-01
8.997033834457397461e-01 5.829454064369201660e-01
9.007120132446289062e-01 5.848001241683959961e-01
9.017206430435180664e-01 5.936250686645507812e-01
9.027292728424072266e-01 5.866094231605529785e-01
9.037379026412963867e-01 5.941373705863952637e-01
9.047465920448303223e-01 5.890330672264099121e-01
9.057552218437194824e-01 6.023023724555969238e-01
9.067638516426086426e-01 6.286385059356689453e-01
9.077724814414978027e-01 5.981631278991699219e-01
9.087811112403869629e-01 5.825643539428710938e-01
9.097897410392761230e-01 6.028997898101806641e-01
9.107983708381652832e-01 5.968064069747924805e-01
9.118070006370544434e-01 5.996057391166687012e-01
9.128156304359436035e-01 5.925652980804443359e-01
9.138243198394775391e-01 6.014390587806701660e-01
9.148329496383666992e-01 5.945261716842651367e-01
9.158415794372558594e-01 6.027010679244995117e-01
9.168502092361450195e-01 5.798577070236206055e-01
9.178588390350341797e-01 5.903359651565551758e-01
9.188674688339233398e-01 5.875325798988342285e-01
9.198760986328125000e-01 5.931478142738342285e-01
9.208847284317016602e-01 5.778212547302246094e-01
9.218933582305908203e-01 5.827331542968750000e-01
9.229020476341247559e-01 5.896661281585693359e-01
9.239106774330139160e-01 5.919968485832214355e-01
9.249193072319030762e-01 5.843101143836975098e-01
9.259279370307922363e-01 5.627418756484985352e-01
9.269365668296813965e-01 5.775904059410095215e-01
9.279451966285705566e-01 6.114147901535034180e-01
9.289538264274597168e-01 5.892333388328552246e-01
9.299624562263488770e-01 6.069090366363525391e-01
9.309710860252380371e-01 6.097754836082458496e-01
9.319797158241271973e-01 5.839396119117736816e-01
9.329884052276611328e-01 5.805066823959350586e-01
9.339970350265502930e-01 5.945225358009338379e-01
9.350056648254394531e-01 6.089937090873718262e-01
9.360142946243286133e-01 5.927062034606933594e-01
9.370229244232177734e-01 6.019237041473388672e-01
9.380315542221069336e-01 5.971230268478393555e-01
9.390401840209960938e-01 5.896543860435485840e-01
9.400488138198852539e-01 6.001117229461669922e-01
9.410574436187744141e-01 6.011442542076110840e-01
9.420661330223083496e-01 5.823143720626831055e-01
9.430747628211975098e-01 5.846617817878723145e-01
9.440833926200866699e-01 5.943296551704406738e-01
9.450920224189758301e-01 5.958732962608337402e-01
9.461006522178649902e-01 5.821664929389953613e-01
9.471092820167541504e-01 5.868023633956909180e-01
9.481179118156433105e-01 5.765101313591003418e-01
9.491265416145324707e-01 5.707551240921020508e-01
9.501351714134216309e-01 5.754019021987915039e-01
9.511438012123107910e-01 5.824622511863708496e-01
9.521524906158447266e-01 6.173716187477111816e-01
9.531611204147338867e-01 5.940734148025512695e-01
9.541697502136230469e-01 5.987037420272827148e-01
9.551783800125122070e-01 5.825399160385131836e-01
9.561870098114013672e-01 5.698333978652954102e-01
9.571956396102905273e-01 6.042849421501159668e-01
9.582042694091796875e-01 6.065135002136230469e-01
9.592128992080688477e-01 6.178278326988220215e-01
9.602215290069580078e-01 5.655389428138732910e-01
9.612302184104919434e-01 5.577484369277954102e-01
9.622388482093811035e-01 5.864241719245910645e-01
9.632474780082702637e-01 5.897176861763000488e-01
9.642561078071594238e-01 5.709631443023681641e-01
9.652647376060485840e-01 5.899316072463989258e-01
9.662733674049377441e-01 6.057759523391723633e-01
9.672819972038269043e-01 6.057412028312683105e-01
9.682906270027160645e-01 6.088553667068481445e-01
9.692992568016052246e-01 5.871174931526184082e-01
9.703078866004943848e-01 6.168910861015319824e-01
9.713165760040283203e-01 5.701283216476440430e-01
9.723252058029174805e-01 5.601907372474670410e-01
9.733338356018066406e-01 5.682340860366821289e-01
9.743424654006958008e-01 5.805674195289611816e-01
9.753510951995849609e-01 5.704894065856933594e-01
9.763597249984741211e-01 5.795623660087585449e-01
9.773683547973632812e-01 6.160289645195007324e-01
9.783769845962524414e-01 5.737231969833374023e-01
9.793856143951416016e-01 5.546305179595947266e-01
9.803943037986755371e-01 5.861511230468750000e-01
9.814029335975646973e-01 5.704060792922973633e-01
9.824115633964538574e-01 5.832513570785522461e-01
9.834201931953430176e-01 5.710223913192749023e-01
9.844288229942321777e-01 5.497791171073913574e-01
9.854374527931213379e-01 5.790094137191772461e-01
9.864460825920104980e-01 5.810346603393554688e-01
9.874547123908996582e-01 5.825291872024536133e-01
9.884633421897888184e-01 5.772949457168579102e-01
9.894719719886779785e-01 5.933807492256164551e-01
9.904806613922119141e-01 5.820031166076660156e-01
9.914892911911010742e-01 5.829728841781616211e-01
9.924979209899902344e-01 5.961400866508483887e-01
9.935065507888793945e-01 5.971273779869079590e-01
9.945151805877685547e-01 5.580172538757324219e-01
9.955238103866577148e-01 5.719791054725646973e-01
9.965324401855468750e-01 5.696900486946105957e-01
9.975410699844360352e-01 5.661382079124450684e-01
9.985496997833251953e-01 5.477902293205261230e-01
9.995583891868591309e-01 5.733891129493713379e-01
1.000566959381103516e+00 5.470170378684997559e-01
1.001575589179992676e+00 5.518966913223266602e-01
1.002584218978881836e+00 5.624264478683471680e-01
1.003592848777770996e+00 5.716620683670043945e-01
1.004601597785949707e+00 5.684503316879272461e-01
1.005610227584838867e+00 5.647845268249511719e-01
1.006618857383728027e+00 5.622267127037048340e-01
1.007627487182617188e+00 5.766151547431945801e-01
1.008636116981506348e+00 5.847920775413513184e-01
1.009644746780395508e+00 5.696706175804138184e-01
1.010653376579284668e+00 5.704586505889892578e-01
1.011662006378173828e+00 5.513896346092224121e-01
1.012670636177062988e+00 5.632537603378295898e-01
1.013679265975952148e+00 5.422086119651794434e-01
1.014687895774841309e+00 5.050716996192932129e-01
1.015696525573730469e+00 5.160831809043884277e-01
1.016705155372619629e+00 5.755049586296081543e-01
1.017713785171508789e+00 5.872410535812377930e-01
1.018722414970397949e+00 6.043555736541748047e-01
1.019731044769287109e+00 5.533934235572814941e-01
1.020739674568176270e+00 5.101044178009033203e-01
1.021748304367065430e+00 5.376802086830139160e-01
1.022756934165954590e+00 5.655956268310546875e-01
1.023765683174133301e+00 5.426789522171020508e-01
1.024774312973022461e+00 5.238853096961975098e-01
1.025782942771911621e+00 5.550177693367004395e-01
1.026791572570800781e+00 5.834794640541076660e-01
1.027800202369689941e+00 5.802160501480102539e-01
1.028808832168579102e+00 6.047167181968688965e-01
1.029817461967468262e+00 5.721885561943054199e-01
1.030826091766357422e+00 5.689415931701660156e-01
1.031834721565246582e+00 5.567966103553771973e-01
1.032843351364135742e+00 5.945707559585571289e-01
1.033851981163024902e+00 5.773035883903503418e-01
1.034860610961914062e+00 5.750241279602050781e-01
1.035869240760803223e+00 5.704955458641052246e-01
1.036877870559692383e+00 6.019478440284729004e-01
1.037886500358581543e+00 5.685011744499206543e-01
1.038895130157470703e+00 5.477665066719055176e-01
1.039903759956359863e+00 5.758919715881347656e-01
1.040912389755249023e+00 5.666310787200927734e-01
1.041921019554138184e+00 5.808241367340087891e-01
1.042929768562316895e+00 5.649687051773071289e-01
1.043938398361206055e+00 5.708221793174743652e-01
1.044947028160095215e+00 5.746194720268249512e-01
1.045955657958984375e+00 5.594102740287780762e-01
1.046964287757873535e+00 5.431923270225524902e-01
1.047972917556762695e+00 5.904309153556823730e-01
1.048981547355651855e+00 5.925306677818298340e-01
1.049990177154541016e+00 5.533263087272644043e-01
1.050998806953430176e+00 5.633213520050048828e-01
1.052007436752319336e+00 5.528736114501953125e-01
1.053016066551208496e+00 5.534662008285522461e-01
1.054024696350097656e+00 5.706700682640075684e-01
1.055033326148986816e+00 6.014437675476074219e-01
1.056041955947875977e+00 5.465849637985229492e-01
1.057050585746765137e+00 5.767480134963989258e-01
1.058059215545654297e+00 5.950883626937866211e-01
1.059067845344543457e+00 5.524836182594299316e-01
1.060076475143432617e+00 5.558673143386840820e-01
1.061085104942321777e+00 5.907872915267944336e-01
1.062093853950500488e+00 5.791205763816833496e-01
1.063102483749389648e+00 5.681484937667846680e-01
1.064111113548278809e+00 5.516885519027709961e-01
1.065119743347167969e+00 5.581817626953125000e-01
1.066128373146057129e+00 5.937485098838806152e-01
1.067137002944946289e+00 5.487971901893615723e-01
1.068145632743835449e+00 5.937723517417907715e-01
1.069154262542724609e+00 5.841739773750305176e-01
1.070162892341613770e+00 6.035661101341247559e-01
1.071171522140502930e+00 6.170239448547363281e-01
1.072180151939392090e+00 5.899963378906250000e-01
1.073188781738281250e+00 6.120603680610656738e-01
1.074197411537170410e+00 5.735659599304199219e-01
1.075206041336059570e+00 5.522432327270507812e-01
1.076214671134948730e+00 6.050989031791687012e-01
1.077223300933837891e+00 6.389607787132263184e-01
1.078231930732727051e+00 5.728164911270141602e-01
1.079240560531616211e+00 5.757266879081726074e-01
1.080249190330505371e+00 5.772978067398071289e-01
1.081257939338684082e+00 6.010836362838745117e-01
1.082266569137573242e+00 6.018347740173339844e-01
1.083275198936462402e+00 5.771227478981018066e-01
1.084283828735351562e+00 5.553435683250427246e-01
1.085292458534240723e+00 5.969201326370239258e-01
1.086301088333129883e+00 6.194665431976318359e-01
1.087309718132019043e+00 5.992699265480041504e-01
1.088318347930908203e+00 5.751875638961791992e-01
1.089326977729797363e+00 5.895526409149169922e-01
1.090335607528686523e+00 5.743938684463500977e-01
1.091344237327575684e+00 5.164458155632019043e-01
1.092352867126464844e+00 5.569742321968078613e-01
1.093361496925354004e+00 6.195192933082580566e-01
1.094370126724243164e+00 5.980190634727478027e-01
1.095378756523132324e+00 6.508883237838745117e-01
1.096387386322021484e+00 6.278871297836303711e-01
1.097396016120910645e+00 5.829889178276062012e-01
1.098404645919799805e+00 5.524635910987854004e-01
1.099413275718688965e+00 5.562264323234558105e-01
1.100422024726867676e+00 5.490111112594604492e-01
1.101430654525756836e+00 5.812816619873046875e-01
1.102439284324645996e+00 5.608012676239013672e-01
1.103447914123535156e+00 5.821754932403564453e-01
1.104456543922424316e+00 6.008847355842590332e-01
1.105465173721313477e+00 6.374853253364562988e-01
1.106473803520202637e+00 5.527179241180419922e-01
1.107482433319091797e+00 6.055982112884521484e-01
1.108491063117980957e+00 6.499711871147155762e-01
1.109499692916870117e+00 5.967417359352111816e-01
1.110508322715759277e+00 6.465632319450378418e-01
1.111516952514648438e+00 6.080778241157531738e-01
1.112525582313537598e+00 6.110847592353820801e-01
1.113534212112426758e+00 5.912715792655944824e-01
1.114542841911315918e+00 5.704429745674133301e-01
1.115551471710205078e+00 5.829404592514038086e-01
1.116560101509094238e+00 5.981417298316955566e-01
1.117568731307983398e+00 6.413049101829528809e-01
1.118577361106872559e+00 6.861478090286254883e-01
1.119586110115051270e+00 6.671164035797119141e-01
1.120594739913940430e+00 6.445554494857788086e-01
1.121603369712829590e+00 6.724486947059631348e-01
1.122611999511718750e+00 6.408193707466125488e-01
1.123620629310607910e+00 6.436412930488586426e-01
1.124629259109497070e+00 5.932218432426452637e-01
1.125637888908386230e+00 6.461144685745239258e-01
1.126646518707275391e+00 6.377470493316650391e-01
1.127655148506164551e+00 6.166670322418212891e-01
1.128663778305053711e+00 6.236741542816162109e-01
1.129672408103942871e+00 6.126680374145507812e-01
1.130681037902832031e+00 5.942633748054504395e-01
1.131689667701721191e+00 6.368250250816345215e-01
1.132698297500610352e+00 6.140081882476806641e-01
1.133706927299499512e+00 6.049098372459411621e-01
1.134715557098388672e+00 5.465449690818786621e-01
1.135724186897277832e+00 5.641873478889465332e-01
1.136732816696166992e+00 6.125145554542541504e-01
1.137741446495056152e+00 5.857359766960144043e-01
1.138750195503234863e+00 6.149668693542480469e-01
1.139758825302124023e+00 6.790996789932250977e-01
1.140767455101013184e+00 6.161538958549499512e-01
1.141776084899902344e+00 6.016249656677246094e-01
1.142784714698791504e+00 5.526201128959655762e-01
1.143793344497680664e+00 5.325698256492614746e-01
1.144801974296569824e+00 5.871106386184692383e-01
1.145810604095458984e+00 7.275747656822204590e-01
1.146819233894348145e+00 6.194342374801635742e-01
1.147827863693237305e+00 6.079796552658081055e-01
1.148836493492126465e+00 6.001565456390380859e-01
1.149845123291015625e+00 5.690719485282897949e-01
1.150853753089904785e+00 6.874963045120239258e-01
1.151862382888793945e+00 6.148492693901062012e-01
1.152871012687683105e+00 6.314322352409362793e-01
1.153879642486572266e+00 6.566410064697265625e-01
1.154888272285461426e+00 6.900392174720764160e-01
1.155896902084350586e+00 6.029003262519836426e-01
1.156905531883239746e+00 6.343604326248168945e-01
1.157914280891418457e+00 5.711271166801452637e-01
1.158922910690307617e+00 6.068243384361267090e-01
1.159931540489196777e+00 6.280944347381591797e-01
1.160940170288085938e+00 5.859471559524536133e-01
1.161948800086975098e+00 6.395296454429626465e-01
1.162957429885864258e+00 6.184813976287841797e-01
1.163966059684753418e+00 6.398969292640686035e-01
1.164974689483642578e+00 6.041153073310852051e-01
1.165983319282531738e+00 5.971876978874206543e-01
1.166991949081420898e+00 6.018863916397094727e-01
1.168000578880310059e+00 6.555199027061462402e-01
1.169009208679199219e+00 6.521160006523132324e-01
1.170017838478088379e+00 6.546862721443176270e-01
1.171026468276977539e+00 7.004764676094055176e-01
1.172035098075866699e+00 6.205110549926757812e-01
1.173043727874755859e+00 7.154386043548583984e-01
1.174052357673645020e+00 6.736862063407897949e-01
1.175060987472534180e+00 6.277957558631896973e-01
1.176069617271423340e+00 5.872870683670043945e-01
1.177078366279602051e+00 5.944160819053649902e-01
1.178086996078491211e+00 6.011564731597900391e-01
1.179095625877380371e+00 6.178429126739501953e-01
1.180104255676269531e+00 6.127530336380004883e-01
1.181112885475158691e+00 5.055373907089233398e-01
1.182121515274047852e+00 6.297261118888854980e-01
1.183130145072937012e+00 6.199009418487548828e-01
1.184138774871826172e+00 6.590389609336853027e-01
1.185147404670715332e+00 6.756720542907714844e-01
1.186156034469604492e+00 7.516342997550964355e-01
1.187164664268493652e+00 6.419962644577026367e-01
1.188173294067382812e+00 6.553848981857299805e-01
1.189181923866271973e+00 7.532063126564025879e-01
1.190190553665161133e+00 7.131220698356628418e-01
1.191199183464050293e+00 6.631873250007629395e-01
1.192207813262939453e+00 6.301491260528564453e-01
1.193216443061828613e+00 6.799349188804626465e-01
1.194225072860717773e+00 6.098670363426208496e-01
1.195233702659606934e+00 6.719185113906860352e-01
1.196242451667785645e+00 5.768766999244689941e-01
1.197251081466674805e+00 6.027549505233764648e-01
1.198259711265563965e+00 6.984772086143493652e-01
1.199268341064453125e+00 7.562475800514221191e-01
1.200276970863342285e+00 6.022969484329223633e-01
1.201285600662231445e+00 8.181683421134948730e-01
1.202294230461120605e+00 6.041856408119201660e-01
1.203302860260009766e+00 4.642384350299835205e-01
1.204311490058898926e+00 5.161162018775939941e-01
1.205320119857788086e+00 6.041527390480041504e-01
1.206328749656677246e+00 6.710488200187683105e-01
1.207337379455566406e+00 7.071772813796997070e-01
1.208346009254455566e+00 7.106139063835144043e-01
1.209354639053344727e+00 5.701330304145812988e-01
