0.000000000000000000e+00 8.657793945312500000e+03
1.008636085316538811e-03 6.143199218750000000e+03
2.017272170633077621e-03 4.558850585937500000e+03
3.025908255949616432e-03 3.504617431640625000e+03
4.034544341266155243e-03 2.728993408203125000e+03
5.043180659413337708e-03 2.118761962890625000e+03
6.051816511899232864e-03 1.698090942382812500e+03
7.060452364385128021e-03 1.344195922851562500e+03
8.069088682532310486e-03 1.100000000000000000e+03
9.077725000679492950e-03 9.114144287109375000e+02
1.008636131882667542e-02 7.533917846679687500e+02
1.109499670565128326e-02 6.366107177734375000e+02
1.210363302379846573e-02 5.294353637695312500e+02
1.311226934194564819e-02 4.518179016113281250e+02
1.412090472877025604e-02 3.839273376464843750e+02
1.512954104691743851e-02 3.292253723144531250e+02
1.613817736506462097e-02 2.870390930175781250e+02
1.714681275188922882e-02 2.496991424560546875e+02
1.815545000135898590e-02 2.196573791503906250e+02
1.916408538818359375e-02 1.914962768554687500e+02
2.017272263765335083e-02 1.671083374023437500e+02
2.118135802447795868e-02 1.502813110351562500e+02
2.218999341130256653e-02 1.315769805908203125e+02
2.319863066077232361e-02 1.165453796386718750e+02
2.420726604759693146e-02 1.050681152343750000e+02
2.521590143442153931e-02 9.497286224365234375e+01
2.622453868389129639e-02 8.560634613037109375e+01
2.723317407071590424e-02 7.738903045654296875e+01
2.824180945754051208e-02 6.989691925048828125e+01
2.925044670701026917e-02 6.377569961547851562e+01
3.025908209383487701e-02 5.756042480468750000e+01
3.126771748065948486e-02 5.389122772216796875e+01
3.227635473012924194e-02 4.884359741210937500e+01
3.328499197959899902e-02 4.472950363159179688e+01
3.429362550377845764e-02 4.221148681640625000e+01
3.530226275324821472e-02 3.901274490356445312e+01
3.631090000271797180e-02 3.589179992675781250e+01
3.731953352689743042e-02 3.269188690185546875e+01
3.832817077636718750e-02 3.087336540222167969e+01
3.933680802583694458e-02 2.870650863647460938e+01
4.034544527530670166e-02 2.658321762084960938e+01
4.135407879948616028e-02 2.502483367919921875e+01
4.236271604895591736e-02 2.345957183837890625e+01
4.337135329842567444e-02 2.156367492675781250e+01
4.437998682260513306e-02 2.065444374084472656e+01
4.538862407207489014e-02 1.912719917297363281e+01
4.639726132154464722e-02 1.800200462341308594e+01
4.740589484572410583e-02 1.707223320007324219e+01
4.841453209519386292e-02 1.600974655151367188e+01
4.942316934466362000e-02 1.531669616699218750e+01
5.043180286884307861e-02 1.463619518280029297e+01
5.144044011831283569e-02 1.372608375549316406e+01
5.244907736778259277e-02 1.287139797210693359e+01
5.345771089196205139e-02 1.224594688415527344e+01
5.446634814143180847e-02 1.184912490844726562e+01
5.547498539090156555e-02 1.120121669769287109e+01
5.648361891508102417e-02 1.073434734344482422e+01
5.749225616455078125e-02 1.044550323486328125e+01
5.850089341402053833e-02 9.795256614685058594e+00
5.950953066349029541e-02 9.538174629211425781e+00
6.051816418766975403e-02 9.023081779479980469e+00
6.152680143713951111e-02 8.570073127746582031e+00
6.253543496131896973e-02 8.180597305297851562e+00
6.354407221078872681e-02 7.930233478546142578e+00
6.455270946025848389e-02 7.667991638183593750e+00
6.556134670972824097e-02 7.373803615570068359e+00
6.656998395919799805e-02 7.074481487274169922e+00
6.757862120866775513e-02 6.919206619262695312e+00
6.858725100755691528e-02 6.606134891510009766e+00
6.959588825702667236e-02 6.510426521301269531e+00
7.060452550649642944e-02 6.215884685516357422e+00
7.161316275596618652e-02 5.986907482147216797e+00
7.262180000543594360e-02 5.829481124877929688e+00
7.363043725490570068e-02 5.626545429229736328e+00
7.463906705379486084e-02 5.553234577178955078e+00
7.564770430326461792e-02 5.301502704620361328e+00
7.665634155273437500e-02 5.206964015960693359e+00
7.766497880220413208e-02 5.069293022155761719e+00
7.867361605167388916e-02 4.931428432464599609e+00
7.968225330114364624e-02 4.872613906860351562e+00
8.069089055061340332e-02 4.744163036346435547e+00
8.169952034950256348e-02 4.624046802520751953e+00
8.270815759897232056e-02 4.524636745452880859e+00
8.371679484844207764e-02 4.413930892944335938e+00
8.472543209791183472e-02 4.360187053680419922e+00
8.573406934738159180e-02 4.253838539123535156e+00
8.674270659685134888e-02 4.119014263153076172e+00
8.775133639574050903e-02 3.992029428482055664e+00
8.875997364521026611e-02 3.881783485412597656e+00
8.976861089468002319e-02 3.923560380935668945e+00
9.077724814414978027e-02 3.852420091629028320e+00
9.178588539361953735e-02 3.787724733352661133e+00
9.279452264308929443e-02 3.763463735580444336e+00
9.380315244197845459e-02 3.606927633285522461e+00
9.481178969144821167e-02 3.600614786148071289e+00
9.582042694091796875e-02 3.468806028366088867e+00
9.682906419038772583e-02 3.441402912139892578e+00
9.783770143985748291e-02 3.410479784011840820e+00
9.884633868932723999e-02 3.405177593231201172e+00
9.985497593879699707e-02 3.327759742736816406e+00
1.008636057376861572e-01 3.250924825668334961e+00
1.018722429871559143e-01 3.215021610260009766e+00
1.028808802366256714e-01 3.216752767562866211e+00
1.038895174860954285e-01 3.170711755752563477e+00
1.048981547355651855e-01 3.170095205307006836e+00
1.059067919850349426e-01 3.065419435501098633e+00
1.069154217839241028e-01 3.052536010742187500e+00
1.079240590333938599e-01 2.974035024642944336e+00
1.089326962828636169e-01 3.002667188644409180e+00
1.099413335323333740e-01 2.913882017135620117e+00
1.109499707818031311e-01 2.949836492538452148e+00
1.119586080312728882e-01 2.980530261993408203e+00
1.129672378301620483e-01 2.871379852294921875e+00
1.139758750796318054e-01 2.805888175964355469e+00
1.149845123291015625e-01 2.805988788604736328e+00
1.159931495785713196e-01 2.755686044692993164e+00
1.170017868280410767e-01 2.748873472213745117e+00
1.180104240775108337e-01 2.738675832748413086e+00
1.190190613269805908e-01 2.703879356384277344e+00
1.200276911258697510e-01 2.695525884628295898e+00
1.210363283753395081e-01 2.664856195449829102e+00
1.220449656248092651e-01 2.647566556930541992e+00
1.230536028742790222e-01 2.583025455474853516e+00
1.240622401237487793e-01 2.623372077941894531e+00
1.250708699226379395e-01 2.531028747558593750e+00
1.260795146226882935e-01 2.575498104095458984e+00
1.270881444215774536e-01 2.563174486160278320e+00
1.280967891216278076e-01 2.538491249084472656e+00
1.291054189205169678e-01 2.443792581558227539e+00
1.301140487194061279e-01 2.456346750259399414e+00
1.311226934194564819e-01 2.494163036346435547e+00
1.321313232183456421e-01 2.450509786605834961e+00
1.331399679183959961e-01 2.454118251800537109e+00
1.341485977172851562e-01 2.437224388122558594e+00
1.351572424173355103e-01 2.410149574279785156e+00
1.361658722162246704e-01 2.406089067459106445e+00
1.371745020151138306e-01 2.441070795059204102e+00
1.381831467151641846e-01 2.412529706954956055e+00
1.391917765140533447e-01 2.383786439895629883e+00
1.402004212141036987e-01 2.377730846405029297e+00
1.412090510129928589e-01 2.404186487197875977e+00
1.422176808118820190e-01 2.347072601318359375e+00
1.432263255119323730e-01 2.350480794906616211e+00
1.442349553108215332e-01 2.360306978225708008e+00
1.452436000108718872e-01 2.341515064239501953e+00
1.462522298097610474e-01 2.311020851135253906e+00
1.472608745098114014e-01 2.312299489974975586e+00
1.482695043087005615e-01 2.328112363815307617e+00
1.492781341075897217e-01 2.345369100570678711e+00
1.502867788076400757e-01 2.317828178405761719e+00
1.512954086065292358e-01 2.331975936889648438e+00
1.523040533065795898e-01 2.314606428146362305e+00
1.533126831054687500e-01 2.276821851730346680e+00
1.543213278055191040e-01 2.243577718734741211e+00
1.553299576044082642e-01 2.272776603698730469e+00
1.563385874032974243e-01 2.255889415740966797e+00
1.573472321033477783e-01 2.279240369796752930e+00
1.583558619022369385e-01 2.234270811080932617e+00
1.593645066022872925e-01 2.197206974029541016e+00
1.603731364011764526e-01 2.246021747589111328e+00
1.613817811012268066e-01 2.228477954864501953e+00
1.623904109001159668e-01 2.215860605239868164e+00
1.633990406990051270e-01 2.180363893508911133e+00
1.644076853990554810e-01 2.182937145233154297e+00
1.654163151979446411e-01 2.164090394973754883e+00
1.664249598979949951e-01 2.206772089004516602e+00
1.674335896968841553e-01 2.210170745849609375e+00
1.684422194957733154e-01 2.205434083938598633e+00
1.694508641958236694e-01 2.194339752197265625e+00
1.704594939947128296e-01 2.201912403106689453e+00
1.714681386947631836e-01 2.182118654251098633e+00
1.724767684936523438e-01 2.188476085662841797e+00
1.734854131937026978e-01 2.185138463973999023e+00
1.744940429925918579e-01 2.207192897796630859e+00
1.755026727914810181e-01 2.183903694152832031e+00
1.765113174915313721e-01 2.203378438949584961e+00
1.775199472904205322e-01 2.153555154800415039e+00
1.785285919904708862e-01 2.165990829467773438e+00
1.795372217893600464e-01 2.125328779220581055e+00
1.805458664894104004e-01 2.162248611450195312e+00
1.815544962882995605e-01 2.137438297271728516e+00
1.825631260871887207e-01 2.170223236083984375e+00
1.835717707872390747e-01 2.159631729125976562e+00
1.845804005861282349e-01 2.189171552658081055e+00
1.855890452861785889e-01 2.163608312606811523e+00
1.865976750850677490e-01 2.140272617340087891e+00
1.876063048839569092e-01 2.166640996932983398e+00
1.886149495840072632e-01 2.126310110092163086e+00
1.896235793828964233e-01 2.116684913635253906e+00
1.906322240829467773e-01 2.130365848541259766e+00
1.916408538818359375e-01 2.117758750915527344e+00
1.926494985818862915e-01 2.163255929946899414e+00
1.936581283807754517e-01 2.139731645584106445e+00
1.946667581796646118e-01 2.139199733734130859e+00
1.956754028797149658e-01 2.128880023956298828e+00
1.966840326786041260e-01 2.135352611541748047e+00
1.976926773786544800e-01 2.124197959899902344e+00
1.987013071775436401e-01 2.139320373535156250e+00
1.997099518775939941e-01 2.114875555038452148e+00
2.007185816764831543e-01 2.108312368392944336e+00
2.017272114753723145e-01 2.143330335617065430e+00
2.027358561754226685e-01 2.127508878707885742e+00
2.037444859743118286e-01 2.105612993240356445e+00
2.047531306743621826e-01 2.088605403900146484e+00
2.057617604732513428e-01 2.135783910751342773e+00
2.067703902721405029e-01 2.126070261001586914e+00
2.077790349721908569e-01 2.134489774703979492e+00
2.087876647710800171e-01 2.135850667953491211e+00
2.097963094711303711e-01 2.120138406753540039e+00
2.108049392700195312e-01 2.095742940902709961e+00
2.118135839700698853e-01 2.114161252975463867e+00
2.128222137689590454e-01 2.144837856292724609e+00
2.138308435678482056e-01 2.116616487503051758e+00
2.148394882678985596e-01 2.101491689682006836e+00
2.158481180667877197e-01 2.114285945892333984e+00
2.168567627668380737e-01 2.152755260467529297e+00
2.178653925657272339e-01 2.184546470642089844e+00
2.188740372657775879e-01 2.116705179214477539e+00
2.198826670646667480e-01 2.112284898757934570e+00
2.208912968635559082e-01 2.154938459396362305e+00
2.218999415636062622e-01 2.134261131286621094e+00
2.229085713624954224e-01 2.121139287948608398e+00
2.239172160625457764e-01 2.140295267105102539e+00
2.249258458614349365e-01 2.127960681915283203e+00
2.259344756603240967e-01 2.188336372375488281e+00
2.269431203603744507e-01 2.142672538757324219e+00
2.279517501592636108e-01 2.145224809646606445e+00
2.289603948593139648e-01 2.185817956924438477e+00
2.299690246582031250e-01 2.146095275878906250e+00
2.309776693582534790e-01 2.144398927688598633e+00
2.319862991571426392e-01 2.150263786315917969e+00
2.329949289560317993e-01 2.136231184005737305e+00
2.340035736560821533e-01 2.141738176345825195e+00
2.350122034549713135e-01 2.151118993759155273e+00
2.360208481550216675e-01 2.188351154327392578e+00
2.370294779539108276e-01 2.146017313003540039e+00
2.380381226539611816e-01 2.153025865554809570e+00
2.390467524528503418e-01 2.122431516647338867e+00
2.400553822517395020e-01 2.095765590667724609e+00
2.410640269517898560e-01 2.132633686065673828e+00
2.420726567506790161e-01 2.173217296600341797e+00
2.430813014507293701e-01 2.283198595046997070e+00
2.440899312496185303e-01 2.137180328369140625e+00
2.450985759496688843e-01 2.144121885299682617e+00
2.461072057485580444e-01 2.138988018035888672e+00
2.471158355474472046e-01 2.155397415161132812e+00
2.481244802474975586e-01 2.194907426834106445e+00
2.491331100463867188e-01 2.162370204925537109e+00
2.501417398452758789e-01 2.177123069763183594e+00
2.511503994464874268e-01 2.169749021530151367e+00
2.521590292453765869e-01 2.187163114547729492e+00
2.531676590442657471e-01 2.177987813949584961e+00
2.541762888431549072e-01 2.140671968460083008e+00
2.551849186420440674e-01 2.172317743301391602e+00
2.561935782432556152e-01 2.223232030868530273e+00
2.572022080421447754e-01 2.171787023544311523e+00
2.582108378410339355e-01 2.176091432571411133e+00
2.592194676399230957e-01 2.172051668167114258e+00
2.602280974388122559e-01 2.115377664566040039e+00
2.612367570400238037e-01 2.168951988220214844e+00
2.622453868389129639e-01 2.182217836380004883e+00
2.632540166378021240e-01 2.158957958221435547e+00
2.642626464366912842e-01 2.192066192626953125e+00
2.652712762355804443e-01 2.208570003509521484e+00
2.662799358367919922e-01 2.190631866455078125e+00
2.672885656356811523e-01 2.159833431243896484e+00
2.682971954345703125e-01 2.192655801773071289e+00
2.693058252334594727e-01 2.202922821044921875e+00
2.703144848346710205e-01 2.204836130142211914e+00
2.713231146335601807e-01 2.186818838119506836e+00
2.723317444324493408e-01 2.213306427001953125e+00
2.733403742313385010e-01 2.192810297012329102e+00
2.743490040302276611e-01 2.203569889068603516e+00
2.753576636314392090e-01 2.217629671096801758e+00
2.763662934303283691e-01 2.237906932830810547e+00
2.773749232292175293e-01 2.215273857116699219e+00
2.783835530281066895e-01 2.242120027542114258e+00
2.793921828269958496e-01 2.234187364578247070e+00
2.804008424282073975e-01 2.197943687438964844e+00
2.814094722270965576e-01 2.200525760650634766e+00
2.824181020259857178e-01 2.222600698471069336e+00
2.834267318248748779e-01 2.250652074813842773e+00
2.844353616237640381e-01 2.251636028289794922e+00
2.854440212249755859e-01 2.227757692337036133e+00
2.864526510238647461e-01 2.233555555343627930e+00
2.874612808227539062e-01 2.228784799575805664e+00
2.884699106216430664e-01 2.225769281387329102e+00
2.894785702228546143e-01 2.260026454925537109e+00
2.904872000217437744e-01 2.234290361404418945e+00
2.914958298206329346e-01 2.208753585815429688e+00
2.925044596195220947e-01 2.233671665191650391e+00
2.935130894184112549e-01 2.251824617385864258e+00
2.945217490196228027e-01 2.244294643402099609e+00
2.955303788185119629e-01 2.234207153320312500e+00
2.965390086174011230e-01 2.281136751174926758e+00
2.975476384162902832e-01 2.291456937789916992e+00
2.985562682151794434e-01 2.280269145965576172e+00
2.995649278163909912e-01 2.273545503616333008e+00
3.005735576152801514e-01 2.275909185409545898e+00
3.015821874141693115e-01 2.282434463500976562e+00
3.025908172130584717e-01 2.259653091430664062e+00
3.035994470119476318e-01 2.284501075744628906e+00
3.046081066131591797e-01 2.288944959640502930e+00
3.056167364120483398e-01 2.298519134521484375e+00
3.066253662109375000e-01 2.300945997238159180e+00
3.076339960098266602e-01 2.275995016098022461e+00
3.086426556110382080e-01 2.319483518600463867e+00
3.096512854099273682e-01 2.317729711532592773e+00
3.106599152088165283e-01 2.325952291488647461e+00
3.116685450077056885e-01 2.307435750961303711e+00
3.126771748065948486e-01 2.286151409149169922e+00
3.136858344078063965e-01 2.342682838439941406e+00
3.146944642066955566e-01 2.347013711929321289e+00
3.157030940055847168e-01 2.329417467117309570e+00
3.167117238044738770e-01 2.313324451446533203e+00
3.177203536033630371e-01 2.292508602142333984e+00
3.187290132045745850e-01 2.279361963272094727e+00
3.197376430034637451e-01 2.328962802886962891e+00
3.207462728023529053e-01 2.292209625244140625e+00
3.217549026012420654e-01 2.321255207061767578e+00
3.227635622024536133e-01 2.338096618652343750e+00
3.237721920013427734e-01 2.354447126388549805e+00
3.247808218002319336e-01 2.355174541473388672e+00
3.257894515991210938e-01 2.335858345031738281e+00
3.267980813980102539e-01 2.321947097778320312e+00
3.278067409992218018e-01 2.331228256225585938e+00
3.288153707981109619e-01 2.360768318176269531e+00
3.298240005970001221e-01 2.336154460906982422e+00
3.308326303958892822e-01 2.356139659881591797e+00
3.318412601947784424e-01 2.340356588363647461e+00
3.328499197959899902e-01 2.346787929534912109e+00
3.338585495948791504e-01 2.354516267776489258e+00
3.348671793937683105e-01 2.381604909896850586e+00
3.358758091926574707e-01 2.373285055160522461e+00
3.368844389915466309e-01 2.386716127395629883e+00
3.378930985927581787e-01 2.378376483917236328e+00
3.389017283916473389e-01 2.359277248382568359e+00
3.399103581905364990e-01 2.391377449035644531e+00
3.409189879894256592e-01 2.412851572036743164e+00
3.419276475906372070e-01 2.395426034927368164e+00
3.429362773895263672e-01 2.419453620910644531e+00
3.439449071884155273e-01 2.404838323593139648e+00
3.449535369873046875e-01 2.394170761108398438e+00
3.459621667861938477e-01 2.382848739624023438e+00
3.469708263874053955e-01 2.413488149642944336e+00
3.479794561862945557e-01 2.386216878890991211e+00
3.489880859851837158e-01 2.377835512161254883e+00
3.499967157840728760e-01 2.377501726150512695e+00
3.510053455829620361e-01 2.390994310379028320e+00
3.520140051841735840e-01 2.375860452651977539e+00
3.530226349830627441e-01 2.408427476882934570e+00
3.540312647819519043e-01 2.375997781753540039e+00
3.550398945808410645e-01 2.428477764129638672e+00
3.560485243797302246e-01 2.414473295211791992e+00
3.570571839809417725e-01 2.438142776489257812e+00
3.580658137798309326e-01 2.392619848251342773e+00
3.590744435787200928e-01 2.404918670654296875e+00
3.600830733776092529e-01 2.410391807556152344e+00
3.610917329788208008e-01 2.399663925170898438e+00
3.621003627777099609e-01 2.369871377944946289e+00
3.631089925765991211e-01 2.396174669265747070e+00
3.641176223754882812e-01 2.375860214233398438e+00
3.651262521743774414e-01 2.430478334426879883e+00
3.661349117755889893e-01 2.430190801620483398e+00
3.671435415744781494e-01 2.420651197433471680e+00
3.681521713733673096e-01 2.432901382446289062e+00
3.691608011722564697e-01 2.431605100631713867e+00
3.701694309711456299e-01 2.414033651351928711e+00
3.711780905723571777e-01 2.431917428970336914e+00
3.721867203712463379e-01 2.436237812042236328e+00
3.731953501701354980e-01 2.425805568695068359e+00
3.742039799690246582e-01 2.463670969009399414e+00
3.752126097679138184e-01 2.437534093856811523e+00
3.762212693691253662e-01 2.465178251266479492e+00
3.772298991680145264e-01 2.448251962661743164e+00
3.782385289669036865e-01 2.440453052520751953e+00
3.792471587657928467e-01 2.452527046203613281e+00
3.802558183670043945e-01 2.448263168334960938e+00
3.812644481658935547e-01 2.464528322219848633e+00
3.822730779647827148e-01 2.455392122268676758e+00
3.832817077636718750e-01 2.462067365646362305e+00
3.842903375625610352e-01 2.457422256469726562e+00
3.852989971637725830e-01 2.462125778198242188e+00
3.863076269626617432e-01 2.443494558334350586e+00
3.873162567615509033e-01 2.437384605407714844e+00
3.883248865604400635e-01 2.450823545455932617e+00
3.893335163593292236e-01 2.444684982299804688e+00
3.903421759605407715e-01 2.421532869338989258e+00
3.913508057594299316e-01 2.429842710494995117e+00
3.923594355583190918e-01 2.432017803192138672e+00
3.933680653572082520e-01 2.465946435928344727e+00
3.943766951560974121e-01 2.459732532501220703e+00
3.953853547573089600e-01 2.460916996002197266e+00
3.963939845561981201e-01 2.489426374435424805e+00
3.974026143550872803e-01 2.455793619155883789e+00
3.984112441539764404e-01 2.442713499069213867e+00
3.994199037551879883e-01 2.448184967041015625e+00
4.004285335540771484e-01 2.470952987670898438e+00
4.014371633529663086e-01 2.461664676666259766e+00
4.024457931518554688e-01 2.437036275863647461e+00
4.034544229507446289e-01 2.462636709213256836e+00
4.044630825519561768e-01 2.449454784393310547e+00
4.054717123508453369e-01 2.456620931625366211e+00
4.064803421497344971e-01 2.430110692977905273e+00
4.074889719486236572e-01 2.432697534561157227e+00
4.084976017475128174e-01 2.453816175460815430e+00
4.095062613487243652e-01 2.468426942825317383e+00
4.105148911476135254e-01 2.465240240097045898e+00
4.115235209465026855e-01 2.464168548583984375e+00
4.125321507453918457e-01 2.466966867446899414e+00
4.135407805442810059e-01 2.458193540573120117e+00
4.145494401454925537e-01 2.461003065109252930e+00
4.155580699443817139e-01 2.448804616928100586e+00
4.165666997432708740e-01 2.449587345123291016e+00
4.175753295421600342e-01 2.428732633590698242e+00
4.185839891433715820e-01 2.455058813095092773e+00
4.195926189422607422e-01 2.435612440109252930e+00
4.206012487411499023e-01 2.426055192947387695e+00
4.216098785400390625e-01 2.464972496032714844e+00
4.226185083389282227e-01 2.465356349945068359e+00
4.236271679401397705e-01 2.459271907806396484e+00
4.246357977390289307e-01 2.465952157974243164e+00
4.256444275379180908e-01 2.468840599060058594e+00
4.266530573368072510e-01 2.445854425430297852e+00
4.276616871356964111e-01 2.441115617752075195e+00
4.286703467369079590e-01 2.486438512802124023e+00
4.296789765357971191e-01 2.440402269363403320e+00
4.306876063346862793e-01 2.479494571685791016e+00
4.316962361335754395e-01 2.441285848617553711e+00
4.327048659324645996e-01 2.451077699661254883e+00
4.337135255336761475e-01 2.438504457473754883e+00
4.347221553325653076e-01 2.440138578414916992e+00
4.357307851314544678e-01 2.429791212081909180e+00
4.367394149303436279e-01 2.466536045074462891e+00
4.377480745315551758e-01 2.451207876205444336e+00
4.387567043304443359e-01 2.437939167022705078e+00
4.397653341293334961e-01 2.432539224624633789e+00
4.407739639282226562e-01 2.429410219192504883e+00
4.417825937271118164e-01 2.411575078964233398e+00
4.427912533283233643e-01 2.452658414840698242e+00
4.437998831272125244e-01 2.439090728759765625e+00
4.448085129261016846e-01 2.433961629867553711e+00
4.458171427249908447e-01 2.439078330993652344e+00
4.468257725238800049e-01 2.444059371948242188e+00
4.478344321250915527e-01 2.445472478866577148e+00
4.488430619239807129e-01 2.416668415069580078e+00
4.498516917228698730e-01 2.427618741989135742e+00
4.508603215217590332e-01 2.429351091384887695e+00
4.518689513206481934e-01 2.430604934692382812e+00
4.528776109218597412e-01 2.408865690231323242e+00
4.538862407207489014e-01 2.435878276824951172e+00
4.548948705196380615e-01 2.436821460723876953e+00
4.559035003185272217e-01 2.400473594665527344e+00
4.569121599197387695e-01 2.449071645736694336e+00
4.579207897186279297e-01 2.420589447021484375e+00
4.589294195175170898e-01 2.403708696365356445e+00
4.599380493164062500e-01 2.380947828292846680e+00
4.609466791152954102e-01 2.407030105590820312e+00
4.619553387165069580e-01 2.385225057601928711e+00
4.629639685153961182e-01 2.409579515457153320e+00
4.639725983142852783e-01 2.422486543655395508e+00
4.649812281131744385e-01 2.400921344757080078e+00
4.659898579120635986e-01 2.412838697433471680e+00
4.669985175132751465e-01 2.419114112854003906e+00
4.680071473121643066e-01 2.415307044982910156e+00
4.690157771110534668e-01 2.403747081756591797e+00
4.700244069099426270e-01 2.411207199096679688e+00
4.710330665111541748e-01 2.420734643936157227e+00
4.720416963100433350e-01 2.405113935470581055e+00
4.730503261089324951e-01 2.405127286911010742e+00
4.740589559078216553e-01 2.391887426376342773e+00
4.750675857067108154e-01 2.389420509338378906e+00
4.760762453079223633e-01 2.416772365570068359e+00
4.770848751068115234e-01 2.382263898849487305e+00
4.780935049057006836e-01 2.351560592651367188e+00
4.791021347045898438e-01 2.368147134780883789e+00
4.801107645034790039e-01 2.380362749099731445e+00
4.811194241046905518e-01 2.373074293136596680e+00
4.821280539035797119e-01 2.386152267456054688e+00
4.831366837024688721e-01 2.361775636672973633e+00
4.841453135013580322e-01 2.375841379165649414e+00
4.851539433002471924e-01 2.393468141555786133e+00
4.861626029014587402e-01 2.365927696228027344e+00
4.871712327003479004e-01 2.373193740844726562e+00
4.881798624992370605e-01 2.375420331954956055e+00
4.891884922981262207e-01 2.346427917480468750e+00
4.901971518993377686e-01 2.337824821472167969e+00
4.912057816982269287e-01 2.360997676849365234e+00
4.922144114971160889e-01 2.341344118118286133e+00
4.932230412960052490e-01 2.331102609634399414e+00
4.942316710948944092e-01 2.348529338836669922e+00
4.952403306961059570e-01 2.364941358566284180e+00
4.962489604949951172e-01 2.330021858215332031e+00
4.972575902938842773e-01 2.360060453414916992e+00
4.982662200927734375e-01 2.346040248870849609e+00
4.992748498916625977e-01 2.362881660461425781e+00
5.002834796905517578e-01 2.316274642944335938e+00
5.012921094894409180e-01 2.326121330261230469e+00
5.023007988929748535e-01 2.341394424438476562e+00
5.033094286918640137e-01 2.343687534332275391e+00
5.043180584907531738e-01 2.415623903274536133e+00
5.053266882896423340e-01 2.381335258483886719e+00
5.063353180885314941e-01 2.315628290176391602e+00
5.073439478874206543e-01 2.340133905410766602e+00
5.083525776863098145e-01 2.327101945877075195e+00
5.093612074851989746e-01 2.306209564208984375e+00
5.103698372840881348e-01 2.324697017669677734e+00
5.113784670829772949e-01 2.346379518508911133e+00
5.123871564865112305e-01 2.302345991134643555e+00
5.133957862854003906e-01 2.309937477111816406e+00
5.144044160842895508e-01 2.327457904815673828e+00
5.154130458831787109e-01 2.341590642929077148e+00
5.164216756820678711e-01 2.336361646652221680e+00
5.174303054809570312e-01 2.361216545104980469e+00
5.184389352798461914e-01 2.344459056854248047e+00
5.194475650787353516e-01 2.329942464828491211e+00
5.204561948776245117e-01 2.335406541824340820e+00
5.214648842811584473e-01 2.301887035369873047e+00
5.224735140800476074e-01 2.315247774124145508e+00
5.234821438789367676e-01 2.326474666595458984e+00
5.244907736778259277e-01 2.294538259506225586e+00
5.254994034767150879e-01 2.337329149246215820e+00
5.265080332756042480e-01 2.317956209182739258e+00
5.275166630744934082e-01 2.303873777389526367e+00
5.285252928733825684e-01 2.328151702880859375e+00
5.295339226722717285e-01 2.322790384292602539e+00
5.305425524711608887e-01 2.301261901855468750e+00
5.315512418746948242e-01 2.304135799407958984e+00
5.325598716735839844e-01 2.323424577713012695e+00
5.335685014724731445e-01 2.288586854934692383e+00
5.345771312713623047e-01 2.301365613937377930e+00
5.355857610702514648e-01 2.293875455856323242e+00
5.365943908691406250e-01 2.317164897918701172e+00
5.376030206680297852e-01 2.304280281066894531e+00
5.386116504669189453e-01 2.293389081954956055e+00
5.396202802658081055e-01 2.295129299163818359e+00
5.406289696693420410e-01 2.306150197982788086e+00
5.416375994682312012e-01 2.324493169784545898e+00
5.426462292671203613e-01 2.310451030731201172e+00
5.436548590660095215e-01 2.292654275894165039e+00
5.446634888648986816e-01 2.295591354370117188e+00
5.456721186637878418e-01 2.305288314819335938e+00
5.466807484626770020e-01 2.308207273483276367e+00
5.476893782615661621e-01 2.319990158081054688e+00
5.486980080604553223e-01 2.317256450653076172e+00
5.497066378593444824e-01 2.303850650787353516e+00
5.507153272628784180e-01 2.310002803802490234e+00
5.517239570617675781e-01 2.316386699676513672e+00
5.527325868606567383e-01 2.279800176620483398e+00
5.537412166595458984e-01 2.296892404556274414e+00
5.547498464584350586e-01 2.324724435806274414e+00
5.557584762573242188e-01 2.302481412887573242e+00
5.567671060562133789e-01 2.275510072708129883e+00
5.577757358551025391e-01 2.280690908432006836e+00
5.587843656539916992e-01 2.299415111541748047e+00
5.597930550575256348e-01 2.310932159423828125e+00
5.608016848564147949e-01 2.267108440399169922e+00
5.618103146553039551e-01 2.272838354110717773e+00
5.628189444541931152e-01 2.274141311645507812e+00
5.638275742530822754e-01 2.275523185729980469e+00
5.648362040519714355e-01 2.284093856811523438e+00
5.658448338508605957e-01 2.304183959960937500e+00
5.668534636497497559e-01 2.293529033660888672e+00
5.678620934486389160e-01 2.254578828811645508e+00
5.688707232475280762e-01 2.242439031600952148e+00
5.698794126510620117e-01 2.277589082717895508e+00
5.708880424499511719e-01 2.273045778274536133e+00
5.718966722488403320e-01 2.284847021102905273e+00
5.729053020477294922e-01 2.269690275192260742e+00
5.739139318466186523e-01 2.277785778045654297e+00
5.749225616455078125e-01 2.271035671234130859e+00
5.759311914443969727e-01 2.273659706115722656e+00
5.769398212432861328e-01 2.256844520568847656e+00
5.779484510421752930e-01 2.259682416915893555e+00
5.789571404457092285e-01 2.274210453033447266e+00
5.799657702445983887e-01 2.261945486068725586e+00
5.809744000434875488e-01 2.239033222198486328e+00
5.819830298423767090e-01 2.267792701721191406e+00
5.829916596412658691e-01 2.253900289535522461e+00
5.840002894401550293e-01 2.284214735031127930e+00
5.850089192390441895e-01 2.303052425384521484e+00
5.860175490379333496e-01 2.286656141281127930e+00
5.870261788368225098e-01 2.270602226257324219e+00
5.880348086357116699e-01 2.268688201904296875e+00
5.890434980392456055e-01 2.307911872863769531e+00
5.900521278381347656e-01 2.292619466781616211e+00
5.910607576370239258e-01 2.292457580566406250e+00
5.920693874359130859e-01 2.277164220809936523e+00
5.930780172348022461e-01 2.269211053848266602e+00
5.940866470336914062e-01 2.257271766662597656e+00
5.950952768325805664e-01 2.262291669845581055e+00
5.961039066314697266e-01 2.260219335556030273e+00
5.971125364303588867e-01 2.255461692810058594e+00
5.981212258338928223e-01 2.234960317611694336e+00
5.991298556327819824e-01 2.266980409622192383e+00
6.001384854316711426e-01 2.274430751800537109e+00
6.011471152305603027e-01 2.256360769271850586e+00
6.021557450294494629e-01 2.225944995880126953e+00
6.031643748283386230e-01 2.262627840042114258e+00
6.041730046272277832e-01 2.254646539688110352e+00
6.051816344261169434e-01 2.291037559509277344e+00
6.061902642250061035e-01 2.263651371002197266e+00
6.071988940238952637e-01 2.272148609161376953e+00
6.082075834274291992e-01 2.267064571380615234e+00
6.092162132263183594e-01 2.264285087585449219e+00
6.102248430252075195e-01 2.266117095947265625e+00
6.112334728240966797e-01 2.261681556701660156e+00
6.122421026229858398e-01 2.290832042694091797e+00
6.132507324218750000e-01 2.250012397766113281e+00
6.142593622207641602e-01 2.270688295364379883e+00
6.152679920196533203e-01 2.250317573547363281e+00
6.162766218185424805e-01 2.275682210922241211e+00
6.172853112220764160e-01 2.261676073074340820e+00
6.182939410209655762e-01 2.239350795745849609e+00
6.193025708198547363e-01 2.284843206405639648e+00
6.203112006187438965e-01 2.273993492126464844e+00
6.213198304176330566e-01 2.273724079132080078e+00
6.223284602165222168e-01 2.280863523483276367e+00
6.233370900154113770e-01 2.270040273666381836e+00
6.243457198143005371e-01 2.285969257354736328e+00
6.253543496131896973e-01 2.264600038528442383e+00
6.263629794120788574e-01 2.258254289627075195e+00
6.273716688156127930e-01 2.240873336791992188e+00
6.283802986145019531e-01 2.242707490921020508e+00
6.293889284133911133e-01 2.266258001327514648e+00
6.303975582122802734e-01 2.250540971755981445e+00
6.314061880111694336e-01 2.284715890884399414e+00
6.324148178100585938e-01 2.270338296890258789e+00
6.334234476089477539e-01 2.266600847244262695e+00
6.344320774078369141e-01 2.267428159713745117e+00
6.354407072067260742e-01 2.273472547531127930e+00
6.364493966102600098e-01 2.247564554214477539e+00
6.374580264091491699e-01 2.268643140792846680e+00
6.384666562080383301e-01 2.263773441314697266e+00
6.394752860069274902e-01 2.275383234024047852e+00
6.404839158058166504e-01 2.270408868789672852e+00
6.414925456047058105e-01 2.274068593978881836e+00
6.425011754035949707e-01 2.281461715698242188e+00
6.435098052024841309e-01 2.266170501708984375e+00
6.445184350013732910e-01 2.284745454788208008e+00
6.455271244049072266e-01 2.300265789031982422e+00
6.465357542037963867e-01 2.309520483016967773e+00
6.475443840026855469e-01 2.321198701858520508e+00
6.485530138015747070e-01 2.288226604461669922e+00
6.495616436004638672e-01 2.284958600997924805e+00
6.505702733993530273e-01 2.264671802520751953e+00
6.515789031982421875e-01 2.269846439361572266e+00
6.525875329971313477e-01 2.295598983764648438e+00
6.535961627960205078e-01 2.315459251403808594e+00
6.546047925949096680e-01 2.317645788192749023e+00
6.556134819984436035e-01 2.276406288146972656e+00
6.566221117973327637e-01 2.273027658462524414e+00
6.576307415962219238e-01 2.275264739990234375e+00
6.586393713951110840e-01 2.293403863906860352e+00
6.596480011940002441e-01 2.309675455093383789e+00
6.606566309928894043e-01 2.321180820465087891e+00
6.616652607917785645e-01 2.314196109771728516e+00
6.626738905906677246e-01 2.326227426528930664e+00
6.636825203895568848e-01 2.300269842147827148e+00
6.646912097930908203e-01 2.300369977951049805e+00
6.656998395919799805e-01 2.316637039184570312e+00
6.667084693908691406e-01 2.303867816925048828e+00
6.677170991897583008e-01 2.278901100158691406e+00
6.687257289886474609e-01 2.284466981887817383e+00
6.697343587875366211e-01 2.277997255325317383e+00
6.707429885864257812e-01 2.306903839111328125e+00
6.717516183853149414e-01 2.296187639236450195e+00
6.727602481842041016e-01 2.308003902435302734e+00
6.737688779830932617e-01 2.306467771530151367e+00
6.747775673866271973e-01 2.275049924850463867e+00
6.757861971855163574e-01 2.281836509704589844e+00
6.767948269844055176e-01 2.316057205200195312e+00
6.778034567832946777e-01 2.318480014801025391e+00
6.788120865821838379e-01 2.320172548294067383e+00
6.798207163810729980e-01 2.310371637344360352e+00
6.808293461799621582e-01 2.330656528472900391e+00
6.818379759788513184e-01 2.301421880722045898e+00
6.828466057777404785e-01 2.318543195724487305e+00
6.838552951812744141e-01 2.292537927627563477e+00
6.848639249801635742e-01 2.309598922729492188e+00
6.858725547790527344e-01 2.323083400726318359e+00
6.868811845779418945e-01 2.304455280303955078e+00
6.878898143768310547e-01 2.320996522903442383e+00
6.888984441757202148e-01 2.322677850723266602e+00
6.899070739746093750e-01 2.324482440948486328e+00
6.909157037734985352e-01 2.334268569946289062e+00
6.919243335723876953e-01 2.323747634887695312e+00
6.929329633712768555e-01 2.326509714126586914e+00
6.939416527748107910e-01 2.290808200836181641e+00
6.949502825736999512e-01 2.314162254333496094e+00
6.959589123725891113e-01 2.330812692642211914e+00
6.969675421714782715e-01 2.340318918228149414e+00
6.979761719703674316e-01 2.336346387863159180e+00
6.989848017692565918e-01 2.350615978240966797e+00
6.999934315681457520e-01 2.356939315795898438e+00
7.010020613670349121e-01 2.358622789382934570e+00
7.020106911659240723e-01 2.339960813522338867e+00
7.030193805694580078e-01 2.334629297256469727e+00
7.040280103683471680e-01 2.333878040313720703e+00
7.050366401672363281e-01 2.325964450836181641e+00
7.060452699661254883e-01 2.369758844375610352e+00
7.070538997650146484e-01 2.345971822738647461e+00
7.080625295639038086e-01 2.342693567276000977e+00
7.090711593627929688e-01 2.350910663604736328e+00
7.100797891616821289e-01 2.380428552627563477e+00
7.110884189605712891e-01 2.381971597671508789e+00
7.120970487594604492e-01 2.362002611160278320e+00
7.131057381629943848e-01 2.360595941543579102e+00
7.141143679618835449e-01 2.368750095367431641e+00
7.151229977607727051e-01 2.380426406860351562e+00
7.161316275596618652e-01 2.364544153213500977e+00
7.171402573585510254e-01 2.362344026565551758e+00
7.181488871574401855e-01 2.407478809356689453e+00
7.191575169563293457e-01 2.403365612030029297e+00
7.201661467552185059e-01 2.386570453643798828e+00
7.211747765541076660e-01 2.373982191085815430e+00
7.221834659576416016e-01 2.405155897140502930e+00
7.231920957565307617e-01 2.406899690628051758e+00
7.242007255554199219e-01 2.416605234146118164e+00
7.252093553543090820e-01 2.381728887557983398e+00
7.262179851531982422e-01 2.379797935485839844e+00
7.272266149520874023e-01 2.380140066146850586e+00
7.282352447509765625e-01 2.385694265365600586e+00
7.292438745498657227e-01 2.403676033020019531e+00
7.302525043487548828e-01 2.415337800979614258e+00
7.312611341476440430e-01 2.434298276901245117e+00
7.322698235511779785e-01 2.427249908447265625e+00
7.332784533500671387e-01 2.425068378448486328e+00
7.342870831489562988e-01 2.434827804565429688e+00
7.352957129478454590e-01 2.407672166824340820e+00
7.363043427467346191e-01 2.381867408752441406e+00
7.373129725456237793e-01 2.407958745956420898e+00
7.383216023445129395e-01 2.419650316238403320e+00
7.393302321434020996e-01 2.422367572784423828e+00
7.403388619422912598e-01 2.412725210189819336e+00
7.413475513458251953e-01 2.418052673339843750e+00
7.423561811447143555e-01 2.402398586273193359e+00
7.433648109436035156e-01 2.432898759841918945e+00
7.443734407424926758e-01 2.433935403823852539e+00
7.453820705413818359e-01 2.442928314208984375e+00
7.463907003402709961e-01 2.439490556716918945e+00
7.473993301391601562e-01 2.464295864105224609e+00
7.484079599380493164e-01 2.491173028945922852e+00
7.494165897369384766e-01 2.447532653808593750e+00
7.504252195358276367e-01 2.462206125259399414e+00
7.514339089393615723e-01 2.473711013793945312e+00
7.524425387382507324e-01 2.490867614746093750e+00
7.534511685371398926e-01 2.533231973648071289e+00
7.544597983360290527e-01 2.478831291198730469e+00
7.554684281349182129e-01 2.459182500839233398e+00
7.564770579338073730e-01 2.468933582305908203e+00
7.574856877326965332e-01 2.447243690490722656e+00
7.584943175315856934e-01 2.468440294265747070e+00
7.595029473304748535e-01 2.480855941772460938e+00
7.605116367340087891e-01 2.495861768722534180e+00
7.615202665328979492e-01 2.482163190841674805e+00
7.625288963317871094e-01 2.485925436019897461e+00
7.635375261306762695e-01 2.472774028778076172e+00
7.645461559295654297e-01 2.503674983978271484e+00
7.655547857284545898e-01 2.485328674316406250e+00
7.665634155273437500e-01 2.478349685668945312e+00
7.675720453262329102e-01 2.487271547317504883e+00
7.685806751251220703e-01 2.506428241729736328e+00
7.695893049240112305e-01 2.530447959899902344e+00
7.705979943275451660e-01 2.501472473144531250e+00
7.716066241264343262e-01 2.489074945449829102e+00
7.726152539253234863e-01 2.499819517135620117e+00
7.736238837242126465e-01 2.524204969406127930e+00
7.746325135231018066e-01 2.550625562667846680e+00
7.756411433219909668e-01 2.522226333618164062e+00
7.766497731208801270e-01 2.536238193511962891e+00
7.776584029197692871e-01 2.547344684600830078e+00
7.786670327186584473e-01 2.553011178970336914e+00
7.796757221221923828e-01 2.506621360778808594e+00
7.806843519210815430e-01 2.557105779647827148e+00
7.816929817199707031e-01 2.530303001403808594e+00
7.827016115188598633e-01 2.523423433303833008e+00
7.837102413177490234e-01 2.541223526000976562e+00
7.847188711166381836e-01 2.536421775817871094e+00
7.857275009155273438e-01 2.549365043640136719e+00
7.867361307144165039e-01 2.581598520278930664e+00
7.877447605133056641e-01 2.570122957229614258e+00
7.887533903121948242e-01 2.549719810485839844e+00
7.897620797157287598e-01 2.561683416366577148e+00
7.907707095146179199e-01 2.578271865844726562e+00
7.917793393135070801e-01 2.607264518737792969e+00
7.927879691123962402e-01 2.593233585357666016e+00
7.937965989112854004e-01 2.576179027557373047e+00
7.948052287101745605e-01 2.588641166687011719e+00
7.958138585090637207e-01 2.599863529205322266e+00
7.968224883079528809e-01 2.604365348815917969e+00
7.978311181068420410e-01 2.619730710983276367e+00
7.988398075103759766e-01 2.609669208526611328e+00
7.998484373092651367e-01 2.583713531494140625e+00
8.008570671081542969e-01 2.625788211822509766e+00
8.018656969070434570e-01 2.584229707717895508e+00
8.028743267059326172e-01 2.619262695312500000e+00
8.038829565048217773e-01 2.633196592330932617e+00
8.048915863037109375e-01 2.627577066421508789e+00
8.059002161026000977e-01 2.602121114730834961e+00
8.069088459014892578e-01 2.641346931457519531e+00
8.079174757003784180e-01 2.632091045379638672e+00
8.089261651039123535e-01 2.627794027328491211e+00
8.099347949028015137e-01 2.680565834045410156e+00
8.109434247016906738e-01 2.652443885803222656e+00
8.119520545005798340e-01 2.621273994445800781e+00
8.129606842994689941e-01 2.672937870025634766e+00
8.139693140983581543e-01 2.634663105010986328e+00
8.149779438972473145e-01 2.658080101013183594e+00
8.159865736961364746e-01 2.617538690567016602e+00
8.169952034950256348e-01 2.673741102218627930e+00
8.180038928985595703e-01 2.655231714248657227e+00
8.190125226974487305e-01 2.670243978500366211e+00
8.200211524963378906e-01 2.639107704162597656e+00
8.210297822952270508e-01 2.646703958511352539e+00
8.220384120941162109e-01 2.672961950302124023e+00
8.230470418930053711e-01 2.664371013641357422e+00
8.240556716918945312e-01 2.692651987075805664e+00
8.250643014907836914e-01 2.718083620071411133e+00
8.260729312896728516e-01 2.711544275283813477e+00
8.270815610885620117e-01 2.726708650588989258e+00
8.280902504920959473e-01 2.710532426834106445e+00
8.290988802909851074e-01 2.706676006317138672e+00
8.301075100898742676e-01 2.695007801055908203e+00
8.311161398887634277e-01 2.717153549194335938e+00
8.321247696876525879e-01 2.706883907318115234e+00
8.331333994865417480e-01 2.786646604537963867e+00
8.341420292854309082e-01 2.755736589431762695e+00
8.351506590843200684e-01 2.758708715438842773e+00
8.361592888832092285e-01 2.771969795227050781e+00
8.371679782867431641e-01 2.747808694839477539e+00
8.381766080856323242e-01 2.715749740600585938e+00
8.391852378845214844e-01 2.728667020797729492e+00
8.401938676834106445e-01 2.739807844161987305e+00
8.412024974822998047e-01 2.764720439910888672e+00
8.422111272811889648e-01 2.766930580139160156e+00
8.432197570800781250e-01 2.793697595596313477e+00
8.442283868789672852e-01 2.761647462844848633e+00
8.452370166778564453e-01 2.793676137924194336e+00
8.462456464767456055e-01 2.807764768600463867e+00
8.472543358802795410e-01 2.805170536041259766e+00
8.482629656791687012e-01 2.780607461929321289e+00
8.492715954780578613e-01 2.781755685806274414e+00
8.502802252769470215e-01 2.817543983459472656e+00
8.512888550758361816e-01 2.806403875350952148e+00
8.522974848747253418e-01 2.810365438461303711e+00
8.533061146736145020e-01 2.845800399780273438e+00
8.543147444725036621e-01 2.812120914459228516e+00
8.553233742713928223e-01 2.832993507385253906e+00
8.563320636749267578e-01 2.812059879302978516e+00
8.573406934738159180e-01 2.833468437194824219e+00
8.583493232727050781e-01 2.825109243392944336e+00
8.593579530715942383e-01 2.833715438842773438e+00
8.603665828704833984e-01 2.872087955474853516e+00
8.613752126693725586e-01 2.851094007492065430e+00
8.623838424682617188e-01 2.879800796508789062e+00
8.633924722671508789e-01 2.844512462615966797e+00
8.644011020660400391e-01 2.848627090454101562e+00
8.654097318649291992e-01 2.880666017532348633e+00
8.664184212684631348e-01 2.922733068466186523e+00
8.674270510673522949e-01 2.909062623977661133e+00
8.684356808662414551e-01 2.899938106536865234e+00
8.694443106651306152e-01 2.921685457229614258e+00
8.704529404640197754e-01 2.926744461059570312e+00
8.714615702629089355e-01 2.898060798645019531e+00
8.724702000617980957e-01 2.884878873825073242e+00
8.734788298606872559e-01 2.916062116622924805e+00
8.744874596595764160e-01 2.861815452575683594e+00
8.754961490631103516e-01 2.906281709671020508e+00
8.765047788619995117e-01 2.967213630676269531e+00
8.775134086608886719e-01 2.891083478927612305e+00
8.785220384597778320e-01 2.947820186614990234e+00
8.795306682586669922e-01 2.929415941238403320e+00
8.805392980575561523e-01 2.920357704162597656e+00
8.815479278564453125e-01 2.944551944732666016e+00
8.825565576553344727e-01 2.933887720108032227e+00
8.835651874542236328e-01 2.973632335662841797e+00
8.845738172531127930e-01 2.887729167938232422e+00
8.855825066566467285e-01 2.956931352615356445e+00
8.865911364555358887e-01 2.996769905090332031e+00
8.875997662544250488e-01 2.955910921096801758e+00
8.886083960533142090e-01 2.990221023559570312e+00
8.896170258522033691e-01 2.971534252166748047e+00
8.906256556510925293e-01 3.008130788803100586e+00
8.916342854499816895e-01 2.992221117019653320e+00
8.926429152488708496e-01 2.978733539581298828e+00
8.936515450477600098e-01 2.998514175415039062e+00
8.946602344512939453e-01 2.981315135955810547e+00
8.956688642501831055e-01 3.067248344421386719e+00
8.966774940490722656e-01 3.032772541046142578e+00
8.976861238479614258e-01 3.003121137619018555e+00
8.986947536468505859e-01 3.031747817993164062e+00
8.997033834457397461e-01 3.038476943969726562e+00
9.007120132446289062e-01 3.023400545120239258e+00
9.017206430435180664e-01 3.030532836914062500e+00
9.027292728424072266e-01 3.039543151855468750e+00
9.037379026412963867e-01 3.056975841522216797e+00
9.047465920448303223e-01 3.060213088989257812e+00
9.057552218437194824e-01 3.042563915252685547e+00
9.067638516426086426e-01 3.033333539962768555e+00
9.077724814414978027e-01 3.051877498626708984e+00
9.087811112403869629e-01 3.066247224807739258e+00
9.097897410392761230e-01 3.076691389083862305e+00
9.107983708381652832e-01 3.101124286651611328e+00
9.118070006370544434e-01 3.123493909835815430e+00
9.128156304359436035e-01 3.063588619232177734e+00
9.138243198394775391e-01 3.071246862411499023e+00
9.148329496383666992e-01 3.101958274841308594e+00
9.158415794372558594e-01 3.157345056533813477e+00
9.168502092361450195e-01 3.134385347366333008e+00
9.178588390350341797e-01 3.074315071105957031e+00
9.188674688339233398e-01 3.152123212814331055e+00
9.198760986328125000e-01 3.167603015899658203e+00
9.208847284317016602e-01 3.127773284912109375e+00
9.218933582305908203e-01 3.161814212799072266e+00
9.229020476341247559e-01 3.138012647628784180e+00
9.239106774330139160e-01 3.159914731979370117e+00
9.249193072319030762e-01 3.136892080307006836e+00
9.259279370307922363e-01 3.216866016387939453e+00
9.269365668296813965e-01 3.228462696075439453e+00
9.279451966285705566e-01 3.190705060958862305e+00
9.289538264274597168e-01 3.230973243713378906e+00
9.299624562263488770e-01 3.164949893951416016e+00
9.309710860252380371e-01 3.224547386169433594e+00
9.319797158241271973e-01 3.165601015090942383e+00
9.329884052276611328e-01 3.173393964767456055e+00
9.339970350265502930e-01 3.199416875839233398e+00
9.350056648254394531e-01 3.188694238662719727e+00
9.360142946243286133e-01 3.224871873855590820e+00
9.370229244232177734e-01 3.256754875183105469e+00
9.380315542221069336e-01 3.252794742584228516e+00
9.390401840209960938e-01 3.192308425903320312e+00
9.400488138198852539e-01 3.245840549468994141e+00
9.410574436187744141e-01 3.260066032409667969e+00
9.420661330223083496e-01 3.261373996734619141e+00
9.430747628211975098e-01 3.258113861083984375e+00
9.440833926200866699e-01 3.280474901199340820e+00
9.450920224189758301e-01 3.335711479187011719e+00
9.461006522178649902e-01 3.303230762481689453e+00
9.471092820167541504e-01 3.269171953201293945e+00
9.481179118156433105e-01 3.334913969039916992e+00
9.491265416145324707e-01 3.325698375701904297e+00
9.501351714134216309e-01 3.346240997314453125e+00
9.511438012123107910e-01 3.330097913742065430e+00
9.521524906158447266e-01 3.321108102798461914e+00
9.531611204147338867e-01 3.358567714691162109e+00
9.541697502136230469e-01 3.392810344696044922e+00
9.551783800125122070e-01 3.370486974716186523e+00
9.561870098114013672e-01 3.385703563690185547e+00
9.571956396102905273e-01 3.387720108032226562e+00
9.582042694091796875e-01 3.348830223083496094e+00
9.592128992080688477e-01 3.399997949600219727e+00
9.602215290069580078e-01 3.424685955047607422e+00
9.612302184104919434e-01 3.420772552490234375e+00
9.622388482093811035e-01 3.397947072982788086e+00
9.632474780082702637e-01 3.415818691253662109e+00
9.642561078071594238e-01 3.417605161666870117e+00
9.652647376060485840e-01 3.393634080886840820e+00
9.662733674049377441e-01 3.407803773880004883e+00
9.672819972038269043e-01 3.454866170883178711e+00
9.682906270027160645e-01 3.419731616973876953e+00
9.692992568016052246e-01 3.441408157348632812e+00
9.703078866004943848e-01 3.465845346450805664e+00
9.713165760040283203e-01 3.462719917297363281e+00
9.723252058029174805e-01 3.541015148162841797e+00
9.733338356018066406e-01 3.518925905227661133e+00
9.743424654006958008e-01 3.435507535934448242e+00
9.753510951995849609e-01 3.453137636184692383e+00
9.763597249984741211e-01 3.505707025527954102e+00
9.773683547973632812e-01 3.494305849075317383e+00
9.783769845962524414e-01 3.556900262832641602e+00
9.793856143951416016e-01 3.513350486755371094e+00
9.803943037986755371e-01 3.477557420730590820e+00
9.814029335975646973e-01 3.466192960739135742e+00
9.824115633964538574e-01 3.568650722503662109e+00
9.834201931953430176e-01 3.486803531646728516e+00
9.844288229942321777e-01 3.494394779205322266e+00
9.854374527931213379e-01 3.570966720581054688e+00
9.864460825920104980e-01 3.542276382446289062e+00
9.874547123908996582e-01 3.497069597244262695e+00
9.884633421897888184e-01 3.567630052566528320e+00
9.894719719886779785e-01 3.676425457000732422e+00
9.904806613922119141e-01 3.597356557846069336e+00
9.914892911911010742e-01 3.666821241378784180e+00
9.924979209899902344e-01 3.630276679992675781e+00
9.935065507888793945e-01 3.599856615066528320e+00
9.945151805877685547e-01 3.661658525466918945e+00
9.955238103866577148e-01 3.615187168121337891e+00
9.965324401855468750e-01 3.649132728576660156e+00
9.975410699844360352e-01 3.633190631866455078e+00
9.985496997833251953e-01 3.608009815216064453e+00
9.995583891868591309e-01 3.558617353439331055e+00
1.000566959381103516e+00 3.676741123199462891e+00
1.001575589179992676e+00 3.671126842498779297e+00
1.002584218978881836e+00 3.679382085800170898e+00
1.003592848777770996e+00 3.720180988311767578e+00
1.004601597785949707e+00 3.648079156875610352e+00
1.005610227584838867e+00 3.700652599334716797e+00
1.006618857383728027e+00 3.707365989685058594e+00
1.007627487182617188e+00 3.754173517227172852e+00
1.008636116981506348e+00 3.816085338592529297e+00
1.009644746780395508e+00 3.760861158370971680e+00
1.010653376579284668e+00 3.760998010635375977e+00
1.011662006378173828e+00 3.754469871520996094e+00
1.012670636177062988e+00 3.710788726806640625e+00
1.013679265975952148e+00 3.844682455062866211e+00
1.014687895774841309e+00 3.786313533782958984e+00
1.015696525573730469e+00 3.787227153778076172e+00
1.016705155372619629e+00 3.793717861175537109e+00
1.017713785171508789e+00 3.652991294860839844e+00
1.018722414970397949e+00 3.758632183074951172e+00
1.019731044769287109e+00 3.733085632324218750e+00
1.020739674568176270e+00 3.894128561019897461e+00
1.021748304367065430e+00 3.961132049560546875e+00
1.022756934165954590e+00 3.867980718612670898e+00
1.023765683174133301e+00 3.854902982711791992e+00
1.024774312973022461e+00 3.784011840820312500e+00
1.025782942771911621e+00 3.828946113586425781e+00
1.026791572570800781e+00 3.893980026245117188e+00
1.027800202369689941e+00 3.919678688049316406e+00
1.028808832168579102e+00 3.804197788238525391e+00
1.029817461967468262e+00 3.897913455963134766e+00
1.030826091766357422e+00 3.883348703384399414e+00
1.031834721565246582e+00 4.006890773773193359e+00
1.032843351364135742e+00 3.931102991104125977e+00
1.033851981163024902e+00 3.893573999404907227e+00
1.034860610961914062e+00 3.979632854461669922e+00
1.035869240760803223e+00 4.009853839874267578e+00
1.036877870559692383e+00 3.985289812088012695e+00
1.037886500358581543e+00 4.006973743438720703e+00
1.038895130157470703e+00 4.003466606140136719e+00
1.039903759956359863e+00 3.954630374908447266e+00
1.040912389755249023e+00 3.964510917663574219e+00
1.041921019554138184e+00 3.957613706588745117e+00
1.042929768562316895e+00 3.925646066665649414e+00
1.043938398361206055e+00 4.053304672241210938e+00
1.044947028160095215e+00 4.071537494659423828e+00
1.045955657958984375e+00 4.129056930541992188e+00
1.046964287757873535e+00 3.953291177749633789e+00
1.047972917556762695e+00 4.048487663269042969e+00
1.048981547355651855e+00 4.079274654388427734e+00
1.049990177154541016e+00 4.179858207702636719e+00
1.050998806953430176e+00 4.114926815032958984e+00
1.052007436752319336e+00 3.990103244781494141e+00
1.053016066551208496e+00 4.126812934875488281e+00
1.054024696350097656e+00 4.065455913543701172e+00
1.055033326148986816e+00 4.131118774414062500e+00
1.056041955947875977e+00 4.218475818634033203e+00
1.057050585746765137e+00 4.073173046112060547e+00
1.058059215545654297e+00 4.169266700744628906e+00
1.059067845344543457e+00 4.101736545562744141e+00
1.060076475143432617e+00 4.217473506927490234e+00
1.061085104942321777e+00 4.070261955261230469e+00
1.062093853950500488e+00 4.221671581268310547e+00
1.063102483749389648e+00 4.224061965942382812e+00
1.064111113548278809e+00 4.183255195617675781e+00
1.065119743347167969e+00 4.266404628753662109e+00
1.066128373146057129e+00 4.165927410125732422e+00
1.067137002944946289e+00 4.247998237609863281e+00
1.068145632743835449e+00 4.162566661834716797e+00
1.069154262542724609e+00 4.216366291046142578e+00
1.070162892341613770e+00 4.247172355651855469e+00
1.071171522140502930e+00 4.281323909759521484e+00
1.072180151939392090e+00 4.349277973175048828e+00
1.073188781738281250e+00 4.289381027221679688e+00
1.074197411537170410e+00 4.306838512420654297e+00
1.075206041336059570e+00 4.317944049835205078e+00
1.076214671134948730e+00 4.275266170501708984e+00
1.077223300933837891e+00 4.331996917724609375e+00
1.078231930732727051e+00 4.384527683258056641e+00
1.079240560531616211e+00 4.434578418731689453e+00
1.080249190330505371e+00 4.457103252410888672e+00
1.081257939338684082e+00 4.413424968719482422e+00
1.082266569137573242e+00 4.295740604400634766e+00
1.083275198936462402e+00 4.376718997955322266e+00
1.084283828735351562e+00 4.245991706848144531e+00
1.085292458534240723e+00 4.338993072509765625e+00
1.086301088333129883e+00 4.395292282104492188e+00
1.087309718132019043e+00 4.344525814056396484e+00
1.088318347930908203e+00 4.385467052459716797e+00
1.089326977729797363e+00 4.486386775970458984e+00
1.090335607528686523e+00 4.554124355316162109e+00
1.091344237327575684e+00 4.325700283050537109e+00
1.092352867126464844e+00 4.404636859893798828e+00
1.093361496925354004e+00 4.532464504241943359e+00
1.094370126724243164e+00 4.473253726959228516e+00
1.095378756523132324e+00 4.517283439636230469e+00
1.096387386322021484e+00 4.541897773742675781e+00
1.097396016120910645e+00 4.465473175048828125e+00
1.098404645919799805e+00 4.506509780883789062e+00
1.099413275718688965e+00 4.650525569915771484e+00
1.100422024726867676e+00 4.533392429351806641e+00
1.101430654525756836e+00 4.589207172393798828e+00
1.102439284324645996e+00 4.664414882659912109e+00
1.103447914123535156e+00 4.591281414031982422e+00
1.104456543922424316e+00 4.539101600646972656e+00
1.105465173721313477e+00 4.642651081085205078e+00
1.106473803520202637e+00 4.639459609985351562e+00
1.107482433319091797e+00 4.725181579589843750e+00
1.108491063117980957e+00 4.680658817291259766e+00
1.109499692916870117e+00 4.605160236358642578e+00
1.110508322715759277e+00 4.699698925018310547e+00
1.111516952514648438e+00 4.681831359863281250e+00
1.112525582313537598e+00 4.758399963378906250e+00
1.113534212112426758e+00 4.697402000427246094e+00
1.114542841911315918e+00 4.505063056945800781e+00
1.115551471710205078e+00 4.600215435028076172e+00
1.116560101509094238e+00 4.737716197967529297e+00
1.117568731307983398e+00 4.758649349212646484e+00
1.118577361106872559e+00 4.721477508544921875e+00
1.119586110115051270e+00 4.715760231018066406e+00
1.120594739913940430e+00 4.664454936981201172e+00
1.121603369712829590e+00 4.750246047973632812e+00
1.122611999511718750e+00 4.854108333587646484e+00
1.123620629310607910e+00 4.782906532287597656e+00
1.124629259109497070e+00 4.788629531860351562e+00
1.125637888908386230e+00 4.776076316833496094e+00
1.126646518707275391e+00 4.894872188568115234e+00
1.127655148506164551e+00 4.792917728424072266e+00
1.128663778305053711e+00 4.808573246002197266e+00
1.129672408103942871e+00 4.936344623565673828e+00
1.130681037902832031e+00 5.007284164428710938e+00
1.131689667701721191e+00 4.842715740203857422e+00
1.132698297500610352e+00 4.944598674774169922e+00
1.133706927299499512e+00 4.853091716766357422e+00
1.134715557098388672e+00 4.798210144042968750e+00
1.135724186897277832e+00 4.813737869262695312e+00
1.136732816696166992e+00 4.908822059631347656e+00
1.137741446495056152e+00 4.615204334259033203e+00
1.138750195503234863e+00 4.823746204376220703e+00
1.139758825302124023e+00 4.831785202026367188e+00
1.140767455101013184e+00 4.774497985839843750e+00
1.141776084899902344e+00 4.820708751678466797e+00
1.142784714698791504e+00 4.991761207580566406e+00
1.143793344497680664e+00 5.013357162475585938e+00
1.144801974296569824e+00 4.722797393798828125e+00
1.145810604095458984e+00 5.051724910736083984e+00
1.146819233894348145e+00 4.983111858367919922e+00
1.147827863693237305e+00 4.918559551239013672e+00
1.148836493492126465e+00 5.007626533508300781e+00
1.149845123291015625e+00 5.018930435180664062e+00
1.150853753089904785e+00 5.033402919769287109e+00
1.151862382888793945e+00 5.051021575927734375e+00
1.152871012687683105e+00 5.082606315612792969e+00
1.153879642486572266e+00 5.173227310180664062e+00
1.154888272285461426e+00 4.884011268615722656e+00
1.155896902084350586e+00 4.973343372344970703e+00
1.156905531883239746e+00 5.176826477050781250e+00
1.157914280891418457e+00 5.021007061004638672e+00
1.158922910690307617e+00 5.170894145965576172e+00
1.159931540489196777e+00 5.170294761657714844e+00
1.160940170288085938e+00 5.275256156921386719e+00
1.161948800086975098e+00 5.207295894622802734e+00
1.162957429885864258e+00 5.389364719390869141e+00
1.163966059684753418e+00 5.247478485107421875e+00
1.164974689483642578e+00 5.417090415954589844e+00
1.165983319282531738e+00 5.234076023101806641e+00
1.166991949081420898e+00 5.208212852478027344e+00
1.168000578880310059e+00 5.139320850372314453e+00
1.169009208679199219e+00 5.264122486114501953e+00
1.170017838478088379e+00 5.252126216888427734e+00
1.171026468276977539e+00 5.148909091949462891e+00
1.172035098075866699e+00 5.330597877502441406e+00
1.173043727874755859e+00 5.407595634460449219e+00
1.174052357673645020e+00 5.525644779205322266e+00
1.175060987472534180e+00 5.188673973083496094e+00
1.176069617271423340e+00 5.238444328308105469e+00
1.177078366279602051e+00 5.309113979339599609e+00
1.178086996078491211e+00 5.377093315124511719e+00
1.179095625877380371e+00 5.333085536956787109e+00
1.180104255676269531e+00 5.427545547485351562e+00
1.181112885475158691e+00 5.364376068115234375e+00
1.182121515274047852e+00 5.343358993530273438e+00
1.183130145072937012e+00 5.089672088623046875e+00
1.184138774871826172e+00 5.128363609313964844e+00
1.185147404670715332e+00 5.202132701873779297e+00
1.186156034469604492e+00 5.086255073547363281e+00
1.187164664268493652e+00 5.411412715911865234e+00
1.188173294067382812e+00 5.488523960113525391e+00
1.189181923866271973e+00 5.448184490203857422e+00
1.190190553665161133e+00 5.394362449645996094e+00
1.191199183464050293e+00 5.527102470397949219e+00
1.192207813262939453e+00 5.257729053497314453e+00
1.193216443061828613e+00 5.221560001373291016e+00
1.194225072860717773e+00 5.483765125274658203e+00
1.195233702659606934e+00 5.538755893707275391e+00
1.196242451667785645e+00 5.702196598052978516e+00
1.197251081466674805e+00 5.452699184417724609e+00
1.198259711265563965e+00 5.100912094116210938e+00
1.199268341064453125e+00 5.452852249145507812e+00
1.200276970863342285e+00 5.705519676208496094e+00
1.201285600662231445e+00 5.548224925994873047e+00
1.202294230461120605e+00 5.489641666412353516e+00
1.203302860260009766e+00 5.453995227813720703e+00
1.204311490058898926e+00 5.146198749542236328e+00
1.205320119857788086e+00 4.663627624511718750e+00
1.206328749656677246e+00 5.399256229400634766e+00
1.207337379455566406e+00 5.556116580963134766e+00
1.208346009254455566e+00 5.244936943054199219e+00
1.209354639053344727e+00 5.422457695007324219e+00
