0.000000000000000000e+00 1.001176452636718750e+03
1.008636085316538811e-03 7.881289672851562500e+02
2.017272170633077621e-03 5.965919189453125000e+02
3.025908255949616432e-03 4.772378234863281250e+02
4.034544341266155243e-03 3.975577087402343750e+02
5.043180659413337708e-03 3.300953674316406250e+02
6.051816511899232864e-03 2.775394897460937500e+02
7.060452364385128021e-03 2.440892028808593750e+02
8.069088682532310486e-03 2.099691772460937500e+02
9.077725000679492950e-03 1.796733856201171875e+02
1.008636131882667542e-02 1.576031494140625000e+02
1.109499670565128326e-02 1.375761871337890625e+02
1.210363302379846573e-02 1.232614288330078125e+02
1.311226934194564819e-02 1.093460159301757812e+02
1.412090472877025604e-02 9.780551147460937500e+01
1.512954104691743851e-02 8.944904327392578125e+01
1.613817736506462097e-02 8.178900146484375000e+01
1.714681275188922882e-02 7.378807067871093750e+01
1.815545000135898590e-02 6.743113708496093750e+01
1.916408538818359375e-02 6.135816574096679688e+01
2.017272263765335083e-02 5.685290527343750000e+01
2.118135802447795868e-02 5.242320632934570312e+01
2.218999341130256653e-02 4.816352462768554688e+01
2.319863066077232361e-02 4.490663909912109375e+01
2.420726604759693146e-02 4.155607223510742188e+01
2.521590143442153931e-02 3.840235137939453125e+01
2.622453868389129639e-02 3.602510070800781250e+01
2.723317407071590424e-02 3.342884826660156250e+01
2.824180945754051208e-02 3.120892906188964844e+01
2.925044670701026917e-02 2.950597190856933594e+01
3.025908209383487701e-02 2.730443000793457031e+01
3.126771748065948486e-02 2.584344673156738281e+01
3.227635473012924194e-02 2.441657447814941406e+01
3.328499197959899902e-02 2.304351997375488281e+01
3.429362550377845764e-02 2.157649993896484375e+01
3.530226275324821472e-02 2.002863311767578125e+01
3.631090000271797180e-02 1.915125083923339844e+01
3.731953352689743042e-02 1.835183906555175781e+01
3.832817077636718750e-02 1.736641311645507812e+01
3.933680802583694458e-02 1.609157180786132812e+01
4.034544527530670166e-02 1.524047183990478516e+01
4.135407879948616028e-02 1.457508468627929688e+01
4.236271604895591736e-02 1.377244567871093750e+01
4.337135329842567444e-02 1.297299098968505859e+01
4.437998682260513306e-02 1.231086730957031250e+01
4.538862407207489014e-02 1.168276691436767578e+01
4.639726132154464722e-02 1.110476112365722656e+01
4.740589484572410583e-02 1.053032207489013672e+01
4.841453209519386292e-02 1.019622611999511719e+01
4.942316934466362000e-02 9.853820800781250000e+00
5.043180286884307861e-02 9.591667175292968750e+00
5.144044011831283569e-02 9.018937110900878906e+00
5.244907736778259277e-02 8.674682617187500000e+00
5.345771089196205139e-02 8.324181556701660156e+00
5.446634814143180847e-02 7.898022651672363281e+00
5.547498539090156555e-02 7.520890712738037109e+00
5.648361891508102417e-02 7.300399303436279297e+00
5.749225616455078125e-02 7.226610660552978516e+00
5.850089341402053833e-02 6.767100811004638672e+00
5.950953066349029541e-02 6.627410411834716797e+00
6.051816418766975403e-02 6.469289779663085938e+00
6.152680143713951111e-02 6.152026176452636719e+00
6.253543496131896973e-02 6.119379520416259766e+00
6.354407221078872681e-02 5.786736011505126953e+00
6.455270946025848389e-02 5.712658882141113281e+00
6.556134670972824097e-02 5.539794921875000000e+00
6.656998395919799805e-02 5.395203590393066406e+00
6.757862120866775513e-02 5.230880260467529297e+00
6.858725100755691528e-02 5.108396530151367188e+00
6.959588825702667236e-02 4.989312171936035156e+00
7.060452550649642944e-02 4.818419456481933594e+00
7.161316275596618652e-02 4.770360946655273438e+00
7.262180000543594360e-02 4.752885341644287109e+00
7.363043725490570068e-02 4.597564220428466797e+00
7.463906705379486084e-02 4.523542404174804688e+00
7.564770430326461792e-02 4.431468486785888672e+00
7.665634155273437500e-02 4.331005096435546875e+00
7.766497880220413208e-02 4.206543445587158203e+00
7.867361605167388916e-02 4.157712936401367188e+00
7.968225330114364624e-02 4.098911285400390625e+00
8.069089055061340332e-02 4.015445709228515625e+00
8.169952034950256348e-02 3.954331159591674805e+00
8.270815759897232056e-02 3.960648059844970703e+00
8.371679484844207764e-02 3.878292560577392578e+00
8.472543209791183472e-02 3.802642822265625000e+00
8.573406934738159180e-02 3.810774087905883789e+00
8.674270659685134888e-02 3.664900064468383789e+00
8.775133639574050903e-02 3.639178514480590820e+00
8.875997364521026611e-02 3.576989173889160156e+00
8.976861089468002319e-02 3.497438192367553711e+00
9.077724814414978027e-02 3.484699726104736328e+00
9.178588539361953735e-02 3.505096673965454102e+00
9.279452264308929443e-02 3.433409214019775391e+00
9.380315244197845459e-02 3.437077283859252930e+00
9.481178969144821167e-02 3.258130311965942383e+00
9.582042694091796875e-02 3.223068237304687500e+00
9.682906419038772583e-02 3.241343498229980469e+00
9.783770143985748291e-02 3.200493812561035156e+00
9.884633868932723999e-02 3.194264888763427734e+00
9.985497593879699707e-02 3.133930683135986328e+00
1.008636057376861572e-01 3.125574588775634766e+00
1.018722429871559143e-01 3.183928728103637695e+00
1.028808802366256714e-01 3.143094539642333984e+00
1.038895174860954285e-01 3.072659254074096680e+00
1.048981547355651855e-01 3.053692579269409180e+00
1.059067919850349426e-01 3.011286020278930664e+00
1.069154217839241028e-01 2.983932971954345703e+00
1.079240590333938599e-01 2.895580291748046875e+00
1.089326962828636169e-01 2.864166736602783203e+00
1.099413335323333740e-01 2.832434415817260742e+00
1.109499707818031311e-01 2.875541687011718750e+00
1.119586080312728882e-01 2.896383047103881836e+00
1.129672378301620483e-01 2.839833259582519531e+00
1.139758750796318054e-01 2.765865087509155273e+00
1.149845123291015625e-01 2.720309972763061523e+00
1.159931495785713196e-01 2.771344661712646484e+00
1.170017868280410767e-01 2.728206634521484375e+00
1.180104240775108337e-01 2.758118152618408203e+00
1.190190613269805908e-01 2.703719377517700195e+00
1.200276911258697510e-01 2.686830282211303711e+00
1.210363283753395081e-01 2.685872554779052734e+00
1.220449656248092651e-01 2.708617448806762695e+00
1.230536028742790222e-01 2.624004840850830078e+00
1.240622401237487793e-01 2.598325490951538086e+00
1.250708699226379395e-01 2.553567171096801758e+00
1.260795146226882935e-01 2.525983095169067383e+00
1.270881444215774536e-01 2.529689788818359375e+00
1.280967891216278076e-01 2.560907840728759766e+00
1.291054189205169678e-01 2.532565593719482422e+00
1.301140487194061279e-01 2.535162210464477539e+00
1.311226934194564819e-01 2.484757184982299805e+00
1.321313232183456421e-01 2.486752510070800781e+00
1.331399679183959961e-01 2.505271911621093750e+00
1.341485977172851562e-01 2.472440242767333984e+00
1.351572424173355103e-01 2.423739910125732422e+00
1.361658722162246704e-01 2.412405729293823242e+00
1.371745020151138306e-01 2.421267986297607422e+00
1.381831467151641846e-01 2.406426191329956055e+00
1.391917765140533447e-01 2.392953157424926758e+00
1.402004212141036987e-01 2.406400680541992188e+00
1.412090510129928589e-01 2.448719978332519531e+00
1.422176808118820190e-01 2.438071727752685547e+00
1.432263255119323730e-01 2.403520584106445312e+00
1.442349553108215332e-01 2.418349027633666992e+00
1.452436000108718872e-01 2.417566537857055664e+00
1.462522298097610474e-01 2.375351905822753906e+00
1.472608745098114014e-01 2.401645660400390625e+00
1.482695043087005615e-01 2.385924339294433594e+00
1.492781341075897217e-01 2.382536649703979492e+00
1.502867788076400757e-01 2.352498292922973633e+00
1.512954086065292358e-01 2.383299350738525391e+00
1.523040533065795898e-01 2.351090431213378906e+00
1.533126831054687500e-01 2.317683935165405273e+00
1.543213278055191040e-01 2.324261426925659180e+00
1.553299576044082642e-01 2.319910526275634766e+00
1.563385874032974243e-01 2.361637353897094727e+00
1.573472321033477783e-01 2.333251476287841797e+00
1.583558619022369385e-01 2.308801174163818359e+00
1.593645066022872925e-01 2.336887598037719727e+00
1.603731364011764526e-01 2.266139268875122070e+00
1.613817811012268066e-01 2.190237283706665039e+00
1.623904109001159668e-01 2.217380285263061523e+00
1.633990406990051270e-01 2.274361371994018555e+00
1.644076853990554810e-01 2.211917400360107422e+00
1.654163151979446411e-01 2.229097127914428711e+00
1.664249598979949951e-01 2.226390838623046875e+00
1.674335896968841553e-01 2.221397399902343750e+00
1.684422194957733154e-01 2.202068328857421875e+00
1.694508641958236694e-01 2.180069446563720703e+00
1.704594939947128296e-01 2.127198457717895508e+00
1.714681386947631836e-01 2.194128751754760742e+00
1.724767684936523438e-01 2.158138275146484375e+00
1.734854131937026978e-01 2.126774549484252930e+00
1.744940429925918579e-01 2.127288341522216797e+00
1.755026727914810181e-01 2.156883239746093750e+00
1.765113174915313721e-01 2.112717151641845703e+00
1.775199472904205322e-01 2.111125707626342773e+00
1.785285919904708862e-01 2.094922065734863281e+00
1.795372217893600464e-01 2.061385154724121094e+00
1.805458664894104004e-01 2.028614044189453125e+00
1.815544962882995605e-01 2.093025922775268555e+00
1.825631260871887207e-01 2.031957149505615234e+00
1.835717707872390747e-01 1.996345758438110352e+00
1.845804005861282349e-01 2.020079135894775391e+00
1.855890452861785889e-01 2.005887985229492188e+00
1.865976750850677490e-01 1.969671130180358887e+00
1.876063048839569092e-01 1.999021172523498535e+00
1.886149495840072632e-01 1.991860747337341309e+00
1.896235793828964233e-01 1.935042142868041992e+00
1.906322240829467773e-01 1.924127221107482910e+00
1.916408538818359375e-01 1.886608362197875977e+00
1.926494985818862915e-01 1.903595089912414551e+00
1.936581283807754517e-01 1.904922366142272949e+00
1.946667581796646118e-01 1.855867147445678711e+00
1.956754028797149658e-01 1.854894518852233887e+00
1.966840326786041260e-01 1.822329521179199219e+00
1.976926773786544800e-01 1.891623735427856445e+00
1.987013071775436401e-01 1.900265693664550781e+00
1.997099518775939941e-01 1.845777511596679688e+00
2.007185816764831543e-01 1.843609929084777832e+00
2.017272114753723145e-01 1.847077488899230957e+00
2.027358561754226685e-01 1.809923648834228516e+00
2.037444859743118286e-01 1.820888757705688477e+00
2.047531306743621826e-01 1.786682486534118652e+00
2.057617604732513428e-01 1.831784963607788086e+00
2.067703902721405029e-01 1.817347407341003418e+00
2.077790349721908569e-01 1.790328264236450195e+00
2.087876647710800171e-01 1.802520275115966797e+00
2.097963094711303711e-01 1.818191051483154297e+00
2.108049392700195312e-01 1.813379645347595215e+00
2.118135839700698853e-01 1.823835968971252441e+00
2.128222137689590454e-01 1.773702979087829590e+00
2.138308435678482056e-01 1.801874518394470215e+00
2.148394882678985596e-01 1.795498728752136230e+00
2.158481180667877197e-01 1.800905346870422363e+00
2.168567627668380737e-01 1.752541780471801758e+00
2.178653925657272339e-01 1.778368353843688965e+00
2.188740372657775879e-01 1.777622222900390625e+00
2.198826670646667480e-01 1.777507305145263672e+00
2.208912968635559082e-01 1.740988254547119141e+00
2.218999415636062622e-01 1.752711415290832520e+00
2.229085713624954224e-01 1.707615494728088379e+00
2.239172160625457764e-01 1.742911577224731445e+00
2.249258458614349365e-01 1.752298116683959961e+00
2.259344756603240967e-01 1.749359369277954102e+00
2.269431203603744507e-01 1.727379679679870605e+00
2.279517501592636108e-01 1.740009188652038574e+00
2.289603948593139648e-01 1.735178351402282715e+00
2.299690246582031250e-01 1.725632071495056152e+00
2.309776693582534790e-01 1.697676301002502441e+00
2.319862991571426392e-01 1.749258279800415039e+00
2.329949289560317993e-01 1.727181077003479004e+00
2.340035736560821533e-01 1.687897324562072754e+00
2.350122034549713135e-01 1.716326475143432617e+00
2.360208481550216675e-01 1.708139419555664062e+00
2.370294779539108276e-01 1.709024548530578613e+00
2.380381226539611816e-01 1.714836120605468750e+00
2.390467524528503418e-01 1.654695391654968262e+00
2.400553822517395020e-01 1.698614597320556641e+00
2.410640269517898560e-01 1.723324656486511230e+00
2.420726567506790161e-01 1.731245636940002441e+00
2.430813014507293701e-01 1.850646495819091797e+00
2.440899312496185303e-01 1.705173611640930176e+00
2.450985759496688843e-01 1.640439629554748535e+00
2.461072057485580444e-01 1.672297835350036621e+00
2.471158355474472046e-01 1.664706468582153320e+00
2.481244802474975586e-01 1.680824398994445801e+00
2.491331100463867188e-01 1.677462339401245117e+00
2.501417398452758789e-01 1.682127118110656738e+00
2.511503994464874268e-01 1.669138669967651367e+00
2.521590292453765869e-01 1.653043508529663086e+00
2.531676590442657471e-01 1.684684753417968750e+00
2.541762888431549072e-01 1.650832176208496094e+00
2.551849186420440674e-01 1.620843291282653809e+00
2.561935782432556152e-01 1.626449584960937500e+00
2.572022080421447754e-01 1.687504172325134277e+00
2.582108378410339355e-01 1.635103344917297363e+00
2.592194676399230957e-01 1.640573501586914062e+00
2.602280974388122559e-01 1.642226099967956543e+00
2.612367570400238037e-01 1.632979750633239746e+00
2.622453868389129639e-01 1.628947734832763672e+00
2.632540166378021240e-01 1.623075127601623535e+00
2.642626464366912842e-01 1.593937516212463379e+00
2.652712762355804443e-01 1.605477571487426758e+00
2.662799358367919922e-01 1.628038167953491211e+00
2.672885656356811523e-01 1.618533968925476074e+00
2.682971954345703125e-01 1.625171661376953125e+00
2.693058252334594727e-01 1.620355486869812012e+00
2.703144848346710205e-01 1.604396700859069824e+00
2.713231146335601807e-01 1.635878324508666992e+00
2.723317444324493408e-01 1.599314332008361816e+00
2.733403742313385010e-01 1.588966846466064453e+00
2.743490040302276611e-01 1.589080214500427246e+00
2.753576636314392090e-01 1.573460698127746582e+00
2.763662934303283691e-01 1.593977689743041992e+00
2.773749232292175293e-01 1.620205044746398926e+00
2.783835530281066895e-01 1.589983344078063965e+00
2.793921828269958496e-01 1.556451439857482910e+00
2.804008424282073975e-01 1.593385100364685059e+00
2.814094722270965576e-01 1.613624572753906250e+00
2.824181020259857178e-01 1.582836627960205078e+00
2.834267318248748779e-01 1.576978802680969238e+00
2.844353616237640381e-01 1.564387083053588867e+00
2.854440212249755859e-01 1.593916177749633789e+00
2.864526510238647461e-01 1.575298905372619629e+00
2.874612808227539062e-01 1.588793039321899414e+00
2.884699106216430664e-01 1.595813751220703125e+00
2.894785702228546143e-01 1.549885272979736328e+00
2.904872000217437744e-01 1.574620127677917480e+00
2.914958298206329346e-01 1.545007228851318359e+00
2.925044596195220947e-01 1.546172022819519043e+00
2.935130894184112549e-01 1.554680466651916504e+00
2.945217490196228027e-01 1.579571008682250977e+00
2.955303788185119629e-01 1.561792254447937012e+00
2.965390086174011230e-01 1.582417249679565430e+00
2.975476384162902832e-01 1.562902092933654785e+00
2.985562682151794434e-01 1.573808670043945312e+00
2.995649278163909912e-01 1.521607041358947754e+00
3.005735576152801514e-01 1.525196909904479980e+00
3.015821874141693115e-01 1.536473274230957031e+00
3.025908172130584717e-01 1.544490814208984375e+00
3.035994470119476318e-01 1.555400967597961426e+00
3.046081066131591797e-01 1.552496314048767090e+00
3.056167364120483398e-01 1.541980862617492676e+00
3.066253662109375000e-01 1.546067953109741211e+00
3.076339960098266602e-01 1.542330026626586914e+00
3.086426556110382080e-01 1.546417117118835449e+00
3.096512854099273682e-01 1.525864005088806152e+00
3.106599152088165283e-01 1.539546728134155273e+00
3.116685450077056885e-01 1.541249632835388184e+00
3.126771748065948486e-01 1.542227029800415039e+00
3.136858344078063965e-01 1.512022972106933594e+00
3.146944642066955566e-01 1.541154503822326660e+00
3.157030940055847168e-01 1.518789649009704590e+00
3.167117238044738770e-01 1.503472328186035156e+00
3.177203536033630371e-01 1.518339753150939941e+00
3.187290132045745850e-01 1.530875682830810547e+00
3.197376430034637451e-01 1.507061958312988281e+00
3.207462728023529053e-01 1.530590891838073730e+00
3.217549026012420654e-01 1.523641705513000488e+00
3.227635622024536133e-01 1.533673048019409180e+00
3.237721920013427734e-01 1.487427234649658203e+00
3.247808218002319336e-01 1.549146294593811035e+00
3.257894515991210938e-01 1.535850167274475098e+00
3.267980813980102539e-01 1.526238560676574707e+00
3.278067409992218018e-01 1.512621045112609863e+00
3.288153707981109619e-01 1.503670215606689453e+00
3.298240005970001221e-01 1.525461912155151367e+00
3.308326303958892822e-01 1.499343395233154297e+00
3.318412601947784424e-01 1.524151921272277832e+00
3.328499197959899902e-01 1.529046535491943359e+00
3.338585495948791504e-01 1.524084329605102539e+00
3.348671793937683105e-01 1.486370563507080078e+00
3.358758091926574707e-01 1.500249147415161133e+00
3.368844389915466309e-01 1.516615986824035645e+00
3.378930985927581787e-01 1.503660678863525391e+00
3.389017283916473389e-01 1.482737183570861816e+00
3.399103581905364990e-01 1.506265521049499512e+00
3.409189879894256592e-01 1.497255444526672363e+00
3.419276475906372070e-01 1.511884927749633789e+00
3.429362773895263672e-01 1.494305491447448730e+00
3.439449071884155273e-01 1.529214143753051758e+00
3.449535369873046875e-01 1.511365175247192383e+00
3.459621667861938477e-01 1.501619577407836914e+00
3.469708263874053955e-01 1.513491153717041016e+00
3.479794561862945557e-01 1.483402013778686523e+00
3.489880859851837158e-01 1.506547212600708008e+00
3.499967157840728760e-01 1.494950890541076660e+00
3.510053455829620361e-01 1.496748924255371094e+00
3.520140051841735840e-01 1.506408214569091797e+00
3.530226349830627441e-01 1.488120794296264648e+00
3.540312647819519043e-01 1.523001909255981445e+00
3.550398945808410645e-01 1.494928479194641113e+00
3.560485243797302246e-01 1.481954455375671387e+00
3.570571839809417725e-01 1.463705539703369141e+00
3.580658137798309326e-01 1.480757474899291992e+00
3.590744435787200928e-01 1.498115181922912598e+00
3.600830733776092529e-01 1.488181948661804199e+00
3.610917329788208008e-01 1.456438899040222168e+00
3.621003627777099609e-01 1.484751343727111816e+00
3.631089925765991211e-01 1.484043717384338379e+00
3.641176223754882812e-01 1.469541311264038086e+00
3.651262521743774414e-01 1.475241303443908691e+00
3.661349117755889893e-01 1.472984075546264648e+00
3.671435415744781494e-01 1.491410374641418457e+00
3.681521713733673096e-01 1.497708439826965332e+00
3.691608011722564697e-01 1.465196371078491211e+00
3.701694309711456299e-01 1.460050940513610840e+00
3.711780905723571777e-01 1.471490859985351562e+00
3.721867203712463379e-01 1.475917935371398926e+00
3.731953501701354980e-01 1.460973620414733887e+00
3.742039799690246582e-01 1.477772593498229980e+00
3.752126097679138184e-01 1.445528507232666016e+00
3.762212693691253662e-01 1.482778072357177734e+00
3.772298991680145264e-01 1.490322947502136230e+00
3.782385289669036865e-01 1.460862755775451660e+00
3.792471587657928467e-01 1.450268983840942383e+00
3.802558183670043945e-01 1.472725272178649902e+00
3.812644481658935547e-01 1.475302696228027344e+00
3.822730779647827148e-01 1.462120413780212402e+00
3.832817077636718750e-01 1.477901935577392578e+00
3.842903375625610352e-01 1.464716672897338867e+00
3.852989971637725830e-01 1.481527447700500488e+00
3.863076269626617432e-01 1.450150132179260254e+00
3.873162567615509033e-01 1.497298955917358398e+00
3.883248865604400635e-01 1.482022047042846680e+00
3.893335163593292236e-01 1.482770085334777832e+00
3.903421759605407715e-01 1.485937952995300293e+00
3.913508057594299316e-01 1.480337142944335938e+00
3.923594355583190918e-01 1.485498905181884766e+00
3.933680653572082520e-01 1.476868510246276855e+00
3.943766951560974121e-01 1.465842247009277344e+00
3.953853547573089600e-01 1.483429789543151855e+00
3.963939845561981201e-01 1.464190006256103516e+00
3.974026143550872803e-01 1.461961984634399414e+00
3.984112441539764404e-01 1.485107183456420898e+00
3.994199037551879883e-01 1.455357909202575684e+00
4.004285335540771484e-01 1.450890421867370605e+00
4.014371633529663086e-01 1.472367882728576660e+00
4.024457931518554688e-01 1.471922755241394043e+00
4.034544229507446289e-01 1.447651028633117676e+00
4.044630825519561768e-01 1.457042336463928223e+00
4.054717123508453369e-01 1.430372118949890137e+00
4.064803421497344971e-01 1.426560401916503906e+00
4.074889719486236572e-01 1.457908868789672852e+00
4.084976017475128174e-01 1.449580311775207520e+00
4.095062613487243652e-01 1.471118330955505371e+00
4.105148911476135254e-01 1.487218856811523438e+00
4.115235209465026855e-01 1.459145784378051758e+00
4.125321507453918457e-01 1.445495009422302246e+00
4.135407805442810059e-01 1.467208981513977051e+00
4.145494401454925537e-01 1.433090329170227051e+00
4.155580699443817139e-01 1.453677415847778320e+00
4.165666997432708740e-01 1.456335902214050293e+00
4.175753295421600342e-01 1.452025175094604492e+00
4.185839891433715820e-01 1.454985618591308594e+00
4.195926189422607422e-01 1.447431325912475586e+00
4.206012487411499023e-01 1.455603837966918945e+00
4.216098785400390625e-01 1.447557926177978516e+00
4.226185083389282227e-01 1.457705736160278320e+00
4.236271679401397705e-01 1.457918286323547363e+00
4.246357977390289307e-01 1.434525966644287109e+00
4.256444275379180908e-01 1.412999749183654785e+00
4.266530573368072510e-01 1.410627603530883789e+00
4.276616871356964111e-01 1.436382174491882324e+00
4.286703467369079590e-01 1.422886252403259277e+00
4.296789765357971191e-01 1.431299448013305664e+00
4.306876063346862793e-01 1.441841363906860352e+00
4.316962361335754395e-01 1.434458255767822266e+00
4.327048659324645996e-01 1.425353050231933594e+00
4.337135255336761475e-01 1.417773246765136719e+00
4.347221553325653076e-01 1.437790870666503906e+00
4.357307851314544678e-01 1.417866826057434082e+00
4.367394149303436279e-01 1.420887470245361328e+00
4.377480745315551758e-01 1.419313430786132812e+00
4.387567043304443359e-01 1.408824086189270020e+00
4.397653341293334961e-01 1.418770670890808105e+00
4.407739639282226562e-01 1.424236297607421875e+00
4.417825937271118164e-01 1.415586471557617188e+00
4.427912533283233643e-01 1.456842303276062012e+00
4.437998831272125244e-01 1.442021608352661133e+00
4.448085129261016846e-01 1.402606725692749023e+00
4.458171427249908447e-01 1.408135652542114258e+00
4.468257725238800049e-01 1.435200572013854980e+00
4.478344321250915527e-01 1.451880812644958496e+00
4.488430619239807129e-01 1.411340236663818359e+00
4.498516917228698730e-01 1.414281845092773438e+00
4.508603215217590332e-01 1.423766136169433594e+00
4.518689513206481934e-01 1.425752282142639160e+00
4.528776109218597412e-01 1.415401220321655273e+00
4.538862407207489014e-01 1.399228096008300781e+00
4.548948705196380615e-01 1.399369835853576660e+00
4.559035003185272217e-01 1.447420835494995117e+00
4.569121599197387695e-01 1.423632860183715820e+00
4.579207897186279297e-01 1.429297566413879395e+00
4.589294195175170898e-01 1.424383759498596191e+00
4.599380493164062500e-01 1.418137907981872559e+00
4.609466791152954102e-01 1.403271913528442383e+00
4.619553387165069580e-01 1.414058923721313477e+00
4.629639685153961182e-01 1.412509202957153320e+00
4.639725983142852783e-01 1.376776695251464844e+00
4.649812281131744385e-01 1.398744463920593262e+00
4.659898579120635986e-01 1.410027265548706055e+00
4.669985175132751465e-01 1.436928153038024902e+00
4.680071473121643066e-01 1.408391952514648438e+00
4.690157771110534668e-01 1.400287389755249023e+00
4.700244069099426270e-01 1.422755956649780273e+00
4.710330665111541748e-01 1.403504133224487305e+00
4.720416963100433350e-01 1.398177266120910645e+00
4.730503261089324951e-01 1.386748552322387695e+00
4.740589559078216553e-01 1.391718983650207520e+00
4.750675857067108154e-01 1.412249207496643066e+00
4.760762453079223633e-01 1.401176214218139648e+00
4.770848751068115234e-01 1.372853398323059082e+00
4.780935049057006836e-01 1.405285120010375977e+00
4.791021347045898438e-01 1.389372706413269043e+00
4.801107645034790039e-01 1.385386705398559570e+00
4.811194241046905518e-01 1.378795623779296875e+00
4.821280539035797119e-01 1.387035846710205078e+00
4.831366837024688721e-01 1.390696644783020020e+00
4.841453135013580322e-01 1.402930736541748047e+00
4.851539433002471924e-01 1.374269127845764160e+00
4.861626029014587402e-01 1.398470044136047363e+00
4.871712327003479004e-01 1.406808853149414062e+00
4.881798624992370605e-01 1.421750545501708984e+00
4.891884922981262207e-01 1.425810933113098145e+00
4.901971518993377686e-01 1.398613333702087402e+00
4.912057816982269287e-01 1.403623580932617188e+00
4.922144114971160889e-01 1.389291644096374512e+00
4.932230412960052490e-01 1.405564069747924805e+00
4.942316710948944092e-01 1.401618957519531250e+00
4.952403306961059570e-01 1.385312795639038086e+00
4.962489604949951172e-01 1.383536577224731445e+00
4.972575902938842773e-01 1.385111093521118164e+00
4.982662200927734375e-01 1.367434859275817871e+00
4.992748498916625977e-01 1.395868301391601562e+00
5.002834796905517578e-01 1.398269057273864746e+00
5.012921094894409180e-01 1.382178187370300293e+00
5.023007988929748535e-01 1.396770834922790527e+00
5.033094286918640137e-01 1.374505758285522461e+00
5.043180584907531738e-01 1.440204381942749023e+00
5.053266882896423340e-01 1.405924201011657715e+00
5.063353180885314941e-01 1.388944745063781738e+00
5.073439478874206543e-01 1.397563576698303223e+00
5.083525776863098145e-01 1.392439603805541992e+00
5.093612074851989746e-01 1.411222100257873535e+00
5.103698372840881348e-01 1.410285592079162598e+00
5.113784670829772949e-01 1.414183378219604492e+00
5.123871564865112305e-01 1.405869841575622559e+00
5.133957862854003906e-01 1.411932468414306641e+00
5.144044160842895508e-01 1.411521434783935547e+00
5.154130458831787109e-01 1.413528442382812500e+00
5.164216756820678711e-01 1.409847736358642578e+00
5.174303054809570312e-01 1.407135844230651855e+00
5.184389352798461914e-01 1.415092825889587402e+00
5.194475650787353516e-01 1.416245102882385254e+00
5.204561948776245117e-01 1.412104129791259766e+00
5.214648842811584473e-01 1.412965059280395508e+00
5.224735140800476074e-01 1.424746870994567871e+00
5.234821438789367676e-01 1.409557461738586426e+00
5.244907736778259277e-01 1.407494187355041504e+00
5.254994034767150879e-01 1.428328156471252441e+00
5.265080332756042480e-01 1.428802371025085449e+00
5.275166630744934082e-01 1.425380587577819824e+00
5.285252928733825684e-01 1.426686644554138184e+00
5.295339226722717285e-01 1.415653944015502930e+00
5.305425524711608887e-01 1.430230975151062012e+00
5.315512418746948242e-01 1.446975946426391602e+00
5.325598716735839844e-01 1.419052481651306152e+00
5.335685014724731445e-01 1.422744870185852051e+00
5.345771312713623047e-01 1.424492001533508301e+00
5.355857610702514648e-01 1.417475461959838867e+00
5.365943908691406250e-01 1.392366409301757812e+00
5.376030206680297852e-01 1.397657632827758789e+00
5.386116504669189453e-01 1.406543135643005371e+00
5.396202802658081055e-01 1.399586558341979980e+00
5.406289696693420410e-01 1.401589035987854004e+00
5.416375994682312012e-01 1.394501209259033203e+00
5.426462292671203613e-01 1.405524015426635742e+00
5.436548590660095215e-01 1.402121901512145996e+00
5.446634888648986816e-01 1.400350093841552734e+00
5.456721186637878418e-01 1.383428335189819336e+00
5.466807484626770020e-01 1.387431621551513672e+00
5.476893782615661621e-01 1.375512838363647461e+00
5.486980080604553223e-01 1.393530964851379395e+00
5.497066378593444824e-01 1.379043340682983398e+00
5.507153272628784180e-01 1.393079042434692383e+00
5.517239570617675781e-01 1.386269927024841309e+00
5.527325868606567383e-01 1.368182897567749023e+00
5.537412166595458984e-01 1.353249311447143555e+00
5.547498464584350586e-01 1.367247104644775391e+00
5.557584762573242188e-01 1.376861453056335449e+00
5.567671060562133789e-01 1.373931765556335449e+00
5.577757358551025391e-01 1.378180861473083496e+00
5.587843656539916992e-01 1.360672831535339355e+00
5.597930550575256348e-01 1.345784902572631836e+00
5.608016848564147949e-01 1.339460015296936035e+00
5.618103146553039551e-01 1.358176589012145996e+00
5.628189444541931152e-01 1.346984624862670898e+00
5.638275742530822754e-01 1.356581568717956543e+00
5.648362040519714355e-01 1.351816654205322266e+00
5.658448338508605957e-01 1.332905054092407227e+00
5.668534636497497559e-01 1.340770602226257324e+00
5.678620934486389160e-01 1.347545981407165527e+00
5.688707232475280762e-01 1.344151616096496582e+00
5.698794126510620117e-01 1.379418849945068359e+00
5.708880424499511719e-01 1.353368759155273438e+00
5.718966722488403320e-01 1.348667621612548828e+00
5.729053020477294922e-01 1.361343622207641602e+00
5.739139318466186523e-01 1.335301280021667480e+00
5.749225616455078125e-01 1.362569093704223633e+00
5.759311914443969727e-01 1.342245817184448242e+00
5.769398212432861328e-01 1.342855453491210938e+00
5.779484510421752930e-01 1.335984826087951660e+00
5.789571404457092285e-01 1.328548550605773926e+00
5.799657702445983887e-01 1.329979896545410156e+00
5.809744000434875488e-01 1.321851015090942383e+00
5.819830298423767090e-01 1.334756255149841309e+00
5.829916596412658691e-01 1.336226820945739746e+00
5.840002894401550293e-01 1.334170818328857422e+00
5.850089192390441895e-01 1.344273567199707031e+00
5.860175490379333496e-01 1.352164983749389648e+00
5.870261788368225098e-01 1.331442236900329590e+00
5.880348086357116699e-01 1.321436762809753418e+00
5.890434980392456055e-01 1.367143869400024414e+00
5.900521278381347656e-01 1.338899135589599609e+00
5.910607576370239258e-01 1.347137451171875000e+00
5.920693874359130859e-01 1.328953027725219727e+00
5.930780172348022461e-01 1.323322057723999023e+00
5.940866470336914062e-01 1.331430912017822266e+00
5.950952768325805664e-01 1.317860484123229980e+00
5.961039066314697266e-01 1.315620183944702148e+00
5.971125364303588867e-01 1.319209814071655273e+00
5.981212258338928223e-01 1.340523123741149902e+00
5.991298556327819824e-01 1.301634907722473145e+00
6.001384854316711426e-01 1.312042593955993652e+00
6.011471152305603027e-01 1.307615160942077637e+00
6.021557450294494629e-01 1.349234223365783691e+00
6.031643748283386230e-01 1.310967445373535156e+00
6.041730046272277832e-01 1.310244560241699219e+00
6.051816344261169434e-01 1.302968740463256836e+00
6.061902642250061035e-01 1.315496802330017090e+00
6.071988940238952637e-01 1.326518416404724121e+00
6.082075834274291992e-01 1.302929282188415527e+00
6.092162132263183594e-01 1.297061204910278320e+00
6.102248430252075195e-01 1.307276606559753418e+00
6.112334728240966797e-01 1.296466231346130371e+00
6.122421026229858398e-01 1.284760713577270508e+00
6.132507324218750000e-01 1.305550932884216309e+00
6.142593622207641602e-01 1.310658335685729980e+00
6.152679920196533203e-01 1.292740464210510254e+00
6.162766218185424805e-01 1.290752291679382324e+00
6.172853112220764160e-01 1.301457166671752930e+00
6.182939410209655762e-01 1.275799989700317383e+00
6.193025708198547363e-01 1.293308496475219727e+00
6.203112006187438965e-01 1.296574115753173828e+00
6.213198304176330566e-01 1.284898996353149414e+00
6.223284602165222168e-01 1.275274634361267090e+00
6.233370900154113770e-01 1.278626441955566406e+00
6.243457198143005371e-01 1.298676729202270508e+00
6.253543496131896973e-01 1.284907102584838867e+00
6.263629794120788574e-01 1.285854458808898926e+00
6.273716688156127930e-01 1.279477119445800781e+00
6.283802986145019531e-01 1.288543820381164551e+00
6.293889284133911133e-01 1.299461483955383301e+00
6.303975582122802734e-01 1.306135058403015137e+00
6.314061880111694336e-01 1.297129392623901367e+00
6.324148178100585938e-01 1.273263096809387207e+00
6.334234476089477539e-01 1.286050200462341309e+00
6.344320774078369141e-01 1.286429405212402344e+00
6.354407072067260742e-01 1.297611236572265625e+00
6.364493966102600098e-01 1.281481504440307617e+00
6.374580264091491699e-01 1.273085117340087891e+00
6.384666562080383301e-01 1.271456599235534668e+00
6.394752860069274902e-01 1.289805173873901367e+00
6.404839158058166504e-01 1.286813855171203613e+00
6.414925456047058105e-01 1.278793692588806152e+00
6.425011754035949707e-01 1.292447566986083984e+00
6.435098052024841309e-01 1.273026466369628906e+00
6.445184350013732910e-01 1.292562842369079590e+00
6.455271244049072266e-01 1.265048503875732422e+00
6.465357542037963867e-01 1.276010990142822266e+00
6.475443840026855469e-01 1.272268295288085938e+00
6.485530138015747070e-01 1.272479534149169922e+00
6.495616436004638672e-01 1.279072284698486328e+00
6.505702733993530273e-01 1.296518445014953613e+00
6.515789031982421875e-01 1.291935205459594727e+00
6.525875329971313477e-01 1.253464937210083008e+00
6.535961627960205078e-01 1.254982471466064453e+00
6.546047925949096680e-01 1.233260273933410645e+00
6.556134819984436035e-01 1.275004982948303223e+00
6.566221117973327637e-01 1.281954526901245117e+00
6.576307415962219238e-01 1.263514041900634766e+00
6.586393713951110840e-01 1.248729109764099121e+00
6.596480011940002441e-01 1.263966321945190430e+00
6.606566309928894043e-01 1.246062159538269043e+00
6.616652607917785645e-01 1.250090360641479492e+00
6.626738905906677246e-01 1.274405598640441895e+00
6.636825203895568848e-01 1.253326654434204102e+00
6.646912097930908203e-01 1.252339005470275879e+00
6.656998395919799805e-01 1.256047487258911133e+00
6.667084693908691406e-01 1.291884183883666992e+00
6.677170991897583008e-01 1.279489040374755859e+00
6.687257289886474609e-01 1.275860071182250977e+00
6.697343587875366211e-01 1.253810524940490723e+00
6.707429885864257812e-01 1.261782646179199219e+00
6.717516183853149414e-01 1.253579258918762207e+00
6.727602481842041016e-01 1.256944060325622559e+00
6.737688779830932617e-01 1.266117334365844727e+00
6.747775673866271973e-01 1.269961595535278320e+00
6.757861971855163574e-01 1.239908099174499512e+00
6.767948269844055176e-01 1.252006649971008301e+00
6.778034567832946777e-01 1.266115307807922363e+00
6.788120865821838379e-01 1.267114996910095215e+00
6.798207163810729980e-01 1.255713582038879395e+00
6.808293461799621582e-01 1.259189605712890625e+00
6.818379759788513184e-01 1.244951605796813965e+00
6.828466057777404785e-01 1.245764255523681641e+00
6.838552951812744141e-01 1.264413118362426758e+00
6.848639249801635742e-01 1.267417192459106445e+00
6.858725547790527344e-01 1.246961116790771484e+00
6.868811845779418945e-01 1.245892882347106934e+00
6.878898143768310547e-01 1.236742377281188965e+00
6.888984441757202148e-01 1.239051938056945801e+00
6.899070739746093750e-01 1.234952926635742188e+00
6.909157037734985352e-01 1.244783282279968262e+00
6.919243335723876953e-01 1.259103298187255859e+00
6.929329633712768555e-01 1.254949688911437988e+00
6.939416527748107910e-01 1.252023100852966309e+00
6.949502825736999512e-01 1.251786112785339355e+00
6.959589123725891113e-01 1.273057222366333008e+00
6.969675421714782715e-01 1.266453385353088379e+00
6.979761719703674316e-01 1.256520509719848633e+00
6.989848017692565918e-01 1.249565482139587402e+00
6.999934315681457520e-01 1.227259039878845215e+00
7.010020613670349121e-01 1.264719367027282715e+00
7.020106911659240723e-01 1.249493241310119629e+00
7.030193805694580078e-01 1.233887434005737305e+00
7.040280103683471680e-01 1.236823797225952148e+00
7.050366401672363281e-01 1.260524153709411621e+00
7.060452699661254883e-01 1.259861111640930176e+00
7.070538997650146484e-01 1.254184484481811523e+00
7.080625295639038086e-01 1.247265577316284180e+00
7.090711593627929688e-01 1.246602773666381836e+00
7.100797891616821289e-01 1.251882195472717285e+00
7.110884189605712891e-01 1.237101435661315918e+00
7.120970487594604492e-01 1.229279518127441406e+00
7.131057381629943848e-01 1.249493479728698730e+00
7.141143679618835449e-01 1.265694499015808105e+00
7.151229977607727051e-01 1.228860616683959961e+00
7.161316275596618652e-01 1.245989561080932617e+00
7.171402573585510254e-01 1.259736895561218262e+00
7.181488871574401855e-01 1.219615697860717773e+00
7.191575169563293457e-01 1.243037104606628418e+00
7.201661467552185059e-01 1.258862495422363281e+00
7.211747765541076660e-01 1.246027112007141113e+00
7.221834659576416016e-01 1.258173346519470215e+00
7.231920957565307617e-01 1.236564636230468750e+00
7.242007255554199219e-01 1.244009852409362793e+00
7.252093553543090820e-01 1.248769402503967285e+00
7.262179851531982422e-01 1.248614668846130371e+00
7.272266149520874023e-01 1.240683436393737793e+00
7.282352447509765625e-01 1.226046085357666016e+00
7.292438745498657227e-01 1.238546013832092285e+00
7.302525043487548828e-01 1.256087422370910645e+00
7.312611341476440430e-01 1.261058211326599121e+00
7.322698235511779785e-01 1.231076478958129883e+00
7.332784533500671387e-01 1.231996893882751465e+00
7.342870831489562988e-01 1.223525643348693848e+00
7.352957129478454590e-01 1.221998691558837891e+00
7.363043427467346191e-01 1.241728544235229492e+00
7.373129725456237793e-01 1.245238304138183594e+00
7.383216023445129395e-01 1.249739170074462891e+00
7.393302321434020996e-01 1.241947412490844727e+00
7.403388619422912598e-01 1.232355713844299316e+00
7.413475513458251953e-01 1.225588202476501465e+00
7.423561811447143555e-01 1.241366267204284668e+00
7.433648109436035156e-01 1.244459509849548340e+00
7.443734407424926758e-01 1.238151311874389648e+00
7.453820705413818359e-01 1.240306854248046875e+00
7.463907003402709961e-01 1.219657182693481445e+00
7.473993301391601562e-01 1.247926831245422363e+00
7.484079599380493164e-01 1.240239977836608887e+00
7.494165897369384766e-01 1.225007176399230957e+00
7.504252195358276367e-01 1.234723925590515137e+00
7.514339089393615723e-01 1.225852370262145996e+00
7.524425387382507324e-01 1.288565874099731445e+00
7.534511685371398926e-01 1.288176298141479492e+00
7.544597983360290527e-01 1.243076324462890625e+00
7.554684281349182129e-01 1.235427141189575195e+00
7.564770579338073730e-01 1.250107526779174805e+00
7.574856877326965332e-01 1.252908349037170410e+00
7.584943175315856934e-01 1.239532351493835449e+00
7.595029473304748535e-01 1.242050886154174805e+00
7.605116367340087891e-01 1.251703739166259766e+00
7.615202665328979492e-01 1.236177802085876465e+00
7.625288963317871094e-01 1.255875349044799805e+00
7.635375261306762695e-01 1.252903580665588379e+00
7.645461559295654297e-01 1.252820491790771484e+00
7.655547857284545898e-01 1.250404238700866699e+00
7.665634155273437500e-01 1.225064039230346680e+00
7.675720453262329102e-01 1.261691927909851074e+00
7.685806751251220703e-01 1.256114840507507324e+00
7.695893049240112305e-01 1.247683167457580566e+00
7.705979943275451660e-01 1.268923878669738770e+00
7.716066241264343262e-01 1.257468461990356445e+00
7.726152539253234863e-01 1.234279394149780273e+00
7.736238837242126465e-01 1.242330789566040039e+00
7.746325135231018066e-01 1.240201950073242188e+00
7.756411433219909668e-01 1.257901310920715332e+00
7.766497731208801270e-01 1.280858993530273438e+00
7.776584029197692871e-01 1.248659610748291016e+00
7.786670327186584473e-01 1.270727157592773438e+00
7.796757221221923828e-01 1.255935311317443848e+00
7.806843519210815430e-01 1.235461115837097168e+00
7.816929817199707031e-01 1.243485450744628906e+00
7.827016115188598633e-01 1.260213851928710938e+00
7.837102413177490234e-01 1.277260422706604004e+00
7.847188711166381836e-01 1.256387829780578613e+00
7.857275009155273438e-01 1.259205698966979980e+00
7.867361307144165039e-01 1.252094388008117676e+00
7.877447605133056641e-01 1.249609112739562988e+00
7.887533903121948242e-01 1.253078699111938477e+00
7.897620797157287598e-01 1.265853285789489746e+00
7.907707095146179199e-01 1.275799036026000977e+00
7.917793393135070801e-01 1.261381268501281738e+00
7.927879691123962402e-01 1.276396155357360840e+00
7.937965989112854004e-01 1.236291050910949707e+00
7.948052287101745605e-01 1.269892215728759766e+00
7.958138585090637207e-01 1.263977050781250000e+00
7.968224883079528809e-01 1.268076896667480469e+00
7.978311181068420410e-01 1.264720678329467773e+00
7.988398075103759766e-01 1.262455463409423828e+00
7.998484373092651367e-01 1.263588905334472656e+00
8.008570671081542969e-01 1.254162669181823730e+00
8.018656969070434570e-01 1.276375293731689453e+00
8.028743267059326172e-01 1.259660840034484863e+00
8.038829565048217773e-01 1.254098892211914062e+00
8.048915863037109375e-01 1.279480814933776855e+00
8.059002161026000977e-01 1.269501566886901855e+00
8.069088459014892578e-01 1.275082349777221680e+00
8.079174757003784180e-01 1.267312407493591309e+00
8.089261651039123535e-01 1.272049784660339355e+00
8.099347949028015137e-01 1.263881921768188477e+00
8.109434247016906738e-01 1.298538923263549805e+00
8.119520545005798340e-01 1.278698325157165527e+00
8.129606842994689941e-01 1.285465955734252930e+00
8.139693140983581543e-01 1.275137662887573242e+00
8.149779438972473145e-01 1.269560098648071289e+00
8.159865736961364746e-01 1.294864058494567871e+00
8.169952034950256348e-01 1.288963079452514648e+00
8.180038928985595703e-01 1.287600874900817871e+00
8.190125226974487305e-01 1.267513394355773926e+00
8.200211524963378906e-01 1.262616038322448730e+00
8.210297822952270508e-01 1.293350458145141602e+00
8.220384120941162109e-01 1.274092912673950195e+00
8.230470418930053711e-01 1.287667512893676758e+00
8.240556716918945312e-01 1.294441819190979004e+00
8.250643014907836914e-01 1.284709930419921875e+00
8.260729312896728516e-01 1.283283829689025879e+00
8.270815610885620117e-01 1.293429017066955566e+00
8.280902504920959473e-01 1.293863058090209961e+00
8.290988802909851074e-01 1.275536417961120605e+00
8.301075100898742676e-01 1.279041528701782227e+00
8.311161398887634277e-01 1.293648242950439453e+00
8.321247696876525879e-01 1.291477680206298828e+00
8.331333994865417480e-01 1.261755347251892090e+00
8.341420292854309082e-01 1.294767618179321289e+00
8.351506590843200684e-01 1.306552529335021973e+00
8.361592888832092285e-01 1.293835878372192383e+00
8.371679782867431641e-01 1.319343686103820801e+00
8.381766080856323242e-01 1.302167296409606934e+00
8.391852378845214844e-01 1.305321574211120605e+00
8.401938676834106445e-01 1.308038592338562012e+00
8.412024974822998047e-01 1.311838507652282715e+00
8.422111272811889648e-01 1.306425333023071289e+00
8.432197570800781250e-01 1.310771226882934570e+00
8.442283868789672852e-01 1.335921645164489746e+00
8.452370166778564453e-01 1.323402285575866699e+00
8.462456464767456055e-01 1.306376695632934570e+00
8.472543358802795410e-01 1.283085346221923828e+00
8.482629656791687012e-01 1.246167063713073730e+00
8.492715954780578613e-01 1.257721304893493652e+00
8.502802252769470215e-01 1.239256620407104492e+00
8.512888550758361816e-01 1.261955738067626953e+00
8.522974848747253418e-01 1.255036473274230957e+00
8.533061146736145020e-01 1.254283189773559570e+00
8.543147444725036621e-01 1.239115834236145020e+00
8.553233742713928223e-01 1.223905205726623535e+00
8.563320636749267578e-01 1.239676833152770996e+00
8.573406934738159180e-01 1.223521232604980469e+00
8.583493232727050781e-01 1.226922512054443359e+00
8.593579530715942383e-01 1.225571632385253906e+00
8.603665828704833984e-01 1.194314479827880859e+00
8.613752126693725586e-01 1.198093771934509277e+00
8.623838424682617188e-01 1.221058130264282227e+00
8.633924722671508789e-01 1.235756278038024902e+00
8.644011020660400391e-01 1.235863447189331055e+00
8.654097318649291992e-01 1.218093991279602051e+00
8.664184212684631348e-01 1.216446757316589355e+00
8.674270510673522949e-01 1.209909558296203613e+00
8.684356808662414551e-01 1.202899336814880371e+00
8.694443106651306152e-01 1.211122155189514160e+00
8.704529404640197754e-01 1.224816322326660156e+00
8.714615702629089355e-01 1.211001873016357422e+00
8.724702000617980957e-01 1.244379878044128418e+00
8.734788298606872559e-01 1.234077572822570801e+00
8.744874596595764160e-01 1.226737260818481445e+00
8.754961490631103516e-01 1.227502226829528809e+00
8.765047788619995117e-01 1.242399454116821289e+00
8.775134086608886719e-01 1.243130683898925781e+00
8.785220384597778320e-01 1.240297198295593262e+00
8.795306682586669922e-01 1.260855913162231445e+00
8.805392980575561523e-01 1.245324969291687012e+00
8.815479278564453125e-01 1.245615243911743164e+00
8.825565576553344727e-01 1.246697902679443359e+00
8.835651874542236328e-01 1.253132820129394531e+00
8.845738172531127930e-01 1.276314735412597656e+00
8.855825066566467285e-01 1.254511356353759766e+00
8.865911364555358887e-01 1.246480941772460938e+00
8.875997662544250488e-01 1.259773731231689453e+00
8.886083960533142090e-01 1.233492136001586914e+00
8.896170258522033691e-01 1.233340501785278320e+00
8.906256556510925293e-01 1.255774736404418945e+00
8.916342854499816895e-01 1.256894946098327637e+00
8.926429152488708496e-01 1.254946470260620117e+00
8.936515450477600098e-01 1.262541413307189941e+00
8.946602344512939453e-01 1.249840974807739258e+00
8.956688642501831055e-01 1.269599676132202148e+00
8.966774940490722656e-01 1.261722803115844727e+00
8.976861238479614258e-01 1.260267615318298340e+00
8.986947536468505859e-01 1.260518312454223633e+00
8.997033834457397461e-01 1.260552048683166504e+00
9.007120132446289062e-01 1.250172138214111328e+00
9.017206430435180664e-01 1.277718901634216309e+00
9.027292728424072266e-01 1.246150851249694824e+00
9.037379026412963867e-01 1.227708935737609863e+00
9.047465920448303223e-01 1.250380277633666992e+00
9.057552218437194824e-01 1.266033768653869629e+00
9.067638516426086426e-01 1.255766391754150391e+00
9.077724814414978027e-01 1.243228197097778320e+00
9.087811112403869629e-01 1.215009570121765137e+00
9.097897410392761230e-01 1.242535591125488281e+00
9.107983708381652832e-01 1.222381114959716797e+00
9.118070006370544434e-01 1.252933859825134277e+00
9.128156304359436035e-01 1.237168312072753906e+00
9.138243198394775391e-01 1.255529284477233887e+00
9.148329496383666992e-01 1.280798435211181641e+00
9.158415794372558594e-01 1.308069467544555664e+00
9.168502092361450195e-01 1.268800020217895508e+00
9.178588390350341797e-01 1.260599374771118164e+00
9.188674688339233398e-01 1.272479534149169922e+00
9.198760986328125000e-01 1.251880168914794922e+00
9.208847284317016602e-01 1.263510823249816895e+00
9.218933582305908203e-01 1.235357880592346191e+00
9.229020476341247559e-01 1.291960597038269043e+00
9.239106774330139160e-01 1.276928305625915527e+00
9.249193072319030762e-01 1.240523457527160645e+00
9.259279370307922363e-01 1.265952110290527344e+00
9.269365668296813965e-01 1.263563513755798340e+00
9.279451966285705566e-01 1.236847519874572754e+00
9.289538264274597168e-01 1.256212353706359863e+00
9.299624562263488770e-01 1.283865213394165039e+00
9.309710860252380371e-01 1.254410505294799805e+00
9.319797158241271973e-01 1.275024890899658203e+00
9.329884052276611328e-01 1.278267264366149902e+00
9.339970350265502930e-01 1.283877134323120117e+00
9.350056648254394531e-01 1.217397928237915039e+00
9.360142946243286133e-01 1.240469455718994141e+00
9.370229244232177734e-01 1.241372823715209961e+00
9.380315542221069336e-01 1.274990320205688477e+00
9.390401840209960938e-01 1.280682086944580078e+00
9.400488138198852539e-01 1.262913346290588379e+00
9.410574436187744141e-01 1.260845541954040527e+00
9.420661330223083496e-01 1.234718799591064453e+00
9.430747628211975098e-01 1.254273295402526855e+00
9.440833926200866699e-01 1.277678728103637695e+00
9.450920224189758301e-01 1.238852262496948242e+00
9.461006522178649902e-01 1.256726384162902832e+00
9.471092820167541504e-01 1.234452247619628906e+00
9.481179118156433105e-01 1.223458528518676758e+00
9.491265416145324707e-01 1.257417082786560059e+00
9.501351714134216309e-01 1.231318593025207520e+00
9.511438012123107910e-01 1.242110848426818848e+00
9.521524906158447266e-01 1.250840783119201660e+00
9.531611204147338867e-01 1.299871206283569336e+00
9.541697502136230469e-01 1.231610059738159180e+00
9.551783800125122070e-01 1.244728207588195801e+00
9.561870098114013672e-01 1.231210112571716309e+00
9.571956396102905273e-01 1.245879650115966797e+00
9.582042694091796875e-01 1.228030681610107422e+00
9.592128992080688477e-01 1.232324481010437012e+00
9.602215290069580078e-01 1.242180347442626953e+00
9.612302184104919434e-01 1.248004674911499023e+00
9.622388482093811035e-01 1.222339510917663574e+00
9.632474780082702637e-01 1.219598650932312012e+00
9.642561078071594238e-01 1.216875791549682617e+00
9.652647376060485840e-01 1.239210844039916992e+00
9.662733674049377441e-01 1.258037567138671875e+00
9.672819972038269043e-01 1.214274406433105469e+00
9.682906270027160645e-01 1.202100515365600586e+00
9.692992568016052246e-01 1.217438220977783203e+00
9.703078866004943848e-01 1.203971147537231445e+00
9.713165760040283203e-01 1.251381516456604004e+00
9.723252058029174805e-01 1.232716321945190430e+00
9.733338356018066406e-01 1.242749333381652832e+00
9.743424654006958008e-01 1.185134649276733398e+00
9.753510951995849609e-01 1.217916727066040039e+00
9.763597249984741211e-01 1.194432497024536133e+00
9.773683547973632812e-01 1.226345062255859375e+00
9.783769845962524414e-01 1.241104722023010254e+00
9.793856143951416016e-01 1.229521155357360840e+00
9.803943037986755371e-01 1.195934295654296875e+00
9.814029335975646973e-01 1.210170626640319824e+00
9.824115633964538574e-01 1.182166814804077148e+00
9.834201931953430176e-01 1.141479969024658203e+00
9.844288229942321777e-01 1.136657238006591797e+00
9.854374527931213379e-01 1.152370214462280273e+00
9.864460825920104980e-01 1.168890237808227539e+00
9.874547123908996582e-01 1.214256167411804199e+00
9.884633421897888184e-01 1.196874380111694336e+00
9.894719719886779785e-01 1.192423105239868164e+00
9.904806613922119141e-01 1.191981434822082520e+00
9.914892911911010742e-01 1.207328081130981445e+00
9.924979209899902344e-01 1.171356320381164551e+00
9.935065507888793945e-01 1.191112756729125977e+00
9.945151805877685547e-01 1.194679141044616699e+00
9.955238103866577148e-01 1.156685709953308105e+00
9.965324401855468750e-01 1.158720016479492188e+00
9.975410699844360352e-01 1.151730537414550781e+00
9.985496997833251953e-01 1.147032260894775391e+00
9.995583891868591309e-01 1.125122427940368652e+00
1.000566959381103516e+00 1.156132698059082031e+00
1.001575589179992676e+00 1.108017086982727051e+00
1.002584218978881836e+00 1.084617972373962402e+00
1.003592848777770996e+00 1.041203260421752930e+00
1.004601597785949707e+00 1.086658358573913574e+00
1.005610227584838867e+00 1.075352311134338379e+00
1.006618857383728027e+00 1.039261102676391602e+00
1.007627487182617188e+00 1.053983330726623535e+00
1.008636116981506348e+00 1.052008152008056641e+00
1.009644746780395508e+00 9.986166357994079590e-01
1.010653376579284668e+00 1.042385935783386230e+00
1.011662006378173828e+00 1.026755332946777344e+00
1.012670636177062988e+00 1.023564577102661133e+00
1.013679265975952148e+00 1.060307145118713379e+00
1.014687895774841309e+00 1.074649333953857422e+00
1.015696525573730469e+00 1.104586243629455566e+00
1.016705155372619629e+00 1.079985976219177246e+00
1.017713785171508789e+00 1.058490991592407227e+00
1.018722414970397949e+00 1.053723812103271484e+00
1.019731044769287109e+00 1.065482974052429199e+00
1.020739674568176270e+00 1.086173892021179199e+00
1.021748304367065430e+00 1.051939725875854492e+00
1.022756934165954590e+00 1.020421028137207031e+00
1.023765683174133301e+00 1.023869633674621582e+00
1.024774312973022461e+00 1.060894489288330078e+00
1.025782942771911621e+00 1.098357200622558594e+00
1.026791572570800781e+00 1.053751587867736816e+00
1.027800202369689941e+00 1.085937261581420898e+00
1.028808832168579102e+00 1.074076533317565918e+00
1.029817461967468262e+00 1.103093147277832031e+00
1.030826091766357422e+00 1.102236747741699219e+00
1.031834721565246582e+00 1.052505254745483398e+00
1.032843351364135742e+00 1.039531826972961426e+00
1.033851981163024902e+00 9.979184269905090332e-01
1.034860610961914062e+00 1.031944870948791504e+00
1.035869240760803223e+00 1.058621168136596680e+00
1.036877870559692383e+00 1.051529884338378906e+00
1.037886500358581543e+00 1.053243875503540039e+00
1.038895130157470703e+00 1.094809889793395996e+00
1.039903759956359863e+00 1.165295600891113281e+00
1.040912389755249023e+00 1.109124302864074707e+00
1.041921019554138184e+00 1.077276587486267090e+00
1.042929768562316895e+00 1.038136243820190430e+00
1.043938398361206055e+00 1.045471549034118652e+00
1.044947028160095215e+00 1.092507362365722656e+00
1.045955657958984375e+00 1.116534829139709473e+00
1.046964287757873535e+00 1.058587670326232910e+00
1.047972917556762695e+00 1.123205065727233887e+00
1.048981547355651855e+00 1.061428546905517578e+00
1.049990177154541016e+00 1.107031822204589844e+00
1.050998806953430176e+00 1.112398624420166016e+00
1.052007436752319336e+00 1.089043617248535156e+00
1.053016066551208496e+00 1.134107112884521484e+00
1.054024696350097656e+00 1.092710018157958984e+00
1.055033326148986816e+00 1.092384099960327148e+00
1.056041955947875977e+00 1.096991181373596191e+00
1.057050585746765137e+00 1.139993548393249512e+00
1.058059215545654297e+00 1.054941773414611816e+00
1.059067845344543457e+00 1.143260836601257324e+00
1.060076475143432617e+00 1.087692022323608398e+00
1.061085104942321777e+00 1.092888593673706055e+00
1.062093853950500488e+00 1.058314442634582520e+00
1.063102483749389648e+00 1.107489466667175293e+00
1.064111113548278809e+00 1.074428677558898926e+00
1.065119743347167969e+00 1.144905209541320801e+00
1.066128373146057129e+00 1.136444091796875000e+00
1.067137002944946289e+00 1.108891367912292480e+00
1.068145632743835449e+00 1.031045794486999512e+00
1.069154262542724609e+00 1.092936515808105469e+00
1.070162892341613770e+00 1.119853258132934570e+00
1.071171522140502930e+00 1.086616396903991699e+00
1.072180151939392090e+00 1.113053917884826660e+00
1.073188781738281250e+00 1.167779564857482910e+00
1.074197411537170410e+00 1.141558885574340820e+00
1.075206041336059570e+00 1.109277129173278809e+00
1.076214671134948730e+00 1.066304564476013184e+00
1.077223300933837891e+00 1.073319554328918457e+00
1.078231930732727051e+00 1.108315587043762207e+00
1.079240560531616211e+00 1.158113598823547363e+00
1.080249190330505371e+00 1.077273249626159668e+00
1.081257939338684082e+00 1.123857021331787109e+00
1.082266569137573242e+00 1.108878493309020996e+00
1.083275198936462402e+00 1.071131944656372070e+00
1.084283828735351562e+00 1.093551039695739746e+00
1.085292458534240723e+00 1.079795598983764648e+00
1.086301088333129883e+00 1.165278673171997070e+00
1.087309718132019043e+00 1.151860594749450684e+00
1.088318347930908203e+00 1.161041855812072754e+00
1.089326977729797363e+00 1.163094520568847656e+00
1.090335607528686523e+00 1.116553068161010742e+00
1.091344237327575684e+00 1.091061234474182129e+00
1.092352867126464844e+00 1.093370437622070312e+00
1.093361496925354004e+00 1.155505895614624023e+00
1.094370126724243164e+00 1.087032556533813477e+00
1.095378756523132324e+00 1.105332016944885254e+00
1.096387386322021484e+00 1.109830856323242188e+00
1.097396016120910645e+00 1.186253905296325684e+00
1.098404645919799805e+00 1.130282640457153320e+00
1.099413275718688965e+00 1.082397460937500000e+00
1.100422024726867676e+00 1.220337510108947754e+00
1.101430654525756836e+00 1.164130568504333496e+00
1.102439284324645996e+00 1.135747551918029785e+00
1.103447914123535156e+00 1.177622437477111816e+00
1.104456543922424316e+00 1.171699047088623047e+00
1.105465173721313477e+00 1.157935619354248047e+00
1.106473803520202637e+00 1.150549769401550293e+00
1.107482433319091797e+00 1.148940563201904297e+00
1.108491063117980957e+00 1.124700546264648438e+00
1.109499692916870117e+00 1.110688090324401855e+00
1.110508322715759277e+00 1.120716691017150879e+00
1.111516952514648438e+00 1.160145998001098633e+00
1.112525582313537598e+00 1.238091945648193359e+00
1.113534212112426758e+00 1.226510047912597656e+00
1.114542841911315918e+00 1.199287295341491699e+00
1.115551471710205078e+00 1.220925092697143555e+00
1.116560101509094238e+00 1.191800951957702637e+00
1.117568731307983398e+00 1.161031723022460938e+00
1.118577361106872559e+00 1.240906953811645508e+00
1.119586110115051270e+00 1.191654086112976074e+00
1.120594739913940430e+00 1.206567764282226562e+00
1.121603369712829590e+00 1.152465224266052246e+00
1.122611999511718750e+00 1.119988083839416504e+00
1.123620629310607910e+00 1.157936930656433105e+00
1.124629259109497070e+00 1.183884382247924805e+00
1.125637888908386230e+00 1.146278977394104004e+00
1.126646518707275391e+00 1.137841939926147461e+00
1.127655148506164551e+00 1.297061085700988770e+00
1.128663778305053711e+00 1.211351752281188965e+00
1.129672408103942871e+00 1.166041851043701172e+00
1.130681037902832031e+00 1.190480709075927734e+00
1.131689667701721191e+00 1.244318842887878418e+00
1.132698297500610352e+00 1.207805633544921875e+00
1.133706927299499512e+00 1.153943777084350586e+00
1.134715557098388672e+00 1.200907230377197266e+00
1.135724186897277832e+00 1.155978202819824219e+00
1.136732816696166992e+00 1.066642403602600098e+00
1.137741446495056152e+00 1.214177131652832031e+00
1.138750195503234863e+00 1.209129571914672852e+00
1.139758825302124023e+00 1.231292724609375000e+00
1.140767455101013184e+00 1.219420909881591797e+00
1.141776084899902344e+00 1.221697688102722168e+00
1.142784714698791504e+00 1.224299311637878418e+00
1.143793344497680664e+00 1.279778599739074707e+00
1.144801974296569824e+00 1.255436778068542480e+00
1.145810604095458984e+00 1.176828384399414062e+00
1.146819233894348145e+00 1.235733032226562500e+00
1.147827863693237305e+00 1.230546712875366211e+00
1.148836493492126465e+00 1.201515197753906250e+00
1.149845123291015625e+00 1.225775122642517090e+00
1.150853753089904785e+00 1.284101128578186035e+00
1.151862382888793945e+00 1.355272889137268066e+00
1.152871012687683105e+00 1.226791262626647949e+00
1.153879642486572266e+00 1.224093198776245117e+00
1.154888272285461426e+00 1.139768123626708984e+00
1.155896902084350586e+00 1.210506677627563477e+00
1.156905531883239746e+00 1.255746006965637207e+00
1.157914280891418457e+00 1.247729301452636719e+00
1.158922910690307617e+00 1.025062680244445801e+00
1.159931540489196777e+00 1.190328121185302734e+00
1.160940170288085938e+00 1.076984167098999023e+00
1.161948800086975098e+00 1.196547269821166992e+00
1.162957429885864258e+00 1.122847080230712891e+00
1.163966059684753418e+00 1.262463331222534180e+00
1.164974689483642578e+00 1.283159255981445312e+00
1.165983319282531738e+00 1.248603701591491699e+00
1.166991949081420898e+00 1.288481593132019043e+00
1.168000578880310059e+00 1.287681698799133301e+00
1.169009208679199219e+00 1.334749698638916016e+00
1.170017838478088379e+00 1.197906494140625000e+00
1.171026468276977539e+00 1.067617416381835938e+00
1.172035098075866699e+00 1.224023222923278809e+00
1.173043727874755859e+00 1.214656710624694824e+00
1.174052357673645020e+00 1.262340784072875977e+00
1.175060987472534180e+00 1.248132824897766113e+00
1.176069617271423340e+00 1.085832238197326660e+00
1.177078366279602051e+00 1.270301580429077148e+00
1.178086996078491211e+00 1.136845350265502930e+00
1.179095625877380371e+00 1.370607852935791016e+00
1.180104255676269531e+00 1.303579926490783691e+00
1.181112885475158691e+00 1.315036416053771973e+00
1.182121515274047852e+00 1.274735450744628906e+00
1.183130145072937012e+00 1.120066523551940918e+00
1.184138774871826172e+00 1.288909196853637695e+00
1.185147404670715332e+00 1.258081436157226562e+00
1.186156034469604492e+00 1.190609455108642578e+00
1.187164664268493652e+00 1.174721837043762207e+00
1.188173294067382812e+00 1.210674166679382324e+00
1.189181923866271973e+00 1.190752387046813965e+00
1.190190553665161133e+00 1.417137742042541504e+00
1.191199183464050293e+00 1.232678890228271484e+00
1.192207813262939453e+00 1.272469162940979004e+00
1.193216443061828613e+00 1.324720621109008789e+00
1.194225072860717773e+00 1.194640159606933594e+00
1.195233702659606934e+00 1.391882181167602539e+00
1.196242451667785645e+00 1.217673420906066895e+00
1.197251081466674805e+00 1.315862298011779785e+00
1.198259711265563965e+00 1.171012163162231445e+00
1.199268341064453125e+00 1.139347434043884277e+00
1.200276970863342285e+00 1.149536252021789551e+00
1.201285600662231445e+00 1.054279208183288574e+00
1.202294230461120605e+00 1.090628385543823242e+00
1.203302860260009766e+00 1.044430851936340332e+00
1.204311490058898926e+00 1.312033057212829590e+00
1.205320119857788086e+00 1.614885330200195312e+00
1.206328749656677246e+00 1.027961254119873047e+00
1.207337379455566406e+00 1.525411128997802734e+00
1.208346009254455566e+00 1.397608876228332520e+00
1.209354639053344727e+00 1.696425437927246094e+00
