0.000000000000000000e+00 8.290154418945312500e+02
1.008636085316538811e-03 6.765958862304687500e+02
2.017272170633077621e-03 5.121841430664062500e+02
3.025908255949616432e-03 3.911155090332031250e+02
4.034544341266155243e-03 3.099963989257812500e+02
5.043180659413337708e-03 2.465624847412109375e+02
6.051816511899232864e-03 1.981663970947265625e+02
7.060452364385128021e-03 1.650765533447265625e+02
8.069088682532310486e-03 1.364282684326171875e+02
9.077725000679492950e-03 1.159698410034179688e+02
1.008636131882667542e-02 9.815110778808593750e+01
1.109499670565128326e-02 8.590715789794921875e+01
1.210363302379846573e-02 7.432239532470703125e+01
1.311226934194564819e-02 6.492798614501953125e+01
1.412090472877025604e-02 5.616966247558593750e+01
1.512954104691743851e-02 4.966195678710937500e+01
1.613817736506462097e-02 4.481899261474609375e+01
1.714681275188922882e-02 3.969633102416992188e+01
1.815545000135898590e-02 3.524871826171875000e+01
1.916408538818359375e-02 3.181368446350097656e+01
2.017272263765335083e-02 2.852386856079101562e+01
2.118135802447795868e-02 2.584242820739746094e+01
2.218999341130256653e-02 2.340409088134765625e+01
2.319863066077232361e-02 2.145278739929199219e+01
2.420726604759693146e-02 1.934095764160156250e+01
2.521590143442153931e-02 1.775162124633789062e+01
2.622453868389129639e-02 1.619013404846191406e+01
2.723317407071590424e-02 1.464706802368164062e+01
2.824180945754051208e-02 1.331422996520996094e+01
2.925044670701026917e-02 1.226434707641601562e+01
3.025908209383487701e-02 1.110903358459472656e+01
3.126771748065948486e-02 1.029675960540771484e+01
3.227635473012924194e-02 9.518083572387695312e+00
3.328499197959899902e-02 8.753458976745605469e+00
3.429362550377845764e-02 8.020995140075683594e+00
3.530226275324821472e-02 7.439939022064208984e+00
3.631090000271797180e-02 7.058295249938964844e+00
3.731953352689743042e-02 6.568426132202148438e+00
3.832817077636718750e-02 6.169871807098388672e+00
3.933680802583694458e-02 5.733870983123779297e+00
4.034544527530670166e-02 5.384254932403564453e+00
4.135407879948616028e-02 4.999757289886474609e+00
4.236271604895591736e-02 4.729720592498779297e+00
4.337135329842567444e-02 4.426942348480224609e+00
4.437998682260513306e-02 4.203080654144287109e+00
4.538862407207489014e-02 3.943750619888305664e+00
4.639726132154464722e-02 3.695227861404418945e+00
4.740589484572410583e-02 3.663651466369628906e+00
4.841453209519386292e-02 3.444130420684814453e+00
4.942316934466362000e-02 3.232767820358276367e+00
5.043180286884307861e-02 3.069788932800292969e+00
5.144044011831283569e-02 2.856029272079467773e+00
5.244907736778259277e-02 2.757743358612060547e+00
5.345771089196205139e-02 2.689193725585937500e+00
5.446634814143180847e-02 2.560258150100708008e+00
5.547498539090156555e-02 2.509100198745727539e+00
5.648361891508102417e-02 2.334013462066650391e+00
5.749225616455078125e-02 2.245656013488769531e+00
5.850089341402053833e-02 2.145218372344970703e+00
5.950953066349029541e-02 2.085471630096435547e+00
6.051816418766975403e-02 2.000255823135375977e+00
6.152680143713951111e-02 1.889003038406372070e+00
6.253543496131896973e-02 1.850018739700317383e+00
6.354407221078872681e-02 1.798863291740417480e+00
6.455270946025848389e-02 1.772655844688415527e+00
6.556134670972824097e-02 1.657443404197692871e+00
6.656998395919799805e-02 1.612739562988281250e+00
6.757862120866775513e-02 1.575658440589904785e+00
6.858725100755691528e-02 1.509482979774475098e+00
6.959588825702667236e-02 1.456296682357788086e+00
7.060452550649642944e-02 1.406970381736755371e+00
7.161316275596618652e-02 1.336150527000427246e+00
7.262180000543594360e-02 1.368601322174072266e+00
7.363043725490570068e-02 1.283309936523437500e+00
7.463906705379486084e-02 1.274557113647460938e+00
7.564770430326461792e-02 1.240325450897216797e+00
7.665634155273437500e-02 1.245353579521179199e+00
7.766497880220413208e-02 1.186798930168151855e+00
7.867361605167388916e-02 1.207827687263488770e+00
7.968225330114364624e-02 1.214878559112548828e+00
8.069089055061340332e-02 1.180566549301147461e+00
8.169952034950256348e-02 1.101390004158020020e+00
8.270815759897232056e-02 1.138105273246765137e+00
8.371679484844207764e-02 1.128456473350524902e+00
8.472543209791183472e-02 1.061048030853271484e+00
8.573406934738159180e-02 1.012963294982910156e+00
8.674270659685134888e-02 1.033655881881713867e+00
8.775133639574050903e-02 1.021712660789489746e+00
8.875997364521026611e-02 9.823760390281677246e-01
8.976861089468002319e-02 9.691331386566162109e-01
9.077724814414978027e-02 9.936726093292236328e-01
9.178588539361953735e-02 9.384896755218505859e-01
9.279452264308929443e-02 9.093480110168457031e-01
9.380315244197845459e-02 9.477093815803527832e-01
9.481178969144821167e-02 9.149408340454101562e-01
9.582042694091796875e-02 8.931720256805419922e-01
9.682906419038772583e-02 8.880115151405334473e-01
9.783770143985748291e-02 8.749567866325378418e-01
9.884633868932723999e-02 8.590695858001708984e-01
9.985497593879699707e-02 8.433777093887329102e-01
1.008636057376861572e-01 8.343405723571777344e-01
1.018722429871559143e-01 8.361238837242126465e-01
1.028808802366256714e-01 8.172062635421752930e-01
1.038895174860954285e-01 8.399960398674011230e-01
1.048981547355651855e-01 8.634644150733947754e-01
1.059067919850349426e-01 8.193421959877014160e-01
1.069154217839241028e-01 8.031853437423706055e-01
1.079240590333938599e-01 8.007150292396545410e-01
1.089326962828636169e-01 8.045166730880737305e-01
1.099413335323333740e-01 7.869875431060791016e-01
1.109499707818031311e-01 7.680074572563171387e-01
1.119586080312728882e-01 7.739196419715881348e-01
1.129672378301620483e-01 8.062179088592529297e-01
1.139758750796318054e-01 7.842038869857788086e-01
1.149845123291015625e-01 7.739640474319458008e-01
1.159931495785713196e-01 7.500323057174682617e-01
1.170017868280410767e-01 7.443806529045104980e-01
1.180104240775108337e-01 7.685282230377197266e-01
1.190190613269805908e-01 7.845744490623474121e-01
1.200276911258697510e-01 7.769067883491516113e-01
1.210363283753395081e-01 7.673424482345581055e-01
1.220449656248092651e-01 7.142959237098693848e-01
1.230536028742790222e-01 6.876157522201538086e-01
1.240622401237487793e-01 7.263351082801818848e-01
1.250708699226379395e-01 7.351388335227966309e-01
1.260795146226882935e-01 7.165818810462951660e-01
1.270881444215774536e-01 7.008249163627624512e-01
1.280967891216278076e-01 6.833772659301757812e-01
1.291054189205169678e-01 6.829069256782531738e-01
1.301140487194061279e-01 7.014499902725219727e-01
1.311226934194564819e-01 7.231315374374389648e-01
1.321313232183456421e-01 6.997734904289245605e-01
1.331399679183959961e-01 7.036519646644592285e-01
1.341485977172851562e-01 6.806077361106872559e-01
1.351572424173355103e-01 7.110324501991271973e-01
1.361658722162246704e-01 6.743232011795043945e-01
1.371745020151138306e-01 7.012703418731689453e-01
1.381831467151641846e-01 6.906437277793884277e-01
1.391917765140533447e-01 6.820857524871826172e-01
1.402004212141036987e-01 6.883291006088256836e-01
1.412090510129928589e-01 6.714699864387512207e-01
1.422176808118820190e-01 6.873439550399780273e-01
1.432263255119323730e-01 6.664755344390869141e-01
1.442349553108215332e-01 6.613026857376098633e-01
1.452436000108718872e-01 6.705290675163269043e-01
1.462522298097610474e-01 6.681674122810363770e-01
1.472608745098114014e-01 6.388705968856811523e-01
1.482695043087005615e-01 6.416499614715576172e-01
1.492781341075897217e-01 6.542659401893615723e-01
1.502867788076400757e-01 6.381313204765319824e-01
1.512954086065292358e-01 6.390904784202575684e-01
1.523040533065795898e-01 6.354342103004455566e-01
1.533126831054687500e-01 6.287392377853393555e-01
1.543213278055191040e-01 6.254822015762329102e-01
1.553299576044082642e-01 6.302192211151123047e-01
1.563385874032974243e-01 6.184965968132019043e-01
1.573472321033477783e-01 6.120476126670837402e-01
1.583558619022369385e-01 6.280359029769897461e-01
1.593645066022872925e-01 6.176715493202209473e-01
1.603731364011764526e-01 6.218659281730651855e-01
1.613817811012268066e-01 6.394023299217224121e-01
1.623904109001159668e-01 6.080151796340942383e-01
1.633990406990051270e-01 6.351176500320434570e-01
1.644076853990554810e-01 6.296597719192504883e-01
1.654163151979446411e-01 6.275053024291992188e-01
1.664249598979949951e-01 6.317298412322998047e-01
1.674335896968841553e-01 6.379501819610595703e-01
1.684422194957733154e-01 6.346070766448974609e-01
1.694508641958236694e-01 6.325669288635253906e-01
1.704594939947128296e-01 6.496675610542297363e-01
1.714681386947631836e-01 6.594147682189941406e-01
1.724767684936523438e-01 6.258947849273681641e-01
1.734854131937026978e-01 6.619411110877990723e-01
1.744940429925918579e-01 6.324747800827026367e-01
1.755026727914810181e-01 6.311486363410949707e-01
1.765113174915313721e-01 6.175248622894287109e-01
1.775199472904205322e-01 6.127553582191467285e-01
1.785285919904708862e-01 6.450343132019042969e-01
1.795372217893600464e-01 6.344659328460693359e-01
1.805458664894104004e-01 6.272059082984924316e-01
1.815544962882995605e-01 6.184943914413452148e-01
1.825631260871887207e-01 6.150352954864501953e-01
1.835717707872390747e-01 6.113445758819580078e-01
1.845804005861282349e-01 6.201739907264709473e-01
1.855890452861785889e-01 6.293091177940368652e-01
1.865976750850677490e-01 6.294943094253540039e-01
1.876063048839569092e-01 6.092743277549743652e-01
1.886149495840072632e-01 6.111224293708801270e-01
1.896235793828964233e-01 6.131073236465454102e-01
1.906322240829467773e-01 6.034125685691833496e-01
1.916408538818359375e-01 6.270694732666015625e-01
1.926494985818862915e-01 5.891365408897399902e-01
1.936581283807754517e-01 6.086252927780151367e-01
1.946667581796646118e-01 6.196616888046264648e-01
1.956754028797149658e-01 6.094343662261962891e-01
1.966840326786041260e-01 6.192262768745422363e-01
1.976926773786544800e-01 6.174260377883911133e-01
1.987013071775436401e-01 6.184195876121520996e-01
1.997099518775939941e-01 6.127732396125793457e-01
2.007185816764831543e-01 6.193365454673767090e-01
2.017272114753723145e-01 6.071766018867492676e-01
2.027358561754226685e-01 6.029158830642700195e-01
2.037444859743118286e-01 6.115893721580505371e-01
2.047531306743621826e-01 6.104485392570495605e-01
2.057617604732513428e-01 6.250045299530029297e-01
2.067703902721405029e-01 5.924383401870727539e-01
2.077790349721908569e-01 5.941570401191711426e-01
2.087876647710800171e-01 5.999589562416076660e-01
2.097963094711303711e-01 5.823606252670288086e-01
2.108049392700195312e-01 5.946433544158935547e-01
2.118135839700698853e-01 6.044308543205261230e-01
2.128222137689590454e-01 6.123692989349365234e-01
2.138308435678482056e-01 6.176222562789916992e-01
2.148394882678985596e-01 6.059994697570800781e-01
2.158481180667877197e-01 5.880748629570007324e-01
2.168567627668380737e-01 6.106349825859069824e-01
2.178653925657272339e-01 5.999635457992553711e-01
2.188740372657775879e-01 5.986422896385192871e-01
2.198826670646667480e-01 6.200375556945800781e-01
2.208912968635559082e-01 6.171676516532897949e-01
2.218999415636062622e-01 5.760462284088134766e-01
2.229085713624954224e-01 5.943950414657592773e-01
2.239172160625457764e-01 6.043733358383178711e-01
2.249258458614349365e-01 6.029357910156250000e-01
2.259344756603240967e-01 6.002287864685058594e-01
2.269431203603744507e-01 5.842221379280090332e-01
2.279517501592636108e-01 5.751770734786987305e-01
2.289603948593139648e-01 5.924016833305358887e-01
2.299690246582031250e-01 6.130530238151550293e-01
2.309776693582534790e-01 5.871292948722839355e-01
2.319862991571426392e-01 6.045914292335510254e-01
2.329949289560317993e-01 5.737912654876708984e-01
2.340035736560821533e-01 5.803207755088806152e-01
2.350122034549713135e-01 5.822557210922241211e-01
2.360208481550216675e-01 5.819537043571472168e-01
2.370294779539108276e-01 5.874199867248535156e-01
2.380381226539611816e-01 6.010321974754333496e-01
2.390467524528503418e-01 5.929198861122131348e-01
2.400553822517395020e-01 5.981247425079345703e-01
2.410640269517898560e-01 5.918314456939697266e-01
2.420726567506790161e-01 6.553356647491455078e-01
2.430813014507293701e-01 7.235422730445861816e-01
2.440899312496185303e-01 5.822228193283081055e-01
2.450985759496688843e-01 5.790202021598815918e-01
2.461072057485580444e-01 5.661041140556335449e-01
2.471158355474472046e-01 5.678590536117553711e-01
2.481244802474975586e-01 5.767031908035278320e-01
2.491331100463867188e-01 5.716947913169860840e-01
2.501417398452758789e-01 5.786162614822387695e-01
2.511503994464874268e-01 5.859963893890380859e-01
2.521590292453765869e-01 5.573585629463195801e-01
2.531676590442657471e-01 5.602288246154785156e-01
2.541762888431549072e-01 5.869939327239990234e-01
2.551849186420440674e-01 5.846015214920043945e-01
2.561935782432556152e-01 5.526756048202514648e-01
2.572022080421447754e-01 5.434188246726989746e-01
2.582108378410339355e-01 5.462576746940612793e-01
2.592194676399230957e-01 5.693501830101013184e-01
2.602280974388122559e-01 5.689001083374023438e-01
2.612367570400238037e-01 5.630230903625488281e-01
2.622453868389129639e-01 5.634797811508178711e-01
2.632540166378021240e-01 5.531854629516601562e-01
2.642626464366912842e-01 5.580245256423950195e-01
2.652712762355804443e-01 5.481026172637939453e-01
2.662799358367919922e-01 5.421519279479980469e-01
2.672885656356811523e-01 5.503040552139282227e-01
2.682971954345703125e-01 5.624251961708068848e-01
2.693058252334594727e-01 5.593368411064147949e-01
2.703144848346710205e-01 5.840362310409545898e-01
2.713231146335601807e-01 5.539335012435913086e-01
2.723317444324493408e-01 5.453563332557678223e-01
2.733403742313385010e-01 5.556662678718566895e-01
2.743490040302276611e-01 5.617284774780273438e-01
2.753576636314392090e-01 5.737683773040771484e-01
2.763662934303283691e-01 5.515617132186889648e-01
2.773749232292175293e-01 5.550122857093811035e-01
2.783835530281066895e-01 5.418192148208618164e-01
2.793921828269958496e-01 5.416727662086486816e-01
2.804008424282073975e-01 5.374547839164733887e-01
2.814094722270965576e-01 5.108178853988647461e-01
2.824181020259857178e-01 5.353623628616333008e-01
2.834267318248748779e-01 5.355132222175598145e-01
2.844353616237640381e-01 5.363330841064453125e-01
2.854440212249755859e-01 5.468897819519042969e-01
2.864526510238647461e-01 5.244327187538146973e-01
2.874612808227539062e-01 5.282583236694335938e-01
2.884699106216430664e-01 5.208850502967834473e-01
2.894785702228546143e-01 5.269562602043151855e-01
2.904872000217437744e-01 5.452600121498107910e-01
2.914958298206329346e-01 5.390957593917846680e-01
2.925044596195220947e-01 5.285145640373229980e-01
2.935130894184112549e-01 5.141229629516601562e-01
2.945217490196228027e-01 5.287868380546569824e-01
2.955303788185119629e-01 5.345636606216430664e-01
2.965390086174011230e-01 5.312567353248596191e-01
2.975476384162902832e-01 5.244135856628417969e-01
2.985562682151794434e-01 5.368891954421997070e-01
2.995649278163909912e-01 5.347110033035278320e-01
3.005735576152801514e-01 5.161313414573669434e-01
3.015821874141693115e-01 5.320099592208862305e-01
3.025908172130584717e-01 5.360392332077026367e-01
3.035994470119476318e-01 5.099856853485107422e-01
3.046081066131591797e-01 5.130684971809387207e-01
3.056167364120483398e-01 5.154074430465698242e-01
3.066253662109375000e-01 5.174871683120727539e-01
3.076339960098266602e-01 5.277675390243530273e-01
3.086426556110382080e-01 5.245151519775390625e-01
3.096512854099273682e-01 5.248081684112548828e-01
3.106599152088165283e-01 5.008762478828430176e-01
3.116685450077056885e-01 5.039566755294799805e-01
3.126771748065948486e-01 5.163566470146179199e-01
3.136858344078063965e-01 5.068574547767639160e-01
3.146944642066955566e-01 5.227446556091308594e-01
3.157030940055847168e-01 5.168171525001525879e-01
3.167117238044738770e-01 5.133239626884460449e-01
3.177203536033630371e-01 4.976121485233306885e-01
3.187290132045745850e-01 5.006927251815795898e-01
3.197376430034637451e-01 5.029396414756774902e-01
3.207462728023529053e-01 5.031404495239257812e-01
3.217549026012420654e-01 4.947818815708160400e-01
3.227635622024536133e-01 4.990881681442260742e-01
3.237721920013427734e-01 5.025008916854858398e-01
3.247808218002319336e-01 5.028660297393798828e-01
3.257894515991210938e-01 4.854905605316162109e-01
3.267980813980102539e-01 4.932389259338378906e-01
3.278067409992218018e-01 5.041581392288208008e-01
3.288153707981109619e-01 5.090042948722839355e-01
3.298240005970001221e-01 5.029271841049194336e-01
3.308326303958892822e-01 5.101460814476013184e-01
3.318412601947784424e-01 5.108995437622070312e-01
3.328499197959899902e-01 5.016244053840637207e-01
3.338585495948791504e-01 4.838715791702270508e-01
3.348671793937683105e-01 4.958784282207489014e-01
3.358758091926574707e-01 4.896565675735473633e-01
3.368844389915466309e-01 4.923492670059204102e-01
3.378930985927581787e-01 4.692597389221191406e-01
3.389017283916473389e-01 4.928258359432220459e-01
3.399103581905364990e-01 4.895995855331420898e-01
3.409189879894256592e-01 4.908722043037414551e-01
3.419276475906372070e-01 4.983664453029632568e-01
3.429362773895263672e-01 4.833716452121734619e-01
3.439449071884155273e-01 4.823468625545501709e-01
3.449535369873046875e-01 4.762415587902069092e-01
3.459621667861938477e-01 4.788235723972320557e-01
3.469708263874053955e-01 4.849831759929656982e-01
3.479794561862945557e-01 4.740806519985198975e-01
3.489880859851837158e-01 4.913735389709472656e-01
3.499967157840728760e-01 4.676958918571472168e-01
3.510053455829620361e-01 4.820013344287872314e-01
3.520140051841735840e-01 4.685420095920562744e-01
3.530226349830627441e-01 4.781293272972106934e-01
3.540312647819519043e-01 4.776158928871154785e-01
3.550398945808410645e-01 4.626456201076507568e-01
3.560485243797302246e-01 4.651407003402709961e-01
3.570571839809417725e-01 4.668815433979034424e-01
3.580658137798309326e-01 4.761588871479034424e-01
3.590744435787200928e-01 4.774999618530273438e-01
3.600830733776092529e-01 4.637051522731781006e-01
3.610917329788208008e-01 4.762176871299743652e-01
3.621003627777099609e-01 4.591957926750183105e-01
3.631089925765991211e-01 4.466770291328430176e-01
3.641176223754882812e-01 4.753507077693939209e-01
3.651262521743774414e-01 4.663332700729370117e-01
3.661349117755889893e-01 4.669235646724700928e-01
3.671435415744781494e-01 4.728432297706604004e-01
3.681521713733673096e-01 4.760793745517730713e-01
3.691608011722564697e-01 4.763230383396148682e-01
3.701694309711456299e-01 4.569997191429138184e-01
3.711780905723571777e-01 4.605553746223449707e-01
3.721867203712463379e-01 4.610292613506317139e-01
3.731953501701354980e-01 4.699155688285827637e-01
3.742039799690246582e-01 4.690963625907897949e-01
3.752126097679138184e-01 4.520844221115112305e-01
3.762212693691253662e-01 4.486582875251770020e-01
3.772298991680145264e-01 4.641215801239013672e-01
3.782385289669036865e-01 4.521873891353607178e-01
3.792471587657928467e-01 4.611995220184326172e-01
3.802558183670043945e-01 4.506159424781799316e-01
3.812644481658935547e-01 4.522607624530792236e-01
3.822730779647827148e-01 4.632476568222045898e-01
3.832817077636718750e-01 4.419419765472412109e-01
3.842903375625610352e-01 4.471174776554107666e-01
3.852989971637725830e-01 4.509204924106597900e-01
3.863076269626617432e-01 4.592030048370361328e-01
3.873162567615509033e-01 4.397796392440795898e-01
3.883248865604400635e-01 4.487009346485137939e-01
3.893335163593292236e-01 4.485146403312683105e-01
3.903421759605407715e-01 4.579520523548126221e-01
3.913508057594299316e-01 4.597668349742889404e-01
3.923594355583190918e-01 4.444279372692108154e-01
3.933680653572082520e-01 4.411169886589050293e-01
3.943766951560974121e-01 4.604832828044891357e-01
3.953853547573089600e-01 4.477292597293853760e-01
3.963939845561981201e-01 4.456960260868072510e-01
3.974026143550872803e-01 4.401479959487915039e-01
3.984112441539764404e-01 4.367172718048095703e-01
3.994199037551879883e-01 4.380597174167633057e-01
4.004285335540771484e-01 4.327500760555267334e-01
4.014371633529663086e-01 4.485938549041748047e-01
4.024457931518554688e-01 4.453638494014739990e-01
4.034544229507446289e-01 4.586338996887207031e-01
4.044630825519561768e-01 4.456055164337158203e-01
4.054717123508453369e-01 4.416190087795257568e-01
4.064803421497344971e-01 4.416541755199432373e-01
4.074889719486236572e-01 4.413366913795471191e-01
4.084976017475128174e-01 4.281650483608245850e-01
4.095062613487243652e-01 4.247203171253204346e-01
4.105148911476135254e-01 4.196342229843139648e-01
4.115235209465026855e-01 4.382409155368804932e-01
4.125321507453918457e-01 4.291744232177734375e-01
4.135407805442810059e-01 4.298259019851684570e-01
4.145494401454925537e-01 4.295562505722045898e-01
4.155580699443817139e-01 4.208521842956542969e-01
4.165666997432708740e-01 4.316154122352600098e-01
4.175753295421600342e-01 4.385968148708343506e-01
4.185839891433715820e-01 4.365630447864532471e-01
4.195926189422607422e-01 4.296742677688598633e-01
4.206012487411499023e-01 4.315226376056671143e-01
4.216098785400390625e-01 4.332814216613769531e-01
4.226185083389282227e-01 4.252606332302093506e-01
4.236271679401397705e-01 4.394531548023223877e-01
4.246357977390289307e-01 4.404925107955932617e-01
4.256444275379180908e-01 4.264727532863616943e-01
4.266530573368072510e-01 4.291952550411224365e-01
4.276616871356964111e-01 4.238614141941070557e-01
4.286703467369079590e-01 4.301007091999053955e-01
4.296789765357971191e-01 4.301784634590148926e-01
4.306876063346862793e-01 4.251522719860076904e-01
4.316962361335754395e-01 4.289226233959197998e-01
4.327048659324645996e-01 4.364347159862518311e-01
4.337135255336761475e-01 4.297605752944946289e-01
4.347221553325653076e-01 4.352831244468688965e-01
4.357307851314544678e-01 4.209514856338500977e-01
4.367394149303436279e-01 4.189668297767639160e-01
4.377480745315551758e-01 4.358147382736206055e-01
4.387567043304443359e-01 4.123201966285705566e-01
4.397653341293334961e-01 4.232114851474761963e-01
4.407739639282226562e-01 4.310555756092071533e-01
4.417825937271118164e-01 4.247133135795593262e-01
4.427912533283233643e-01 4.196922481060028076e-01
4.437998831272125244e-01 4.240306019783020020e-01
4.448085129261016846e-01 4.229576885700225830e-01
4.458171427249908447e-01 4.250845611095428467e-01
4.468257725238800049e-01 4.056391417980194092e-01
4.478344321250915527e-01 4.291186928749084473e-01
4.488430619239807129e-01 4.219453632831573486e-01
4.498516917228698730e-01 4.319866895675659180e-01
4.508603215217590332e-01 4.271856248378753662e-01
4.518689513206481934e-01 4.180654287338256836e-01
4.528776109218597412e-01 4.240050315856933594e-01
4.538862407207489014e-01 4.211908280849456787e-01
4.548948705196380615e-01 4.181085228919982910e-01
4.559035003185272217e-01 4.180348217487335205e-01
4.569121599197387695e-01 4.065274000167846680e-01
4.579207897186279297e-01 4.024254381656646729e-01
4.589294195175170898e-01 4.083823561668395996e-01
4.599380493164062500e-01 4.149014353752136230e-01
4.609466791152954102e-01 4.212845563888549805e-01
4.619553387165069580e-01 4.178312718868255615e-01
4.629639685153961182e-01 4.067270159721374512e-01
4.639725983142852783e-01 4.027313590049743652e-01
4.649812281131744385e-01 4.115587472915649414e-01
4.659898579120635986e-01 4.120876789093017578e-01
4.669985175132751465e-01 4.046343564987182617e-01
4.680071473121643066e-01 4.019976258277893066e-01
4.690157771110534668e-01 4.144119620323181152e-01
4.700244069099426270e-01 3.979723155498504639e-01
4.710330665111541748e-01 3.997405767440795898e-01
4.720416963100433350e-01 4.030403792858123779e-01
4.730503261089324951e-01 4.090033471584320068e-01
4.740589559078216553e-01 3.993717133998870850e-01
4.750675857067108154e-01 4.077075123786926270e-01
4.760762453079223633e-01 4.167868196964263916e-01
4.770848751068115234e-01 4.048604071140289307e-01
4.780935049057006836e-01 3.962398469448089600e-01
4.791021347045898438e-01 4.158205687999725342e-01
4.801107645034790039e-01 4.058968126773834229e-01
4.811194241046905518e-01 4.122715890407562256e-01
4.821280539035797119e-01 4.062532186508178711e-01
4.831366837024688721e-01 4.103590846061706543e-01
4.841453135013580322e-01 4.007983803749084473e-01
4.851539433002471924e-01 4.071581065654754639e-01
4.861626029014587402e-01 4.038356542587280273e-01
4.871712327003479004e-01 4.018963873386383057e-01
4.881798624992370605e-01 4.135748445987701416e-01
4.891884922981262207e-01 4.006218016147613525e-01
4.901971518993377686e-01 4.006314277648925781e-01
4.912057816982269287e-01 3.960834741592407227e-01
4.922144114971160889e-01 3.926413953304290771e-01
4.932230412960052490e-01 4.008738994598388672e-01
4.942316710948944092e-01 3.917786777019500732e-01
4.952403306961059570e-01 3.899991214275360107e-01
4.962489604949951172e-01 4.095434248447418213e-01
4.972575902938842773e-01 3.957474231719970703e-01
4.982662200927734375e-01 4.052116274833679199e-01
4.992748498916625977e-01 4.047431051731109619e-01
5.002834796905517578e-01 3.953416347503662109e-01
5.012921094894409180e-01 4.040847420692443848e-01
5.023007988929748535e-01 3.992795348167419434e-01
5.033094286918640137e-01 4.068856835365295410e-01
5.043180584907531738e-01 4.592926204204559326e-01
5.053266882896423340e-01 4.335505366325378418e-01
5.063353180885314941e-01 3.905244469642639160e-01
5.073439478874206543e-01 4.001179933547973633e-01
5.083525776863098145e-01 3.916455507278442383e-01
5.093612074851989746e-01 3.993282318115234375e-01
5.103698372840881348e-01 3.878000080585479736e-01
5.113784670829772949e-01 3.990310430526733398e-01
5.123871564865112305e-01 4.049814641475677490e-01
5.133957862854003906e-01 3.941262662410736084e-01
5.144044160842895508e-01 4.016483724117279053e-01
5.154130458831787109e-01 3.938498795032501221e-01
5.164216756820678711e-01 3.971613645553588867e-01
5.174303054809570312e-01 3.908658921718597412e-01
5.184389352798461914e-01 3.985135257244110107e-01
5.194475650787353516e-01 3.947261273860931396e-01
5.204561948776245117e-01 3.942764699459075928e-01
5.214648842811584473e-01 4.041511714458465576e-01
5.224735140800476074e-01 4.023729562759399414e-01
5.234821438789367676e-01 3.870790004730224609e-01
5.244907736778259277e-01 4.035630226135253906e-01
5.254994034767150879e-01 3.902713358402252197e-01
5.265080332756042480e-01 3.848926424980163574e-01
5.275166630744934082e-01 4.039434790611267090e-01
5.285252928733825684e-01 3.915109932422637939e-01
5.295339226722717285e-01 3.879220783710479736e-01
5.305425524711608887e-01 3.976255357265472412e-01
5.315512418746948242e-01 3.945778310298919678e-01
5.325598716735839844e-01 3.920906484127044678e-01
5.335685014724731445e-01 3.903829157352447510e-01
5.345771312713623047e-01 3.864457011222839355e-01
5.355857610702514648e-01 3.860719203948974609e-01
5.365943908691406250e-01 3.802950680255889893e-01
5.376030206680297852e-01 3.873883187770843506e-01
5.386116504669189453e-01 3.919822573661804199e-01
5.396202802658081055e-01 3.825699985027313232e-01
5.406289696693420410e-01 3.967342078685760498e-01
5.416375994682312012e-01 3.915827572345733643e-01
5.426462292671203613e-01 3.793886005878448486e-01
5.436548590660095215e-01 3.933140337467193604e-01
5.446634888648986816e-01 3.915564417839050293e-01
5.456721186637878418e-01 3.840506076812744141e-01
5.466807484626770020e-01 3.702822625637054443e-01
5.476893782615661621e-01 3.780711293220520020e-01
5.486980080604553223e-01 3.868403434753417969e-01
5.497066378593444824e-01 3.777943551540374756e-01
5.507153272628784180e-01 3.756331205368041992e-01
5.517239570617675781e-01 3.810080289840698242e-01
5.527325868606567383e-01 3.825456798076629639e-01
5.537412166595458984e-01 3.866429924964904785e-01
5.547498464584350586e-01 3.918415606021881104e-01
5.557584762573242188e-01 3.749886155128479004e-01
5.567671060562133789e-01 3.869530856609344482e-01
5.577757358551025391e-01 3.852512538433074951e-01
5.587843656539916992e-01 3.863104283809661865e-01
5.597930550575256348e-01 3.803572952747344971e-01
5.608016848564147949e-01 3.901954591274261475e-01
5.618103146553039551e-01 3.838840723037719727e-01
5.628189444541931152e-01 3.704184293746948242e-01
5.638275742530822754e-01 3.820331096649169922e-01
5.648362040519714355e-01 3.944415152072906494e-01
5.658448338508605957e-01 3.917084038257598877e-01
5.668534636497497559e-01 3.899457454681396484e-01
5.678620934486389160e-01 3.863587081432342529e-01
5.688707232475280762e-01 3.794567584991455078e-01
5.698794126510620117e-01 3.718570172786712646e-01
5.708880424499511719e-01 3.916845321655273438e-01
5.718966722488403320e-01 3.859909176826477051e-01
5.729053020477294922e-01 3.871564567089080811e-01
5.739139318466186523e-01 3.889105916023254395e-01
5.749225616455078125e-01 3.664176166057586670e-01
5.759311914443969727e-01 3.852477073669433594e-01
5.769398212432861328e-01 3.834753036499023438e-01
5.779484510421752930e-01 3.760929107666015625e-01
5.789571404457092285e-01 3.819474875926971436e-01
5.799657702445983887e-01 3.696047067642211914e-01
5.809744000434875488e-01 3.820438981056213379e-01
5.819830298423767090e-01 3.871685862541198730e-01
5.829916596412658691e-01 3.796638846397399902e-01
5.840002894401550293e-01 3.863211870193481445e-01
5.850089192390441895e-01 3.910385370254516602e-01
5.860175490379333496e-01 3.781340420246124268e-01
5.870261788368225098e-01 3.668971061706542969e-01
5.880348086357116699e-01 3.818719387054443359e-01
5.890434980392456055e-01 3.843424022197723389e-01
5.900521278381347656e-01 3.954929709434509277e-01
5.910607576370239258e-01 3.857907354831695557e-01
5.920693874359130859e-01 3.892918825149536133e-01
5.930780172348022461e-01 3.738789558410644531e-01
5.940866470336914062e-01 3.759348392486572266e-01
5.950952768325805664e-01 3.884007930755615234e-01
5.961039066314697266e-01 3.873474299907684326e-01
5.971125364303588867e-01 3.714145421981811523e-01
5.981212258338928223e-01 3.781425356864929199e-01
5.991298556327819824e-01 3.725770711898803711e-01
6.001384854316711426e-01 3.746000528335571289e-01
6.011471152305603027e-01 3.979625999927520752e-01
6.021557450294494629e-01 3.824633359909057617e-01
6.031643748283386230e-01 3.807859420776367188e-01
6.041730046272277832e-01 3.767322599887847900e-01
6.051816344261169434e-01 3.789808750152587891e-01
6.061902642250061035e-01 3.920215368270874023e-01
6.071988940238952637e-01 3.827444911003112793e-01
6.082075834274291992e-01 3.719532489776611328e-01
6.092162132263183594e-01 3.733000159263610840e-01
6.102248430252075195e-01 3.802522420883178711e-01
6.112334728240966797e-01 3.835083544254302979e-01
6.122421026229858398e-01 3.760593533515930176e-01
6.132507324218750000e-01 3.791359663009643555e-01
6.142593622207641602e-01 3.837644159793853760e-01
6.152679920196533203e-01 3.858388066291809082e-01
6.162766218185424805e-01 3.873478174209594727e-01
6.172853112220764160e-01 3.792285323143005371e-01
6.182939410209655762e-01 3.780189752578735352e-01
6.193025708198547363e-01 3.960298895835876465e-01
6.203112006187438965e-01 3.883450031280517578e-01
6.213198304176330566e-01 3.918861448764801025e-01
6.223284602165222168e-01 3.941513001918792725e-01
6.233370900154113770e-01 3.744865357875823975e-01
6.243457198143005371e-01 3.865998089313507080e-01
6.253543496131896973e-01 3.867193758487701416e-01
6.263629794120788574e-01 3.857338726520538330e-01
6.273716688156127930e-01 3.811975121498107910e-01
6.283802986145019531e-01 3.844459056854248047e-01
6.293889284133911133e-01 3.850574195384979248e-01
6.303975582122802734e-01 3.878258168697357178e-01
6.314061880111694336e-01 3.952233493328094482e-01
6.324148178100585938e-01 3.790650963783264160e-01
6.334234476089477539e-01 3.838575482368469238e-01
6.344320774078369141e-01 3.871705234050750732e-01
6.354407072067260742e-01 3.789564669132232666e-01
6.364493966102600098e-01 3.838627040386199951e-01
6.374580264091491699e-01 3.794673979282379150e-01
6.384666562080383301e-01 3.926376104354858398e-01
6.394752860069274902e-01 3.822212517261505127e-01
6.404839158058166504e-01 3.775899410247802734e-01
6.414925456047058105e-01 3.788333833217620850e-01
6.425011754035949707e-01 3.882107138633728027e-01
6.435098052024841309e-01 3.803453147411346436e-01
6.445184350013732910e-01 3.903949260711669922e-01
6.455271244049072266e-01 3.790638148784637451e-01
6.465357542037963867e-01 3.797678947448730469e-01
6.475443840026855469e-01 3.894050717353820801e-01
6.485530138015747070e-01 3.839440643787384033e-01
6.495616436004638672e-01 3.819011449813842773e-01
6.505702733993530273e-01 3.793965876102447510e-01
6.515789031982421875e-01 3.816704154014587402e-01
6.525875329971313477e-01 3.966554105281829834e-01
6.535961627960205078e-01 3.929189145565032959e-01
6.546047925949096680e-01 3.797116577625274658e-01
6.556134819984436035e-01 3.794880211353302002e-01
6.566221117973327637e-01 3.783605694770812988e-01
6.576307415962219238e-01 3.903047442436218262e-01
6.586393713951110840e-01 3.890484571456909180e-01
6.596480011940002441e-01 3.818099200725555420e-01
6.606566309928894043e-01 3.862056136131286621e-01
6.616652607917785645e-01 3.972330391407012939e-01
6.626738905906677246e-01 3.806413710117340088e-01
6.636825203895568848e-01 3.854805529117584229e-01
6.646912097930908203e-01 3.879846930503845215e-01
6.656998395919799805e-01 4.010918140411376953e-01
6.667084693908691406e-01 3.862242102622985840e-01
6.677170991897583008e-01 3.833471238613128662e-01
6.687257289886474609e-01 3.850288987159729004e-01
6.697343587875366211e-01 3.844568729400634766e-01
6.707429885864257812e-01 4.044438600540161133e-01
6.717516183853149414e-01 3.972677886486053467e-01
6.727602481842041016e-01 3.774398565292358398e-01
6.737688779830932617e-01 3.859483897686004639e-01
6.747775673866271973e-01 3.928362131118774414e-01
6.757861971855163574e-01 3.924027979373931885e-01
6.767948269844055176e-01 3.816764056682586670e-01
6.778034567832946777e-01 3.798902034759521484e-01
6.788120865821838379e-01 3.673163950443267822e-01
6.798207163810729980e-01 3.738998770713806152e-01
6.808293461799621582e-01 3.852736353874206543e-01
6.818379759788513184e-01 4.013384580612182617e-01
6.828466057777404785e-01 4.043234586715698242e-01
6.838552951812744141e-01 3.909202814102172852e-01
6.848639249801635742e-01 3.964285850524902344e-01
6.858725547790527344e-01 4.005904495716094971e-01
6.868811845779418945e-01 3.936991989612579346e-01
6.878898143768310547e-01 4.038656353950500488e-01
6.888984441757202148e-01 4.007721543312072754e-01
6.899070739746093750e-01 3.959721922874450684e-01
6.909157037734985352e-01 4.005817174911499023e-01
6.919243335723876953e-01 3.844562768936157227e-01
6.929329633712768555e-01 3.926096260547637939e-01
6.939416527748107910e-01 3.990721106529235840e-01
6.949502825736999512e-01 4.115970432758331299e-01
6.959589123725891113e-01 3.988962769508361816e-01
6.969675421714782715e-01 3.991824090480804443e-01
6.979761719703674316e-01 3.939482867717742920e-01
6.989848017692565918e-01 3.999120891094207764e-01
6.999934315681457520e-01 4.125824570655822754e-01
7.010020613670349121e-01 3.928219079971313477e-01
7.020106911659240723e-01 3.958078324794769287e-01
7.030193805694580078e-01 4.012679755687713623e-01
7.040280103683471680e-01 3.990277051925659180e-01
7.050366401672363281e-01 3.998204469680786133e-01
7.060452699661254883e-01 3.869127035140991211e-01
7.070538997650146484e-01 4.077666699886322021e-01
7.080625295639038086e-01 3.992434442043304443e-01
7.090711593627929688e-01 3.921985626220703125e-01
7.100797891616821289e-01 3.991777598857879639e-01
7.110884189605712891e-01 4.022321999073028564e-01
7.120970487594604492e-01 3.922490775585174561e-01
7.131057381629943848e-01 3.922622203826904297e-01
7.141143679618835449e-01 3.996432721614837646e-01
7.151229977607727051e-01 4.017960131168365479e-01
7.161316275596618652e-01 4.088875651359558105e-01
7.171402573585510254e-01 4.152593612670898438e-01
7.181488871574401855e-01 4.017532765865325928e-01
7.191575169563293457e-01 3.928599953651428223e-01
7.201661467552185059e-01 4.059969186782836914e-01
7.211747765541076660e-01 4.090784788131713867e-01
7.221834659576416016e-01 3.996383547782897949e-01
7.231920957565307617e-01 3.973630368709564209e-01
7.242007255554199219e-01 3.996330201625823975e-01
7.252093553543090820e-01 4.103410243988037109e-01
7.262179851531982422e-01 4.041601419448852539e-01
7.272266149520874023e-01 4.075661003589630127e-01
7.282352447509765625e-01 4.127017557621002197e-01
7.292438745498657227e-01 4.119493365287780762e-01
7.302525043487548828e-01 3.977982401847839355e-01
7.312611341476440430e-01 4.008410871028900146e-01
7.322698235511779785e-01 4.162085056304931641e-01
7.332784533500671387e-01 4.056939184665679932e-01
7.342870831489562988e-01 4.045592546463012695e-01
7.352957129478454590e-01 4.007240831851959229e-01
7.363043427467346191e-01 3.976053595542907715e-01
7.373129725456237793e-01 4.133911132812500000e-01
7.383216023445129395e-01 4.198739230632781982e-01
7.393302321434020996e-01 4.129421710968017578e-01
7.403388619422912598e-01 4.110628962516784668e-01
7.413475513458251953e-01 4.074063599109649658e-01
7.423561811447143555e-01 4.167965054512023926e-01
7.433648109436035156e-01 4.075781404972076416e-01
7.443734407424926758e-01 4.177463054656982422e-01
7.453820705413818359e-01 4.117093682289123535e-01
7.463907003402709961e-01 4.102467894554138184e-01
7.473993301391601562e-01 4.118661284446716309e-01
7.484079599380493164e-01 4.102709591388702393e-01
7.494165897369384766e-01 4.050704538822174072e-01
7.504252195358276367e-01 4.103738367557525635e-01
7.514339089393615723e-01 4.177093505859375000e-01
7.524425387382507324e-01 4.457911849021911621e-01
7.534511685371398926e-01 4.722431600093841553e-01
7.544597983360290527e-01 4.120303988456726074e-01
7.554684281349182129e-01 4.118008017539978027e-01
7.564770579338073730e-01 4.141199290752410889e-01
7.574856877326965332e-01 4.160668849945068359e-01
7.584943175315856934e-01 4.145122468471527100e-01
7.595029473304748535e-01 4.012243747711181641e-01
7.605116367340087891e-01 4.081012606620788574e-01
7.615202665328979492e-01 4.110145568847656250e-01
7.625288963317871094e-01 4.143259823322296143e-01
7.635375261306762695e-01 4.122060835361480713e-01
7.645461559295654297e-01 4.099237620830535889e-01
7.655547857284545898e-01 4.202044904232025146e-01
7.665634155273437500e-01 4.359371960163116455e-01
7.675720453262329102e-01 4.154603779315948486e-01
7.685806751251220703e-01 4.235688745975494385e-01
7.695893049240112305e-01 4.255561232566833496e-01
7.705979943275451660e-01 4.214271008968353271e-01
7.716066241264343262e-01 4.178858995437622070e-01
7.726152539253234863e-01 4.221944808959960938e-01
7.736238837242126465e-01 4.237534403800964355e-01
7.746325135231018066e-01 4.122937023639678955e-01
7.756411433219909668e-01 4.144674539566040039e-01
7.766497731208801270e-01 4.121395349502563477e-01
7.776584029197692871e-01 4.221163392066955566e-01
7.786670327186584473e-01 4.199038147926330566e-01
7.796757221221923828e-01 4.097844660282135010e-01
7.806843519210815430e-01 4.169287681579589844e-01
7.816929817199707031e-01 4.252094924449920654e-01
7.827016115188598633e-01 4.159903824329376221e-01
7.837102413177490234e-01 4.220912158489227295e-01
7.847188711166381836e-01 4.203782379627227783e-01
7.857275009155273438e-01 4.246607422828674316e-01
7.867361307144165039e-01 4.232729077339172363e-01
7.877447605133056641e-01 4.312628507614135742e-01
7.887533903121948242e-01 4.217478334903717041e-01
7.897620797157287598e-01 4.181841909885406494e-01
7.907707095146179199e-01 4.257246255874633789e-01
7.917793393135070801e-01 4.168636500835418701e-01
7.927879691123962402e-01 4.105126261711120605e-01
7.937965989112854004e-01 4.245063662528991699e-01
7.948052287101745605e-01 4.084368646144866943e-01
7.958138585090637207e-01 4.261752665042877197e-01
7.968224883079528809e-01 4.308207929134368896e-01
7.978311181068420410e-01 4.390871822834014893e-01
7.988398075103759766e-01 4.304393827915191650e-01
7.998484373092651367e-01 4.290790855884552002e-01
8.008570671081542969e-01 4.339473545551300049e-01
8.018656969070434570e-01 4.334996640682220459e-01
8.028743267059326172e-01 4.302152097225189209e-01
8.038829565048217773e-01 4.357473850250244141e-01
8.048915863037109375e-01 4.296384453773498535e-01
8.059002161026000977e-01 4.349686801433563232e-01
8.069088459014892578e-01 4.241627156734466553e-01
8.079174757003784180e-01 4.239931702613830566e-01
8.089261651039123535e-01 4.192841649055480957e-01
8.099347949028015137e-01 4.244911670684814453e-01
8.109434247016906738e-01 4.208859801292419434e-01
8.119520545005798340e-01 4.290433228015899658e-01
8.129606842994689941e-01 4.352628290653228760e-01
8.139693140983581543e-01 4.333659112453460693e-01
8.149779438972473145e-01 4.294475018978118896e-01
8.159865736961364746e-01 4.268069565296173096e-01
8.169952034950256348e-01 4.294678866863250732e-01
8.180038928985595703e-01 4.264426827430725098e-01
8.190125226974487305e-01 4.307231009006500244e-01
8.200211524963378906e-01 4.178904294967651367e-01
8.210297822952270508e-01 4.343446493148803711e-01
8.220384120941162109e-01 4.460384547710418701e-01
8.230470418930053711e-01 4.377967417240142822e-01
8.240556716918945312e-01 4.403292834758758545e-01
8.250643014907836914e-01 4.348368644714355469e-01
8.260729312896728516e-01 4.305838644504547119e-01
8.270815610885620117e-01 4.400187730789184570e-01
8.280902504920959473e-01 4.404728710651397705e-01
8.290988802909851074e-01 4.351651668548583984e-01
8.301075100898742676e-01 4.466161429882049561e-01
8.311161398887634277e-01 4.448043107986450195e-01
8.321247696876525879e-01 4.319674372673034668e-01
8.331333994865417480e-01 4.374122321605682373e-01
8.341420292854309082e-01 4.420005679130554199e-01
8.351506590843200684e-01 4.479368627071380615e-01
8.361592888832092285e-01 4.417772889137268066e-01
8.371679782867431641e-01 4.429898858070373535e-01
8.381766080856323242e-01 4.343574941158294678e-01
8.391852378845214844e-01 4.451408684253692627e-01
8.401938676834106445e-01 4.469264745712280273e-01
8.412024974822998047e-01 4.490137696266174316e-01
8.422111272811889648e-01 4.510927498340606689e-01
8.432197570800781250e-01 4.517533183097839355e-01
8.442283868789672852e-01 4.348919689655303955e-01
8.452370166778564453e-01 4.559780061244964600e-01
8.462456464767456055e-01 4.576545953750610352e-01
8.472543358802795410e-01 4.368026256561279297e-01
8.482629656791687012e-01 4.395653009414672852e-01
8.492715954780578613e-01 4.469925761222839355e-01
8.502802252769470215e-01 4.330484867095947266e-01
8.512888550758361816e-01 4.279542565345764160e-01
8.522974848747253418e-01 4.211112260818481445e-01
8.533061146736145020e-01 4.360046982765197754e-01
8.543147444725036621e-01 4.214737117290496826e-01
8.553233742713928223e-01 4.217229783535003662e-01
8.563320636749267578e-01 4.233488738536834717e-01
8.573406934738159180e-01 4.305091202259063721e-01
8.583493232727050781e-01 4.250267744064331055e-01
8.593579530715942383e-01 4.178510010242462158e-01
8.603665828704833984e-01 4.168545603752136230e-01
8.613752126693725586e-01 4.186767041683197021e-01
8.623838424682617188e-01 4.212352335453033447e-01
8.633924722671508789e-01 4.182629585266113281e-01
8.644011020660400391e-01 4.085852801799774170e-01
8.654097318649291992e-01 4.200240373611450195e-01
8.664184212684631348e-01 4.146594405174255371e-01
8.674270510673522949e-01 4.132809937000274658e-01
8.684356808662414551e-01 4.190374314785003662e-01
8.694443106651306152e-01 4.371635615825653076e-01
8.704529404640197754e-01 4.255615770816802979e-01
8.714615702629089355e-01 4.136763811111450195e-01
8.724702000617980957e-01 4.020471572875976562e-01
8.734788298606872559e-01 4.258316457271575928e-01
8.744874596595764160e-01 4.206307232379913330e-01
8.754961490631103516e-01 4.003624022006988525e-01
8.765047788619995117e-01 4.011912643909454346e-01
8.775134086608886719e-01 4.148582816123962402e-01
8.785220384597778320e-01 4.011177420616149902e-01
8.795306682586669922e-01 3.871799707412719727e-01
8.805392980575561523e-01 3.994956612586975098e-01
8.815479278564453125e-01 3.938006758689880371e-01
8.825565576553344727e-01 3.963477015495300293e-01
8.835651874542236328e-01 4.053208827972412109e-01
8.845738172531127930e-01 3.992416262626647949e-01
8.855825066566467285e-01 3.740779757499694824e-01
8.865911364555358887e-01 3.854250311851501465e-01
8.875997662544250488e-01 3.973698019981384277e-01
8.886083960533142090e-01 3.849977254867553711e-01
8.896170258522033691e-01 4.111157059669494629e-01
8.906256556510925293e-01 3.835864067077636719e-01
8.916342854499816895e-01 3.923012614250183105e-01
8.926429152488708496e-01 4.073232710361480713e-01
8.936515450477600098e-01 3.993945419788360596e-01
8.946602344512939453e-01 4.013489484786987305e-01
8.956688642501831055e-01 4.257359504699707031e-01
8.966774940490722656e-01 3.898286223411560059e-01
8.976861238479614258e-01 3.985070288181304932e-01
8.986947536468505859e-01 3.826100528240203857e-01
8.997033834457397461e-01 3.851155340671539307e-01
9.007120132446289062e-01 3.782874047756195068e-01
9.017206430435180664e-01 3.870458900928497314e-01
9.027292728424072266e-01 3.964791893959045410e-01
9.037379026412963867e-01 3.799953460693359375e-01
9.047465920448303223e-01 3.801322579383850098e-01
9.057552218437194824e-01 3.904852271080017090e-01
9.067638516426086426e-01 3.684215843677520752e-01
9.077724814414978027e-01 3.872996270656585693e-01
9.087811112403869629e-01 3.865036070346832275e-01
9.097897410392761230e-01 3.726336956024169922e-01
9.107983708381652832e-01 3.774474561214447021e-01
9.118070006370544434e-01 3.875063359737396240e-01
9.128156304359436035e-01 3.873815834522247314e-01
9.138243198394775391e-01 3.767794072628021240e-01
9.148329496383666992e-01 3.763886690139770508e-01
9.158415794372558594e-01 3.883523046970367432e-01
9.168502092361450195e-01 3.703556954860687256e-01
9.178588390350341797e-01 3.769708573818206787e-01
9.188674688339233398e-01 3.836858272552490234e-01
9.198760986328125000e-01 3.833253085613250732e-01
9.208847284317016602e-01 3.764523863792419434e-01
9.218933582305908203e-01 3.659499883651733398e-01
9.229020476341247559e-01 3.888930380344390869e-01
9.239106774330139160e-01 3.830593824386596680e-01
9.249193072319030762e-01 4.042779505252838135e-01
9.259279370307922363e-01 3.917787075042724609e-01
9.269365668296813965e-01 3.991593122482299805e-01
9.279451966285705566e-01 4.041346013545989990e-01
9.289538264274597168e-01 4.031204283237457275e-01
9.299624562263488770e-01 3.769779503345489502e-01
9.309710860252380371e-01 3.723208308219909668e-01
9.319797158241271973e-01 3.793260753154754639e-01
9.329884052276611328e-01 3.850750327110290527e-01
9.339970350265502930e-01 3.863511681556701660e-01
9.350056648254394531e-01 3.811145424842834473e-01
9.360142946243286133e-01 3.928191661834716797e-01
9.370229244232177734e-01 3.904123306274414062e-01
9.380315542221069336e-01 3.943947851657867432e-01
9.390401840209960938e-01 3.754716217517852783e-01
9.400488138198852539e-01 3.819382786750793457e-01
9.410574436187744141e-01 3.910260498523712158e-01
9.420661330223083496e-01 3.797875940799713135e-01
9.430747628211975098e-01 3.903572857379913330e-01
9.440833926200866699e-01 3.898133635520935059e-01
9.450920224189758301e-01 3.733091056346893311e-01
9.461006522178649902e-01 3.787502050399780273e-01
9.471092820167541504e-01 4.169327914714813232e-01
9.481179118156433105e-01 4.136967957019805908e-01
9.491265416145324707e-01 4.128017723560333252e-01
9.501351714134216309e-01 3.929852247238159180e-01
9.511438012123107910e-01 3.880049884319305420e-01
9.521524906158447266e-01 3.788779079914093018e-01
9.531611204147338867e-01 3.927758932113647461e-01
9.541697502136230469e-01 3.822101354598999023e-01
9.551783800125122070e-01 3.891068994998931885e-01
9.561870098114013672e-01 3.800028562545776367e-01
9.571956396102905273e-01 3.758223950862884521e-01
9.582042694091796875e-01 3.824673295021057129e-01
9.592128992080688477e-01 3.806395828723907471e-01
9.602215290069580078e-01 3.936567604541778564e-01
9.612302184104919434e-01 4.080172777175903320e-01
9.622388482093811035e-01 3.795771300792694092e-01
9.632474780082702637e-01 3.853687942028045654e-01
9.642561078071594238e-01 3.911638557910919189e-01
9.652647376060485840e-01 3.987087607383728027e-01
9.662733674049377441e-01 4.018449485301971436e-01
9.672819972038269043e-01 4.216272234916687012e-01
9.682906270027160645e-01 4.020131528377532959e-01
9.692992568016052246e-01 3.947865664958953857e-01
9.703078866004943848e-01 3.962739706039428711e-01
9.713165760040283203e-01 3.917753696441650391e-01
9.723252058029174805e-01 3.886962234973907471e-01
9.733338356018066406e-01 4.159285128116607666e-01
9.743424654006958008e-01 3.950664699077606201e-01
9.753510951995849609e-01 3.639106750488281250e-01
9.763597249984741211e-01 3.862246572971343994e-01
9.773683547973632812e-01 4.163678586483001709e-01
9.783769845962524414e-01 4.043472409248352051e-01
9.793856143951416016e-01 3.795577585697174072e-01
9.803943037986755371e-01 3.638034462928771973e-01
9.814029335975646973e-01 3.883657753467559814e-01
9.824115633964538574e-01 3.783456981182098389e-01
9.834201931953430176e-01 3.723275363445281982e-01
9.844288229942321777e-01 3.985083997249603271e-01
9.854374527931213379e-01 3.831035792827606201e-01
9.864460825920104980e-01 4.003124237060546875e-01
9.874547123908996582e-01 4.092157483100891113e-01
9.884633421897888184e-01 3.687779605388641357e-01
9.894719719886779785e-01 3.916469812393188477e-01
9.904806613922119141e-01 4.046007394790649414e-01
9.914892911911010742e-01 3.981890976428985596e-01
9.924979209899902344e-01 4.110981822013854980e-01
9.935065507888793945e-01 3.834159076213836670e-01
9.945151805877685547e-01 3.884835541248321533e-01
9.955238103866577148e-01 3.902673721313476562e-01
9.965324401855468750e-01 3.734894990921020508e-01
9.975410699844360352e-01 3.832695782184600830e-01
9.985496997833251953e-01 3.871155977249145508e-01
9.995583891868591309e-01 3.962057530879974365e-01
1.000566959381103516e+00 3.905296921730041504e-01
1.001575589179992676e+00 3.639304637908935547e-01
1.002584218978881836e+00 4.052393138408660889e-01
1.003592848777770996e+00 3.804961144924163818e-01
1.004601597785949707e+00 3.776373565196990967e-01
1.005610227584838867e+00 3.918788135051727295e-01
1.006618857383728027e+00 3.760098814964294434e-01
1.007627487182617188e+00 3.880144953727722168e-01
1.008636116981506348e+00 3.473727703094482422e-01
1.009644746780395508e+00 3.865480720996856689e-01
1.010653376579284668e+00 4.094512760639190674e-01
1.011662006378173828e+00 4.113170206546783447e-01
1.012670636177062988e+00 3.771164715290069580e-01
1.013679265975952148e+00 3.504105210304260254e-01
1.014687895774841309e+00 3.561579585075378418e-01
1.015696525573730469e+00 3.722465932369232178e-01
1.016705155372619629e+00 3.773162662982940674e-01
1.017713785171508789e+00 4.117029607295989990e-01
1.018722414970397949e+00 3.772093355655670166e-01
1.019731044769287109e+00 3.844833970069885254e-01
1.020739674568176270e+00 3.832459747791290283e-01
1.021748304367065430e+00 3.587537705898284912e-01
1.022756934165954590e+00 3.915075063705444336e-01
1.023765683174133301e+00 3.863119184970855713e-01
1.024774312973022461e+00 3.798035383224487305e-01
1.025782942771911621e+00 3.708849251270294189e-01
1.026791572570800781e+00 3.906789422035217285e-01
1.027800202369689941e+00 3.971482515335083008e-01
1.028808832168579102e+00 3.767484128475189209e-01
1.029817461967468262e+00 4.268091022968292236e-01
1.030826091766357422e+00 4.014763832092285156e-01
1.031834721565246582e+00 3.868263959884643555e-01
1.032843351364135742e+00 4.104698300361633301e-01
1.033851981163024902e+00 4.108215272426605225e-01
1.034860610961914062e+00 3.720585703849792480e-01
1.035869240760803223e+00 3.789122700691223145e-01
1.036877870559692383e+00 3.787367343902587891e-01
1.037886500358581543e+00 4.005499482154846191e-01
1.038895130157470703e+00 3.842751979827880859e-01
1.039903759956359863e+00 4.349914789199829102e-01
1.040912389755249023e+00 4.193297326564788818e-01
1.041921019554138184e+00 4.246208369731903076e-01
1.042929768562316895e+00 4.178569912910461426e-01
1.043938398361206055e+00 3.897363841533660889e-01
1.044947028160095215e+00 4.139176309108734131e-01
1.045955657958984375e+00 3.679795563220977783e-01
1.046964287757873535e+00 4.190718233585357666e-01
1.047972917556762695e+00 4.192660748958587646e-01
1.048981547355651855e+00 3.960916101932525635e-01
1.049990177154541016e+00 4.162113666534423828e-01
1.050998806953430176e+00 4.025408029556274414e-01
1.052007436752319336e+00 4.103152453899383545e-01
1.053016066551208496e+00 3.598985373973846436e-01
1.054024696350097656e+00 3.790661394596099854e-01
1.055033326148986816e+00 3.959257006645202637e-01
1.056041955947875977e+00 4.102716743946075439e-01
1.057050585746765137e+00 3.959992825984954834e-01
1.058059215545654297e+00 4.302551746368408203e-01
1.059067845344543457e+00 3.757246434688568115e-01
1.060076475143432617e+00 3.963634371757507324e-01
1.061085104942321777e+00 4.144921600818634033e-01
1.062093853950500488e+00 3.817572593688964844e-01
1.063102483749389648e+00 4.081131517887115479e-01
1.064111113548278809e+00 4.075775146484375000e-01
1.065119743347167969e+00 4.033299684524536133e-01
1.066128373146057129e+00 4.224373400211334229e-01
1.067137002944946289e+00 3.896510303020477295e-01
1.068145632743835449e+00 3.724961280822753906e-01
1.069154262542724609e+00 4.077133238315582275e-01
1.070162892341613770e+00 3.899810314178466797e-01
1.071171522140502930e+00 4.039949178695678711e-01
1.072180151939392090e+00 4.305839836597442627e-01
1.073188781738281250e+00 4.066706001758575439e-01
1.074197411537170410e+00 4.183952510356903076e-01
1.075206041336059570e+00 4.183940291404724121e-01
1.076214671134948730e+00 4.073709845542907715e-01
1.077223300933837891e+00 4.171660840511322021e-01
1.078231930732727051e+00 4.150008857250213623e-01
1.079240560531616211e+00 4.007834196090698242e-01
1.080249190330505371e+00 3.877282142639160156e-01
1.081257939338684082e+00 3.929768502712249756e-01
1.082266569137573242e+00 4.119036495685577393e-01
1.083275198936462402e+00 4.354800283908843994e-01
1.084283828735351562e+00 3.962886929512023926e-01
1.085292458534240723e+00 3.935880661010742188e-01
1.086301088333129883e+00 3.900309503078460693e-01
1.087309718132019043e+00 4.133397340774536133e-01
1.088318347930908203e+00 4.295719265937805176e-01
1.089326977729797363e+00 4.322612881660461426e-01
1.090335607528686523e+00 4.252881705760955811e-01
1.091344237327575684e+00 4.780393838882446289e-01
1.092352867126464844e+00 4.216424822807312012e-01
1.093361496925354004e+00 4.393031895160675049e-01
1.094370126724243164e+00 4.627358615398406982e-01
1.095378756523132324e+00 4.290820360183715820e-01
1.096387386322021484e+00 4.313389658927917480e-01
1.097396016120910645e+00 4.498957693576812744e-01
1.098404645919799805e+00 4.246637523174285889e-01
1.099413275718688965e+00 4.101332426071166992e-01
1.100422024726867676e+00 4.538145661354064941e-01
1.101430654525756836e+00 4.524811208248138428e-01
1.102439284324645996e+00 3.934921026229858398e-01
1.103447914123535156e+00 4.353035092353820801e-01
1.104456543922424316e+00 4.346710145473480225e-01
1.105465173721313477e+00 4.237839281558990479e-01
1.106473803520202637e+00 3.845238983631134033e-01
1.107482433319091797e+00 3.881319463253021240e-01
1.108491063117980957e+00 4.334577322006225586e-01
1.109499692916870117e+00 4.665002822875976562e-01
1.110508322715759277e+00 4.264211058616638184e-01
1.111516952514648438e+00 4.113794565200805664e-01
1.112525582313537598e+00 4.352475106716156006e-01
1.113534212112426758e+00 4.483726322650909424e-01
1.114542841911315918e+00 4.445860981941223145e-01
1.115551471710205078e+00 4.407555758953094482e-01
1.116560101509094238e+00 4.121786653995513916e-01
1.117568731307983398e+00 4.204996228218078613e-01
1.118577361106872559e+00 4.519084990024566650e-01
1.119586110115051270e+00 4.589084386825561523e-01
1.120594739913940430e+00 4.188697040081024170e-01
1.121603369712829590e+00 4.036771059036254883e-01
1.122611999511718750e+00 4.191670417785644531e-01
1.123620629310607910e+00 4.714459180831909180e-01
1.124629259109497070e+00 4.056604802608489990e-01
1.125637888908386230e+00 4.335156381130218506e-01
1.126646518707275391e+00 4.710465967655181885e-01
1.127655148506164551e+00 4.096366763114929199e-01
1.128663778305053711e+00 3.805162012577056885e-01
1.129672408103942871e+00 4.432529509067535400e-01
1.130681037902832031e+00 4.477691054344177246e-01
1.131689667701721191e+00 5.134679079055786133e-01
1.132698297500610352e+00 4.522435665130615234e-01
1.133706927299499512e+00 4.670728743076324463e-01
1.134715557098388672e+00 4.409052133560180664e-01
1.135724186897277832e+00 4.214394092559814453e-01
1.136732816696166992e+00 4.663554131984710693e-01
1.137741446495056152e+00 4.711464047431945801e-01
1.138750195503234863e+00 4.301782846450805664e-01
1.139758825302124023e+00 4.832435250282287598e-01
1.140767455101013184e+00 3.927482366561889648e-01
1.141776084899902344e+00 4.272337853908538818e-01
1.142784714698791504e+00 4.625609517097473145e-01
1.143793344497680664e+00 4.640269875526428223e-01
1.144801974296569824e+00 4.705568850040435791e-01
1.145810604095458984e+00 4.281919300556182861e-01
1.146819233894348145e+00 4.682995676994323730e-01
1.147827863693237305e+00 4.344637095928192139e-01
1.148836493492126465e+00 4.150481820106506348e-01
1.149845123291015625e+00 4.643445014953613281e-01
1.150853753089904785e+00 4.820398092269897461e-01
1.151862382888793945e+00 4.787486791610717773e-01
1.152871012687683105e+00 3.752661943435668945e-01
1.153879642486572266e+00 4.128051698207855225e-01
1.154888272285461426e+00 4.329121410846710205e-01
1.155896902084350586e+00 5.116953253746032715e-01
1.156905531883239746e+00 4.659591317176818848e-01
1.157914280891418457e+00 5.066606998443603516e-01
1.158922910690307617e+00 4.846036136150360107e-01
1.159931540489196777e+00 4.443258345127105713e-01
1.160940170288085938e+00 4.588144421577453613e-01
1.161948800086975098e+00 4.240007400512695312e-01
1.162957429885864258e+00 4.230142831802368164e-01
1.163966059684753418e+00 4.488633573055267334e-01
1.164974689483642578e+00 5.474895238876342773e-01
1.165983319282531738e+00 5.059589147567749023e-01
1.166991949081420898e+00 4.212686717510223389e-01
1.168000578880310059e+00 4.726201593875885010e-01
1.169009208679199219e+00 4.786958694458007812e-01
1.170017838478088379e+00 4.547497630119323730e-01
1.171026468276977539e+00 4.429239332675933838e-01
1.172035098075866699e+00 4.739006161689758301e-01
1.173043727874755859e+00 4.727991819381713867e-01
1.174052357673645020e+00 4.401890933513641357e-01
1.175060987472534180e+00 4.922847151756286621e-01
1.176069617271423340e+00 4.268955290317535400e-01
1.177078366279602051e+00 3.964783251285552979e-01
1.178086996078491211e+00 4.605368077754974365e-01
1.179095625877380371e+00 3.947229683399200439e-01
1.180104255676269531e+00 5.937893986701965332e-01
1.181112885475158691e+00 5.632975101470947266e-01
1.182121515274047852e+00 4.511619210243225098e-01
1.183130145072937012e+00 4.839357733726501465e-01
1.184138774871826172e+00 4.985138177871704102e-01
1.185147404670715332e+00 4.823600351810455322e-01
1.186156034469604492e+00 5.051490664482116699e-01
1.187164664268493652e+00 4.709882140159606934e-01
1.188173294067382812e+00 3.897813558578491211e-01
1.189181923866271973e+00 5.250767469406127930e-01
1.190190553665161133e+00 5.265492796897888184e-01
1.191199183464050293e+00 4.965345263481140137e-01
1.192207813262939453e+00 5.415621995925903320e-01
1.193216443061828613e+00 5.031790733337402344e-01
1.194225072860717773e+00 5.275362730026245117e-01
1.195233702659606934e+00 6.241903901100158691e-01
1.196242451667785645e+00 6.286969780921936035e-01
1.197251081466674805e+00 4.229342341423034668e-01
1.198259711265563965e+00 3.517909944057464600e-01
1.199268341064453125e+00 5.039896965026855469e-01
1.200276970863342285e+00 5.175349116325378418e-01
1.201285600662231445e+00 4.994142651557922363e-01
1.202294230461120605e+00 5.426561236381530762e-01
1.203302860260009766e+00 5.809631347656250000e-01
1.204311490058898926e+00 5.064128041267395020e-01
1.205320119857788086e+00 4.332347810268402100e-01
1.206328749656677246e+00 5.594705343246459961e-01
1.207337379455566406e+00 6.618839502334594727e-01
1.208346009254455566e+00 6.434816718101501465e-01
1.209354639053344727e+00 6.353219151496887207e-01
