0.000000000000000000e+00 4.545936523437500000e+03
1.008636085316538811e-03 3.362453125000000000e+03
2.017272170633077621e-03 2.532461181640625000e+03
3.025908255949616432e-03 1.930406494140625000e+03
4.034544341266155243e-03 1.497939331054687500e+03
5.043180659413337708e-03 1.198413696289062500e+03
6.051816511899232864e-03 9.575819702148437500e+02
7.060452364385128021e-03 7.632290039062500000e+02
8.069088682532310486e-03 6.154885253906250000e+02
9.077725000679492950e-03 5.118799743652343750e+02
1.008636131882667542e-02 4.304541015625000000e+02
1.109499670565128326e-02 3.714507751464843750e+02
1.210363302379846573e-02 3.053972778320312500e+02
1.311226934194564819e-02 2.599297180175781250e+02
1.412090472877025604e-02 2.212223815917968750e+02
1.512954104691743851e-02 1.954394378662109375e+02
1.613817736506462097e-02 1.688920593261718750e+02
1.714681275188922882e-02 1.455733795166015625e+02
1.815545000135898590e-02 1.285345306396484375e+02
1.916408538818359375e-02 1.129438629150390625e+02
2.017272263765335083e-02 1.001809997558593750e+02
2.118135802447795868e-02 8.809348297119140625e+01
2.218999341130256653e-02 7.894608306884765625e+01
2.319863066077232361e-02 7.062178802490234375e+01
2.420726604759693146e-02 6.341989898681640625e+01
2.521590143442153931e-02 5.705926132202148438e+01
2.622453868389129639e-02 5.177096939086914062e+01
2.723317407071590424e-02 4.693360900878906250e+01
2.824180945754051208e-02 4.249932098388671875e+01
2.925044670701026917e-02 3.833786010742187500e+01
3.025908209383487701e-02 3.522742843627929688e+01
3.126771748065948486e-02 3.249969482421875000e+01
3.227635473012924194e-02 2.993580436706542969e+01
3.328499197959899902e-02 2.741806030273437500e+01
3.429362550377845764e-02 2.521857070922851562e+01
3.530226275324821472e-02 2.283307647705078125e+01
3.631090000271797180e-02 2.131908035278320312e+01
3.731953352689743042e-02 2.010534667968750000e+01
3.832817077636718750e-02 1.839883422851562500e+01
3.933680802583694458e-02 1.718446731567382812e+01
4.034544527530670166e-02 1.575571346282958984e+01
4.135407879948616028e-02 1.492259979248046875e+01
4.236271604895591736e-02 1.383611869812011719e+01
4.337135329842567444e-02 1.292627716064453125e+01
4.437998682260513306e-02 1.198281288146972656e+01
4.538862407207489014e-02 1.132123279571533203e+01
4.639726132154464722e-02 1.074395084381103516e+01
4.740589484572410583e-02 1.016318988800048828e+01
4.841453209519386292e-02 9.477886199951171875e+00
4.942316934466362000e-02 9.104038238525390625e+00
5.043180286884307861e-02 8.461169242858886719e+00
5.144044011831283569e-02 8.136600494384765625e+00
5.244907736778259277e-02 7.689841747283935547e+00
5.345771089196205139e-02 7.289650440216064453e+00
5.446634814143180847e-02 7.052776336669921875e+00
5.547498539090156555e-02 6.633282184600830078e+00
5.648361891508102417e-02 6.230618476867675781e+00
5.749225616455078125e-02 5.999871730804443359e+00
5.850089341402053833e-02 5.671929359436035156e+00
5.950953066349029541e-02 5.515040397644042969e+00
6.051816418766975403e-02 5.145232677459716797e+00
6.152680143713951111e-02 4.924183368682861328e+00
6.253543496131896973e-02 4.860520362854003906e+00
6.354407221078872681e-02 4.650133132934570312e+00
6.455270946025848389e-02 4.425032615661621094e+00
6.556134670972824097e-02 4.205312728881835938e+00
6.656998395919799805e-02 4.156682491302490234e+00
6.757862120866775513e-02 3.970042467117309570e+00
6.858725100755691528e-02 3.833239078521728516e+00
6.959588825702667236e-02 3.757383584976196289e+00
7.060452550649642944e-02 3.477203369140625000e+00
7.161316275596618652e-02 3.361444950103759766e+00
7.262180000543594360e-02 3.217206954956054688e+00
7.363043725490570068e-02 3.158167123794555664e+00
7.463906705379486084e-02 3.071068525314331055e+00
7.564770430326461792e-02 3.012551784515380859e+00
7.665634155273437500e-02 2.855773687362670898e+00
7.766497880220413208e-02 2.790924072265625000e+00
7.867361605167388916e-02 2.798631906509399414e+00
7.968225330114364624e-02 2.635990142822265625e+00
8.069089055061340332e-02 2.585953950881958008e+00
8.169952034950256348e-02 2.456405401229858398e+00
8.270815759897232056e-02 2.495779275894165039e+00
8.371679484844207764e-02 2.453540325164794922e+00
8.472543209791183472e-02 2.387853622436523438e+00
8.573406934738159180e-02 2.303756475448608398e+00
8.674270659685134888e-02 2.248202323913574219e+00
8.775133639574050903e-02 2.215812683105468750e+00
8.875997364521026611e-02 2.105071067810058594e+00
8.976861089468002319e-02 2.071568727493286133e+00
9.077724814414978027e-02 2.075626373291015625e+00
9.178588539361953735e-02 1.994356393814086914e+00
9.279452264308929443e-02 1.983713746070861816e+00
9.380315244197845459e-02 1.927929878234863281e+00
9.481178969144821167e-02 1.898161292076110840e+00
9.582042694091796875e-02 1.771975636482238770e+00
9.682906419038772583e-02 1.775964260101318359e+00
9.783770143985748291e-02 1.703746080398559570e+00
9.884633868932723999e-02 1.701831817626953125e+00
9.985497593879699707e-02 1.699833154678344727e+00
1.008636057376861572e-01 1.653921246528625488e+00
1.018722429871559143e-01 1.560003399848937988e+00
1.028808802366256714e-01 1.568513274192810059e+00
1.038895174860954285e-01 1.583187580108642578e+00
1.048981547355651855e-01 1.578267216682434082e+00
1.059067919850349426e-01 1.527979969978332520e+00
1.069154217839241028e-01 1.452770590782165527e+00
1.079240590333938599e-01 1.461881637573242188e+00
1.089326962828636169e-01 1.449574232101440430e+00
1.099413335323333740e-01 1.453406453132629395e+00
1.109499707818031311e-01 1.390238165855407715e+00
1.119586080312728882e-01 1.381055831909179688e+00
1.129672378301620483e-01 1.373836040496826172e+00
1.139758750796318054e-01 1.324394702911376953e+00
1.149845123291015625e-01 1.329118728637695312e+00
1.159931495785713196e-01 1.301161885261535645e+00
1.170017868280410767e-01 1.254354953765869141e+00
1.180104240775108337e-01 1.234588503837585449e+00
1.190190613269805908e-01 1.281678318977355957e+00
1.200276911258697510e-01 1.236687898635864258e+00
1.210363283753395081e-01 1.223231077194213867e+00
1.220449656248092651e-01 1.232083201408386230e+00
1.230536028742790222e-01 1.207739353179931641e+00
1.240622401237487793e-01 1.176547884941101074e+00
1.250708699226379395e-01 1.209552049636840820e+00
1.260795146226882935e-01 1.190013885498046875e+00
1.270881444215774536e-01 1.163641810417175293e+00
1.280967891216278076e-01 1.109814763069152832e+00
1.291054189205169678e-01 1.140291213989257812e+00
1.301140487194061279e-01 1.111497163772583008e+00
1.311226934194564819e-01 1.138018846511840820e+00
1.321313232183456421e-01 1.111301302909851074e+00
1.331399679183959961e-01 1.068400263786315918e+00
1.341485977172851562e-01 1.102023601531982422e+00
1.351572424173355103e-01 1.089924335479736328e+00
1.361658722162246704e-01 1.039425253868103027e+00
1.371745020151138306e-01 1.046774029731750488e+00
1.381831467151641846e-01 1.038952946662902832e+00
1.391917765140533447e-01 1.021708488464355469e+00
1.402004212141036987e-01 1.020873188972473145e+00
1.412090510129928589e-01 1.039633870124816895e+00
1.422176808118820190e-01 1.019019961357116699e+00
1.432263255119323730e-01 1.006925821304321289e+00
1.442349553108215332e-01 1.033470392227172852e+00
1.452436000108718872e-01 9.835945367813110352e-01
1.462522298097610474e-01 9.665552377700805664e-01
1.472608745098114014e-01 9.621434807777404785e-01
1.482695043087005615e-01 9.556600451469421387e-01
1.492781341075897217e-01 9.486889243125915527e-01
1.502867788076400757e-01 9.164341092109680176e-01
1.512954086065292358e-01 9.411695003509521484e-01
1.523040533065795898e-01 9.410569667816162109e-01
1.533126831054687500e-01 9.375514984130859375e-01
1.543213278055191040e-01 9.258619546890258789e-01
1.553299576044082642e-01 9.329411983489990234e-01
1.563385874032974243e-01 9.295321702957153320e-01
1.573472321033477783e-01 9.401910305023193359e-01
1.583558619022369385e-01 9.547346234321594238e-01
1.593645066022872925e-01 8.951596021652221680e-01
1.603731364011764526e-01 8.940280675888061523e-01
1.613817811012268066e-01 8.891367912292480469e-01
1.623904109001159668e-01 9.098022580146789551e-01
1.633990406990051270e-01 9.012392163276672363e-01
1.644076853990554810e-01 8.569934964179992676e-01
1.654163151979446411e-01 8.544273376464843750e-01
1.664249598979949951e-01 8.676971793174743652e-01
1.674335896968841553e-01 8.559657931327819824e-01
1.684422194957733154e-01 8.489418029785156250e-01
1.694508641958236694e-01 8.583121299743652344e-01
1.704594939947128296e-01 9.152936339378356934e-01
1.714681386947631836e-01 8.805419802665710449e-01
1.724767684936523438e-01 8.755393624305725098e-01
1.734854131937026978e-01 8.508785367012023926e-01
1.744940429925918579e-01 8.524184823036193848e-01
1.755026727914810181e-01 8.123731613159179688e-01
1.765113174915313721e-01 8.508884310722351074e-01
1.775199472904205322e-01 8.661755323410034180e-01
1.785285919904708862e-01 8.445676565170288086e-01
1.795372217893600464e-01 8.426873087882995605e-01
1.805458664894104004e-01 8.274054527282714844e-01
1.815544962882995605e-01 7.943459749221801758e-01
1.825631260871887207e-01 8.232669830322265625e-01
1.835717707872390747e-01 8.234503865242004395e-01
1.845804005861282349e-01 7.970812916755676270e-01
1.855890452861785889e-01 8.299120664596557617e-01
1.865976750850677490e-01 8.059905171394348145e-01
1.876063048839569092e-01 7.947493195533752441e-01
1.886149495840072632e-01 7.882720232009887695e-01
1.896235793828964233e-01 7.792499065399169922e-01
1.906322240829467773e-01 8.037717938423156738e-01
1.916408538818359375e-01 7.683863043785095215e-01
1.926494985818862915e-01 7.680852413177490234e-01
1.936581283807754517e-01 7.692847847938537598e-01
1.946667581796646118e-01 7.706480622291564941e-01
1.956754028797149658e-01 7.794505357742309570e-01
1.966840326786041260e-01 7.902163267135620117e-01
1.976926773786544800e-01 7.542641758918762207e-01
1.987013071775436401e-01 7.547917366027832031e-01
1.997099518775939941e-01 7.603749036788940430e-01
2.007185816764831543e-01 7.622495293617248535e-01
2.017272114753723145e-01 7.583792805671691895e-01
2.027358561754226685e-01 7.603911757469177246e-01
2.037444859743118286e-01 7.436251640319824219e-01
2.047531306743621826e-01 7.254120707511901855e-01
2.057617604732513428e-01 7.681764960289001465e-01
2.067703902721405029e-01 7.615122199058532715e-01
2.077790349721908569e-01 7.469282150268554688e-01
2.087876647710800171e-01 7.581292986869812012e-01
2.097963094711303711e-01 7.583521604537963867e-01
2.108049392700195312e-01 7.177029252052307129e-01
2.118135839700698853e-01 7.372723221778869629e-01
2.128222137689590454e-01 7.398241162300109863e-01
2.138308435678482056e-01 7.281470298767089844e-01
2.148394882678985596e-01 7.370913624763488770e-01
2.158481180667877197e-01 7.376217842102050781e-01
2.168567627668380737e-01 7.217118144035339355e-01
2.178653925657272339e-01 7.242675423622131348e-01
2.188740372657775879e-01 7.215315699577331543e-01
2.198826670646667480e-01 7.314854860305786133e-01
2.208912968635559082e-01 7.312802672386169434e-01
2.218999415636062622e-01 7.289490699768066406e-01
2.229085713624954224e-01 7.033320665359497070e-01
2.239172160625457764e-01 7.173991799354553223e-01
2.249258458614349365e-01 7.296836972236633301e-01
2.259344756603240967e-01 7.082718014717102051e-01
2.269431203603744507e-01 7.008595466613769531e-01
2.279517501592636108e-01 7.179355025291442871e-01
2.289603948593139648e-01 7.256456613540649414e-01
2.299690246582031250e-01 7.081881761550903320e-01
2.309776693582534790e-01 7.214990258216857910e-01
2.319862991571426392e-01 7.217818498611450195e-01
2.329949289560317993e-01 7.092703580856323242e-01
2.340035736560821533e-01 6.993591785430908203e-01
2.350122034549713135e-01 6.803566813468933105e-01
2.360208481550216675e-01 6.934010982513427734e-01
2.370294779539108276e-01 7.042498588562011719e-01
2.380381226539611816e-01 7.004938125610351562e-01
2.390467524528503418e-01 7.039859890937805176e-01
2.400553822517395020e-01 6.952657103538513184e-01
2.410640269517898560e-01 7.102339863777160645e-01
2.420726567506790161e-01 7.351998686790466309e-01
2.430813014507293701e-01 8.719915747642517090e-01
2.440899312496185303e-01 7.303134202957153320e-01
2.450985759496688843e-01 7.298069596290588379e-01
2.461072057485580444e-01 6.951099634170532227e-01
2.471158355474472046e-01 6.988579630851745605e-01
2.481244802474975586e-01 7.067972421646118164e-01
2.491331100463867188e-01 6.813850998878479004e-01
2.501417398452758789e-01 7.160856723785400391e-01
2.511503994464874268e-01 7.099405527114868164e-01
2.521590292453765869e-01 6.872479319572448730e-01
2.531676590442657471e-01 6.791245937347412109e-01
2.541762888431549072e-01 6.706870794296264648e-01
2.551849186420440674e-01 7.108415365219116211e-01
2.561935782432556152e-01 6.997783184051513672e-01
2.572022080421447754e-01 6.968876719474792480e-01
2.582108378410339355e-01 6.788538098335266113e-01
2.592194676399230957e-01 6.861031055450439453e-01
2.602280974388122559e-01 6.794144511222839355e-01
2.612367570400238037e-01 6.940118074417114258e-01
2.622453868389129639e-01 6.687598228454589844e-01
2.632540166378021240e-01 6.856413483619689941e-01
2.642626464366912842e-01 6.883721947669982910e-01
2.652712762355804443e-01 6.828366518020629883e-01
2.662799358367919922e-01 6.822576522827148438e-01
2.672885656356811523e-01 6.707299947738647461e-01
2.682971954345703125e-01 6.706632971763610840e-01
2.693058252334594727e-01 6.812284588813781738e-01
2.703144848346710205e-01 6.970204114913940430e-01
2.713231146335601807e-01 7.018644213676452637e-01
2.723317444324493408e-01 6.858859062194824219e-01
2.733403742313385010e-01 6.874253749847412109e-01
2.743490040302276611e-01 6.795612573623657227e-01
2.753576636314392090e-01 6.676082611083984375e-01
2.763662934303283691e-01 6.659753918647766113e-01
2.773749232292175293e-01 6.676164865493774414e-01
2.783835530281066895e-01 6.681186556816101074e-01
2.793921828269958496e-01 6.671739220619201660e-01
2.804008424282073975e-01 6.741230487823486328e-01
2.814094722270965576e-01 6.554829478263854980e-01
2.824181020259857178e-01 6.804744005203247070e-01
2.834267318248748779e-01 6.722663640975952148e-01
2.844353616237640381e-01 6.718193888664245605e-01
2.854440212249755859e-01 6.454153060913085938e-01
2.864526510238647461e-01 6.527609825134277344e-01
2.874612808227539062e-01 6.523455381393432617e-01
2.884699106216430664e-01 6.653124094009399414e-01
2.894785702228546143e-01 6.651698946952819824e-01
2.904872000217437744e-01 6.784967780113220215e-01
2.914958298206329346e-01 6.505373120307922363e-01
2.925044596195220947e-01 6.600337624549865723e-01
2.935130894184112549e-01 6.669450998306274414e-01
2.945217490196228027e-01 6.679749488830566406e-01
2.955303788185119629e-01 6.574478745460510254e-01
2.965390086174011230e-01 6.582148075103759766e-01
2.975476384162902832e-01 6.481537818908691406e-01
2.985562682151794434e-01 6.688616871833801270e-01
2.995649278163909912e-01 6.805129051208496094e-01
3.005735576152801514e-01 6.621063351631164551e-01
3.015821874141693115e-01 6.522473096847534180e-01
3.025908172130584717e-01 6.486066579818725586e-01
3.035994470119476318e-01 6.421874761581420898e-01
3.046081066131591797e-01 6.603092551231384277e-01
3.056167364120483398e-01 6.428844928741455078e-01
3.066253662109375000e-01 6.412565708160400391e-01
3.076339960098266602e-01 6.541815996170043945e-01
3.086426556110382080e-01 6.321104764938354492e-01
3.096512854099273682e-01 6.448950171470642090e-01
3.106599152088165283e-01 6.445595622062683105e-01
3.116685450077056885e-01 6.371989846229553223e-01
3.126771748065948486e-01 6.485344767570495605e-01
3.136858344078063965e-01 6.323491930961608887e-01
3.146944642066955566e-01 6.485707163810729980e-01
3.157030940055847168e-01 6.453039050102233887e-01
3.167117238044738770e-01 6.484460830688476562e-01
3.177203536033630371e-01 6.414045691490173340e-01
3.187290132045745850e-01 6.369189620018005371e-01
3.197376430034637451e-01 6.404718756675720215e-01
3.207462728023529053e-01 6.302366256713867188e-01
3.217549026012420654e-01 6.240747570991516113e-01
3.227635622024536133e-01 6.242722868919372559e-01
3.237721920013427734e-01 6.321322321891784668e-01
3.247808218002319336e-01 6.302874088287353516e-01
3.257894515991210938e-01 6.491184830665588379e-01
3.267980813980102539e-01 6.535664796829223633e-01
3.278067409992218018e-01 6.134286522865295410e-01
3.288153707981109619e-01 6.207479238510131836e-01
3.298240005970001221e-01 6.265761852264404297e-01
3.308326303958892822e-01 6.249551773071289062e-01
3.318412601947784424e-01 6.149412989616394043e-01
3.328499197959899902e-01 6.313150525093078613e-01
3.338585495948791504e-01 6.208065748214721680e-01
3.348671793937683105e-01 6.209766268730163574e-01
3.358758091926574707e-01 6.158055067062377930e-01
3.368844389915466309e-01 6.380640268325805664e-01
3.378930985927581787e-01 6.270848512649536133e-01
3.389017283916473389e-01 6.195135712623596191e-01
3.399103581905364990e-01 5.912638306617736816e-01
3.409189879894256592e-01 5.909801125526428223e-01
3.419276475906372070e-01 6.194916367530822754e-01
3.429362773895263672e-01 6.048519611358642578e-01
3.439449071884155273e-01 5.985353589057922363e-01
3.449535369873046875e-01 6.179021596908569336e-01
3.459621667861938477e-01 6.146502494812011719e-01
3.469708263874053955e-01 6.193090677261352539e-01
3.479794561862945557e-01 6.205518245697021484e-01
3.489880859851837158e-01 6.170185208320617676e-01
3.499967157840728760e-01 5.991784334182739258e-01
3.510053455829620361e-01 6.046999096870422363e-01
3.520140051841735840e-01 5.836718678474426270e-01
3.530226349830627441e-01 5.985385775566101074e-01
3.540312647819519043e-01 5.965457558631896973e-01
3.550398945808410645e-01 6.004064083099365234e-01
3.560485243797302246e-01 5.965279340744018555e-01
3.570571839809417725e-01 6.147076487541198730e-01
3.580658137798309326e-01 5.983921289443969727e-01
3.590744435787200928e-01 5.981842875480651855e-01
3.600830733776092529e-01 5.864745378494262695e-01
3.610917329788208008e-01 5.867632627487182617e-01
3.621003627777099609e-01 6.023339629173278809e-01
3.631089925765991211e-01 5.934499502182006836e-01
3.641176223754882812e-01 5.903818011283874512e-01
3.651262521743774414e-01 5.819796919822692871e-01
3.661349117755889893e-01 6.107851862907409668e-01
3.671435415744781494e-01 6.030412912368774414e-01
3.681521713733673096e-01 6.153832674026489258e-01
3.691608011722564697e-01 5.810846090316772461e-01
3.701694309711456299e-01 5.800739526748657227e-01
3.711780905723571777e-01 5.888256430625915527e-01
3.721867203712463379e-01 5.852931737899780273e-01
3.731953501701354980e-01 5.968486666679382324e-01
3.742039799690246582e-01 5.930888056755065918e-01
3.752126097679138184e-01 5.865731239318847656e-01
3.762212693691253662e-01 5.982643961906433105e-01
3.772298991680145264e-01 5.691477060317993164e-01
3.782385289669036865e-01 5.688186287879943848e-01
3.792471587657928467e-01 5.966196060180664062e-01
3.802558183670043945e-01 5.962099432945251465e-01
3.812644481658935547e-01 5.818658471107482910e-01
3.822730779647827148e-01 5.765355229377746582e-01
3.832817077636718750e-01 5.752402544021606445e-01
3.842903375625610352e-01 5.735661983489990234e-01
3.852989971637725830e-01 5.686584711074829102e-01
3.863076269626617432e-01 5.839466452598571777e-01
3.873162567615509033e-01 5.729783773422241211e-01
3.883248865604400635e-01 5.576907396316528320e-01
3.893335163593292236e-01 5.760899186134338379e-01
3.903421759605407715e-01 5.781181454658508301e-01
3.913508057594299316e-01 5.633750557899475098e-01
3.923594355583190918e-01 5.578409433364868164e-01
3.933680653572082520e-01 5.622391104698181152e-01
3.943766951560974121e-01 5.653873085975646973e-01
3.953853547573089600e-01 5.688065886497497559e-01
3.963939845561981201e-01 5.701090097427368164e-01
3.974026143550872803e-01 5.572209954261779785e-01
3.984112441539764404e-01 5.501153469085693359e-01
3.994199037551879883e-01 5.705434083938598633e-01
4.004285335540771484e-01 5.790770649909973145e-01
4.014371633529663086e-01 5.716312527656555176e-01
4.024457931518554688e-01 5.555683374404907227e-01
4.034544229507446289e-01 5.650509595870971680e-01
4.044630825519561768e-01 5.529589056968688965e-01
4.054717123508453369e-01 5.617505908012390137e-01
4.064803421497344971e-01 5.466013550758361816e-01
4.074889719486236572e-01 5.524944067001342773e-01
4.084976017475128174e-01 5.537031888961791992e-01
4.095062613487243652e-01 5.483510494232177734e-01
4.105148911476135254e-01 5.591723918914794922e-01
4.115235209465026855e-01 5.712022185325622559e-01
4.125321507453918457e-01 5.565822124481201172e-01
4.135407805442810059e-01 5.586828589439392090e-01
4.145494401454925537e-01 5.707323551177978516e-01
4.155580699443817139e-01 5.527579784393310547e-01
4.165666997432708740e-01 5.408393144607543945e-01
4.175753295421600342e-01 5.539646148681640625e-01
4.185839891433715820e-01 5.534309744834899902e-01
4.195926189422607422e-01 5.617009997367858887e-01
4.206012487411499023e-01 5.595586895942687988e-01
4.216098785400390625e-01 5.442396402359008789e-01
4.226185083389282227e-01 5.571888685226440430e-01
4.236271679401397705e-01 5.517128109931945801e-01
4.246357977390289307e-01 5.462350845336914062e-01
4.256444275379180908e-01 5.438097715377807617e-01
4.266530573368072510e-01 5.591628551483154297e-01
4.276616871356964111e-01 5.543485879898071289e-01
4.286703467369079590e-01 5.634878873825073242e-01
4.296789765357971191e-01 5.513281822204589844e-01
4.306876063346862793e-01 5.394389033317565918e-01
4.316962361335754395e-01 5.521125197410583496e-01
4.327048659324645996e-01 5.390751361846923828e-01
4.337135255336761475e-01 5.427656173706054688e-01
4.347221553325653076e-01 5.449483394622802734e-01
4.357307851314544678e-01 5.411446690559387207e-01
4.367394149303436279e-01 5.502651929855346680e-01
4.377480745315551758e-01 5.538976788520812988e-01
4.387567043304443359e-01 5.473828911781311035e-01
4.397653341293334961e-01 5.481857061386108398e-01
4.407739639282226562e-01 5.499071478843688965e-01
4.417825937271118164e-01 5.472922325134277344e-01
4.427912533283233643e-01 5.472883582115173340e-01
4.437998831272125244e-01 5.393532514572143555e-01
4.448085129261016846e-01 5.410211086273193359e-01
4.458171427249908447e-01 5.417641997337341309e-01
4.468257725238800049e-01 5.356600880622863770e-01
4.478344321250915527e-01 5.354709625244140625e-01
4.488430619239807129e-01 5.294752717018127441e-01
4.498516917228698730e-01 5.254091620445251465e-01
4.508603215217590332e-01 5.335423946380615234e-01
4.518689513206481934e-01 5.384059548377990723e-01
4.528776109218597412e-01 5.471552014350891113e-01
4.538862407207489014e-01 5.339571237564086914e-01
4.548948705196380615e-01 5.461475849151611328e-01
4.559035003185272217e-01 5.300295948982238770e-01
4.569121599197387695e-01 5.306854248046875000e-01
4.579207897186279297e-01 5.449450016021728516e-01
4.589294195175170898e-01 5.319383740425109863e-01
4.599380493164062500e-01 5.467581152915954590e-01
4.609466791152954102e-01 5.337470173835754395e-01
4.619553387165069580e-01 5.396289229393005371e-01
4.629639685153961182e-01 5.366920232772827148e-01
4.639725983142852783e-01 5.260472297668457031e-01
4.649812281131744385e-01 5.329337716102600098e-01
4.659898579120635986e-01 5.336162447929382324e-01
4.669985175132751465e-01 5.415442585945129395e-01
4.680071473121643066e-01 5.222141146659851074e-01
4.690157771110534668e-01 5.316767096519470215e-01
4.700244069099426270e-01 5.357732772827148438e-01
4.710330665111541748e-01 5.367780327796936035e-01
4.720416963100433350e-01 5.277447104454040527e-01
4.730503261089324951e-01 5.308476686477661133e-01
4.740589559078216553e-01 5.259398221969604492e-01
4.750675857067108154e-01 5.302614569664001465e-01
4.760762453079223633e-01 5.182583928108215332e-01
4.770848751068115234e-01 5.276963710784912109e-01
4.780935049057006836e-01 5.271682739257812500e-01
4.791021347045898438e-01 5.212043523788452148e-01
4.801107645034790039e-01 5.101155042648315430e-01
4.811194241046905518e-01 5.233451724052429199e-01
4.821280539035797119e-01 5.250233411788940430e-01
4.831366837024688721e-01 5.322183966636657715e-01
4.841453135013580322e-01 5.188185572624206543e-01
4.851539433002471924e-01 5.194626450538635254e-01
4.861626029014587402e-01 5.281205177307128906e-01
4.871712327003479004e-01 5.193493366241455078e-01
4.881798624992370605e-01 5.119875669479370117e-01
4.891884922981262207e-01 5.185546875000000000e-01
4.901971518993377686e-01 5.145158767700195312e-01
4.912057816982269287e-01 5.045319199562072754e-01
4.922144114971160889e-01 5.108715295791625977e-01
4.932230412960052490e-01 5.126047730445861816e-01
4.942316710948944092e-01 5.178475975990295410e-01
4.952403306961059570e-01 5.360128879547119141e-01
4.962489604949951172e-01 5.295950770378112793e-01
4.972575902938842773e-01 5.348754525184631348e-01
4.982662200927734375e-01 5.158674120903015137e-01
4.992748498916625977e-01 5.009098649024963379e-01
5.002834796905517578e-01 5.113742947578430176e-01
5.012921094894409180e-01 5.066737532615661621e-01
5.023007988929748535e-01 5.116810798645019531e-01
5.033094286918640137e-01 5.114468932151794434e-01
5.043180584907531738e-01 5.789552927017211914e-01
5.053266882896423340e-01 5.500991940498352051e-01
5.063353180885314941e-01 5.160638093948364258e-01
5.073439478874206543e-01 5.129420757293701172e-01
5.083525776863098145e-01 5.133900642395019531e-01
5.093612074851989746e-01 5.111640691757202148e-01
5.103698372840881348e-01 5.206451416015625000e-01
5.113784670829772949e-01 5.181625485420227051e-01
5.123871564865112305e-01 5.143205523490905762e-01
5.133957862854003906e-01 5.133945941925048828e-01
5.144044160842895508e-01 5.176330804824829102e-01
5.154130458831787109e-01 5.083159804344177246e-01
5.164216756820678711e-01 5.268949270248413086e-01
5.174303054809570312e-01 5.100408196449279785e-01
5.184389352798461914e-01 5.246497988700866699e-01
5.194475650787353516e-01 5.144147276878356934e-01
5.204561948776245117e-01 5.265007615089416504e-01
5.214648842811584473e-01 5.161966681480407715e-01
5.224735140800476074e-01 5.117784738540649414e-01
5.234821438789367676e-01 5.185165405273437500e-01
5.244907736778259277e-01 5.270611047744750977e-01
5.254994034767150879e-01 5.014258623123168945e-01
5.265080332756042480e-01 5.007431507110595703e-01
5.275166630744934082e-01 4.992839992046356201e-01
5.285252928733825684e-01 5.106833577156066895e-01
5.295339226722717285e-01 5.097626447677612305e-01
5.305425524711608887e-01 5.016252398490905762e-01
5.315512418746948242e-01 5.150577425956726074e-01
5.325598716735839844e-01 5.160564184188842773e-01
5.335685014724731445e-01 5.019747614860534668e-01
5.345771312713623047e-01 5.167859792709350586e-01
5.355857610702514648e-01 5.225480198860168457e-01
5.365943908691406250e-01 5.137147903442382812e-01
5.376030206680297852e-01 5.156493782997131348e-01
5.386116504669189453e-01 4.982482492923736572e-01
5.396202802658081055e-01 5.099858641624450684e-01
5.406289696693420410e-01 4.994423687458038330e-01
5.416375994682312012e-01 5.147560834884643555e-01
5.426462292671203613e-01 5.155841708183288574e-01
5.436548590660095215e-01 5.005480051040649414e-01
5.446634888648986816e-01 5.174096226692199707e-01
5.456721186637878418e-01 5.155381560325622559e-01
5.466807484626770020e-01 4.979970753192901611e-01
5.476893782615661621e-01 4.942451715469360352e-01
5.486980080604553223e-01 5.110169649124145508e-01
5.497066378593444824e-01 4.918372333049774170e-01
5.507153272628784180e-01 4.948177635669708252e-01
5.517239570617675781e-01 4.948631227016448975e-01
5.527325868606567383e-01 4.908979237079620361e-01
5.537412166595458984e-01 5.051841139793395996e-01
5.547498464584350586e-01 5.161297917366027832e-01
5.557584762573242188e-01 4.977598786354064941e-01
5.567671060562133789e-01 5.066791176795959473e-01
5.577757358551025391e-01 4.987072646617889404e-01
5.587843656539916992e-01 5.029926300048828125e-01
5.597930550575256348e-01 4.867623448371887207e-01
5.608016848564147949e-01 4.924022853374481201e-01
5.618103146553039551e-01 4.939857125282287598e-01
5.628189444541931152e-01 5.024788379669189453e-01
5.638275742530822754e-01 5.084586143493652344e-01
5.648362040519714355e-01 5.010717511177062988e-01
5.658448338508605957e-01 4.990494549274444580e-01
5.668534636497497559e-01 5.071405172348022461e-01
5.678620934486389160e-01 5.093426704406738281e-01
5.688707232475280762e-01 5.058249831199645996e-01
5.698794126510620117e-01 5.084750056266784668e-01
5.708880424499511719e-01 5.060068964958190918e-01
5.718966722488403320e-01 4.950819611549377441e-01
5.729053020477294922e-01 4.964893460273742676e-01
5.739139318466186523e-01 4.943157732486724854e-01
5.749225616455078125e-01 4.979983270168304443e-01
5.759311914443969727e-01 5.038701295852661133e-01
5.769398212432861328e-01 5.063949823379516602e-01
5.779484510421752930e-01 4.896051287651062012e-01
5.789571404457092285e-01 5.035558342933654785e-01
5.799657702445983887e-01 5.065557360649108887e-01
5.809744000434875488e-01 5.054011344909667969e-01
5.819830298423767090e-01 5.097250938415527344e-01
5.829916596412658691e-01 4.847120046615600586e-01
5.840002894401550293e-01 4.913669526576995850e-01
5.850089192390441895e-01 4.897483587265014648e-01
5.860175490379333496e-01 4.881309270858764648e-01
5.870261788368225098e-01 5.009732246398925781e-01
5.880348086357116699e-01 4.968543350696563721e-01
5.890434980392456055e-01 4.869460165500640869e-01
5.900521278381347656e-01 4.962691664695739746e-01
5.910607576370239258e-01 5.025321841239929199e-01
5.920693874359130859e-01 4.912315011024475098e-01
5.930780172348022461e-01 4.920047819614410400e-01
5.940866470336914062e-01 4.837510883808135986e-01
5.950952768325805664e-01 4.850181043148040771e-01
5.961039066314697266e-01 4.927650094032287598e-01
5.971125364303588867e-01 5.027005672454833984e-01
5.981212258338928223e-01 4.972044825553894043e-01
5.991298556327819824e-01 4.972180426120758057e-01
6.001384854316711426e-01 4.868420958518981934e-01
6.011471152305603027e-01 4.892265498638153076e-01
6.021557450294494629e-01 5.035045742988586426e-01
6.031643748283386230e-01 4.995516836643218994e-01
6.041730046272277832e-01 4.876600205898284912e-01
6.051816344261169434e-01 4.884809553623199463e-01
6.061902642250061035e-01 4.871424734592437744e-01
6.071988940238952637e-01 4.903845787048339844e-01
6.082075834274291992e-01 4.798707962036132812e-01
6.092162132263183594e-01 4.950982332229614258e-01
6.102248430252075195e-01 4.905700385570526123e-01
6.112334728240966797e-01 4.759967625141143799e-01
6.122421026229858398e-01 4.872424900531768799e-01
6.132507324218750000e-01 4.909665882587432861e-01
6.142593622207641602e-01 4.932548701763153076e-01
6.152679920196533203e-01 4.824375808238983154e-01
6.162766218185424805e-01 4.935710728168487549e-01
6.172853112220764160e-01 4.797457754611968994e-01
6.182939410209655762e-01 4.871873259544372559e-01
6.193025708198547363e-01 4.968824088573455811e-01
6.203112006187438965e-01 4.797244966030120850e-01
6.213198304176330566e-01 4.718037545680999756e-01
6.223284602165222168e-01 4.850865602493286133e-01
6.233370900154113770e-01 4.806149899959564209e-01
6.243457198143005371e-01 4.847572743892669678e-01
6.253543496131896973e-01 4.933533370494842529e-01
6.263629794120788574e-01 4.742089509963989258e-01
6.273716688156127930e-01 4.823108315467834473e-01
6.283802986145019531e-01 4.813934564590454102e-01
6.293889284133911133e-01 4.848700463771820068e-01
6.303975582122802734e-01 4.872605800628662109e-01
6.314061880111694336e-01 4.810359477996826172e-01
6.324148178100585938e-01 4.838352501392364502e-01
6.334234476089477539e-01 4.689588546752929688e-01
6.344320774078369141e-01 4.912307560443878174e-01
6.354407072067260742e-01 5.002340078353881836e-01
6.364493966102600098e-01 4.851500689983367920e-01
6.374580264091491699e-01 4.877817332744598389e-01
6.384666562080383301e-01 4.725706279277801514e-01
6.394752860069274902e-01 4.875793457031250000e-01
6.404839158058166504e-01 4.714499413967132568e-01
6.414925456047058105e-01 4.834535419940948486e-01
6.425011754035949707e-01 4.823155701160430908e-01
6.435098052024841309e-01 4.852674007415771484e-01
6.445184350013732910e-01 4.866198599338531494e-01
6.455271244049072266e-01 4.811206758022308350e-01
6.465357542037963867e-01 4.888499379158020020e-01
6.475443840026855469e-01 4.875547885894775391e-01
6.485530138015747070e-01 4.767990112304687500e-01
6.495616436004638672e-01 4.872234761714935303e-01
6.505702733993530273e-01 4.818987250328063965e-01
6.515789031982421875e-01 4.894840419292449951e-01
6.525875329971313477e-01 4.671883285045623779e-01
6.535961627960205078e-01 4.641506075859069824e-01
6.546047925949096680e-01 4.740730524063110352e-01
6.556134819984436035e-01 4.790952801704406738e-01
6.566221117973327637e-01 4.727855622768402100e-01
6.576307415962219238e-01 4.648143947124481201e-01
6.586393713951110840e-01 4.789328873157501221e-01
6.596480011940002441e-01 4.785459041595458984e-01
6.606566309928894043e-01 4.914518296718597412e-01
6.616652607917785645e-01 4.891418814659118652e-01
6.626738905906677246e-01 4.856013953685760498e-01
6.636825203895568848e-01 4.996612668037414551e-01
6.646912097930908203e-01 4.799122810363769531e-01
6.656998395919799805e-01 4.934584498405456543e-01
6.667084693908691406e-01 4.912851750850677490e-01
6.677170991897583008e-01 4.860554337501525879e-01
6.687257289886474609e-01 4.824134707450866699e-01
6.697343587875366211e-01 4.815829098224639893e-01
6.707429885864257812e-01 4.707219302654266357e-01
6.717516183853149414e-01 4.786702990531921387e-01
6.727602481842041016e-01 4.816134870052337646e-01
6.737688779830932617e-01 4.927432835102081299e-01
6.747775673866271973e-01 4.992888271808624268e-01
6.757861971855163574e-01 4.729078412055969238e-01
6.767948269844055176e-01 4.751026332378387451e-01
6.778034567832946777e-01 4.781137108802795410e-01
6.788120865821838379e-01 4.812842905521392822e-01
6.798207163810729980e-01 4.912618100643157959e-01
6.808293461799621582e-01 4.933520257472991943e-01
6.818379759788513184e-01 4.777494072914123535e-01
6.828466057777404785e-01 4.805400073528289795e-01
6.838552951812744141e-01 4.876664280891418457e-01
6.848639249801635742e-01 4.836094379425048828e-01
6.858725547790527344e-01 4.948500394821166992e-01
6.868811845779418945e-01 4.834358394145965576e-01
6.878898143768310547e-01 4.838386774063110352e-01
6.888984441757202148e-01 4.853445887565612793e-01
6.899070739746093750e-01 4.859717190265655518e-01
6.909157037734985352e-01 4.817643761634826660e-01
6.919243335723876953e-01 4.866349697113037109e-01
6.929329633712768555e-01 4.943719208240509033e-01
6.939416527748107910e-01 4.763135015964508057e-01
6.949502825736999512e-01 4.943405985832214355e-01
6.959589123725891113e-01 4.781290292739868164e-01
6.969675421714782715e-01 4.735772907733917236e-01
6.979761719703674316e-01 4.658468067646026611e-01
6.989848017692565918e-01 4.745991826057434082e-01
6.999934315681457520e-01 4.751678705215454102e-01
7.010020613670349121e-01 4.841271638870239258e-01
7.020106911659240723e-01 4.922908246517181396e-01
7.030193805694580078e-01 4.875205755233764648e-01
7.040280103683471680e-01 4.854082763195037842e-01
7.050366401672363281e-01 4.797452688217163086e-01
7.060452699661254883e-01 4.773949682712554932e-01
7.070538997650146484e-01 4.776313602924346924e-01
7.080625295639038086e-01 4.910601079463958740e-01
7.090711593627929688e-01 4.833745360374450684e-01
7.100797891616821289e-01 4.942890107631683350e-01
7.110884189605712891e-01 4.824289083480834961e-01
7.120970487594604492e-01 4.860623776912689209e-01
7.131057381629943848e-01 4.846481978893280029e-01
7.141143679618835449e-01 4.824185073375701904e-01
7.151229977607727051e-01 4.713286757469177246e-01
7.161316275596618652e-01 4.788797199726104736e-01
7.171402573585510254e-01 4.892216324806213379e-01
7.181488871574401855e-01 4.877488911151885986e-01
7.191575169563293457e-01 5.044503211975097656e-01
7.201661467552185059e-01 4.786742329597473145e-01
7.211747765541076660e-01 4.732563495635986328e-01
7.221834659576416016e-01 4.723042547702789307e-01
7.231920957565307617e-01 4.795633256435394287e-01
7.242007255554199219e-01 4.902173280715942383e-01
7.252093553543090820e-01 4.990363717079162598e-01
7.262179851531982422e-01 4.886443912982940674e-01
7.272266149520874023e-01 4.803902208805084229e-01
7.282352447509765625e-01 4.946297705173492432e-01
7.292438745498657227e-01 4.916643500328063965e-01
7.302525043487548828e-01 4.827849864959716797e-01
7.312611341476440430e-01 4.849861562252044678e-01
7.322698235511779785e-01 4.806069135665893555e-01
7.332784533500671387e-01 4.927725195884704590e-01
7.342870831489562988e-01 4.891286790370941162e-01
7.352957129478454590e-01 4.983769655227661133e-01
7.363043427467346191e-01 4.917635321617126465e-01
7.373129725456237793e-01 4.673615992069244385e-01
7.383216023445129395e-01 4.847522079944610596e-01
7.393302321434020996e-01 4.882274568080902100e-01
7.403388619422912598e-01 4.859789013862609863e-01
7.413475513458251953e-01 4.857784211635589600e-01
7.423561811447143555e-01 4.726169407367706299e-01
7.433648109436035156e-01 4.853317737579345703e-01
7.443734407424926758e-01 4.968830347061157227e-01
7.453820705413818359e-01 4.764740467071533203e-01
7.463907003402709961e-01 4.830147922039031982e-01
7.473993301391601562e-01 4.798309803009033203e-01
7.484079599380493164e-01 4.800744354724884033e-01
7.494165897369384766e-01 4.908447563648223877e-01
7.504252195358276367e-01 4.801146388053894043e-01
7.514339089393615723e-01 4.797810912132263184e-01
7.524425387382507324e-01 5.267179608345031738e-01
7.534511685371398926e-01 5.494665503501892090e-01
7.544597983360290527e-01 4.924619793891906738e-01
7.554684281349182129e-01 4.817271232604980469e-01
7.564770579338073730e-01 4.936037361621856689e-01
7.574856877326965332e-01 4.916204810142517090e-01
7.584943175315856934e-01 4.968458414077758789e-01
7.595029473304748535e-01 4.855813682079315186e-01
7.605116367340087891e-01 4.923493564128875732e-01
7.615202665328979492e-01 5.046384930610656738e-01
7.625288963317871094e-01 5.090586543083190918e-01
7.635375261306762695e-01 4.811043739318847656e-01
7.645461559295654297e-01 4.930688142776489258e-01
7.655547857284545898e-01 4.920837283134460449e-01
7.665634155273437500e-01 4.872281849384307861e-01
7.675720453262329102e-01 4.866509735584259033e-01
7.685806751251220703e-01 4.653852581977844238e-01
7.695893049240112305e-01 4.845629632472991943e-01
7.705979943275451660e-01 4.983115196228027344e-01
7.716066241264343262e-01 4.877865612506866455e-01
7.726152539253234863e-01 4.829266667366027832e-01
7.736238837242126465e-01 5.055469274520874023e-01
7.746325135231018066e-01 4.937902092933654785e-01
7.756411433219909668e-01 4.931573867797851562e-01
7.766497731208801270e-01 4.966279864311218262e-01
7.776584029197692871e-01 4.912296235561370850e-01
7.786670327186584473e-01 4.989800453186035156e-01
7.796757221221923828e-01 5.016894936561584473e-01
7.806843519210815430e-01 4.915455579757690430e-01
7.816929817199707031e-01 4.936850070953369141e-01
7.827016115188598633e-01 4.974355697631835938e-01
7.837102413177490234e-01 4.935182631015777588e-01
7.847188711166381836e-01 4.822929203510284424e-01
7.857275009155273438e-01 4.977993965148925781e-01
7.867361307144165039e-01 4.842646121978759766e-01
7.877447605133056641e-01 4.944988787174224854e-01
7.887533903121948242e-01 4.943552911281585693e-01
7.897620797157287598e-01 5.004230737686157227e-01
7.907707095146179199e-01 4.972227215766906738e-01
7.917793393135070801e-01 4.968661665916442871e-01
7.927879691123962402e-01 4.868955016136169434e-01
7.937965989112854004e-01 4.761417508125305176e-01
7.948052287101745605e-01 4.925217330455780029e-01
7.958138585090637207e-01 4.869211912155151367e-01
7.968224883079528809e-01 4.855813980102539062e-01
7.978311181068420410e-01 4.878919720649719238e-01
7.988398075103759766e-01 4.901399314403533936e-01
7.998484373092651367e-01 4.888016581535339355e-01
8.008570671081542969e-01 4.911998808383941650e-01
8.018656969070434570e-01 4.929427504539489746e-01
8.028743267059326172e-01 4.929326474666595459e-01
8.038829565048217773e-01 4.863505065441131592e-01
8.048915863037109375e-01 4.993566274642944336e-01
8.059002161026000977e-01 4.870425462722778320e-01
8.069088459014892578e-01 4.885883331298828125e-01
8.079174757003784180e-01 4.860016703605651855e-01
8.089261651039123535e-01 4.912252724170684814e-01
8.099347949028015137e-01 5.080437660217285156e-01
8.109434247016906738e-01 5.157618522644042969e-01
8.119520545005798340e-01 5.063986182212829590e-01
8.129606842994689941e-01 5.032482147216796875e-01
8.139693140983581543e-01 5.072285532951354980e-01
8.149779438972473145e-01 4.966664314270019531e-01
8.159865736961364746e-01 4.930606186389923096e-01
8.169952034950256348e-01 4.998242855072021484e-01
8.180038928985595703e-01 4.858876466751098633e-01
8.190125226974487305e-01 5.121938586235046387e-01
8.200211524963378906e-01 5.003424882888793945e-01
8.210297822952270508e-01 5.081133246421813965e-01
8.220384120941162109e-01 4.885081350803375244e-01
8.230470418930053711e-01 5.018233060836791992e-01
8.240556716918945312e-01 5.001502037048339844e-01
8.250643014907836914e-01 4.975703656673431396e-01
8.260729312896728516e-01 5.122751593589782715e-01
8.270815610885620117e-01 5.164352059364318848e-01
8.280902504920959473e-01 5.142062306404113770e-01
8.290988802909851074e-01 5.117963552474975586e-01
8.301075100898742676e-01 5.119288563728332520e-01
8.311161398887634277e-01 5.051018595695495605e-01
8.321247696876525879e-01 5.039336681365966797e-01
8.331333994865417480e-01 5.093922019004821777e-01
8.341420292854309082e-01 5.064681768417358398e-01
8.351506590843200684e-01 5.127459168434143066e-01
8.361592888832092285e-01 5.100464224815368652e-01
8.371679782867431641e-01 4.956735670566558838e-01
8.381766080856323242e-01 5.136997699737548828e-01
8.391852378845214844e-01 5.120134353637695312e-01
8.401938676834106445e-01 5.122518539428710938e-01
8.412024974822998047e-01 5.057590007781982422e-01
8.422111272811889648e-01 4.889992475509643555e-01
8.432197570800781250e-01 4.926837980747222900e-01
8.442283868789672852e-01 5.096786022186279297e-01
8.452370166778564453e-01 5.073449015617370605e-01
8.462456464767456055e-01 5.081838965415954590e-01
8.472543358802795410e-01 5.074608325958251953e-01
8.482629656791687012e-01 5.144174098968505859e-01
8.492715954780578613e-01 4.896785616874694824e-01
8.502802252769470215e-01 4.949997365474700928e-01
8.512888550758361816e-01 4.982889890670776367e-01
8.522974848747253418e-01 5.139766931533813477e-01
8.533061146736145020e-01 5.056435465812683105e-01
8.543147444725036621e-01 4.933731555938720703e-01
8.553233742713928223e-01 4.992523491382598877e-01
8.563320636749267578e-01 4.955971837043762207e-01
8.573406934738159180e-01 4.778777956962585449e-01
8.583493232727050781e-01 4.930058419704437256e-01
8.593579530715942383e-01 4.937528371810913086e-01
8.603665828704833984e-01 5.005763769149780273e-01
8.613752126693725586e-01 4.890173375606536865e-01
8.623838424682617188e-01 4.897363781929016113e-01
8.633924722671508789e-01 4.706690609455108643e-01
8.644011020660400391e-01 4.835710525512695312e-01
8.654097318649291992e-01 4.900885820388793945e-01
8.664184212684631348e-01 4.926125705242156982e-01
8.674270510673522949e-01 4.873729944229125977e-01
8.684356808662414551e-01 4.871786832809448242e-01
8.694443106651306152e-01 4.861772358417510986e-01
8.704529404640197754e-01 4.890087842941284180e-01
8.714615702629089355e-01 4.758929014205932617e-01
8.724702000617980957e-01 4.736623167991638184e-01
8.734788298606872559e-01 4.869042634963989258e-01
8.744874596595764160e-01 5.033901929855346680e-01
8.754961490631103516e-01 4.840292036533355713e-01
8.765047788619995117e-01 4.802725315093994141e-01
8.775134086608886719e-01 4.779004752635955811e-01
8.785220384597778320e-01 4.729152917861938477e-01
8.795306682586669922e-01 4.887436330318450928e-01
8.805392980575561523e-01 4.622408747673034668e-01
8.815479278564453125e-01 4.691381752490997314e-01
8.825565576553344727e-01 4.772241115570068359e-01
8.835651874542236328e-01 4.902831017971038818e-01
8.845738172531127930e-01 4.771307110786437988e-01
8.855825066566467285e-01 4.707752168178558350e-01
8.865911364555358887e-01 4.814507067203521729e-01
8.875997662544250488e-01 4.529893994331359863e-01
8.886083960533142090e-01 4.835108518600463867e-01
8.896170258522033691e-01 4.688162803649902344e-01
8.906256556510925293e-01 4.640094339847564697e-01
8.916342854499816895e-01 4.648327827453613281e-01
8.926429152488708496e-01 4.712511599063873291e-01
8.936515450477600098e-01 4.605339467525482178e-01
8.946602344512939453e-01 4.846587181091308594e-01
8.956688642501831055e-01 4.914773702621459961e-01
8.966774940490722656e-01 4.698289632797241211e-01
8.976861238479614258e-01 4.544053673744201660e-01
8.986947536468505859e-01 4.547594785690307617e-01
8.997033834457397461e-01 4.712827205657958984e-01
9.007120132446289062e-01 4.530023038387298584e-01
9.017206430435180664e-01 4.628359675407409668e-01
9.027292728424072266e-01 4.632261991500854492e-01
9.037379026412963867e-01 4.697783887386322021e-01
9.047465920448303223e-01 4.597418308258056641e-01
9.057552218437194824e-01 4.532673954963684082e-01
9.067638516426086426e-01 4.538744688034057617e-01
9.077724814414978027e-01 4.518954455852508545e-01
9.087811112403869629e-01 4.642749428749084473e-01
9.097897410392761230e-01 4.686537384986877441e-01
9.107983708381652832e-01 4.598536491394042969e-01
9.118070006370544434e-01 4.827153086662292480e-01
9.128156304359436035e-01 4.642306268215179443e-01
9.138243198394775391e-01 4.599089026451110840e-01
9.148329496383666992e-01 4.619405865669250488e-01
9.158415794372558594e-01 4.670872986316680908e-01
9.168502092361450195e-01 4.574284851551055908e-01
9.178588390350341797e-01 4.557334482669830322e-01
9.188674688339233398e-01 4.598900377750396729e-01
9.198760986328125000e-01 4.548093080520629883e-01
9.208847284317016602e-01 4.664743542671203613e-01
9.218933582305908203e-01 4.575130641460418701e-01
9.229020476341247559e-01 4.576361179351806641e-01
9.239106774330139160e-01 4.455786645412445068e-01
9.249193072319030762e-01 4.474074840545654297e-01
9.259279370307922363e-01 4.576131403446197510e-01
9.269365668296813965e-01 4.736790955066680908e-01
9.279451966285705566e-01 4.539226293563842773e-01
9.289538264274597168e-01 4.642499685287475586e-01
9.299624562263488770e-01 4.905561208724975586e-01
9.309710860252380371e-01 4.532881081104278564e-01
9.319797158241271973e-01 4.755968451499938965e-01
9.329884052276611328e-01 4.475082755088806152e-01
9.339970350265502930e-01 4.290135502815246582e-01
9.350056648254394531e-01 4.406252801418304443e-01
9.360142946243286133e-01 4.597915709018707275e-01
9.370229244232177734e-01 4.522960782051086426e-01
9.380315542221069336e-01 4.576048552989959717e-01
9.390401840209960938e-01 4.545142650604248047e-01
9.400488138198852539e-01 4.643744826316833496e-01
9.410574436187744141e-01 4.556640088558197021e-01
9.420661330223083496e-01 4.635094106197357178e-01
9.430747628211975098e-01 4.639174640178680420e-01
9.440833926200866699e-01 4.473917782306671143e-01
9.450920224189758301e-01 4.619032144546508789e-01
9.461006522178649902e-01 4.675520360469818115e-01
9.471092820167541504e-01 4.688024222850799561e-01
9.481179118156433105e-01 4.692623615264892578e-01
9.491265416145324707e-01 4.627101421356201172e-01
9.501351714134216309e-01 4.750009775161743164e-01
9.511438012123107910e-01 4.815995991230010986e-01
9.521524906158447266e-01 4.585889279842376709e-01
9.531611204147338867e-01 4.944592714309692383e-01
9.541697502136230469e-01 4.760867655277252197e-01
9.551783800125122070e-01 4.779180586338043213e-01
9.561870098114013672e-01 4.853757619857788086e-01
9.571956396102905273e-01 4.733161032199859619e-01
9.582042694091796875e-01 4.652061760425567627e-01
9.592128992080688477e-01 4.774501323699951172e-01
9.602215290069580078e-01 4.584663510322570801e-01
9.612302184104919434e-01 4.668589830398559570e-01
9.622388482093811035e-01 4.837352037429809570e-01
9.632474780082702637e-01 4.663553237915039062e-01
9.642561078071594238e-01 4.541931450366973877e-01
9.652647376060485840e-01 4.535445868968963623e-01
9.662733674049377441e-01 4.347626566886901855e-01
9.672819972038269043e-01 4.516774415969848633e-01
9.682906270027160645e-01 4.816328585147857666e-01
9.692992568016052246e-01 4.776984453201293945e-01
9.703078866004943848e-01 4.722791314125061035e-01
9.713165760040283203e-01 4.713790118694305420e-01
9.723252058029174805e-01 4.657675325870513916e-01
9.733338356018066406e-01 4.769351184368133545e-01
9.743424654006958008e-01 4.694528579711914062e-01
9.753510951995849609e-01 4.827170670032501221e-01
9.763597249984741211e-01 5.079398155212402344e-01
9.773683547973632812e-01 4.630909264087677002e-01
9.783769845962524414e-01 4.574230611324310303e-01
9.793856143951416016e-01 4.630786478519439697e-01
9.803943037986755371e-01 4.671409130096435547e-01
9.814029335975646973e-01 4.620059430599212646e-01
9.824115633964538574e-01 4.746479094028472900e-01
9.834201931953430176e-01 4.968680739402770996e-01
9.844288229942321777e-01 4.936197102069854736e-01
9.854374527931213379e-01 4.972137808799743652e-01
9.864460825920104980e-01 4.970404803752899170e-01
9.874547123908996582e-01 4.776458442211151123e-01
9.884633421897888184e-01 4.762930870056152344e-01
9.894719719886779785e-01 4.960205554962158203e-01
9.904806613922119141e-01 4.986232519149780273e-01
9.914892911911010742e-01 4.692938625812530518e-01
9.924979209899902344e-01 4.929319322109222412e-01
9.935065507888793945e-01 4.815967977046966553e-01
9.945151805877685547e-01 4.983588159084320068e-01
9.955238103866577148e-01 4.705333113670349121e-01
9.965324401855468750e-01 4.853155016899108887e-01
9.975410699844360352e-01 4.687192738056182861e-01
9.985496997833251953e-01 4.929367005825042725e-01
9.995583891868591309e-01 5.141741633415222168e-01
1.000566959381103516e+00 5.039588212966918945e-01
1.001575589179992676e+00 5.012254714965820312e-01
1.002584218978881836e+00 4.859538376331329346e-01
1.003592848777770996e+00 4.506769776344299316e-01
1.004601597785949707e+00 4.703794121742248535e-01
1.005610227584838867e+00 4.975619614124298096e-01
1.006618857383728027e+00 4.898121356964111328e-01
1.007627487182617188e+00 4.731217622756958008e-01
1.008636116981506348e+00 5.007653236389160156e-01
1.009644746780395508e+00 5.176870226860046387e-01
1.010653376579284668e+00 5.148304700851440430e-01
1.011662006378173828e+00 4.849009811878204346e-01
1.012670636177062988e+00 5.076183676719665527e-01
1.013679265975952148e+00 4.708362817764282227e-01
1.014687895774841309e+00 5.001941919326782227e-01
1.015696525573730469e+00 4.783570766448974609e-01
1.016705155372619629e+00 4.915447235107421875e-01
1.017713785171508789e+00 4.753214418888092041e-01
1.018722414970397949e+00 4.632952213287353516e-01
1.019731044769287109e+00 4.767608940601348877e-01
1.020739674568176270e+00 4.816319346427917480e-01
1.021748304367065430e+00 4.847025573253631592e-01
1.022756934165954590e+00 4.405806064605712891e-01
1.023765683174133301e+00 4.969660341739654541e-01
1.024774312973022461e+00 5.103030204772949219e-01
1.025782942771911621e+00 4.750755727291107178e-01
1.026791572570800781e+00 5.066505670547485352e-01
1.027800202369689941e+00 4.867232143878936768e-01
1.028808832168579102e+00 4.629732370376586914e-01
1.029817461967468262e+00 4.874307215213775635e-01
1.030826091766357422e+00 4.698256552219390869e-01
1.031834721565246582e+00 4.927249252796173096e-01
1.032843351364135742e+00 4.527532458305358887e-01
1.033851981163024902e+00 5.120801925659179688e-01
1.034860610961914062e+00 4.756421446800231934e-01
1.035869240760803223e+00 4.694266617298126221e-01
1.036877870559692383e+00 4.732252359390258789e-01
1.037886500358581543e+00 4.412774145603179932e-01
1.038895130157470703e+00 4.566614925861358643e-01
1.039903759956359863e+00 4.913658201694488525e-01
1.040912389755249023e+00 5.508503913879394531e-01
1.041921019554138184e+00 5.312781929969787598e-01
1.042929768562316895e+00 5.231329798698425293e-01
1.043938398361206055e+00 5.243242979049682617e-01
1.044947028160095215e+00 5.307164788246154785e-01
1.045955657958984375e+00 5.076647400856018066e-01
1.046964287757873535e+00 4.951293766498565674e-01
1.047972917556762695e+00 4.895223081111907959e-01
1.048981547355651855e+00 4.916215240955352783e-01
1.049990177154541016e+00 4.978764951229095459e-01
1.050998806953430176e+00 5.393344759941101074e-01
1.052007436752319336e+00 5.201597213745117188e-01
1.053016066551208496e+00 5.166630744934082031e-01
1.054024696350097656e+00 5.439344644546508789e-01
1.055033326148986816e+00 4.964275360107421875e-01
1.056041955947875977e+00 4.757764637470245361e-01
1.057050585746765137e+00 4.787774384021759033e-01
1.058059215545654297e+00 4.798260927200317383e-01
1.059067845344543457e+00 5.316166877746582031e-01
1.060076475143432617e+00 5.114614367485046387e-01
1.061085104942321777e+00 5.366778969764709473e-01
1.062093853950500488e+00 5.016613602638244629e-01
1.063102483749389648e+00 5.118578076362609863e-01
1.064111113548278809e+00 5.293391942977905273e-01
1.065119743347167969e+00 5.436572432518005371e-01
1.066128373146057129e+00 5.219272971153259277e-01
1.067137002944946289e+00 4.590271115303039551e-01
1.068145632743835449e+00 5.078353285789489746e-01
1.069154262542724609e+00 5.280027389526367188e-01
1.070162892341613770e+00 5.035228133201599121e-01
1.071171522140502930e+00 5.137429237365722656e-01
1.072180151939392090e+00 4.843688011169433594e-01
1.073188781738281250e+00 5.012913942337036133e-01
1.074197411537170410e+00 4.814645349979400635e-01
1.075206041336059570e+00 4.953612685203552246e-01
1.076214671134948730e+00 5.126415491104125977e-01
1.077223300933837891e+00 5.069821476936340332e-01
1.078231930732727051e+00 5.136607289314270020e-01
1.079240560531616211e+00 5.026570558547973633e-01
1.080249190330505371e+00 5.748902559280395508e-01
1.081257939338684082e+00 5.153642892837524414e-01
1.082266569137573242e+00 5.219600200653076172e-01
1.083275198936462402e+00 5.239782333374023438e-01
1.084283828735351562e+00 4.931403994560241699e-01
1.085292458534240723e+00 5.093566179275512695e-01
1.086301088333129883e+00 5.221599340438842773e-01
1.087309718132019043e+00 4.922296702861785889e-01
1.088318347930908203e+00 5.060581564903259277e-01
1.089326977729797363e+00 5.131668448448181152e-01
1.090335607528686523e+00 5.002130866050720215e-01
1.091344237327575684e+00 4.797324240207672119e-01
1.092352867126464844e+00 5.215320587158203125e-01
1.093361496925354004e+00 5.419933795928955078e-01
1.094370126724243164e+00 5.122423768043518066e-01
1.095378756523132324e+00 5.308815836906433105e-01
1.096387386322021484e+00 5.431780219078063965e-01
1.097396016120910645e+00 5.215017199516296387e-01
1.098404645919799805e+00 5.084642171859741211e-01
1.099413275718688965e+00 5.202367305755615234e-01
1.100422024726867676e+00 5.901700854301452637e-01
1.101430654525756836e+00 5.320240855216979980e-01
1.102439284324645996e+00 5.114396810531616211e-01
1.103447914123535156e+00 5.567675232887268066e-01
1.104456543922424316e+00 5.441219210624694824e-01
1.105465173721313477e+00 5.213977694511413574e-01
1.106473803520202637e+00 5.595865845680236816e-01
1.107482433319091797e+00 5.470175147056579590e-01
1.108491063117980957e+00 6.007830500602722168e-01
1.109499692916870117e+00 5.357805490493774414e-01
1.110508322715759277e+00 5.497435927391052246e-01
1.111516952514648438e+00 5.129087567329406738e-01
1.112525582313537598e+00 5.356488823890686035e-01
1.113534212112426758e+00 5.389769077301025391e-01
1.114542841911315918e+00 5.455591082572937012e-01
1.115551471710205078e+00 4.978619515895843506e-01
1.116560101509094238e+00 5.538116097450256348e-01
1.117568731307983398e+00 5.731282830238342285e-01
1.118577361106872559e+00 5.708950161933898926e-01
1.119586110115051270e+00 5.293018221855163574e-01
1.120594739913940430e+00 5.773692727088928223e-01
1.121603369712829590e+00 5.615956783294677734e-01
1.122611999511718750e+00 5.764889121055603027e-01
1.123620629310607910e+00 5.396416783332824707e-01
1.124629259109497070e+00 5.404546260833740234e-01
1.125637888908386230e+00 6.222751140594482422e-01
1.126646518707275391e+00 6.088072061538696289e-01
1.127655148506164551e+00 5.722633004188537598e-01
1.128663778305053711e+00 5.752673745155334473e-01
1.129672408103942871e+00 5.928466916084289551e-01
1.130681037902832031e+00 5.289944410324096680e-01
1.131689667701721191e+00 5.540032386779785156e-01
1.132698297500610352e+00 5.679081678390502930e-01
1.133706927299499512e+00 5.556919574737548828e-01
1.134715557098388672e+00 5.611401200294494629e-01
1.135724186897277832e+00 5.944268107414245605e-01
1.136732816696166992e+00 5.703045725822448730e-01
1.137741446495056152e+00 5.457045435905456543e-01
1.138750195503234863e+00 5.386535525321960449e-01
1.139758825302124023e+00 5.087559819221496582e-01
1.140767455101013184e+00 5.223255157470703125e-01
1.141776084899902344e+00 5.590658187866210938e-01
1.142784714698791504e+00 5.167137980461120605e-01
1.143793344497680664e+00 5.444222092628479004e-01
1.144801974296569824e+00 5.895891785621643066e-01
1.145810604095458984e+00 5.476534366607666016e-01
1.146819233894348145e+00 4.777715802192687988e-01
1.147827863693237305e+00 5.621147155761718750e-01
1.148836493492126465e+00 5.717961788177490234e-01
1.149845123291015625e+00 5.642594099044799805e-01
1.150853753089904785e+00 5.435766577720642090e-01
1.151862382888793945e+00 5.445658564567565918e-01
1.152871012687683105e+00 5.956185460090637207e-01
1.153879642486572266e+00 5.573264360427856445e-01
1.154888272285461426e+00 6.723405122756958008e-01
1.155896902084350586e+00 6.254023313522338867e-01
1.156905531883239746e+00 5.906051993370056152e-01
1.157914280891418457e+00 6.362509727478027344e-01
1.158922910690307617e+00 4.854542911052703857e-01
1.159931540489196777e+00 6.211539506912231445e-01
1.160940170288085938e+00 6.596034765243530273e-01
1.161948800086975098e+00 5.377218723297119141e-01
1.162957429885864258e+00 5.736849308013916016e-01
1.163966059684753418e+00 5.709399580955505371e-01
1.164974689483642578e+00 6.060824394226074219e-01
1.165983319282531738e+00 6.031818389892578125e-01
1.166991949081420898e+00 6.640675067901611328e-01
1.168000578880310059e+00 6.263903379440307617e-01
1.169009208679199219e+00 5.607224106788635254e-01
1.170017838478088379e+00 6.272140741348266602e-01
1.171026468276977539e+00 5.607751011848449707e-01
1.172035098075866699e+00 5.660060048103332520e-01
1.173043727874755859e+00 6.223171949386596680e-01
1.174052357673645020e+00 7.065127491950988770e-01
1.175060987472534180e+00 6.903076171875000000e-01
1.176069617271423340e+00 6.368170380592346191e-01
1.177078366279602051e+00 6.131671071052551270e-01
1.178086996078491211e+00 6.061155200004577637e-01
1.179095625877380371e+00 6.177872419357299805e-01
1.180104255676269531e+00 5.963557362556457520e-01
1.181112885475158691e+00 5.804957747459411621e-01
1.182121515274047852e+00 6.895418167114257812e-01
1.183130145072937012e+00 6.824672818183898926e-01
1.184138774871826172e+00 6.286797523498535156e-01
1.185147404670715332e+00 5.868328809738159180e-01
1.186156034469604492e+00 6.801975369453430176e-01
1.187164664268493652e+00 5.277236700057983398e-01
1.188173294067382812e+00 4.937495887279510498e-01
1.189181923866271973e+00 5.969851613044738770e-01
1.190190553665161133e+00 5.843399167060852051e-01
1.191199183464050293e+00 5.975552797317504883e-01
1.192207813262939453e+00 6.981264948844909668e-01
1.193216443061828613e+00 6.020351648330688477e-01
1.194225072860717773e+00 5.484665036201477051e-01
1.195233702659606934e+00 6.966390609741210938e-01
1.196242451667785645e+00 6.929562091827392578e-01
1.197251081466674805e+00 7.865086793899536133e-01
1.198259711265563965e+00 6.942042708396911621e-01
1.199268341064453125e+00 6.460332870483398438e-01
1.200276970863342285e+00 7.729616165161132812e-01
1.201285600662231445e+00 6.607807874679565430e-01
1.202294230461120605e+00 5.799419283866882324e-01
1.203302860260009766e+00 8.288213610649108887e-01
1.204311490058898926e+00 7.796576619148254395e-01
1.205320119857788086e+00 8.380120396614074707e-01
1.206328749656677246e+00 7.442223429679870605e-01
1.207337379455566406e+00 6.149452328681945801e-01
1.208346009254455566e+00 7.273139357566833496e-01
1.209354639053344727e+00 5.701335668563842773e-01
