0.000000000000000000e+00 6.841682128906250000e+03
1.008636085316538811e-03 4.764015625000000000e+03
2.017272170633077621e-03 3.067786865234375000e+03
3.025908255949616432e-03 2.332052246093750000e+03
4.034544341266155243e-03 1.781793212890625000e+03
5.043180659413337708e-03 1.380862915039062500e+03
6.051816511899232864e-03 1.101181152343750000e+03
7.060452364385128021e-03 8.819261474609375000e+02
8.069088682532310486e-03 7.104389648437500000e+02
9.077725000679492950e-03 5.850604248046875000e+02
1.008636131882667542e-02 4.985547790527343750e+02
1.109499670565128326e-02 4.147236633300781250e+02
1.210363302379846573e-02 3.452320556640625000e+02
1.311226934194564819e-02 2.943327941894531250e+02
1.412090472877025604e-02 2.548059082031250000e+02
1.512954104691743851e-02 2.192154693603515625e+02
1.613817736506462097e-02 1.914265289306640625e+02
1.714681275188922882e-02 1.690030670166015625e+02
1.815545000135898590e-02 1.486629180908203125e+02
1.916408538818359375e-02 1.305700225830078125e+02
2.017272263765335083e-02 1.164174118041992188e+02
2.118135802447795868e-02 1.042173004150390625e+02
2.218999341130256653e-02 9.358779907226562500e+01
2.319863066077232361e-02 8.428869628906250000e+01
2.420726604759693146e-02 7.618338012695312500e+01
2.521590143442153931e-02 6.891619110107421875e+01
2.622453868389129639e-02 6.316038131713867188e+01
2.723317407071590424e-02 5.706637954711914062e+01
2.824180945754051208e-02 5.225617980957031250e+01
2.925044670701026917e-02 4.795647048950195312e+01
3.025908209383487701e-02 4.441004562377929688e+01
3.126771748065948486e-02 4.109773254394531250e+01
3.227635473012924194e-02 3.835215759277343750e+01
3.328499197959899902e-02 3.554380416870117188e+01
3.429362550377845764e-02 3.295800018310546875e+01
3.530226275324821472e-02 3.077682876586914062e+01
3.631090000271797180e-02 2.873413467407226562e+01
3.731953352689743042e-02 2.664298248291015625e+01
3.832817077636718750e-02 2.464879798889160156e+01
3.933680802583694458e-02 2.331234550476074219e+01
4.034544527530670166e-02 2.182941246032714844e+01
4.135407879948616028e-02 2.056174850463867188e+01
4.236271604895591736e-02 1.951379013061523438e+01
4.337135329842567444e-02 1.837063217163085938e+01
4.437998682260513306e-02 1.739113807678222656e+01
4.538862407207489014e-02 1.628079986572265625e+01
4.639726132154464722e-02 1.551709651947021484e+01
4.740589484572410583e-02 1.445260620117187500e+01
4.841453209519386292e-02 1.387994289398193359e+01
4.942316934466362000e-02 1.315665817260742188e+01
5.043180286884307861e-02 1.232604503631591797e+01
5.144044011831283569e-02 1.187197208404541016e+01
5.244907736778259277e-02 1.122244358062744141e+01
5.345771089196205139e-02 1.056116199493408203e+01
5.446634814143180847e-02 1.009816169738769531e+01
5.547498539090156555e-02 9.584592819213867188e+00
5.648361891508102417e-02 9.220542907714843750e+00
5.749225616455078125e-02 8.722661018371582031e+00
5.850089341402053833e-02 8.369433403015136719e+00
5.950953066349029541e-02 7.962482929229736328e+00
6.051816418766975403e-02 7.507964134216308594e+00
6.152680143713951111e-02 7.221317768096923828e+00
6.253543496131896973e-02 6.957390308380126953e+00
6.354407221078872681e-02 6.692503452301025391e+00
6.455270946025848389e-02 6.458484172821044922e+00
6.556134670972824097e-02 6.053763389587402344e+00
6.656998395919799805e-02 5.889260768890380859e+00
6.757862120866775513e-02 5.699394702911376953e+00
6.858725100755691528e-02 5.596395492553710938e+00
6.959588825702667236e-02 5.365156650543212891e+00
7.060452550649642944e-02 5.203404426574707031e+00
7.161316275596618652e-02 5.082697868347167969e+00
7.262180000543594360e-02 4.801597595214843750e+00
7.363043725490570068e-02 4.665136337280273438e+00
7.463906705379486084e-02 4.552716732025146484e+00
7.564770430326461792e-02 4.519910812377929688e+00
7.665634155273437500e-02 4.343667030334472656e+00
7.766497880220413208e-02 4.175414085388183594e+00
7.867361605167388916e-02 4.067495346069335938e+00
7.968225330114364624e-02 4.044810771942138672e+00
8.069089055061340332e-02 3.915422439575195312e+00
8.169952034950256348e-02 3.873012304306030273e+00
8.270815759897232056e-02 3.700069665908813477e+00
8.371679484844207764e-02 3.650766134262084961e+00
8.472543209791183472e-02 3.618631362915039062e+00
8.573406934738159180e-02 3.495919466018676758e+00
8.674270659685134888e-02 3.389976978302001953e+00
8.775133639574050903e-02 3.340812683105468750e+00
8.875997364521026611e-02 3.297456741333007812e+00
8.976861089468002319e-02 3.254333257675170898e+00
9.077724814414978027e-02 3.222116470336914062e+00
9.178588539361953735e-02 3.070677280426025391e+00
9.279452264308929443e-02 3.040420293807983398e+00
9.380315244197845459e-02 2.943449974060058594e+00
9.481178969144821167e-02 2.899774789810180664e+00
9.582042694091796875e-02 2.906317234039306641e+00
9.682906419038772583e-02 2.874458551406860352e+00
9.783770143985748291e-02 2.814481735229492188e+00
9.884633868932723999e-02 2.742836236953735352e+00
9.985497593879699707e-02 2.748039245605468750e+00
1.008636057376861572e-01 2.644197463989257812e+00
1.018722429871559143e-01 2.616415977478027344e+00
1.028808802366256714e-01 2.536971092224121094e+00
1.038895174860954285e-01 2.571790695190429688e+00
1.048981547355651855e-01 2.470000505447387695e+00
1.059067919850349426e-01 2.437448024749755859e+00
1.069154217839241028e-01 2.408470869064331055e+00
1.079240590333938599e-01 2.365255355834960938e+00
1.089326962828636169e-01 2.371191740036010742e+00
1.099413335323333740e-01 2.366048097610473633e+00
1.109499707818031311e-01 2.356329441070556641e+00
1.119586080312728882e-01 2.320076465606689453e+00
1.129672378301620483e-01 2.262823343276977539e+00
1.139758750796318054e-01 2.276787996292114258e+00
1.149845123291015625e-01 2.227244138717651367e+00
1.159931495785713196e-01 2.177329778671264648e+00
1.170017868280410767e-01 2.194457054138183594e+00
1.180104240775108337e-01 2.162453889846801758e+00
1.190190613269805908e-01 2.142552375793457031e+00
1.200276911258697510e-01 2.169830322265625000e+00
1.210363283753395081e-01 2.072435379028320312e+00
1.220449656248092651e-01 2.096526622772216797e+00
1.230536028742790222e-01 2.091580629348754883e+00
1.240622401237487793e-01 2.100339412689208984e+00
1.250708699226379395e-01 2.022878170013427734e+00
1.260795146226882935e-01 2.042466163635253906e+00
1.270881444215774536e-01 2.016069889068603516e+00
1.280967891216278076e-01 2.000526905059814453e+00
1.291054189205169678e-01 1.965660929679870605e+00
1.301140487194061279e-01 1.990710854530334473e+00
1.311226934194564819e-01 2.004413843154907227e+00
1.321313232183456421e-01 1.991603732109069824e+00
1.331399679183959961e-01 2.000069379806518555e+00
1.341485977172851562e-01 1.952012181282043457e+00
1.351572424173355103e-01 1.935137867927551270e+00
1.361658722162246704e-01 1.911336541175842285e+00
1.371745020151138306e-01 1.910838365554809570e+00
1.381831467151641846e-01 1.923068046569824219e+00
1.391917765140533447e-01 1.885243892669677734e+00
1.402004212141036987e-01 1.826247215270996094e+00
1.412090510129928589e-01 1.816297411918640137e+00
1.422176808118820190e-01 1.798462748527526855e+00
1.432263255119323730e-01 1.826478838920593262e+00
1.442349553108215332e-01 1.780889511108398438e+00
1.452436000108718872e-01 1.713685750961303711e+00
1.462522298097610474e-01 1.711799740791320801e+00
1.472608745098114014e-01 1.700900673866271973e+00
1.482695043087005615e-01 1.722519993782043457e+00
1.492781341075897217e-01 1.647606253623962402e+00
1.502867788076400757e-01 1.675896525382995605e+00
1.512954086065292358e-01 1.672224044799804688e+00
1.523040533065795898e-01 1.666525721549987793e+00
1.533126831054687500e-01 1.603205204010009766e+00
1.543213278055191040e-01 1.632403254508972168e+00
1.553299576044082642e-01 1.605491995811462402e+00
1.563385874032974243e-01 1.593528151512145996e+00
1.573472321033477783e-01 1.573252797126770020e+00
1.583558619022369385e-01 1.588243722915649414e+00
1.593645066022872925e-01 1.572832703590393066e+00
1.603731364011764526e-01 1.565639257431030273e+00
1.613817811012268066e-01 1.520463824272155762e+00
1.623904109001159668e-01 1.515219330787658691e+00
1.633990406990051270e-01 1.532002568244934082e+00
1.644076853990554810e-01 1.485168576240539551e+00
1.654163151979446411e-01 1.560430526733398438e+00
1.664249598979949951e-01 1.558994293212890625e+00
1.674335896968841553e-01 1.574913263320922852e+00
1.684422194957733154e-01 1.536120653152465820e+00
1.694508641958236694e-01 1.562548995018005371e+00
1.704594939947128296e-01 1.535304188728332520e+00
1.714681386947631836e-01 1.519645810127258301e+00
1.724767684936523438e-01 1.523763298988342285e+00
1.734854131937026978e-01 1.522250890731811523e+00
1.744940429925918579e-01 1.544453620910644531e+00
1.755026727914810181e-01 1.526339769363403320e+00
1.765113174915313721e-01 1.531154870986938477e+00
1.775199472904205322e-01 1.550630927085876465e+00
1.785285919904708862e-01 1.486348390579223633e+00
1.795372217893600464e-01 1.503367543220520020e+00
1.805458664894104004e-01 1.523346304893493652e+00
1.815544962882995605e-01 1.505330562591552734e+00
1.825631260871887207e-01 1.501885890960693359e+00
1.835717707872390747e-01 1.497032284736633301e+00
1.845804005861282349e-01 1.480967998504638672e+00
1.855890452861785889e-01 1.457319259643554688e+00
1.865976750850677490e-01 1.488132953643798828e+00
1.876063048839569092e-01 1.515567421913146973e+00
1.886149495840072632e-01 1.498908877372741699e+00
1.896235793828964233e-01 1.450820088386535645e+00
1.906322240829467773e-01 1.457312941551208496e+00
1.916408538818359375e-01 1.486306428909301758e+00
1.926494985818862915e-01 1.469925880432128906e+00
1.936581283807754517e-01 1.433309793472290039e+00
1.946667581796646118e-01 1.433566331863403320e+00
1.956754028797149658e-01 1.439467072486877441e+00
1.966840326786041260e-01 1.464784383773803711e+00
1.976926773786544800e-01 1.418636798858642578e+00
1.987013071775436401e-01 1.469077229499816895e+00
1.997099518775939941e-01 1.442539691925048828e+00
2.007185816764831543e-01 1.467509984970092773e+00
2.017272114753723145e-01 1.422065854072570801e+00
2.027358561754226685e-01 1.426014542579650879e+00
2.037444859743118286e-01 1.444313049316406250e+00
2.047531306743621826e-01 1.440208792686462402e+00
2.057617604732513428e-01 1.430786132812500000e+00
2.067703902721405029e-01 1.436037421226501465e+00
2.077790349721908569e-01 1.419269561767578125e+00
2.087876647710800171e-01 1.425377964973449707e+00
2.097963094711303711e-01 1.395905733108520508e+00
2.108049392700195312e-01 1.376734614372253418e+00
2.118135839700698853e-01 1.391185879707336426e+00
2.128222137689590454e-01 1.411860346794128418e+00
2.138308435678482056e-01 1.396781325340270996e+00
2.148394882678985596e-01 1.399892330169677734e+00
2.158481180667877197e-01 1.332428574562072754e+00
2.168567627668380737e-01 1.373988151550292969e+00
2.178653925657272339e-01 1.383353471755981445e+00
2.188740372657775879e-01 1.350814819335937500e+00
2.198826670646667480e-01 1.397107958793640137e+00
2.208912968635559082e-01 1.330819606781005859e+00
2.218999415636062622e-01 1.346705436706542969e+00
2.229085713624954224e-01 1.335233926773071289e+00
2.239172160625457764e-01 1.337431788444519043e+00
2.249258458614349365e-01 1.320816397666931152e+00
2.259344756603240967e-01 1.320879101753234863e+00
2.269431203603744507e-01 1.325228333473205566e+00
2.279517501592636108e-01 1.339093089103698730e+00
2.289603948593139648e-01 1.324989914894104004e+00
2.299690246582031250e-01 1.314672470092773438e+00
2.309776693582534790e-01 1.329194784164428711e+00
2.319862991571426392e-01 1.326786637306213379e+00
2.329949289560317993e-01 1.299537897109985352e+00
2.340035736560821533e-01 1.319567799568176270e+00
2.350122034549713135e-01 1.269788265228271484e+00
2.360208481550216675e-01 1.275028228759765625e+00
2.370294779539108276e-01 1.270007729530334473e+00
2.380381226539611816e-01 1.289945483207702637e+00
2.390467524528503418e-01 1.295810818672180176e+00
2.400553822517395020e-01 1.307261705398559570e+00
2.410640269517898560e-01 1.294058918952941895e+00
2.420726567506790161e-01 1.307504177093505859e+00
2.430813014507293701e-01 1.406024575233459473e+00
2.440899312496185303e-01 1.255114316940307617e+00
2.450985759496688843e-01 1.272951126098632812e+00
2.461072057485580444e-01 1.279029726982116699e+00
2.471158355474472046e-01 1.234888553619384766e+00
2.481244802474975586e-01 1.266216516494750977e+00
2.491331100463867188e-01 1.253263831138610840e+00
2.501417398452758789e-01 1.246576428413391113e+00
2.511503994464874268e-01 1.235268235206604004e+00
2.521590292453765869e-01 1.251136302947998047e+00
2.531676590442657471e-01 1.227404713630676270e+00
2.541762888431549072e-01 1.222189664840698242e+00
2.551849186420440674e-01 1.231504201889038086e+00
2.561935782432556152e-01 1.221543669700622559e+00
2.572022080421447754e-01 1.250158548355102539e+00
2.582108378410339355e-01 1.251164913177490234e+00
2.592194676399230957e-01 1.243751287460327148e+00
2.602280974388122559e-01 1.202670931816101074e+00
2.612367570400238037e-01 1.220546007156372070e+00
2.622453868389129639e-01 1.221372127532958984e+00
2.632540166378021240e-01 1.209644556045532227e+00
2.642626464366912842e-01 1.200611352920532227e+00
2.652712762355804443e-01 1.214177012443542480e+00
2.662799358367919922e-01 1.188950896263122559e+00
2.672885656356811523e-01 1.188109278678894043e+00
2.682971954345703125e-01 1.212426185607910156e+00
2.693058252334594727e-01 1.220167398452758789e+00
2.703144848346710205e-01 1.228900194168090820e+00
2.713231146335601807e-01 1.217726707458496094e+00
2.723317444324493408e-01 1.194255709648132324e+00
2.733403742313385010e-01 1.191596150398254395e+00
2.743490040302276611e-01 1.179324746131896973e+00
2.753576636314392090e-01 1.165469408035278320e+00
2.763662934303283691e-01 1.195553183555603027e+00
2.773749232292175293e-01 1.212073802947998047e+00
2.783835530281066895e-01 1.184963941574096680e+00
2.793921828269958496e-01 1.175631403923034668e+00
2.804008424282073975e-01 1.177142620086669922e+00
2.814094722270965576e-01 1.189128518104553223e+00
2.824181020259857178e-01 1.170745849609375000e+00
2.834267318248748779e-01 1.193438172340393066e+00
2.844353616237640381e-01 1.192448854446411133e+00
2.854440212249755859e-01 1.199623107910156250e+00
2.864526510238647461e-01 1.170608043670654297e+00
2.874612808227539062e-01 1.199195504188537598e+00
2.884699106216430664e-01 1.200751423835754395e+00
2.894785702228546143e-01 1.186175942420959473e+00
2.904872000217437744e-01 1.175737977027893066e+00
2.914958298206329346e-01 1.185678601264953613e+00
2.925044596195220947e-01 1.170661211013793945e+00
2.935130894184112549e-01 1.153107047080993652e+00
2.945217490196228027e-01 1.168849706649780273e+00
2.955303788185119629e-01 1.171518087387084961e+00
2.965390086174011230e-01 1.173197031021118164e+00
2.975476384162902832e-01 1.179646611213684082e+00
2.985562682151794434e-01 1.162608027458190918e+00
2.995649278163909912e-01 1.145858883857727051e+00
3.005735576152801514e-01 1.147613406181335449e+00
3.015821874141693115e-01 1.135086536407470703e+00
3.025908172130584717e-01 1.132923603057861328e+00
3.035994470119476318e-01 1.138646841049194336e+00
3.046081066131591797e-01 1.152876019477844238e+00
3.056167364120483398e-01 1.153020262718200684e+00
3.066253662109375000e-01 1.182212233543395996e+00
3.076339960098266602e-01 1.161184549331665039e+00
3.086426556110382080e-01 1.159704566001892090e+00
3.096512854099273682e-01 1.158614277839660645e+00
3.106599152088165283e-01 1.140709042549133301e+00
3.116685450077056885e-01 1.169592380523681641e+00
3.126771748065948486e-01 1.133247733116149902e+00
3.136858344078063965e-01 1.160770654678344727e+00
3.146944642066955566e-01 1.125488758087158203e+00
3.157030940055847168e-01 1.131385326385498047e+00
3.167117238044738770e-01 1.114448189735412598e+00
3.177203536033630371e-01 1.154449820518493652e+00
3.187290132045745850e-01 1.165334582328796387e+00
3.197376430034637451e-01 1.131122112274169922e+00
3.207462728023529053e-01 1.108406186103820801e+00
3.217549026012420654e-01 1.141501903533935547e+00
3.227635622024536133e-01 1.110255837440490723e+00
3.237721920013427734e-01 1.136392235755920410e+00
3.247808218002319336e-01 1.117827296257019043e+00
3.257894515991210938e-01 1.143432497978210449e+00
3.267980813980102539e-01 1.147892951965332031e+00
3.278067409992218018e-01 1.136533498764038086e+00
3.288153707981109619e-01 1.105505347251892090e+00
3.298240005970001221e-01 1.102285623550415039e+00
3.308326303958892822e-01 1.122610449790954590e+00
3.318412601947784424e-01 1.123335123062133789e+00
3.328499197959899902e-01 1.114019513130187988e+00
3.338585495948791504e-01 1.108958601951599121e+00
3.348671793937683105e-01 1.131699204444885254e+00
3.358758091926574707e-01 1.111619353294372559e+00
3.368844389915466309e-01 1.119382619857788086e+00
3.378930985927581787e-01 1.113259077072143555e+00
3.389017283916473389e-01 1.086315393447875977e+00
3.399103581905364990e-01 1.100038290023803711e+00
3.409189879894256592e-01 1.116768836975097656e+00
3.419276475906372070e-01 1.128391742706298828e+00
3.429362773895263672e-01 1.122572660446166992e+00
3.439449071884155273e-01 1.121250867843627930e+00
3.449535369873046875e-01 1.116749405860900879e+00
3.459621667861938477e-01 1.099396347999572754e+00
3.469708263874053955e-01 1.111483097076416016e+00
3.479794561862945557e-01 1.148850798606872559e+00
3.489880859851837158e-01 1.124084711074829102e+00
3.499967157840728760e-01 1.132871747016906738e+00
3.510053455829620361e-01 1.137078404426574707e+00
3.520140051841735840e-01 1.111600160598754883e+00
3.530226349830627441e-01 1.114425182342529297e+00
3.540312647819519043e-01 1.092730164527893066e+00
3.550398945808410645e-01 1.100778222084045410e+00
3.560485243797302246e-01 1.103701233863830566e+00
3.570571839809417725e-01 1.119897365570068359e+00
3.580658137798309326e-01 1.111204028129577637e+00
3.590744435787200928e-01 1.091705083847045898e+00
3.600830733776092529e-01 1.113429069519042969e+00
3.610917329788208008e-01 1.127737879753112793e+00
3.621003627777099609e-01 1.093269109725952148e+00
3.631089925765991211e-01 1.117189168930053711e+00
3.641176223754882812e-01 1.089274764060974121e+00
3.651262521743774414e-01 1.110107898712158203e+00
3.661349117755889893e-01 1.090516090393066406e+00
3.671435415744781494e-01 1.101285219192504883e+00
3.681521713733673096e-01 1.083815217018127441e+00
3.691608011722564697e-01 1.102763175964355469e+00
3.701694309711456299e-01 1.097563624382019043e+00
3.711780905723571777e-01 1.102766513824462891e+00
3.721867203712463379e-01 1.114145994186401367e+00
3.731953501701354980e-01 1.097905755043029785e+00
3.742039799690246582e-01 1.093229174613952637e+00
3.752126097679138184e-01 1.122534513473510742e+00
3.762212693691253662e-01 1.087426900863647461e+00
3.772298991680145264e-01 1.121935963630676270e+00
3.782385289669036865e-01 1.088075041770935059e+00
3.792471587657928467e-01 1.071216344833374023e+00
3.802558183670043945e-01 1.099873185157775879e+00
3.812644481658935547e-01 1.113580346107482910e+00
3.822730779647827148e-01 1.098894953727722168e+00
3.832817077636718750e-01 1.116032242774963379e+00
3.842903375625610352e-01 1.104927301406860352e+00
3.852989971637725830e-01 1.076750874519348145e+00
3.863076269626617432e-01 1.084937930107116699e+00
3.873162567615509033e-01 1.090195059776306152e+00
3.883248865604400635e-01 1.080119729042053223e+00
3.893335163593292236e-01 1.081425428390502930e+00
3.903421759605407715e-01 1.084414362907409668e+00
3.913508057594299316e-01 1.078535079956054688e+00
3.923594355583190918e-01 1.094766020774841309e+00
3.933680653572082520e-01 1.087105274200439453e+00
3.943766951560974121e-01 1.080310940742492676e+00
3.953853547573089600e-01 1.084128260612487793e+00
3.963939845561981201e-01 1.100357413291931152e+00
3.974026143550872803e-01 1.094782948493957520e+00
3.984112441539764404e-01 1.106754779815673828e+00
3.994199037551879883e-01 1.067503809928894043e+00
4.004285335540771484e-01 1.077678203582763672e+00
4.014371633529663086e-01 1.052419781684875488e+00
4.024457931518554688e-01 1.073842406272888184e+00
4.034544229507446289e-01 1.090928316116333008e+00
4.044630825519561768e-01 1.100947260856628418e+00
4.054717123508453369e-01 1.099036455154418945e+00
4.064803421497344971e-01 1.077045083045959473e+00
4.074889719486236572e-01 1.058713793754577637e+00
4.084976017475128174e-01 1.068030714988708496e+00
4.095062613487243652e-01 1.093197345733642578e+00
4.105148911476135254e-01 1.072052359580993652e+00
4.115235209465026855e-01 1.080342650413513184e+00
4.125321507453918457e-01 1.074524760246276855e+00
4.135407805442810059e-01 1.053398132324218750e+00
4.145494401454925537e-01 1.048829793930053711e+00
4.155580699443817139e-01 1.052312731742858887e+00
4.165666997432708740e-01 1.076009392738342285e+00
4.175753295421600342e-01 1.073759198188781738e+00
4.185839891433715820e-01 1.066872477531433105e+00
4.195926189422607422e-01 1.070840716361999512e+00
4.206012487411499023e-01 1.076901555061340332e+00
4.216098785400390625e-01 1.070153236389160156e+00
4.226185083389282227e-01 1.074745535850524902e+00
4.236271679401397705e-01 1.083109736442565918e+00
4.246357977390289307e-01 1.058858156204223633e+00
4.256444275379180908e-01 1.079850673675537109e+00
4.266530573368072510e-01 1.076504349708557129e+00
4.276616871356964111e-01 1.073544263839721680e+00
4.286703467369079590e-01 1.070828795433044434e+00
4.296789765357971191e-01 1.058924317359924316e+00
4.306876063346862793e-01 1.065284848213195801e+00
4.316962361335754395e-01 1.051304459571838379e+00
4.327048659324645996e-01 1.036598443984985352e+00
4.337135255336761475e-01 1.064113259315490723e+00
4.347221553325653076e-01 1.073540449142456055e+00
4.357307851314544678e-01 1.085120677947998047e+00
4.367394149303436279e-01 1.055440664291381836e+00
4.377480745315551758e-01 1.061954736709594727e+00
4.387567043304443359e-01 1.056699514389038086e+00
4.397653341293334961e-01 1.048366189002990723e+00
4.407739639282226562e-01 1.041898488998413086e+00
4.417825937271118164e-01 1.055091023445129395e+00
4.427912533283233643e-01 1.058458328247070312e+00
4.437998831272125244e-01 1.050237655639648438e+00
4.448085129261016846e-01 1.072345614433288574e+00
4.458171427249908447e-01 1.066019535064697266e+00
4.468257725238800049e-01 1.053490877151489258e+00
4.478344321250915527e-01 1.051450133323669434e+00
4.488430619239807129e-01 1.056035041809082031e+00
4.498516917228698730e-01 1.073769688606262207e+00
4.508603215217590332e-01 1.056007623672485352e+00
4.518689513206481934e-01 1.048442363739013672e+00
4.528776109218597412e-01 1.049381971359252930e+00
4.538862407207489014e-01 1.048834919929504395e+00
4.548948705196380615e-01 1.047307729721069336e+00
4.559035003185272217e-01 1.047856092453002930e+00
4.569121599197387695e-01 1.044859766960144043e+00
4.579207897186279297e-01 1.047297239303588867e+00
4.589294195175170898e-01 1.062146544456481934e+00
4.599380493164062500e-01 1.051947116851806641e+00
4.609466791152954102e-01 1.053975462913513184e+00
4.619553387165069580e-01 1.051092863082885742e+00
4.629639685153961182e-01 1.038376688957214355e+00
4.639725983142852783e-01 1.032377362251281738e+00
4.649812281131744385e-01 1.042825460433959961e+00
4.659898579120635986e-01 1.029227495193481445e+00
4.669985175132751465e-01 1.052013397216796875e+00
4.680071473121643066e-01 1.055073857307434082e+00
4.690157771110534668e-01 1.024813890457153320e+00
4.700244069099426270e-01 1.038253903388977051e+00
4.710330665111541748e-01 1.045127511024475098e+00
4.720416963100433350e-01 1.044990897178649902e+00
4.730503261089324951e-01 1.050157785415649414e+00
4.740589559078216553e-01 1.036988377571105957e+00
4.750675857067108154e-01 1.059808611869812012e+00
4.760762453079223633e-01 1.028384804725646973e+00
4.770848751068115234e-01 1.038529753684997559e+00
4.780935049057006836e-01 1.033271312713623047e+00
4.791021347045898438e-01 1.017838001251220703e+00
4.801107645034790039e-01 1.029856681823730469e+00
4.811194241046905518e-01 1.035844326019287109e+00
4.821280539035797119e-01 1.022488951683044434e+00
4.831366837024688721e-01 1.048604369163513184e+00
4.841453135013580322e-01 1.031463623046875000e+00
4.851539433002471924e-01 1.020410060882568359e+00
4.861626029014587402e-01 1.027277946472167969e+00
4.871712327003479004e-01 1.039466977119445801e+00
4.881798624992370605e-01 1.040821909904479980e+00
4.891884922981262207e-01 1.033254623413085938e+00
4.901971518993377686e-01 1.017624616622924805e+00
4.912057816982269287e-01 1.010142564773559570e+00
4.922144114971160889e-01 1.023081779479980469e+00
4.932230412960052490e-01 1.012372493743896484e+00
4.942316710948944092e-01 1.017090320587158203e+00
4.952403306961059570e-01 1.019911408424377441e+00
4.962489604949951172e-01 1.009122967720031738e+00
4.972575902938842773e-01 1.018433094024658203e+00
4.982662200927734375e-01 1.040993690490722656e+00
4.992748498916625977e-01 1.032587051391601562e+00
5.002834796905517578e-01 1.014196872711181641e+00
5.012921094894409180e-01 1.009425520896911621e+00
5.023007988929748535e-01 1.009498476982116699e+00
5.033094286918640137e-01 1.018033504486083984e+00
5.043180584907531738e-01 1.064715266227722168e+00
5.053266882896423340e-01 1.055012345314025879e+00
5.063353180885314941e-01 1.022746086120605469e+00
5.073439478874206543e-01 1.006652712821960449e+00
5.083525776863098145e-01 1.002491474151611328e+00
5.093612074851989746e-01 9.810876846313476562e-01
5.103698372840881348e-01 9.880374073982238770e-01
5.113784670829772949e-01 1.000789761543273926e+00
5.123871564865112305e-01 1.005840659141540527e+00
5.133957862854003906e-01 1.003800630569458008e+00
5.144044160842895508e-01 9.896470904350280762e-01
5.154130458831787109e-01 9.941501021385192871e-01
5.164216756820678711e-01 9.951095581054687500e-01
5.174303054809570312e-01 1.008969545364379883e+00
5.184389352798461914e-01 9.959827065467834473e-01
5.194475650787353516e-01 9.913125634193420410e-01
5.204561948776245117e-01 9.734863638877868652e-01
5.214648842811584473e-01 9.796435236930847168e-01
5.224735140800476074e-01 9.868237376213073730e-01
5.234821438789367676e-01 1.003248214721679688e+00
5.244907736778259277e-01 1.006146550178527832e+00
5.254994034767150879e-01 9.884052276611328125e-01
5.265080332756042480e-01 9.767296314239501953e-01
5.275166630744934082e-01 9.915329813957214355e-01
5.285252928733825684e-01 9.929348230361938477e-01
5.295339226722717285e-01 9.789947271347045898e-01
5.305425524711608887e-01 9.834474921226501465e-01
5.315512418746948242e-01 9.776161313056945801e-01
5.325598716735839844e-01 9.978153109550476074e-01
5.335685014724731445e-01 9.679101705551147461e-01
5.345771312713623047e-01 9.758879542350769043e-01
5.355857610702514648e-01 9.821026325225830078e-01
5.365943908691406250e-01 9.715813994407653809e-01
5.376030206680297852e-01 9.958854913711547852e-01
5.386116504669189453e-01 9.891490936279296875e-01
5.396202802658081055e-01 9.496493339538574219e-01
5.406289696693420410e-01 9.838770031929016113e-01
5.416375994682312012e-01 9.772234559059143066e-01
5.426462292671203613e-01 9.972582459449768066e-01
5.436548590660095215e-01 9.817084074020385742e-01
5.446634888648986816e-01 9.674316644668579102e-01
5.456721186637878418e-01 9.780090451240539551e-01
5.466807484626770020e-01 9.738071560859680176e-01
5.476893782615661621e-01 9.739137291908264160e-01
5.486980080604553223e-01 9.729969501495361328e-01
5.497066378593444824e-01 9.749885201454162598e-01
5.507153272628784180e-01 9.787959456443786621e-01
5.517239570617675781e-01 9.812839031219482422e-01
5.527325868606567383e-01 9.867191314697265625e-01
5.537412166595458984e-01 9.875814914703369141e-01
5.547498464584350586e-01 9.922910332679748535e-01
5.557584762573242188e-01 9.837293624877929688e-01
5.567671060562133789e-01 9.958231449127197266e-01
5.577757358551025391e-01 9.781318902969360352e-01
5.587843656539916992e-01 9.899908304214477539e-01
5.597930550575256348e-01 9.819308519363403320e-01
5.608016848564147949e-01 9.726975560188293457e-01
5.618103146553039551e-01 9.918989539146423340e-01
5.628189444541931152e-01 9.842157959938049316e-01
5.638275742530822754e-01 9.801836013793945312e-01
5.648362040519714355e-01 9.655429124832153320e-01
5.658448338508605957e-01 9.753428697586059570e-01
5.668534636497497559e-01 9.978767633438110352e-01
5.678620934486389160e-01 9.724937677383422852e-01
5.688707232475280762e-01 1.001203656196594238e+00
5.698794126510620117e-01 9.988949894905090332e-01
5.708880424499511719e-01 9.826653599739074707e-01
5.718966722488403320e-01 9.702746868133544922e-01
5.729053020477294922e-01 9.799348115921020508e-01
5.739139318466186523e-01 9.778838753700256348e-01
5.749225616455078125e-01 9.999688863754272461e-01
5.759311914443969727e-01 9.847312569618225098e-01
5.769398212432861328e-01 9.649436473846435547e-01
5.779484510421752930e-01 9.651991128921508789e-01
5.789571404457092285e-01 9.820966720581054688e-01
5.799657702445983887e-01 1.001761078834533691e+00
5.809744000434875488e-01 9.874426722526550293e-01
5.819830298423767090e-01 9.851254820823669434e-01
5.829916596412658691e-01 1.001148700714111328e+00
5.840002894401550293e-01 9.849733710289001465e-01
5.850089192390441895e-01 9.553492069244384766e-01
5.860175490379333496e-01 9.779906272888183594e-01
5.870261788368225098e-01 9.715912342071533203e-01
5.880348086357116699e-01 9.977736473083496094e-01
5.890434980392456055e-01 9.818605780601501465e-01
5.900521278381347656e-01 9.649227261543273926e-01
5.910607576370239258e-01 9.740582704544067383e-01
5.920693874359130859e-01 9.655611515045166016e-01
5.930780172348022461e-01 9.757730364799499512e-01
5.940866470336914062e-01 9.887472391128540039e-01
5.950952768325805664e-01 9.764314293861389160e-01
5.961039066314697266e-01 9.740100502967834473e-01
5.971125364303588867e-01 9.757753610610961914e-01
5.981212258338928223e-01 9.652901291847229004e-01
5.991298556327819824e-01 9.826087355613708496e-01
6.001384854316711426e-01 9.623633623123168945e-01
6.011471152305603027e-01 9.727168679237365723e-01
6.021557450294494629e-01 9.580542445182800293e-01
6.031643748283386230e-01 9.824963212013244629e-01
6.041730046272277832e-01 9.844306707382202148e-01
6.051816344261169434e-01 9.545854926109313965e-01
6.061902642250061035e-01 9.651309847831726074e-01
6.071988940238952637e-01 9.936457276344299316e-01
6.082075834274291992e-01 9.698756933212280273e-01
6.092162132263183594e-01 9.501146078109741211e-01
6.102248430252075195e-01 9.797993898391723633e-01
6.112334728240966797e-01 9.686331152915954590e-01
6.122421026229858398e-01 9.742907285690307617e-01
6.132507324218750000e-01 9.531108140945434570e-01
6.142593622207641602e-01 9.684624671936035156e-01
6.152679920196533203e-01 9.822388887405395508e-01
6.162766218185424805e-01 9.771183133125305176e-01
6.172853112220764160e-01 9.910198450088500977e-01
6.182939410209655762e-01 9.688054919242858887e-01
6.193025708198547363e-01 9.736381769180297852e-01
6.203112006187438965e-01 9.767048358917236328e-01
6.213198304176330566e-01 9.774792194366455078e-01
6.223284602165222168e-01 9.688076972961425781e-01
6.233370900154113770e-01 9.755482077598571777e-01
6.243457198143005371e-01 9.952840209007263184e-01
6.253543496131896973e-01 9.988458156585693359e-01
6.263629794120788574e-01 9.667566418647766113e-01
6.273716688156127930e-01 9.698667526245117188e-01
6.283802986145019531e-01 9.765716791152954102e-01
6.293889284133911133e-01 9.785548448562622070e-01
6.303975582122802734e-01 9.718986153602600098e-01
6.314061880111694336e-01 9.549572467803955078e-01
6.324148178100585938e-01 9.735841751098632812e-01
6.334234476089477539e-01 9.573460817337036133e-01
6.344320774078369141e-01 9.568806886672973633e-01
6.354407072067260742e-01 9.735868573188781738e-01
6.364493966102600098e-01 9.648802876472473145e-01
6.374580264091491699e-01 9.841635227203369141e-01
6.384666562080383301e-01 9.641126990318298340e-01
6.394752860069274902e-01 9.605394601821899414e-01
6.404839158058166504e-01 9.374575614929199219e-01
6.414925456047058105e-01 9.551287293434143066e-01
6.425011754035949707e-01 1.014513134956359863e+00
6.435098052024841309e-01 9.735807776451110840e-01
6.445184350013732910e-01 9.622306823730468750e-01
6.455271244049072266e-01 9.586749076843261719e-01
6.465357542037963867e-01 9.585359692573547363e-01
6.475443840026855469e-01 9.659757018089294434e-01
6.485530138015747070e-01 9.572570919990539551e-01
6.495616436004638672e-01 9.731757044792175293e-01
6.505702733993530273e-01 9.630673527717590332e-01
6.515789031982421875e-01 9.553044438362121582e-01
6.525875329971313477e-01 9.794466495513916016e-01
6.535961627960205078e-01 9.782325625419616699e-01
6.546047925949096680e-01 9.746361374855041504e-01
6.556134819984436035e-01 9.817297458648681641e-01
6.566221117973327637e-01 9.737963080406188965e-01
6.576307415962219238e-01 9.740915298461914062e-01
6.586393713951110840e-01 9.713297486305236816e-01
6.596480011940002441e-01 9.640164971351623535e-01
6.606566309928894043e-01 9.565036892890930176e-01
6.616652607917785645e-01 9.678488373756408691e-01
6.626738905906677246e-01 9.539242386817932129e-01
6.636825203895568848e-01 9.538593888282775879e-01
6.646912097930908203e-01 9.509719610214233398e-01
6.656998395919799805e-01 9.620147943496704102e-01
6.667084693908691406e-01 9.670029878616333008e-01
6.677170991897583008e-01 9.604778289794921875e-01
6.687257289886474609e-01 9.607306718826293945e-01
6.697343587875366211e-01 9.654591679573059082e-01
6.707429885864257812e-01 9.722540974617004395e-01
6.717516183853149414e-01 9.494858384132385254e-01
6.727602481842041016e-01 9.665513038635253906e-01
6.737688779830932617e-01 9.632646441459655762e-01
6.747775673866271973e-01 9.518083333969116211e-01
6.757861971855163574e-01 9.545276165008544922e-01
6.767948269844055176e-01 9.688404202461242676e-01
6.778034567832946777e-01 9.729809165000915527e-01
6.788120865821838379e-01 9.771757721900939941e-01
6.798207163810729980e-01 9.516270756721496582e-01
6.808293461799621582e-01 9.688324928283691406e-01
6.818379759788513184e-01 9.666460156440734863e-01
6.828466057777404785e-01 9.683266282081604004e-01
6.838552951812744141e-01 9.895688891410827637e-01
6.848639249801635742e-01 9.671361446380615234e-01
6.858725547790527344e-01 9.658585190773010254e-01
6.868811845779418945e-01 9.696820378303527832e-01
6.878898143768310547e-01 9.206603169441223145e-01
6.888984441757202148e-01 9.477581381797790527e-01
6.899070739746093750e-01 9.577155113220214844e-01
6.909157037734985352e-01 9.547976851463317871e-01
6.919243335723876953e-01 9.634770750999450684e-01
6.929329633712768555e-01 9.660905599594116211e-01
6.939416527748107910e-01 9.556503295898437500e-01
6.949502825736999512e-01 9.438127875328063965e-01
6.959589123725891113e-01 9.735718965530395508e-01
6.969675421714782715e-01 9.716998934745788574e-01
6.979761719703674316e-01 9.430066347122192383e-01
6.989848017692565918e-01 9.477394819259643555e-01
6.999934315681457520e-01 9.799315929412841797e-01
7.010020613670349121e-01 9.708122611045837402e-01
7.020106911659240723e-01 9.425784945487976074e-01
7.030193805694580078e-01 9.462137222290039062e-01
7.040280103683471680e-01 9.710375070571899414e-01
7.050366401672363281e-01 9.348176121711730957e-01
7.060452699661254883e-01 9.551878571510314941e-01
7.070538997650146484e-01 9.767455458641052246e-01
7.080625295639038086e-01 9.896335005760192871e-01
7.090711593627929688e-01 9.416686296463012695e-01
7.100797891616821289e-01 9.593725204467773438e-01
7.110884189605712891e-01 9.686379432678222656e-01
7.120970487594604492e-01 9.813044667243957520e-01
7.131057381629943848e-01 9.847880005836486816e-01
7.141143679618835449e-01 9.710457921028137207e-01
7.151229977607727051e-01 9.622868895530700684e-01
7.161316275596618652e-01 9.946608543395996094e-01
7.171402573585510254e-01 9.674800634384155273e-01
7.181488871574401855e-01 9.698724150657653809e-01
7.191575169563293457e-01 9.519284963607788086e-01
7.201661467552185059e-01 9.661679863929748535e-01
7.211747765541076660e-01 9.706797003746032715e-01
7.221834659576416016e-01 9.712788462638854980e-01
7.231920957565307617e-01 9.598037600517272949e-01
7.242007255554199219e-01 9.710823297500610352e-01
7.252093553543090820e-01 9.969455003738403320e-01
7.262179851531982422e-01 9.591555595397949219e-01
7.272266149520874023e-01 9.713726639747619629e-01
7.282352447509765625e-01 9.744004607200622559e-01
7.292438745498657227e-01 9.760188460350036621e-01
7.302525043487548828e-01 9.619479179382324219e-01
7.312611341476440430e-01 9.598820209503173828e-01
7.322698235511779785e-01 9.629784226417541504e-01
7.332784533500671387e-01 9.827001094818115234e-01
7.342870831489562988e-01 9.802007675170898438e-01
7.352957129478454590e-01 9.684432148933410645e-01
7.363043427467346191e-01 9.616098403930664062e-01
7.373129725456237793e-01 9.667138457298278809e-01
7.383216023445129395e-01 9.861069321632385254e-01
7.393302321434020996e-01 9.873482584953308105e-01
7.403388619422912598e-01 9.812095165252685547e-01
7.413475513458251953e-01 9.816932678222656250e-01
7.423561811447143555e-01 9.763928055763244629e-01
7.433648109436035156e-01 9.942304491996765137e-01
7.443734407424926758e-01 9.984417557716369629e-01
7.453820705413818359e-01 9.982061386108398438e-01
7.463907003402709961e-01 9.974301457405090332e-01
7.473993301391601562e-01 9.868820905685424805e-01
7.484079599380493164e-01 1.005670189857482910e+00
7.494165897369384766e-01 9.877589941024780273e-01
7.504252195358276367e-01 1.013427257537841797e+00
7.514339089393615723e-01 9.996280670166015625e-01
7.524425387382507324e-01 1.023782610893249512e+00
7.534511685371398926e-01 1.017195701599121094e+00
7.544597983360290527e-01 9.730189442634582520e-01
7.554684281349182129e-01 9.807235002517700195e-01
7.564770579338073730e-01 9.894120693206787109e-01
7.574856877326965332e-01 9.889675974845886230e-01
7.584943175315856934e-01 9.873224496841430664e-01
7.595029473304748535e-01 9.906538724899291992e-01
7.605116367340087891e-01 1.000091075897216797e+00
7.615202665328979492e-01 9.938268065452575684e-01
7.625288963317871094e-01 9.748297929763793945e-01
7.635375261306762695e-01 1.001665115356445312e+00
7.645461559295654297e-01 1.000729441642761230e+00
7.655547857284545898e-01 9.931091666221618652e-01
7.665634155273437500e-01 9.856638312339782715e-01
7.675720453262329102e-01 9.962847232818603516e-01
7.685806751251220703e-01 9.837712049484252930e-01
7.695893049240112305e-01 1.006747722625732422e+00
7.705979943275451660e-01 9.831309914588928223e-01
7.716066241264343262e-01 1.009352087974548340e+00
7.726152539253234863e-01 9.944362640380859375e-01
7.736238837242126465e-01 9.927089810371398926e-01
7.746325135231018066e-01 9.928160309791564941e-01
7.756411433219909668e-01 9.963608384132385254e-01
7.766497731208801270e-01 1.022317647933959961e+00
7.776584029197692871e-01 1.014482975006103516e+00
7.786670327186584473e-01 9.981794357299804688e-01
7.796757221221923828e-01 1.005314111709594727e+00
7.806843519210815430e-01 9.826809167861938477e-01
7.816929817199707031e-01 9.876690506935119629e-01
7.827016115188598633e-01 1.007374286651611328e+00
7.837102413177490234e-01 9.928487539291381836e-01
7.847188711166381836e-01 9.981406331062316895e-01
7.857275009155273438e-01 1.011836886405944824e+00
7.867361307144165039e-01 1.005892157554626465e+00
7.877447605133056641e-01 9.966892004013061523e-01
7.887533903121948242e-01 1.010309696197509766e+00
7.897620797157287598e-01 1.024971723556518555e+00
7.907707095146179199e-01 1.010310530662536621e+00
7.917793393135070801e-01 1.012080192565917969e+00
7.927879691123962402e-01 1.009282946586608887e+00
7.937965989112854004e-01 9.996866583824157715e-01
7.948052287101745605e-01 9.970700144767761230e-01
7.958138585090637207e-01 1.013638377189636230e+00
7.968224883079528809e-01 9.980706572532653809e-01
7.978311181068420410e-01 1.007469177246093750e+00
7.988398075103759766e-01 1.021337866783142090e+00
7.998484373092651367e-01 1.004564046859741211e+00
8.008570671081542969e-01 1.006529211997985840e+00
8.018656969070434570e-01 1.018332123756408691e+00
8.028743267059326172e-01 1.006252884864807129e+00
8.038829565048217773e-01 1.002533555030822754e+00
8.048915863037109375e-01 1.017302036285400391e+00
8.059002161026000977e-01 1.012552142143249512e+00
8.069088459014892578e-01 1.019289255142211914e+00
8.079174757003784180e-01 1.032653689384460449e+00
8.089261651039123535e-01 1.007155537605285645e+00
8.099347949028015137e-01 1.033817172050476074e+00
8.109434247016906738e-01 1.031507730484008789e+00
8.119520545005798340e-01 1.035851716995239258e+00
8.129606842994689941e-01 1.038937926292419434e+00
8.139693140983581543e-01 1.008774280548095703e+00
8.149779438972473145e-01 1.021960496902465820e+00
8.159865736961364746e-01 1.012742638587951660e+00
8.169952034950256348e-01 1.025831460952758789e+00
8.180038928985595703e-01 1.031481385231018066e+00
8.190125226974487305e-01 1.020751833915710449e+00
8.200211524963378906e-01 1.024110794067382812e+00
8.210297822952270508e-01 1.029571175575256348e+00
8.220384120941162109e-01 9.976931214332580566e-01
8.230470418930053711e-01 1.004779696464538574e+00
8.240556716918945312e-01 1.006309151649475098e+00
8.250643014907836914e-01 1.024557471275329590e+00
8.260729312896728516e-01 1.034419298171997070e+00
8.270815610885620117e-01 1.002708554267883301e+00
8.280902504920959473e-01 1.025914669036865234e+00
8.290988802909851074e-01 1.038851141929626465e+00
8.301075100898742676e-01 1.026698112487792969e+00
8.311161398887634277e-01 1.012941598892211914e+00
8.321247696876525879e-01 9.996557235717773438e-01
8.331333994865417480e-01 1.027430653572082520e+00
8.341420292854309082e-01 1.019965410232543945e+00
8.351506590843200684e-01 1.033305168151855469e+00
8.361592888832092285e-01 1.030422091484069824e+00
8.371679782867431641e-01 1.018065333366394043e+00
8.381766080856323242e-01 1.029637217521667480e+00
8.391852378845214844e-01 1.035725355148315430e+00
8.401938676834106445e-01 1.036051034927368164e+00
8.412024974822998047e-01 1.039348721504211426e+00
8.422111272811889648e-01 1.057282090187072754e+00
8.432197570800781250e-01 1.058555006980895996e+00
8.442283868789672852e-01 1.052506208419799805e+00
8.452370166778564453e-01 1.044769048690795898e+00
8.462456464767456055e-01 1.063676238059997559e+00
8.472543358802795410e-01 1.073747038841247559e+00
8.482629656791687012e-01 1.064088940620422363e+00
8.492715954780578613e-01 1.031636476516723633e+00
8.502802252769470215e-01 1.029682517051696777e+00
8.512888550758361816e-01 1.048567533493041992e+00
8.522974848747253418e-01 1.055101990699768066e+00
8.533061146736145020e-01 1.054835319519042969e+00
8.543147444725036621e-01 1.054601430892944336e+00
8.553233742713928223e-01 1.061234951019287109e+00
8.563320636749267578e-01 1.053146004676818848e+00
8.573406934738159180e-01 1.053695440292358398e+00
8.583493232727050781e-01 1.055724859237670898e+00
8.593579530715942383e-01 1.051435947418212891e+00
8.603665828704833984e-01 1.056726574897766113e+00
8.613752126693725586e-01 1.075026750564575195e+00
8.623838424682617188e-01 1.071694493293762207e+00
8.633924722671508789e-01 1.042093992233276367e+00
8.644011020660400391e-01 1.040397405624389648e+00
8.654097318649291992e-01 1.048460245132446289e+00
8.664184212684631348e-01 1.058816313743591309e+00
8.674270510673522949e-01 1.073848605155944824e+00
8.684356808662414551e-01 1.061306238174438477e+00
8.694443106651306152e-01 1.048139929771423340e+00
8.704529404640197754e-01 1.064345479011535645e+00
8.714615702629089355e-01 1.080027222633361816e+00
8.724702000617980957e-01 1.093098759651184082e+00
8.734788298606872559e-01 1.064340472221374512e+00
8.744874596595764160e-01 1.060580730438232422e+00
8.754961490631103516e-01 1.051406264305114746e+00
8.765047788619995117e-01 1.074413299560546875e+00
8.775134086608886719e-01 1.096915364265441895e+00
8.785220384597778320e-01 1.074719429016113281e+00
8.795306682586669922e-01 1.048070788383483887e+00
8.805392980575561523e-01 1.085754156112670898e+00
8.815479278564453125e-01 1.075950860977172852e+00
8.825565576553344727e-01 1.056476831436157227e+00
8.835651874542236328e-01 1.074450373649597168e+00
8.845738172531127930e-01 1.072965741157531738e+00
8.855825066566467285e-01 1.058689475059509277e+00
8.865911364555358887e-01 1.081493020057678223e+00
8.875997662544250488e-01 1.053687095642089844e+00
8.886083960533142090e-01 1.056780099868774414e+00
8.896170258522033691e-01 1.093546271324157715e+00
8.906256556510925293e-01 1.068550109863281250e+00
8.916342854499816895e-01 1.077610492706298828e+00
8.926429152488708496e-01 1.072095036506652832e+00
8.936515450477600098e-01 1.057207465171813965e+00
8.946602344512939453e-01 1.058463931083679199e+00
8.956688642501831055e-01 1.105841159820556641e+00
8.966774940490722656e-01 1.051777124404907227e+00
8.976861238479614258e-01 1.077762842178344727e+00
8.986947536468505859e-01 1.087574481964111328e+00
8.997033834457397461e-01 1.092287302017211914e+00
9.007120132446289062e-01 1.109053492546081543e+00
9.017206430435180664e-01 1.069068193435668945e+00
9.027292728424072266e-01 1.083885669708251953e+00
9.037379026412963867e-01 1.079977273941040039e+00
9.047465920448303223e-01 1.086711406707763672e+00
9.057552218437194824e-01 1.061545491218566895e+00
9.067638516426086426e-01 1.076651573181152344e+00
9.077724814414978027e-01 1.099452137947082520e+00
9.087811112403869629e-01 1.071684002876281738e+00
9.097897410392761230e-01 1.092786908149719238e+00
9.107983708381652832e-01 1.101032376289367676e+00
9.118070006370544434e-01 1.076856136322021484e+00
9.128156304359436035e-01 1.080287814140319824e+00
9.138243198394775391e-01 1.101436495780944824e+00
9.148329496383666992e-01 1.088895916938781738e+00
9.158415794372558594e-01 1.074267625808715820e+00
9.168502092361450195e-01 1.093648791313171387e+00
9.178588390350341797e-01 1.102371931076049805e+00
9.188674688339233398e-01 1.072273850440979004e+00
9.198760986328125000e-01 1.096315741539001465e+00
9.208847284317016602e-01 1.099688291549682617e+00
9.218933582305908203e-01 1.066116452217102051e+00
9.229020476341247559e-01 1.097129821777343750e+00
9.239106774330139160e-01 1.085178732872009277e+00
9.249193072319030762e-01 1.092723131179809570e+00
9.259279370307922363e-01 1.074862599372863770e+00
9.269365668296813965e-01 1.080240368843078613e+00
9.279451966285705566e-01 1.100905895233154297e+00
9.289538264274597168e-01 1.083380699157714844e+00
9.299624562263488770e-01 1.090288519859313965e+00
9.309710860252380371e-01 1.103771686553955078e+00
9.319797158241271973e-01 1.104688167572021484e+00
9.329884052276611328e-01 1.090017676353454590e+00
9.339970350265502930e-01 1.091853022575378418e+00
9.350056648254394531e-01 1.116523265838623047e+00
9.360142946243286133e-01 1.079478859901428223e+00
9.370229244232177734e-01 1.082086563110351562e+00
9.380315542221069336e-01 1.097501873970031738e+00
9.390401840209960938e-01 1.128129363059997559e+00
9.400488138198852539e-01 1.088169455528259277e+00
9.410574436187744141e-01 1.090252280235290527e+00
9.420661330223083496e-01 1.092312455177307129e+00
9.430747628211975098e-01 1.071082472801208496e+00
9.440833926200866699e-01 1.102816939353942871e+00
9.450920224189758301e-01 1.078190326690673828e+00
9.461006522178649902e-01 1.094765543937683105e+00
9.471092820167541504e-01 1.087181925773620605e+00
9.481179118156433105e-01 1.090605616569519043e+00
9.491265416145324707e-01 1.121168851852416992e+00
9.501351714134216309e-01 1.113054275512695312e+00
9.511438012123107910e-01 1.112402319908142090e+00
9.521524906158447266e-01 1.126407265663146973e+00
9.531611204147338867e-01 1.071551322937011719e+00
9.541697502136230469e-01 1.077556848526000977e+00
9.551783800125122070e-01 1.083518862724304199e+00
9.561870098114013672e-01 1.115572333335876465e+00
9.571956396102905273e-01 1.068097233772277832e+00
9.582042694091796875e-01 1.051637172698974609e+00
9.592128992080688477e-01 1.138476371765136719e+00
9.602215290069580078e-01 1.093340992927551270e+00
9.612302184104919434e-01 1.111281037330627441e+00
9.622388482093811035e-01 1.097729682922363281e+00
9.632474780082702637e-01 1.127991914749145508e+00
9.642561078071594238e-01 1.117220759391784668e+00
9.652647376060485840e-01 1.135877490043640137e+00
9.662733674049377441e-01 1.116256833076477051e+00
9.672819972038269043e-01 1.136250853538513184e+00
9.682906270027160645e-01 1.085736036300659180e+00
9.692992568016052246e-01 1.143641352653503418e+00
9.703078866004943848e-01 1.130887150764465332e+00
9.713165760040283203e-01 1.062902569770812988e+00
9.723252058029174805e-01 1.083433508872985840e+00
9.733338356018066406e-01 1.123254179954528809e+00
9.743424654006958008e-01 1.089605808258056641e+00
9.753510951995849609e-01 1.127685785293579102e+00
9.763597249984741211e-01 1.108930468559265137e+00
9.773683547973632812e-01 1.117495775222778320e+00
9.783769845962524414e-01 1.140214920043945312e+00
9.793856143951416016e-01 1.140152215957641602e+00
9.803943037986755371e-01 1.083686113357543945e+00
9.814029335975646973e-01 1.063452124595642090e+00
9.824115633964538574e-01 1.114471793174743652e+00
9.834201931953430176e-01 1.101113796234130859e+00
9.844288229942321777e-01 1.109630942344665527e+00
9.854374527931213379e-01 1.074150323867797852e+00
9.864460825920104980e-01 1.144538283348083496e+00
9.874547123908996582e-01 1.105763196945190430e+00
9.884633421897888184e-01 1.091239452362060547e+00
9.894719719886779785e-01 1.145816683769226074e+00
9.904806613922119141e-01 1.095860600471496582e+00
9.914892911911010742e-01 1.100448369979858398e+00
9.924979209899902344e-01 1.086339354515075684e+00
9.935065507888793945e-01 1.123203992843627930e+00
9.945151805877685547e-01 1.169301629066467285e+00
9.955238103866577148e-01 1.096820473670959473e+00
9.965324401855468750e-01 1.138381838798522949e+00
9.975410699844360352e-01 1.106790900230407715e+00
9.985496997833251953e-01 1.107795000076293945e+00
9.995583891868591309e-01 1.131469726562500000e+00
1.000566959381103516e+00 1.116662144660949707e+00
1.001575589179992676e+00 1.151350140571594238e+00
1.002584218978881836e+00 1.182575225830078125e+00
1.003592848777770996e+00 1.160227179527282715e+00
1.004601597785949707e+00 1.161962509155273438e+00
1.005610227584838867e+00 1.119416713714599609e+00
1.006618857383728027e+00 1.119084239006042480e+00
1.007627487182617188e+00 1.117201566696166992e+00
1.008636116981506348e+00 1.136034488677978516e+00
1.009644746780395508e+00 1.135239958763122559e+00
1.010653376579284668e+00 1.172104477882385254e+00
1.011662006378173828e+00 1.151121497154235840e+00
1.012670636177062988e+00 1.144654512405395508e+00
1.013679265975952148e+00 1.137719869613647461e+00
1.014687895774841309e+00 1.121305227279663086e+00
1.015696525573730469e+00 1.091460347175598145e+00
1.016705155372619629e+00 1.081989288330078125e+00
1.017713785171508789e+00 1.150782704353332520e+00
1.018722414970397949e+00 1.157011389732360840e+00
1.019731044769287109e+00 1.105695009231567383e+00
1.020739674568176270e+00 1.138823628425598145e+00
1.021748304367065430e+00 1.101601958274841309e+00
1.022756934165954590e+00 1.113630890846252441e+00
1.023765683174133301e+00 1.116919994354248047e+00
1.024774312973022461e+00 1.160925745964050293e+00
1.025782942771911621e+00 1.167816758155822754e+00
1.026791572570800781e+00 1.138309478759765625e+00
1.027800202369689941e+00 1.098472118377685547e+00
1.028808832168579102e+00 1.140331506729125977e+00
1.029817461967468262e+00 1.185290575027465820e+00
1.030826091766357422e+00 1.163336873054504395e+00
1.031834721565246582e+00 1.196267008781433105e+00
1.032843351364135742e+00 1.186722755432128906e+00
1.033851981163024902e+00 1.162143111228942871e+00
1.034860610961914062e+00 1.130163431167602539e+00
1.035869240760803223e+00 1.196519970893859863e+00
1.036877870559692383e+00 1.158404707908630371e+00
1.037886500358581543e+00 1.119005680084228516e+00
1.038895130157470703e+00 1.130619645118713379e+00
1.039903759956359863e+00 1.208587050437927246e+00
1.040912389755249023e+00 1.147107362747192383e+00
1.041921019554138184e+00 1.104789018630981445e+00
1.042929768562316895e+00 1.198883056640625000e+00
1.043938398361206055e+00 1.238355755805969238e+00
1.044947028160095215e+00 1.153440952301025391e+00
1.045955657958984375e+00 1.152032494544982910e+00
1.046964287757873535e+00 1.134478330612182617e+00
1.047972917556762695e+00 1.147282242774963379e+00
1.048981547355651855e+00 1.152843356132507324e+00
1.049990177154541016e+00 1.166018486022949219e+00
1.050998806953430176e+00 1.171214342117309570e+00
1.052007436752319336e+00 1.195629835128784180e+00
1.053016066551208496e+00 1.175492286682128906e+00
1.054024696350097656e+00 1.150308489799499512e+00
1.055033326148986816e+00 1.140299081802368164e+00
1.056041955947875977e+00 1.145301342010498047e+00
1.057050585746765137e+00 1.210238933563232422e+00
1.058059215545654297e+00 1.207128047943115234e+00
1.059067845344543457e+00 1.148017883300781250e+00
1.060076475143432617e+00 1.173451781272888184e+00
1.061085104942321777e+00 1.255577087402343750e+00
1.062093853950500488e+00 1.215022087097167969e+00
1.063102483749389648e+00 1.192176580429077148e+00
1.064111113548278809e+00 1.141837239265441895e+00
1.065119743347167969e+00 1.141419410705566406e+00
1.066128373146057129e+00 1.197315216064453125e+00
1.067137002944946289e+00 1.181322455406188965e+00
1.068145632743835449e+00 1.148960351943969727e+00
1.069154262542724609e+00 1.179190158843994141e+00
1.070162892341613770e+00 1.167828440666198730e+00
1.071171522140502930e+00 1.216281533241271973e+00
1.072180151939392090e+00 1.189043760299682617e+00
1.073188781738281250e+00 1.188624262809753418e+00
1.074197411537170410e+00 1.213535547256469727e+00
1.075206041336059570e+00 1.261305928230285645e+00
1.076214671134948730e+00 1.286299586296081543e+00
1.077223300933837891e+00 1.161736369132995605e+00
1.078231930732727051e+00 1.231014132499694824e+00
1.079240560531616211e+00 1.249648094177246094e+00
1.080249190330505371e+00 1.199586629867553711e+00
1.081257939338684082e+00 1.182206392288208008e+00
1.082266569137573242e+00 1.213936448097229004e+00
1.083275198936462402e+00 1.215555787086486816e+00
1.084283828735351562e+00 1.258983135223388672e+00
1.085292458534240723e+00 1.251919627189636230e+00
1.086301088333129883e+00 1.205629587173461914e+00
1.087309718132019043e+00 1.177533745765686035e+00
1.088318347930908203e+00 1.194113254547119141e+00
1.089326977729797363e+00 1.259815812110900879e+00
1.090335607528686523e+00 1.195762157440185547e+00
1.091344237327575684e+00 1.249279856681823730e+00
1.092352867126464844e+00 1.240803718566894531e+00
1.093361496925354004e+00 1.195036888122558594e+00
1.094370126724243164e+00 1.236935973167419434e+00
1.095378756523132324e+00 1.283231377601623535e+00
1.096387386322021484e+00 1.222770333290100098e+00
1.097396016120910645e+00 1.275750160217285156e+00
1.098404645919799805e+00 1.225868225097656250e+00
1.099413275718688965e+00 1.270716667175292969e+00
1.100422024726867676e+00 1.232709646224975586e+00
1.101430654525756836e+00 1.166864514350891113e+00
1.102439284324645996e+00 1.220242023468017578e+00
1.103447914123535156e+00 1.244095802307128906e+00
1.104456543922424316e+00 1.224979400634765625e+00
1.105465173721313477e+00 1.201562404632568359e+00
1.106473803520202637e+00 1.242907881736755371e+00
1.107482433319091797e+00 1.154773592948913574e+00
1.108491063117980957e+00 1.147021770477294922e+00
1.109499692916870117e+00 1.293524622917175293e+00
1.110508322715759277e+00 1.292953610420227051e+00
1.111516952514648438e+00 1.290672898292541504e+00
1.112525582313537598e+00 1.226281762123107910e+00
1.113534212112426758e+00 1.290133118629455566e+00
1.114542841911315918e+00 1.318487405776977539e+00
1.115551471710205078e+00 1.223436594009399414e+00
1.116560101509094238e+00 1.183285117149353027e+00
1.117568731307983398e+00 1.252605319023132324e+00
1.118577361106872559e+00 1.246962428092956543e+00
1.119586110115051270e+00 1.261242270469665527e+00
1.120594739913940430e+00 1.187671184539794922e+00
1.121603369712829590e+00 1.339503288269042969e+00
1.122611999511718750e+00 1.300299525260925293e+00
1.123620629310607910e+00 1.184728741645812988e+00
1.124629259109497070e+00 1.331635951995849609e+00
1.125637888908386230e+00 1.298416376113891602e+00
1.126646518707275391e+00 1.306431412696838379e+00
1.127655148506164551e+00 1.310495853424072266e+00
1.128663778305053711e+00 1.271396160125732422e+00
1.129672408103942871e+00 1.260509014129638672e+00
1.130681037902832031e+00 1.294696688652038574e+00
1.131689667701721191e+00 1.241914391517639160e+00
1.132698297500610352e+00 1.307605743408203125e+00
1.133706927299499512e+00 1.284180641174316406e+00
1.134715557098388672e+00 1.229974269866943359e+00
1.135724186897277832e+00 1.375320672988891602e+00
1.136732816696166992e+00 1.284814596176147461e+00
1.137741446495056152e+00 1.350162148475646973e+00
1.138750195503234863e+00 1.237532138824462891e+00
1.139758825302124023e+00 1.450337886810302734e+00
1.140767455101013184e+00 1.312976837158203125e+00
1.141776084899902344e+00 1.350183010101318359e+00
1.142784714698791504e+00 1.267895817756652832e+00
1.143793344497680664e+00 1.208196282386779785e+00
1.144801974296569824e+00 1.313921809196472168e+00
1.145810604095458984e+00 1.417944431304931641e+00
1.146819233894348145e+00 1.312980413436889648e+00
1.147827863693237305e+00 1.260450839996337891e+00
1.148836493492126465e+00 1.291063785552978516e+00
1.149845123291015625e+00 1.372637152671813965e+00
1.150853753089904785e+00 1.259064078330993652e+00
1.151862382888793945e+00 1.287302494049072266e+00
1.152871012687683105e+00 1.357363224029541016e+00
1.153879642486572266e+00 1.322922825813293457e+00
1.154888272285461426e+00 1.359307169914245605e+00
1.155896902084350586e+00 1.409453749656677246e+00
1.156905531883239746e+00 1.449319839477539062e+00
1.157914280891418457e+00 1.292919635772705078e+00
1.158922910690307617e+00 1.271959543228149414e+00
1.159931540489196777e+00 1.427678823471069336e+00
1.160940170288085938e+00 1.285822272300720215e+00
1.161948800086975098e+00 1.326347351074218750e+00
1.162957429885864258e+00 1.295650005340576172e+00
1.163966059684753418e+00 1.307697415351867676e+00
1.164974689483642578e+00 1.358689188957214355e+00
1.165983319282531738e+00 1.506395578384399414e+00
1.166991949081420898e+00 1.361384630203247070e+00
1.168000578880310059e+00 1.420937418937683105e+00
1.169009208679199219e+00 1.365140914916992188e+00
1.170017838478088379e+00 1.393316149711608887e+00
1.171026468276977539e+00 1.311599850654602051e+00
1.172035098075866699e+00 1.517849326133728027e+00
1.173043727874755859e+00 1.425261020660400391e+00
1.174052357673645020e+00 1.440336823463439941e+00
1.175060987472534180e+00 1.262643456459045410e+00
1.176069617271423340e+00 1.287495255470275879e+00
1.177078366279602051e+00 1.387557268142700195e+00
1.178086996078491211e+00 1.466680169105529785e+00
1.179095625877380371e+00 1.468788504600524902e+00
1.180104255676269531e+00 1.364537477493286133e+00
1.181112885475158691e+00 1.426501870155334473e+00
1.182121515274047852e+00 1.511526346206665039e+00
1.183130145072937012e+00 1.304031848907470703e+00
1.184138774871826172e+00 1.354728817939758301e+00
1.185147404670715332e+00 1.454011559486389160e+00
1.186156034469604492e+00 1.370336890220642090e+00
1.187164664268493652e+00 1.233873963356018066e+00
1.188173294067382812e+00 1.406419396400451660e+00
1.189181923866271973e+00 1.459471344947814941e+00
1.190190553665161133e+00 1.499731302261352539e+00
1.191199183464050293e+00 1.420644044876098633e+00
1.192207813262939453e+00 1.619582653045654297e+00
1.193216443061828613e+00 1.623946785926818848e+00
1.194225072860717773e+00 1.439017415046691895e+00
1.195233702659606934e+00 1.390856742858886719e+00
1.196242451667785645e+00 1.371769666671752930e+00
1.197251081466674805e+00 1.410641193389892578e+00
1.198259711265563965e+00 1.523864030838012695e+00
1.199268341064453125e+00 1.784833312034606934e+00
1.200276970863342285e+00 1.387978315353393555e+00
1.201285600662231445e+00 1.275371670722961426e+00
1.202294230461120605e+00 1.311121821403503418e+00
1.203302860260009766e+00 1.352388024330139160e+00
1.204311490058898926e+00 1.602094054222106934e+00
1.205320119857788086e+00 1.300788879394531250e+00
1.206328749656677246e+00 1.724404811859130859e+00
1.207337379455566406e+00 1.232318282127380371e+00
1.208346009254455566e+00 9.656904339790344238e-01
1.209354639053344727e+00 1.245700478553771973e+00
