0.000000000000000000e+00 2.241980468750000000e+03
1.008636085316538811e-03 1.654465332031250000e+03
2.017272170633077621e-03 1.223375000000000000e+03
3.025908255949616432e-03 9.692357788085937500e+02
4.034544341266155243e-03 7.595598754882812500e+02
5.043180659413337708e-03 6.059739990234375000e+02
6.051816511899232864e-03 5.068216247558593750e+02
7.060452364385128021e-03 4.171345825195312500e+02
8.069088682532310486e-03 3.496917114257812500e+02
9.077725000679492950e-03 2.899330444335937500e+02
1.008636131882667542e-02 2.457763061523437500e+02
1.109499670565128326e-02 2.100080566406250000e+02
1.210363302379846573e-02 1.779051361083984375e+02
1.311226934194564819e-02 1.559603576660156250e+02
1.412090472877025604e-02 1.356501159667968750e+02
1.512954104691743851e-02 1.190438232421875000e+02
1.613817736506462097e-02 1.056008529663085938e+02
1.714681275188922882e-02 9.445181274414062500e+01
1.815545000135898590e-02 8.397772216796875000e+01
1.916408538818359375e-02 7.636779022216796875e+01
2.017272263765335083e-02 6.788809967041015625e+01
2.118135802447795868e-02 6.125939941406250000e+01
2.218999341130256653e-02 5.617497634887695312e+01
2.319863066077232361e-02 5.145188140869140625e+01
2.420726604759693146e-02 4.698108673095703125e+01
2.521590143442153931e-02 4.298050689697265625e+01
2.622453868389129639e-02 3.934634399414062500e+01
2.723317407071590424e-02 3.652908325195312500e+01
2.824180945754051208e-02 3.365070724487304688e+01
2.925044670701026917e-02 3.127701950073242188e+01
3.025908209383487701e-02 2.906891632080078125e+01
3.126771748065948486e-02 2.673824119567871094e+01
3.227635473012924194e-02 2.523407554626464844e+01
3.328499197959899902e-02 2.341539382934570312e+01
3.429362550377845764e-02 2.190487289428710938e+01
3.530226275324821472e-02 2.034815597534179688e+01
3.631090000271797180e-02 1.908105468750000000e+01
3.731953352689743042e-02 1.770912933349609375e+01
3.832817077636718750e-02 1.687727737426757812e+01
3.933680802583694458e-02 1.606945228576660156e+01
4.034544527530670166e-02 1.493444061279296875e+01
4.135407879948616028e-02 1.405521202087402344e+01
4.236271604895591736e-02 1.322598075866699219e+01
4.337135329842567444e-02 1.261795616149902344e+01
4.437998682260513306e-02 1.196485900878906250e+01
4.538862407207489014e-02 1.137322998046875000e+01
4.639726132154464722e-02 1.075874137878417969e+01
4.740589484572410583e-02 1.026539325714111328e+01
4.841453209519386292e-02 9.680078506469726562e+00
4.942316934466362000e-02 9.327697753906250000e+00
5.043180286884307861e-02 8.891029357910156250e+00
5.144044011831283569e-02 8.546597480773925781e+00
5.244907736778259277e-02 8.259852409362792969e+00
5.345771089196205139e-02 7.928229808807373047e+00
5.446634814143180847e-02 7.751355171203613281e+00
5.547498539090156555e-02 7.278156280517578125e+00
5.648361891508102417e-02 7.142263412475585938e+00
5.749225616455078125e-02 6.762813568115234375e+00
5.850089341402053833e-02 6.500160217285156250e+00
5.950953066349029541e-02 6.278794288635253906e+00
6.051816418766975403e-02 6.029903888702392578e+00
6.152680143713951111e-02 5.922517776489257812e+00
6.253543496131896973e-02 5.779474735260009766e+00
6.354407221078872681e-02 5.540078163146972656e+00
6.455270946025848389e-02 5.445395469665527344e+00
6.556134670972824097e-02 5.311452388763427734e+00
6.656998395919799805e-02 5.190442085266113281e+00
6.757862120866775513e-02 5.081043243408203125e+00
6.858725100755691528e-02 4.990786075592041016e+00
6.959588825702667236e-02 4.717963695526123047e+00
7.060452550649642944e-02 4.717626571655273438e+00
7.161316275596618652e-02 4.554183483123779297e+00
7.262180000543594360e-02 4.499142646789550781e+00
7.363043725490570068e-02 4.455069541931152344e+00
7.463906705379486084e-02 4.288563251495361328e+00
7.564770430326461792e-02 4.248468875885009766e+00
7.665634155273437500e-02 4.067066192626953125e+00
7.766497880220413208e-02 3.997944116592407227e+00
7.867361605167388916e-02 3.928672313690185547e+00
7.968225330114364624e-02 3.894545793533325195e+00
8.069089055061340332e-02 3.782370805740356445e+00
8.169952034950256348e-02 3.697482824325561523e+00
8.270815759897232056e-02 3.718814373016357422e+00
8.371679484844207764e-02 3.697753429412841797e+00
8.472543209791183472e-02 3.613198280334472656e+00
8.573406934738159180e-02 3.561014890670776367e+00
8.674270659685134888e-02 3.438787937164306641e+00
8.775133639574050903e-02 3.411695718765258789e+00
8.875997364521026611e-02 3.401262998580932617e+00
8.976861089468002319e-02 3.375591754913330078e+00
9.077724814414978027e-02 3.273888587951660156e+00
9.178588539361953735e-02 3.224642038345336914e+00
9.279452264308929443e-02 3.226663589477539062e+00
9.380315244197845459e-02 3.147117137908935547e+00
9.481178969144821167e-02 3.179724693298339844e+00
9.582042694091796875e-02 3.182747125625610352e+00
9.682906419038772583e-02 3.111029863357543945e+00
9.783770143985748291e-02 3.082677602767944336e+00
9.884633868932723999e-02 3.054883480072021484e+00
9.985497593879699707e-02 3.024014949798583984e+00
1.008636057376861572e-01 2.954605817794799805e+00
1.018722429871559143e-01 2.996744394302368164e+00
1.028808802366256714e-01 2.942050218582153320e+00
1.038895174860954285e-01 2.977829456329345703e+00
1.048981547355651855e-01 2.924811124801635742e+00
1.059067919850349426e-01 2.846905469894409180e+00
1.069154217839241028e-01 2.861360073089599609e+00
1.079240590333938599e-01 2.870603084564208984e+00
1.089326962828636169e-01 2.776883363723754883e+00
1.099413335323333740e-01 2.808523178100585938e+00
1.109499707818031311e-01 2.762931108474731445e+00
1.119586080312728882e-01 2.767017364501953125e+00
1.129672378301620483e-01 2.728332757949829102e+00
1.139758750796318054e-01 2.773270368576049805e+00
1.149845123291015625e-01 2.688765048980712891e+00
1.159931495785713196e-01 2.644987344741821289e+00
1.170017868280410767e-01 2.716494321823120117e+00
1.180104240775108337e-01 2.679522991180419922e+00
1.190190613269805908e-01 2.646566152572631836e+00
1.200276911258697510e-01 2.609131097793579102e+00
1.210363283753395081e-01 2.635445833206176758e+00
1.220449656248092651e-01 2.641875982284545898e+00
1.230536028742790222e-01 2.646454334259033203e+00
1.240622401237487793e-01 2.584872961044311523e+00
1.250708699226379395e-01 2.529614448547363281e+00
1.260795146226882935e-01 2.534989833831787109e+00
1.270881444215774536e-01 2.504930496215820312e+00
1.280967891216278076e-01 2.525949954986572266e+00
1.291054189205169678e-01 2.519510269165039062e+00
1.301140487194061279e-01 2.531439065933227539e+00
1.311226934194564819e-01 2.521839857101440430e+00
1.321313232183456421e-01 2.503511190414428711e+00
1.331399679183959961e-01 2.522787809371948242e+00
1.341485977172851562e-01 2.436349630355834961e+00
1.351572424173355103e-01 2.467602968215942383e+00
1.361658722162246704e-01 2.435633659362792969e+00
1.371745020151138306e-01 2.421244621276855469e+00
1.381831467151641846e-01 2.433180570602416992e+00
1.391917765140533447e-01 2.416683435440063477e+00
1.402004212141036987e-01 2.428559064865112305e+00
1.412090510129928589e-01 2.418342351913452148e+00
1.422176808118820190e-01 2.426152229309082031e+00
1.432263255119323730e-01 2.356293201446533203e+00
1.442349553108215332e-01 2.404879808425903320e+00
1.452436000108718872e-01 2.361459970474243164e+00
1.462522298097610474e-01 2.351070404052734375e+00
1.472608745098114014e-01 2.377348423004150391e+00
1.482695043087005615e-01 2.330673933029174805e+00
1.492781341075897217e-01 2.326273918151855469e+00
1.502867788076400757e-01 2.367022752761840820e+00
1.512954086065292358e-01 2.363518238067626953e+00
1.523040533065795898e-01 2.345560312271118164e+00
1.533126831054687500e-01 2.298775672912597656e+00
1.543213278055191040e-01 2.286985158920288086e+00
1.553299576044082642e-01 2.298503637313842773e+00
1.563385874032974243e-01 2.286299943923950195e+00
1.573472321033477783e-01 2.228979825973510742e+00
1.583558619022369385e-01 2.244647741317749023e+00
1.593645066022872925e-01 2.280432462692260742e+00
1.603731364011764526e-01 2.307493925094604492e+00
1.613817811012268066e-01 2.224154710769653320e+00
1.623904109001159668e-01 2.240051746368408203e+00
1.633990406990051270e-01 2.267941474914550781e+00
1.644076853990554810e-01 2.328758001327514648e+00
1.654163151979446411e-01 2.275705099105834961e+00
1.664249598979949951e-01 2.237348079681396484e+00
1.674335896968841553e-01 2.206501722335815430e+00
1.684422194957733154e-01 2.220654964447021484e+00
1.694508641958236694e-01 2.274594783782958984e+00
1.704594939947128296e-01 2.235094547271728516e+00
1.714681386947631836e-01 2.242076635360717773e+00
1.724767684936523438e-01 2.204418659210205078e+00
1.734854131937026978e-01 2.189849376678466797e+00
1.744940429925918579e-01 2.161359786987304688e+00
1.755026727914810181e-01 2.201652050018310547e+00
1.765113174915313721e-01 2.178655624389648438e+00
1.775199472904205322e-01 2.163367509841918945e+00
1.785285919904708862e-01 2.228112697601318359e+00
1.795372217893600464e-01 2.200783967971801758e+00
1.805458664894104004e-01 2.199911594390869141e+00
1.815544962882995605e-01 2.152508735656738281e+00
1.825631260871887207e-01 2.158337593078613281e+00
1.835717707872390747e-01 2.157919883728027344e+00
1.845804005861282349e-01 2.167186498641967773e+00
1.855890452861785889e-01 2.158749818801879883e+00
1.865976750850677490e-01 2.143808364868164062e+00
1.876063048839569092e-01 2.122857570648193359e+00
1.886149495840072632e-01 2.116789340972900391e+00
1.896235793828964233e-01 2.118628263473510742e+00
1.906322240829467773e-01 2.082138061523437500e+00
1.916408538818359375e-01 2.094681739807128906e+00
1.926494985818862915e-01 2.140232324600219727e+00
1.936581283807754517e-01 2.108681201934814453e+00
1.946667581796646118e-01 2.088708162307739258e+00
1.956754028797149658e-01 2.146394968032836914e+00
1.966840326786041260e-01 2.115410566329956055e+00
1.976926773786544800e-01 2.118626832962036133e+00
1.987013071775436401e-01 2.067563056945800781e+00
1.997099518775939941e-01 2.120904207229614258e+00
2.007185816764831543e-01 2.140905618667602539e+00
2.017272114753723145e-01 2.092689752578735352e+00
2.027358561754226685e-01 2.095980405807495117e+00
2.037444859743118286e-01 2.098168134689331055e+00
2.047531306743621826e-01 2.072251081466674805e+00
2.057617604732513428e-01 2.053313255310058594e+00
2.067703902721405029e-01 2.073748588562011719e+00
2.077790349721908569e-01 2.067443609237670898e+00
2.087876647710800171e-01 2.042848587036132812e+00
2.097963094711303711e-01 2.074205636978149414e+00
2.108049392700195312e-01 2.097307682037353516e+00
2.118135839700698853e-01 2.121541738510131836e+00
2.128222137689590454e-01 2.072988748550415039e+00
2.138308435678482056e-01 2.069491863250732422e+00
2.148394882678985596e-01 2.056221008300781250e+00
2.158481180667877197e-01 2.065708637237548828e+00
2.168567627668380737e-01 2.064494848251342773e+00
2.178653925657272339e-01 2.113838434219360352e+00
2.188740372657775879e-01 2.093704938888549805e+00
2.198826670646667480e-01 2.066138505935668945e+00
2.208912968635559082e-01 2.061484813690185547e+00
2.218999415636062622e-01 2.111898422241210938e+00
2.229085713624954224e-01 2.077421426773071289e+00
2.239172160625457764e-01 2.074275732040405273e+00
2.249258458614349365e-01 2.085208415985107422e+00
2.259344756603240967e-01 2.105367422103881836e+00
2.269431203603744507e-01 2.082872152328491211e+00
2.279517501592636108e-01 2.070739746093750000e+00
2.289603948593139648e-01 2.055184125900268555e+00
2.299690246582031250e-01 2.083627462387084961e+00
2.309776693582534790e-01 2.056374788284301758e+00
2.319862991571426392e-01 2.064105749130249023e+00
2.329949289560317993e-01 2.038539648056030273e+00
2.340035736560821533e-01 2.065787315368652344e+00
2.350122034549713135e-01 2.072351217269897461e+00
2.360208481550216675e-01 2.060757875442504883e+00
2.370294779539108276e-01 2.047681570053100586e+00
2.380381226539611816e-01 2.020267009735107422e+00
2.390467524528503418e-01 2.046642780303955078e+00
2.400553822517395020e-01 2.060164451599121094e+00
2.410640269517898560e-01 2.070925474166870117e+00
2.420726567506790161e-01 2.091196537017822266e+00
2.430813014507293701e-01 2.204918622970581055e+00
2.440899312496185303e-01 2.044848918914794922e+00
2.450985759496688843e-01 2.049014568328857422e+00
2.461072057485580444e-01 2.026975393295288086e+00
2.471158355474472046e-01 2.032935380935668945e+00
2.481244802474975586e-01 2.046165943145751953e+00
2.491331100463867188e-01 2.034040689468383789e+00
2.501417398452758789e-01 2.013657808303833008e+00
2.511503994464874268e-01 2.054623365402221680e+00
2.521590292453765869e-01 2.035855293273925781e+00
2.531676590442657471e-01 1.995418906211853027e+00
2.541762888431549072e-01 2.009939670562744141e+00
2.551849186420440674e-01 2.026923418045043945e+00
2.561935782432556152e-01 2.046921491622924805e+00
2.572022080421447754e-01 2.068365812301635742e+00
2.582108378410339355e-01 2.048058986663818359e+00
2.592194676399230957e-01 2.040428161621093750e+00
2.602280974388122559e-01 2.067942619323730469e+00
2.612367570400238037e-01 2.073037385940551758e+00
2.622453868389129639e-01 2.050493240356445312e+00
2.632540166378021240e-01 2.053426980972290039e+00
2.642626464366912842e-01 2.066313982009887695e+00
2.652712762355804443e-01 2.025964736938476562e+00
2.662799358367919922e-01 2.029132604598999023e+00
2.672885656356811523e-01 2.028987407684326172e+00
2.682971954345703125e-01 2.024330615997314453e+00
2.693058252334594727e-01 2.015837669372558594e+00
2.703144848346710205e-01 2.084542512893676758e+00
2.713231146335601807e-01 2.096238613128662109e+00
2.723317444324493408e-01 2.025614500045776367e+00
2.733403742313385010e-01 2.032366514205932617e+00
2.743490040302276611e-01 2.046883583068847656e+00
2.753576636314392090e-01 2.072391510009765625e+00
2.763662934303283691e-01 2.030242681503295898e+00
2.773749232292175293e-01 2.090497493743896484e+00
2.783835530281066895e-01 2.042685508728027344e+00
2.793921828269958496e-01 2.060213327407836914e+00
2.804008424282073975e-01 2.055794715881347656e+00
2.814094722270965576e-01 2.094291687011718750e+00
2.824181020259857178e-01 2.060001373291015625e+00
2.834267318248748779e-01 2.022536993026733398e+00
2.844353616237640381e-01 2.035589218139648438e+00
2.854440212249755859e-01 2.053775787353515625e+00
2.864526510238647461e-01 2.041749715805053711e+00
2.874612808227539062e-01 2.042098045349121094e+00
2.884699106216430664e-01 2.066371679306030273e+00
2.894785702228546143e-01 2.072250843048095703e+00
2.904872000217437744e-01 2.078838586807250977e+00
2.914958298206329346e-01 2.076749086380004883e+00
2.925044596195220947e-01 2.091249942779541016e+00
2.935130894184112549e-01 2.082204580307006836e+00
2.945217490196228027e-01 2.076432466506958008e+00
2.955303788185119629e-01 2.072036027908325195e+00
2.965390086174011230e-01 2.093438386917114258e+00
2.975476384162902832e-01 2.070482730865478516e+00
2.985562682151794434e-01 2.059906959533691406e+00
2.995649278163909912e-01 2.043040037155151367e+00
3.005735576152801514e-01 2.065462827682495117e+00
3.015821874141693115e-01 2.047339677810668945e+00
3.025908172130584717e-01 2.096029281616210938e+00
3.035994470119476318e-01 2.084325075149536133e+00
3.046081066131591797e-01 2.076642990112304688e+00
3.056167364120483398e-01 2.083502054214477539e+00
3.066253662109375000e-01 2.097941160202026367e+00
3.076339960098266602e-01 2.088549375534057617e+00
3.086426556110382080e-01 2.085960149765014648e+00
3.096512854099273682e-01 2.111815929412841797e+00
3.106599152088165283e-01 2.134184122085571289e+00
3.116685450077056885e-01 2.125671386718750000e+00
3.126771748065948486e-01 2.114740133285522461e+00
3.136858344078063965e-01 2.109745025634765625e+00
3.146944642066955566e-01 2.114330768585205078e+00
3.157030940055847168e-01 2.117300271987915039e+00
3.167117238044738770e-01 2.104002952575683594e+00
3.177203536033630371e-01 2.112871646881103516e+00
3.187290132045745850e-01 2.114826917648315430e+00
3.197376430034637451e-01 2.107721567153930664e+00
3.207462728023529053e-01 2.136315345764160156e+00
3.217549026012420654e-01 2.080758571624755859e+00
3.227635622024536133e-01 2.086713552474975586e+00
3.237721920013427734e-01 2.122745990753173828e+00
3.247808218002319336e-01 2.120784759521484375e+00
3.257894515991210938e-01 2.097992181777954102e+00
3.267980813980102539e-01 2.109455108642578125e+00
3.278067409992218018e-01 2.114985704421997070e+00
3.288153707981109619e-01 2.125926017761230469e+00
3.298240005970001221e-01 2.114036560058593750e+00
3.308326303958892822e-01 2.119950532913208008e+00
3.318412601947784424e-01 2.131934404373168945e+00
3.328499197959899902e-01 2.153954982757568359e+00
3.338585495948791504e-01 2.149987220764160156e+00
3.348671793937683105e-01 2.122966051101684570e+00
3.358758091926574707e-01 2.132463693618774414e+00
3.368844389915466309e-01 2.122267723083496094e+00
3.378930985927581787e-01 2.159547567367553711e+00
3.389017283916473389e-01 2.154023170471191406e+00
3.399103581905364990e-01 2.138697862625122070e+00
3.409189879894256592e-01 2.156610488891601562e+00
3.419276475906372070e-01 2.147526741027832031e+00
3.429362773895263672e-01 2.135573625564575195e+00
3.439449071884155273e-01 2.134145259857177734e+00
3.449535369873046875e-01 2.132051467895507812e+00
3.459621667861938477e-01 2.120928525924682617e+00
3.469708263874053955e-01 2.125063896179199219e+00
3.479794561862945557e-01 2.149135112762451172e+00
3.489880859851837158e-01 2.150686502456665039e+00
3.499967157840728760e-01 2.128762245178222656e+00
3.510053455829620361e-01 2.156906127929687500e+00
3.520140051841735840e-01 2.163050413131713867e+00
3.530226349830627441e-01 2.158281564712524414e+00
3.540312647819519043e-01 2.149098873138427734e+00
3.550398945808410645e-01 2.139239311218261719e+00
3.560485243797302246e-01 2.132946014404296875e+00
3.570571839809417725e-01 2.157243728637695312e+00
3.580658137798309326e-01 2.160851001739501953e+00
3.590744435787200928e-01 2.165411233901977539e+00
3.600830733776092529e-01 2.168229103088378906e+00
3.610917329788208008e-01 2.155695915222167969e+00
3.621003627777099609e-01 2.161809444427490234e+00
3.631089925765991211e-01 2.174509763717651367e+00
3.641176223754882812e-01 2.137400627136230469e+00
3.651262521743774414e-01 2.127296447753906250e+00
3.661349117755889893e-01 2.173466205596923828e+00
3.671435415744781494e-01 2.186769962310791016e+00
3.681521713733673096e-01 2.131850481033325195e+00
3.691608011722564697e-01 2.144061326980590820e+00
3.701694309711456299e-01 2.184535264968872070e+00
3.711780905723571777e-01 2.146792650222778320e+00
3.721867203712463379e-01 2.151175260543823242e+00
3.731953501701354980e-01 2.167185544967651367e+00
3.742039799690246582e-01 2.168864965438842773e+00
3.752126097679138184e-01 2.167945384979248047e+00
3.762212693691253662e-01 2.196965932846069336e+00
3.772298991680145264e-01 2.156466007232666016e+00
3.782385289669036865e-01 2.199027061462402344e+00
3.792471587657928467e-01 2.182437419891357422e+00
3.802558183670043945e-01 2.178617238998413086e+00
3.812644481658935547e-01 2.188189506530761719e+00
3.822730779647827148e-01 2.171445369720458984e+00
3.832817077636718750e-01 2.185456752777099609e+00
3.842903375625610352e-01 2.145426034927368164e+00
3.852989971637725830e-01 2.187454700469970703e+00
3.863076269626617432e-01 2.184729576110839844e+00
3.873162567615509033e-01 2.194204330444335938e+00
3.883248865604400635e-01 2.177288055419921875e+00
3.893335163593292236e-01 2.156197071075439453e+00
3.903421759605407715e-01 2.168647766113281250e+00
3.913508057594299316e-01 2.152284622192382812e+00
3.923594355583190918e-01 2.154625654220581055e+00
3.933680653572082520e-01 2.177217960357666016e+00
3.943766951560974121e-01 2.170402288436889648e+00
3.953853547573089600e-01 2.179293870925903320e+00
3.963939845561981201e-01 2.187810182571411133e+00
3.974026143550872803e-01 2.168701887130737305e+00
3.984112441539764404e-01 2.179009675979614258e+00
3.994199037551879883e-01 2.183143377304077148e+00
4.004285335540771484e-01 2.193588256835937500e+00
4.014371633529663086e-01 2.193002462387084961e+00
4.024457931518554688e-01 2.230188131332397461e+00
4.034544229507446289e-01 2.196494579315185547e+00
4.044630825519561768e-01 2.180140733718872070e+00
4.054717123508453369e-01 2.192399263381958008e+00
4.064803421497344971e-01 2.184570312500000000e+00
4.074889719486236572e-01 2.192805290222167969e+00
4.084976017475128174e-01 2.195849657058715820e+00
4.095062613487243652e-01 2.183084964752197266e+00
4.105148911476135254e-01 2.179067611694335938e+00
4.115235209465026855e-01 2.176935434341430664e+00
4.125321507453918457e-01 2.171269655227661133e+00
4.135407805442810059e-01 2.203186988830566406e+00
4.145494401454925537e-01 2.186531543731689453e+00
4.155580699443817139e-01 2.217722415924072266e+00
4.165666997432708740e-01 2.167040348052978516e+00
4.175753295421600342e-01 2.174341917037963867e+00
4.185839891433715820e-01 2.165935039520263672e+00
4.195926189422607422e-01 2.160366296768188477e+00
4.206012487411499023e-01 2.224269866943359375e+00
4.216098785400390625e-01 2.170845746994018555e+00
4.226185083389282227e-01 2.168729305267333984e+00
4.236271679401397705e-01 2.158082008361816406e+00
4.246357977390289307e-01 2.165171384811401367e+00
4.256444275379180908e-01 2.174381017684936523e+00
4.266530573368072510e-01 2.184293270111083984e+00
4.276616871356964111e-01 2.160277128219604492e+00
4.286703467369079590e-01 2.169530391693115234e+00
4.296789765357971191e-01 2.154776573181152344e+00
4.306876063346862793e-01 2.162481546401977539e+00
4.316962361335754395e-01 2.147960901260375977e+00
4.327048659324645996e-01 2.168590784072875977e+00
4.337135255336761475e-01 2.147876262664794922e+00
4.347221553325653076e-01 2.166455268859863281e+00
4.357307851314544678e-01 2.165883779525756836e+00
4.367394149303436279e-01 2.150607824325561523e+00
4.377480745315551758e-01 2.180228710174560547e+00
4.387567043304443359e-01 2.163962841033935547e+00
4.397653341293334961e-01 2.154048681259155273e+00
4.407739639282226562e-01 2.149209737777709961e+00
4.417825937271118164e-01 2.169149160385131836e+00
4.427912533283233643e-01 2.173925161361694336e+00
4.437998831272125244e-01 2.162338018417358398e+00
4.448085129261016846e-01 2.190510988235473633e+00
4.458171427249908447e-01 2.145997762680053711e+00
4.468257725238800049e-01 2.167886257171630859e+00
4.478344321250915527e-01 2.162668466567993164e+00
4.488430619239807129e-01 2.163270711898803711e+00
4.498516917228698730e-01 2.155783891677856445e+00
4.508603215217590332e-01 2.151160478591918945e+00
4.518689513206481934e-01 2.175892591476440430e+00
4.528776109218597412e-01 2.150006771087646484e+00
4.538862407207489014e-01 2.142313480377197266e+00
4.548948705196380615e-01 2.159834861755371094e+00
4.559035003185272217e-01 2.154360055923461914e+00
4.569121599197387695e-01 2.130581378936767578e+00
4.579207897186279297e-01 2.136486053466796875e+00
4.589294195175170898e-01 2.136751651763916016e+00
4.599380493164062500e-01 2.153126716613769531e+00
4.609466791152954102e-01 2.143008470535278320e+00
4.619553387165069580e-01 2.131994485855102539e+00
4.629639685153961182e-01 2.138272762298583984e+00
4.639725983142852783e-01 2.133348226547241211e+00
4.649812281131744385e-01 2.137423753738403320e+00
4.659898579120635986e-01 2.128109931945800781e+00
4.669985175132751465e-01 2.121355056762695312e+00
4.680071473121643066e-01 2.120681285858154297e+00
4.690157771110534668e-01 2.136027336120605469e+00
4.700244069099426270e-01 2.122602224349975586e+00
4.710330665111541748e-01 2.111161231994628906e+00
4.720416963100433350e-01 2.136549949645996094e+00
4.730503261089324951e-01 2.112946510314941406e+00
4.740589559078216553e-01 2.142353057861328125e+00
4.750675857067108154e-01 2.164252758026123047e+00
4.760762453079223633e-01 2.144588470458984375e+00
4.770848751068115234e-01 2.162328720092773438e+00
4.780935049057006836e-01 2.105584859848022461e+00
4.791021347045898438e-01 2.109994649887084961e+00
4.801107645034790039e-01 2.092159986495971680e+00
4.811194241046905518e-01 2.099258899688720703e+00
4.821280539035797119e-01 2.117124080657958984e+00
4.831366837024688721e-01 2.135715484619140625e+00
4.841453135013580322e-01 2.137459039688110352e+00
4.851539433002471924e-01 2.161246299743652344e+00
4.861626029014587402e-01 2.138509750366210938e+00
4.871712327003479004e-01 2.126826763153076172e+00
4.881798624992370605e-01 2.121877193450927734e+00
4.891884922981262207e-01 2.112483024597167969e+00
4.901971518993377686e-01 2.117109537124633789e+00
4.912057816982269287e-01 2.088302135467529297e+00
4.922144114971160889e-01 2.099149465560913086e+00
4.932230412960052490e-01 2.109868526458740234e+00
4.942316710948944092e-01 2.142395734786987305e+00
4.952403306961059570e-01 2.118762731552124023e+00
4.962489604949951172e-01 2.128101110458374023e+00
4.972575902938842773e-01 2.112470865249633789e+00
4.982662200927734375e-01 2.113827705383300781e+00
4.992748498916625977e-01 2.126348733901977539e+00
5.002834796905517578e-01 2.107329130172729492e+00
5.012921094894409180e-01 2.102223634719848633e+00
5.023007988929748535e-01 2.088155508041381836e+00
5.033094286918640137e-01 2.085116624832153320e+00
5.043180584907531738e-01 2.131217956542968750e+00
5.053266882896423340e-01 2.134443759918212891e+00
5.063353180885314941e-01 2.123823642730712891e+00
5.073439478874206543e-01 2.101310968399047852e+00
5.083525776863098145e-01 2.120452165603637695e+00
5.093612074851989746e-01 2.088139295578002930e+00
5.103698372840881348e-01 2.061548709869384766e+00
5.113784670829772949e-01 2.086097717285156250e+00
5.123871564865112305e-01 2.093525886535644531e+00
5.133957862854003906e-01 2.086057662963867188e+00
5.144044160842895508e-01 2.061481714248657227e+00
5.154130458831787109e-01 2.092222452163696289e+00
5.164216756820678711e-01 2.104857683181762695e+00
5.174303054809570312e-01 2.101001739501953125e+00
5.184389352798461914e-01 2.109908103942871094e+00
5.194475650787353516e-01 2.110810518264770508e+00
5.204561948776245117e-01 2.087891817092895508e+00
5.214648842811584473e-01 2.091240167617797852e+00
5.224735140800476074e-01 2.114068984985351562e+00
5.234821438789367676e-01 2.093495607376098633e+00
5.244907736778259277e-01 2.118782281875610352e+00
5.254994034767150879e-01 2.131747484207153320e+00
5.265080332756042480e-01 2.116362333297729492e+00
5.275166630744934082e-01 2.085386753082275391e+00
5.285252928733825684e-01 2.082620859146118164e+00
5.295339226722717285e-01 2.048472166061401367e+00
5.305425524711608887e-01 2.081983804702758789e+00
5.315512418746948242e-01 2.099826812744140625e+00
5.325598716735839844e-01 2.092200994491577148e+00
5.335685014724731445e-01 2.096656084060668945e+00
5.345771312713623047e-01 2.122028827667236328e+00
5.355857610702514648e-01 2.125201463699340820e+00
5.365943908691406250e-01 2.099197626113891602e+00
5.376030206680297852e-01 2.069607257843017578e+00
5.386116504669189453e-01 2.103552579879760742e+00
5.396202802658081055e-01 2.099689006805419922e+00
5.406289696693420410e-01 2.096810579299926758e+00
5.416375994682312012e-01 2.091145753860473633e+00
5.426462292671203613e-01 2.064861297607421875e+00
5.436548590660095215e-01 2.072442054748535156e+00
5.446634888648986816e-01 2.112236738204956055e+00
5.456721186637878418e-01 2.107282400131225586e+00
5.466807484626770020e-01 2.104402542114257812e+00
5.476893782615661621e-01 2.117243289947509766e+00
5.486980080604553223e-01 2.112365961074829102e+00
5.497066378593444824e-01 2.101014137268066406e+00
5.507153272628784180e-01 2.097827196121215820e+00
5.517239570617675781e-01 2.073808908462524414e+00
5.527325868606567383e-01 2.110324144363403320e+00
5.537412166595458984e-01 2.095362663269042969e+00
5.547498464584350586e-01 2.111848354339599609e+00
5.557584762573242188e-01 2.058314323425292969e+00
5.567671060562133789e-01 2.118099451065063477e+00
5.577757358551025391e-01 2.099727153778076172e+00
5.587843656539916992e-01 2.066205501556396484e+00
5.597930550575256348e-01 2.091331958770751953e+00
5.608016848564147949e-01 2.086824655532836914e+00
5.618103146553039551e-01 2.082923650741577148e+00
5.628189444541931152e-01 2.061881542205810547e+00
5.638275742530822754e-01 2.065999507904052734e+00
5.648362040519714355e-01 2.077884197235107422e+00
5.658448338508605957e-01 2.078386068344116211e+00
5.668534636497497559e-01 2.076490163803100586e+00
5.678620934486389160e-01 2.078408241271972656e+00
5.688707232475280762e-01 2.092411518096923828e+00
5.698794126510620117e-01 2.103692054748535156e+00
5.708880424499511719e-01 2.104840993881225586e+00
5.718966722488403320e-01 2.075958728790283203e+00
5.729053020477294922e-01 2.074000597000122070e+00
5.739139318466186523e-01 2.084800243377685547e+00
5.749225616455078125e-01 2.097321033477783203e+00
5.759311914443969727e-01 2.068318843841552734e+00
5.769398212432861328e-01 2.061740636825561523e+00
5.779484510421752930e-01 2.056872844696044922e+00
5.789571404457092285e-01 2.086144685745239258e+00
5.799657702445983887e-01 2.089992761611938477e+00
5.809744000434875488e-01 2.094582080841064453e+00
5.819830298423767090e-01 2.052433729171752930e+00
5.829916596412658691e-01 2.066479444503784180e+00
5.840002894401550293e-01 2.086029052734375000e+00
5.850089192390441895e-01 2.052239656448364258e+00
5.860175490379333496e-01 2.063885450363159180e+00
5.870261788368225098e-01 2.066347360610961914e+00
5.880348086357116699e-01 2.071101665496826172e+00
5.890434980392456055e-01 2.097666740417480469e+00
5.900521278381347656e-01 2.075236320495605469e+00
5.910607576370239258e-01 2.096632242202758789e+00
5.920693874359130859e-01 2.076998949050903320e+00
5.930780172348022461e-01 2.091134786605834961e+00
5.940866470336914062e-01 2.058734178543090820e+00
5.950952768325805664e-01 2.076189517974853516e+00
5.961039066314697266e-01 2.067954063415527344e+00
5.971125364303588867e-01 2.064288854598999023e+00
5.981212258338928223e-01 2.081267595291137695e+00
5.991298556327819824e-01 2.093512296676635742e+00
6.001384854316711426e-01 2.089761972427368164e+00
6.011471152305603027e-01 2.074086427688598633e+00
6.021557450294494629e-01 2.098342418670654297e+00
6.031643748283386230e-01 2.066016674041748047e+00
6.041730046272277832e-01 2.069023132324218750e+00
6.051816344261169434e-01 2.098272085189819336e+00
6.061902642250061035e-01 2.077730417251586914e+00
6.071988940238952637e-01 2.070345163345336914e+00
6.082075834274291992e-01 2.091202735900878906e+00
6.092162132263183594e-01 2.066886663436889648e+00
6.102248430252075195e-01 2.056720972061157227e+00
6.112334728240966797e-01 2.062146663665771484e+00
6.122421026229858398e-01 2.063883781433105469e+00
6.132507324218750000e-01 2.055235147476196289e+00
6.142593622207641602e-01 2.060057878494262695e+00
6.152679920196533203e-01 2.065608501434326172e+00
6.162766218185424805e-01 2.068871498107910156e+00
6.172853112220764160e-01 2.084318161010742188e+00
6.182939410209655762e-01 2.088346719741821289e+00
6.193025708198547363e-01 2.080069780349731445e+00
6.203112006187438965e-01 2.076248884201049805e+00
6.213198304176330566e-01 2.070549249649047852e+00
6.223284602165222168e-01 2.045378446578979492e+00
6.233370900154113770e-01 2.072729587554931641e+00
6.243457198143005371e-01 2.094480514526367188e+00
6.253543496131896973e-01 2.069501399993896484e+00
6.263629794120788574e-01 2.073106288909912109e+00
6.273716688156127930e-01 2.084219217300415039e+00
6.283802986145019531e-01 2.077872037887573242e+00
6.293889284133911133e-01 2.049756765365600586e+00
6.303975582122802734e-01 2.100141763687133789e+00
6.314061880111694336e-01 2.080906152725219727e+00
6.324148178100585938e-01 2.098890066146850586e+00
6.334234476089477539e-01 2.086650371551513672e+00
6.344320774078369141e-01 2.059092044830322266e+00
6.354407072067260742e-01 2.088784933090209961e+00
6.364493966102600098e-01 2.079142570495605469e+00
6.374580264091491699e-01 2.089447975158691406e+00
6.384666562080383301e-01 2.071762800216674805e+00
6.394752860069274902e-01 2.089359283447265625e+00
6.404839158058166504e-01 2.092618703842163086e+00
6.414925456047058105e-01 2.078482389450073242e+00
6.425011754035949707e-01 2.084261894226074219e+00
6.435098052024841309e-01 2.094700098037719727e+00
6.445184350013732910e-01 2.060119628906250000e+00
6.455271244049072266e-01 2.059823989868164062e+00
6.465357542037963867e-01 2.082719802856445312e+00
6.475443840026855469e-01 2.075623035430908203e+00
6.485530138015747070e-01 2.082941055297851562e+00
6.495616436004638672e-01 2.108138561248779297e+00
6.505702733993530273e-01 2.092456579208374023e+00
6.515789031982421875e-01 2.094388961791992188e+00
6.525875329971313477e-01 2.107212305068969727e+00
6.535961627960205078e-01 2.098190307617187500e+00
6.546047925949096680e-01 2.065007209777832031e+00
6.556134819984436035e-01 2.067997455596923828e+00
6.566221117973327637e-01 2.061042070388793945e+00
6.576307415962219238e-01 2.076985597610473633e+00
6.586393713951110840e-01 2.080113649368286133e+00
6.596480011940002441e-01 2.085715055465698242e+00
6.606566309928894043e-01 2.082918405532836914e+00
6.616652607917785645e-01 2.094982862472534180e+00
6.626738905906677246e-01 2.086094617843627930e+00
6.636825203895568848e-01 2.079263925552368164e+00
6.646912097930908203e-01 2.080779314041137695e+00
6.656998395919799805e-01 2.088612318038940430e+00
6.667084693908691406e-01 2.087155580520629883e+00
6.677170991897583008e-01 2.074148178100585938e+00
6.687257289886474609e-01 2.063315391540527344e+00
6.697343587875366211e-01 2.067522525787353516e+00
6.707429885864257812e-01 2.101782083511352539e+00
6.717516183853149414e-01 2.074122190475463867e+00
6.727602481842041016e-01 2.096987247467041016e+00
6.737688779830932617e-01 2.101328611373901367e+00
6.747775673866271973e-01 2.100704669952392578e+00
6.757861971855163574e-01 2.123709440231323242e+00
6.767948269844055176e-01 2.093118906021118164e+00
6.778034567832946777e-01 2.099423170089721680e+00
6.788120865821838379e-01 2.113978147506713867e+00
6.798207163810729980e-01 2.105871200561523438e+00
6.808293461799621582e-01 2.085902929306030273e+00
6.818379759788513184e-01 2.107897520065307617e+00
6.828466057777404785e-01 2.106884241104125977e+00
6.838552951812744141e-01 2.112836122512817383e+00
6.848639249801635742e-01 2.104860782623291016e+00
6.858725547790527344e-01 2.087923526763916016e+00
6.868811845779418945e-01 2.109667539596557617e+00
6.878898143768310547e-01 2.138090848922729492e+00
6.888984441757202148e-01 2.099547624588012695e+00
6.899070739746093750e-01 2.096829891204833984e+00
6.909157037734985352e-01 2.092281579971313477e+00
6.919243335723876953e-01 2.098964691162109375e+00
6.929329633712768555e-01 2.106268167495727539e+00
6.939416527748107910e-01 2.101409912109375000e+00
6.949502825736999512e-01 2.093968629837036133e+00
6.959589123725891113e-01 2.099671363830566406e+00
6.969675421714782715e-01 2.123306035995483398e+00
6.979761719703674316e-01 2.114882707595825195e+00
6.989848017692565918e-01 2.114827156066894531e+00
6.999934315681457520e-01 2.111293792724609375e+00
7.010020613670349121e-01 2.117767572402954102e+00
7.020106911659240723e-01 2.097314357757568359e+00
7.030193805694580078e-01 2.091637611389160156e+00
7.040280103683471680e-01 2.108628988265991211e+00
7.050366401672363281e-01 2.112401485443115234e+00
7.060452699661254883e-01 2.103112936019897461e+00
7.070538997650146484e-01 2.114191770553588867e+00
7.080625295639038086e-01 2.091484785079956055e+00
7.090711593627929688e-01 2.120445489883422852e+00
7.100797891616821289e-01 2.131394386291503906e+00
7.110884189605712891e-01 2.119285106658935547e+00
7.120970487594604492e-01 2.119815111160278320e+00
7.131057381629943848e-01 2.121636867523193359e+00
7.141143679618835449e-01 2.138885021209716797e+00
7.151229977607727051e-01 2.149029731750488281e+00
7.161316275596618652e-01 2.120859861373901367e+00
7.171402573585510254e-01 2.111471414566040039e+00
7.181488871574401855e-01 2.097787141799926758e+00
7.191575169563293457e-01 2.145812988281250000e+00
7.201661467552185059e-01 2.153618097305297852e+00
7.211747765541076660e-01 2.116528987884521484e+00
7.221834659576416016e-01 2.147933244705200195e+00
7.231920957565307617e-01 2.162064790725708008e+00
7.242007255554199219e-01 2.149161577224731445e+00
7.252093553543090820e-01 2.151721000671386719e+00
7.262179851531982422e-01 2.132552385330200195e+00
7.272266149520874023e-01 2.162305116653442383e+00
7.282352447509765625e-01 2.136473417282104492e+00
7.292438745498657227e-01 2.141829013824462891e+00
7.302525043487548828e-01 2.154239177703857422e+00
7.312611341476440430e-01 2.125225782394409180e+00
7.322698235511779785e-01 2.097313165664672852e+00
7.332784533500671387e-01 2.148241043090820312e+00
7.342870831489562988e-01 2.138922452926635742e+00
7.352957129478454590e-01 2.099651336669921875e+00
7.363043427467346191e-01 2.117262125015258789e+00
7.373129725456237793e-01 2.150288820266723633e+00
7.383216023445129395e-01 2.169150352478027344e+00
7.393302321434020996e-01 2.164613008499145508e+00
7.403388619422912598e-01 2.145419359207153320e+00
7.413475513458251953e-01 2.171202421188354492e+00
7.423561811447143555e-01 2.140247106552124023e+00
7.433648109436035156e-01 2.153932332992553711e+00
7.443734407424926758e-01 2.152557611465454102e+00
7.453820705413818359e-01 2.150304794311523438e+00
7.463907003402709961e-01 2.151028394699096680e+00
7.473993301391601562e-01 2.174440145492553711e+00
7.484079599380493164e-01 2.198913812637329102e+00
7.494165897369384766e-01 2.184931755065917969e+00
7.504252195358276367e-01 2.169271945953369141e+00
7.514339089393615723e-01 2.175378799438476562e+00
7.524425387382507324e-01 2.199582576751708984e+00
7.534511685371398926e-01 2.230104207992553711e+00
7.544597983360290527e-01 2.177119255065917969e+00
7.554684281349182129e-01 2.164289236068725586e+00
7.564770579338073730e-01 2.167274951934814453e+00
7.574856877326965332e-01 2.164997339248657227e+00
7.584943175315856934e-01 2.155284166336059570e+00
7.595029473304748535e-01 2.196155548095703125e+00
7.605116367340087891e-01 2.202258825302124023e+00
7.615202665328979492e-01 2.189671516418457031e+00
7.625288963317871094e-01 2.174774646759033203e+00
7.635375261306762695e-01 2.204849958419799805e+00
7.645461559295654297e-01 2.239004850387573242e+00
7.655547857284545898e-01 2.196424245834350586e+00
7.665634155273437500e-01 2.198155403137207031e+00
7.675720453262329102e-01 2.178823947906494141e+00
7.685806751251220703e-01 2.187004566192626953e+00
7.695893049240112305e-01 2.211644887924194336e+00
7.705979943275451660e-01 2.187228441238403320e+00
7.716066241264343262e-01 2.186603546142578125e+00
7.726152539253234863e-01 2.186969280242919922e+00
7.736238837242126465e-01 2.198101758956909180e+00
7.746325135231018066e-01 2.239223241806030273e+00
7.756411433219909668e-01 2.238640069961547852e+00
7.766497731208801270e-01 2.195589065551757812e+00
7.776584029197692871e-01 2.202143430709838867e+00
7.786670327186584473e-01 2.185094118118286133e+00
7.796757221221923828e-01 2.203794479370117188e+00
7.806843519210815430e-01 2.202550649642944336e+00
7.816929817199707031e-01 2.212133646011352539e+00
7.827016115188598633e-01 2.210021734237670898e+00
7.837102413177490234e-01 2.230648040771484375e+00
7.847188711166381836e-01 2.201905727386474609e+00
7.857275009155273438e-01 2.212971687316894531e+00
7.867361307144165039e-01 2.233846426010131836e+00
7.877447605133056641e-01 2.252073526382446289e+00
7.887533903121948242e-01 2.221652269363403320e+00
7.897620797157287598e-01 2.237695693969726562e+00
7.907707095146179199e-01 2.243135213851928711e+00
7.917793393135070801e-01 2.222092151641845703e+00
7.927879691123962402e-01 2.236356258392333984e+00
7.937965989112854004e-01 2.246200561523437500e+00
7.948052287101745605e-01 2.224326848983764648e+00
7.958138585090637207e-01 2.223750114440917969e+00
7.968224883079528809e-01 2.203547954559326172e+00
7.978311181068420410e-01 2.241438150405883789e+00
7.988398075103759766e-01 2.244866132736206055e+00
7.998484373092651367e-01 2.260246753692626953e+00
8.008570671081542969e-01 2.250146627426147461e+00
8.018656969070434570e-01 2.237290143966674805e+00
8.028743267059326172e-01 2.269567966461181641e+00
8.038829565048217773e-01 2.258118867874145508e+00
8.048915863037109375e-01 2.245665311813354492e+00
8.059002161026000977e-01 2.245227575302124023e+00
8.069088459014892578e-01 2.231491804122924805e+00
8.079174757003784180e-01 2.237836360931396484e+00
8.089261651039123535e-01 2.253778219223022461e+00
8.099347949028015137e-01 2.260505199432373047e+00
8.109434247016906738e-01 2.275480508804321289e+00
8.119520545005798340e-01 2.271239757537841797e+00
8.129606842994689941e-01 2.296184062957763672e+00
8.139693140983581543e-01 2.289058923721313477e+00
8.149779438972473145e-01 2.312193155288696289e+00
8.159865736961364746e-01 2.295170068740844727e+00
8.169952034950256348e-01 2.278776168823242188e+00
8.180038928985595703e-01 2.280580520629882812e+00
8.190125226974487305e-01 2.289331674575805664e+00
8.200211524963378906e-01 2.304449319839477539e+00
8.210297822952270508e-01 2.302214860916137695e+00
8.220384120941162109e-01 2.259273052215576172e+00
8.230470418930053711e-01 2.273455142974853516e+00
8.240556716918945312e-01 2.249062538146972656e+00
8.250643014907836914e-01 2.277558803558349609e+00
8.260729312896728516e-01 2.281172990798950195e+00
8.270815610885620117e-01 2.308904409408569336e+00
8.280902504920959473e-01 2.277637481689453125e+00
8.290988802909851074e-01 2.297429561614990234e+00
8.301075100898742676e-01 2.303911447525024414e+00
8.311161398887634277e-01 2.310330390930175781e+00
8.321247696876525879e-01 2.312496185302734375e+00
8.331333994865417480e-01 2.340183734893798828e+00
8.341420292854309082e-01 2.309758186340332031e+00
8.351506590843200684e-01 2.319225549697875977e+00
8.361592888832092285e-01 2.318650484085083008e+00
8.371679782867431641e-01 2.351509094238281250e+00
8.381766080856323242e-01 2.335260868072509766e+00
8.391852378845214844e-01 2.330578327178955078e+00
8.401938676834106445e-01 2.357628107070922852e+00
8.412024974822998047e-01 2.341966390609741211e+00
8.422111272811889648e-01 2.361724615097045898e+00
8.432197570800781250e-01 2.319872140884399414e+00
8.442283868789672852e-01 2.330026388168334961e+00
8.452370166778564453e-01 2.338429927825927734e+00
8.462456464767456055e-01 2.389100074768066406e+00
8.472543358802795410e-01 2.336900472640991211e+00
8.482629656791687012e-01 2.317845582962036133e+00
8.492715954780578613e-01 2.340152025222778320e+00
8.502802252769470215e-01 2.341748476028442383e+00
8.512888550758361816e-01 2.305383920669555664e+00
8.522974848747253418e-01 2.352030515670776367e+00
8.533061146736145020e-01 2.340646743774414062e+00
8.543147444725036621e-01 2.343934535980224609e+00
8.553233742713928223e-01 2.301359653472900391e+00
8.563320636749267578e-01 2.334949731826782227e+00
8.573406934738159180e-01 2.323947191238403320e+00
8.583493232727050781e-01 2.308809280395507812e+00
8.593579530715942383e-01 2.339605093002319336e+00
8.603665828704833984e-01 2.330241203308105469e+00
8.613752126693725586e-01 2.287788391113281250e+00
8.623838424682617188e-01 2.364736557006835938e+00
8.633924722671508789e-01 2.363842487335205078e+00
8.644011020660400391e-01 2.342128515243530273e+00
8.654097318649291992e-01 2.350455045700073242e+00
8.664184212684631348e-01 2.355428457260131836e+00
8.674270510673522949e-01 2.338036537170410156e+00
8.684356808662414551e-01 2.300659418106079102e+00
8.694443106651306152e-01 2.330158472061157227e+00
8.704529404640197754e-01 2.366183042526245117e+00
8.714615702629089355e-01 2.381837606430053711e+00
8.724702000617980957e-01 2.388385772705078125e+00
8.734788298606872559e-01 2.408484935760498047e+00
8.744874596595764160e-01 2.378022432327270508e+00
8.754961490631103516e-01 2.381706714630126953e+00
8.765047788619995117e-01 2.408047199249267578e+00
8.775134086608886719e-01 2.435634613037109375e+00
8.785220384597778320e-01 2.427385807037353516e+00
8.795306682586669922e-01 2.427258491516113281e+00
8.805392980575561523e-01 2.410026311874389648e+00
8.815479278564453125e-01 2.385490655899047852e+00
8.825565576553344727e-01 2.402041673660278320e+00
8.835651874542236328e-01 2.422527790069580078e+00
8.845738172531127930e-01 2.435657024383544922e+00
8.855825066566467285e-01 2.408950328826904297e+00
8.865911364555358887e-01 2.431030988693237305e+00
8.875997662544250488e-01 2.413933038711547852e+00
8.886083960533142090e-01 2.457315921783447266e+00
8.896170258522033691e-01 2.428182363510131836e+00
8.906256556510925293e-01 2.456521272659301758e+00
8.916342854499816895e-01 2.460129499435424805e+00
8.926429152488708496e-01 2.473128795623779297e+00
8.936515450477600098e-01 2.472972869873046875e+00
8.946602344512939453e-01 2.444358587265014648e+00
8.956688642501831055e-01 2.521241664886474609e+00
8.966774940490722656e-01 2.451049089431762695e+00
8.976861238479614258e-01 2.469575405120849609e+00
8.986947536468505859e-01 2.498978376388549805e+00
8.997033834457397461e-01 2.472250461578369141e+00
9.007120132446289062e-01 2.479480504989624023e+00
9.017206430435180664e-01 2.495592594146728516e+00
9.027292728424072266e-01 2.513917922973632812e+00
9.037379026412963867e-01 2.458326339721679688e+00
9.047465920448303223e-01 2.489166259765625000e+00
9.057552218437194824e-01 2.472562074661254883e+00
9.067638516426086426e-01 2.483574628829956055e+00
9.077724814414978027e-01 2.535230159759521484e+00
9.087811112403869629e-01 2.536592721939086914e+00
9.097897410392761230e-01 2.485706090927124023e+00
9.107983708381652832e-01 2.511708021163940430e+00
9.118070006370544434e-01 2.528517723083496094e+00
9.128156304359436035e-01 2.533273935317993164e+00
9.138243198394775391e-01 2.516168832778930664e+00
9.148329496383666992e-01 2.513629674911499023e+00
9.158415794372558594e-01 2.501915454864501953e+00
9.168502092361450195e-01 2.580806255340576172e+00
9.178588390350341797e-01 2.553950548171997070e+00
9.188674688339233398e-01 2.562325000762939453e+00
9.198760986328125000e-01 2.589024066925048828e+00
9.208847284317016602e-01 2.582356929779052734e+00
9.218933582305908203e-01 2.563955545425415039e+00
9.229020476341247559e-01 2.524449586868286133e+00
9.239106774330139160e-01 2.548300027847290039e+00
9.249193072319030762e-01 2.599534511566162109e+00
9.259279370307922363e-01 2.580845355987548828e+00
9.269365668296813965e-01 2.576088428497314453e+00
9.279451966285705566e-01 2.558714389801025391e+00
9.289538264274597168e-01 2.597333908081054688e+00
9.299624562263488770e-01 2.594300985336303711e+00
9.309710860252380371e-01 2.614944696426391602e+00
9.319797158241271973e-01 2.596596240997314453e+00
9.329884052276611328e-01 2.589025259017944336e+00
9.339970350265502930e-01 2.610310792922973633e+00
9.350056648254394531e-01 2.630842208862304688e+00
9.360142946243286133e-01 2.628123283386230469e+00
9.370229244232177734e-01 2.561551332473754883e+00
9.380315542221069336e-01 2.596526861190795898e+00
9.390401840209960938e-01 2.592801094055175781e+00
9.400488138198852539e-01 2.608367443084716797e+00
9.410574436187744141e-01 2.617695808410644531e+00
9.420661330223083496e-01 2.577822923660278320e+00
9.430747628211975098e-01 2.579343080520629883e+00
9.440833926200866699e-01 2.554864883422851562e+00
9.450920224189758301e-01 2.610385894775390625e+00
9.461006522178649902e-01 2.651307106018066406e+00
9.471092820167541504e-01 2.598535537719726562e+00
9.481179118156433105e-01 2.604453802108764648e+00
9.491265416145324707e-01 2.657393932342529297e+00
9.501351714134216309e-01 2.598689317703247070e+00
9.511438012123107910e-01 2.662583589553833008e+00
9.521524906158447266e-01 2.671356201171875000e+00
9.531611204147338867e-01 2.622155427932739258e+00
9.541697502136230469e-01 2.634781360626220703e+00
9.551783800125122070e-01 2.686576128005981445e+00
9.561870098114013672e-01 2.685633659362792969e+00
9.571956396102905273e-01 2.667792558670043945e+00
9.582042694091796875e-01 2.721822023391723633e+00
9.592128992080688477e-01 2.660365581512451172e+00
9.602215290069580078e-01 2.715952634811401367e+00
9.612302184104919434e-01 2.726236343383789062e+00
9.622388482093811035e-01 2.662783622741699219e+00
9.632474780082702637e-01 2.709321498870849609e+00
9.642561078071594238e-01 2.734976291656494141e+00
9.652647376060485840e-01 2.703443288803100586e+00
9.662733674049377441e-01 2.726104021072387695e+00
9.672819972038269043e-01 2.637231588363647461e+00
9.682906270027160645e-01 2.735377550125122070e+00
9.692992568016052246e-01 2.710458517074584961e+00
9.703078866004943848e-01 2.762619018554687500e+00
9.713165760040283203e-01 2.728691101074218750e+00
9.723252058029174805e-01 2.732763051986694336e+00
9.733338356018066406e-01 2.702042341232299805e+00
9.743424654006958008e-01 2.674048423767089844e+00
9.753510951995849609e-01 2.819742918014526367e+00
9.763597249984741211e-01 2.777881145477294922e+00
9.773683547973632812e-01 2.770876884460449219e+00
9.783769845962524414e-01 2.800303936004638672e+00
9.793856143951416016e-01 2.848949670791625977e+00
9.803943037986755371e-01 2.702330112457275391e+00
9.814029335975646973e-01 2.721944332122802734e+00
9.824115633964538574e-01 2.706809043884277344e+00
9.834201931953430176e-01 2.763613224029541016e+00
9.844288229942321777e-01 2.774439573287963867e+00
9.854374527931213379e-01 2.739475011825561523e+00
9.864460825920104980e-01 2.763046741485595703e+00
9.874547123908996582e-01 2.771160364151000977e+00
9.884633421897888184e-01 2.849525451660156250e+00
9.894719719886779785e-01 2.791131496429443359e+00
9.904806613922119141e-01 2.780220031738281250e+00
9.914892911911010742e-01 2.813588142395019531e+00
9.924979209899902344e-01 2.791981458663940430e+00
9.935065507888793945e-01 2.781653404235839844e+00
9.945151805877685547e-01 2.773921251296997070e+00
9.955238103866577148e-01 2.820338010787963867e+00
9.965324401855468750e-01 2.772469282150268555e+00
9.975410699844360352e-01 2.761963844299316406e+00
9.985496997833251953e-01 2.759677410125732422e+00
9.995583891868591309e-01 2.765558719635009766e+00
1.000566959381103516e+00 2.799522399902343750e+00
1.001575589179992676e+00 2.857839822769165039e+00
1.002584218978881836e+00 2.859952449798583984e+00
1.003592848777770996e+00 2.852274179458618164e+00
1.004601597785949707e+00 2.844450712203979492e+00
1.005610227584838867e+00 2.869142293930053711e+00
1.006618857383728027e+00 2.850229740142822266e+00
1.007627487182617188e+00 2.787111043930053711e+00
1.008636116981506348e+00 2.842927217483520508e+00
1.009644746780395508e+00 2.836503267288208008e+00
1.010653376579284668e+00 2.852622032165527344e+00
1.011662006378173828e+00 2.907233715057373047e+00
1.012670636177062988e+00 2.921043634414672852e+00
1.013679265975952148e+00 2.889009475708007812e+00
1.014687895774841309e+00 2.847150325775146484e+00
1.015696525573730469e+00 2.887125492095947266e+00
1.016705155372619629e+00 2.870291709899902344e+00
1.017713785171508789e+00 2.913878917694091797e+00
1.018722414970397949e+00 2.801589250564575195e+00
1.019731044769287109e+00 2.821679353713989258e+00
1.020739674568176270e+00 2.795640230178833008e+00
1.021748304367065430e+00 2.841795921325683594e+00
1.022756934165954590e+00 2.904628515243530273e+00
1.023765683174133301e+00 2.993992567062377930e+00
1.024774312973022461e+00 2.824615240097045898e+00
1.025782942771911621e+00 2.839539527893066406e+00
1.026791572570800781e+00 2.894820213317871094e+00
1.027800202369689941e+00 2.882983207702636719e+00
1.028808832168579102e+00 2.843034505844116211e+00
1.029817461967468262e+00 2.925110101699829102e+00
1.030826091766357422e+00 2.922292470932006836e+00
1.031834721565246582e+00 2.940809011459350586e+00
1.032843351364135742e+00 2.901056051254272461e+00
1.033851981163024902e+00 2.866706132888793945e+00
1.034860610961914062e+00 2.890755414962768555e+00
1.035869240760803223e+00 2.941675186157226562e+00
1.036877870559692383e+00 2.931307315826416016e+00
1.037886500358581543e+00 2.980442047119140625e+00
1.038895130157470703e+00 2.837590694427490234e+00
1.039903759956359863e+00 2.933415889739990234e+00
1.040912389755249023e+00 2.931913852691650391e+00
1.041921019554138184e+00 2.938028573989868164e+00
1.042929768562316895e+00 2.930291652679443359e+00
1.043938398361206055e+00 2.979322433471679688e+00
1.044947028160095215e+00 3.007278203964233398e+00
1.045955657958984375e+00 2.988964557647705078e+00
1.046964287757873535e+00 2.930168628692626953e+00
1.047972917556762695e+00 2.894206047058105469e+00
1.048981547355651855e+00 2.993250370025634766e+00
1.049990177154541016e+00 3.090408802032470703e+00
1.050998806953430176e+00 2.886292457580566406e+00
1.052007436752319336e+00 2.871594905853271484e+00
1.053016066551208496e+00 2.929626941680908203e+00
1.054024696350097656e+00 2.972826957702636719e+00
1.055033326148986816e+00 2.889448165893554688e+00
1.056041955947875977e+00 2.945927381515502930e+00
1.057050585746765137e+00 3.023519992828369141e+00
1.058059215545654297e+00 2.906330823898315430e+00
1.059067845344543457e+00 3.086198091506958008e+00
1.060076475143432617e+00 3.064113616943359375e+00
1.061085104942321777e+00 3.042516708374023438e+00
1.062093853950500488e+00 2.991081953048706055e+00
1.063102483749389648e+00 2.966577768325805664e+00
1.064111113548278809e+00 2.996657371520996094e+00
1.065119743347167969e+00 3.068486928939819336e+00
1.066128373146057129e+00 2.929153442382812500e+00
1.067137002944946289e+00 2.986180305480957031e+00
1.068145632743835449e+00 2.927825450897216797e+00
1.069154262542724609e+00 2.972132444381713867e+00
1.070162892341613770e+00 3.057252645492553711e+00
1.071171522140502930e+00 3.058510303497314453e+00
1.072180151939392090e+00 3.016957759857177734e+00
1.073188781738281250e+00 3.107090711593627930e+00
1.074197411537170410e+00 2.993525028228759766e+00
1.075206041336059570e+00 3.017347574234008789e+00
1.076214671134948730e+00 3.014026641845703125e+00
1.077223300933837891e+00 3.032668113708496094e+00
1.078231930732727051e+00 3.115997791290283203e+00
1.079240560531616211e+00 3.021984338760375977e+00
1.080249190330505371e+00 3.077522993087768555e+00
1.081257939338684082e+00 3.149275064468383789e+00
1.082266569137573242e+00 3.067012548446655273e+00
1.083275198936462402e+00 3.064832687377929688e+00
1.084283828735351562e+00 3.063639879226684570e+00
1.085292458534240723e+00 3.103230714797973633e+00
1.086301088333129883e+00 3.036507844924926758e+00
1.087309718132019043e+00 3.085272550582885742e+00
1.088318347930908203e+00 3.071394920349121094e+00
1.089326977729797363e+00 2.978998184204101562e+00
1.090335607528686523e+00 3.080563306808471680e+00
1.091344237327575684e+00 3.071911096572875977e+00
1.092352867126464844e+00 3.111945629119873047e+00
1.093361496925354004e+00 3.082527399063110352e+00
1.094370126724243164e+00 3.129650115966796875e+00
1.095378756523132324e+00 3.068861722946166992e+00
1.096387386322021484e+00 3.075975179672241211e+00
1.097396016120910645e+00 3.106793880462646484e+00
1.098404645919799805e+00 3.093916416168212891e+00
1.099413275718688965e+00 3.109275341033935547e+00
1.100422024726867676e+00 3.202346086502075195e+00
1.101430654525756836e+00 3.101924419403076172e+00
1.102439284324645996e+00 3.078720569610595703e+00
1.103447914123535156e+00 3.111153125762939453e+00
1.104456543922424316e+00 3.227536439895629883e+00
1.105465173721313477e+00 3.111907005310058594e+00
1.106473803520202637e+00 3.143360614776611328e+00
1.107482433319091797e+00 3.196541070938110352e+00
1.108491063117980957e+00 3.167464494705200195e+00
1.109499692916870117e+00 3.235891342163085938e+00
1.110508322715759277e+00 3.200530052185058594e+00
1.111516952514648438e+00 3.110393762588500977e+00
1.112525582313537598e+00 3.143257141113281250e+00
1.113534212112426758e+00 3.139061212539672852e+00
1.114542841911315918e+00 3.214305639266967773e+00
1.115551471710205078e+00 3.167830944061279297e+00
1.116560101509094238e+00 3.088103771209716797e+00
1.117568731307983398e+00 3.219469785690307617e+00
1.118577361106872559e+00 3.308682441711425781e+00
1.119586110115051270e+00 3.216248989105224609e+00
1.120594739913940430e+00 3.119638919830322266e+00
1.121603369712829590e+00 3.075469493865966797e+00
1.122611999511718750e+00 3.238986730575561523e+00
1.123620629310607910e+00 3.142938613891601562e+00
1.124629259109497070e+00 3.158240556716918945e+00
1.125637888908386230e+00 3.324020862579345703e+00
1.126646518707275391e+00 3.108718633651733398e+00
1.127655148506164551e+00 3.168717622756958008e+00
1.128663778305053711e+00 3.116317272186279297e+00
1.129672408103942871e+00 3.156687498092651367e+00
1.130681037902832031e+00 3.193459987640380859e+00
1.131689667701721191e+00 3.123372554779052734e+00
1.132698297500610352e+00 3.096923351287841797e+00
1.133706927299499512e+00 3.097001075744628906e+00
1.134715557098388672e+00 3.196125507354736328e+00
1.135724186897277832e+00 3.164005756378173828e+00
1.136732816696166992e+00 3.177925348281860352e+00
1.137741446495056152e+00 3.183752298355102539e+00
1.138750195503234863e+00 3.188369274139404297e+00
1.139758825302124023e+00 3.159629821777343750e+00
1.140767455101013184e+00 3.281862974166870117e+00
1.141776084899902344e+00 3.151082038879394531e+00
1.142784714698791504e+00 3.219681978225708008e+00
1.143793344497680664e+00 3.258942127227783203e+00
1.144801974296569824e+00 3.249489545822143555e+00
1.145810604095458984e+00 3.213083028793334961e+00
1.146819233894348145e+00 3.443111419677734375e+00
1.147827863693237305e+00 3.311592578887939453e+00
1.148836493492126465e+00 3.400182962417602539e+00
1.149845123291015625e+00 3.323748588562011719e+00
1.150853753089904785e+00 3.246064901351928711e+00
1.151862382888793945e+00 3.215572118759155273e+00
1.152871012687683105e+00 3.243240833282470703e+00
1.153879642486572266e+00 3.324269294738769531e+00
1.154888272285461426e+00 3.288821935653686523e+00
1.155896902084350586e+00 3.225606679916381836e+00
1.156905531883239746e+00 3.289724349975585938e+00
1.157914280891418457e+00 3.292064905166625977e+00
1.158922910690307617e+00 3.084547996520996094e+00
1.159931540489196777e+00 3.368943691253662109e+00
1.160940170288085938e+00 3.313082456588745117e+00
1.161948800086975098e+00 3.251674890518188477e+00
1.162957429885864258e+00 3.484909534454345703e+00
1.163966059684753418e+00 3.403226852416992188e+00
1.164974689483642578e+00 3.200322866439819336e+00
1.165983319282531738e+00 3.407392024993896484e+00
1.166991949081420898e+00 3.452487230300903320e+00
1.168000578880310059e+00 3.390166997909545898e+00
1.169009208679199219e+00 3.427369117736816406e+00
1.170017838478088379e+00 3.337104797363281250e+00
1.171026468276977539e+00 3.374589681625366211e+00
1.172035098075866699e+00 3.409672498703002930e+00
1.173043727874755859e+00 3.449396371841430664e+00
1.174052357673645020e+00 3.525960206985473633e+00
1.175060987472534180e+00 3.328958034515380859e+00
1.176069617271423340e+00 3.404352664947509766e+00
1.177078366279602051e+00 3.505214691162109375e+00
1.178086996078491211e+00 3.287219524383544922e+00
1.179095625877380371e+00 3.393093824386596680e+00
1.180104255676269531e+00 3.371143102645874023e+00
1.181112885475158691e+00 3.581961870193481445e+00
1.182121515274047852e+00 3.545751333236694336e+00
1.183130145072937012e+00 3.597447872161865234e+00
1.184138774871826172e+00 3.379267692565917969e+00
1.185147404670715332e+00 3.561018943786621094e+00
1.186156034469604492e+00 3.708677291870117188e+00
1.187164664268493652e+00 3.529025554656982422e+00
1.188173294067382812e+00 3.503078937530517578e+00
1.189181923866271973e+00 3.570429801940917969e+00
1.190190553665161133e+00 3.394235849380493164e+00
1.191199183464050293e+00 3.360542535781860352e+00
1.192207813262939453e+00 3.455965757369995117e+00
1.193216443061828613e+00 3.365764856338500977e+00
1.194225072860717773e+00 3.342747688293457031e+00
1.195233702659606934e+00 3.791772603988647461e+00
1.196242451667785645e+00 3.519811391830444336e+00
1.197251081466674805e+00 3.633891344070434570e+00
1.198259711265563965e+00 3.535241603851318359e+00
1.199268341064453125e+00 3.441362142562866211e+00
1.200276970863342285e+00 3.307968854904174805e+00
1.201285600662231445e+00 3.593390464782714844e+00
1.202294230461120605e+00 3.772205829620361328e+00
1.203302860260009766e+00 2.896005392074584961e+00
1.204311490058898926e+00 3.404007911682128906e+00
1.205320119857788086e+00 3.570228576660156250e+00
1.206328749656677246e+00 3.368276834487915039e+00
1.207337379455566406e+00 3.724406242370605469e+00
1.208346009254455566e+00 3.246201515197753906e+00
1.209354639053344727e+00 3.392156839370727539e+00
