0.000000000000000000e+00 7.636402893066406250e+01
1.008636085316538811e-03 6.200882339477539062e+01
2.017272170633077621e-03 4.945427703857421875e+01
3.025908255949616432e-03 3.599931335449218750e+01
4.034544341266155243e-03 2.757709884643554688e+01
5.043180659413337708e-03 2.178874969482421875e+01
6.051816511899232864e-03 1.785799217224121094e+01
7.060452364385128021e-03 1.476792144775390625e+01
8.069088682532310486e-03 1.217638683319091797e+01
9.077725000679492950e-03 9.913329124450683594e+00
1.008636131882667542e-02 8.612415313720703125e+00
1.109499670565128326e-02 7.446159362792968750e+00
1.210363302379846573e-02 5.829152107238769531e+00
1.311226934194564819e-02 4.834668636322021484e+00
1.412090472877025604e-02 4.217653751373291016e+00
1.512954104691743851e-02 3.709219455718994141e+00
1.613817736506462097e-02 3.135970354080200195e+00
1.714681275188922882e-02 2.837868690490722656e+00
1.815545000135898590e-02 2.528611660003662109e+00
1.916408538818359375e-02 2.233987569808959961e+00
2.017272263765335083e-02 1.949197053909301758e+00
2.118135802447795868e-02 1.808892250061035156e+00
2.218999341130256653e-02 1.559291005134582520e+00
2.319863066077232361e-02 1.356112718582153320e+00
2.420726604759693146e-02 1.305909514427185059e+00
2.521590143442153931e-02 1.219041585922241211e+00
2.622453868389129639e-02 1.040757179260253906e+00
2.723317407071590424e-02 1.003544330596923828e+00
2.824180945754051208e-02 9.320890903472900391e-01
2.925044670701026917e-02 7.990786433219909668e-01
3.025908209383487701e-02 7.087342739105224609e-01
3.126771748065948486e-02 7.194285392761230469e-01
3.227635473012924194e-02 6.650016307830810547e-01
3.328499197959899902e-02 5.827005505561828613e-01
3.429362550377845764e-02 6.178996562957763672e-01
3.530226275324821472e-02 5.434916615486145020e-01
3.631090000271797180e-02 5.215889215469360352e-01
3.731953352689743042e-02 4.745742678642272949e-01
3.832817077636718750e-02 4.380741715431213379e-01
3.933680802583694458e-02 4.321871697902679443e-01
4.034544527530670166e-02 3.798494040966033936e-01
4.135407879948616028e-02 3.638497889041900635e-01
4.236271604895591736e-02 3.534963726997375488e-01
4.337135329842567444e-02 3.287543654441833496e-01
4.437998682260513306e-02 2.898352146148681641e-01
4.538862407207489014e-02 3.051516711711883545e-01
4.639726132154464722e-02 2.693130671977996826e-01
4.740589484572410583e-02 2.699701488018035889e-01
4.841453209519386292e-02 2.645734250545501709e-01
4.942316934466362000e-02 2.651632726192474365e-01
5.043180286884307861e-02 2.200634479522705078e-01
5.144044011831283569e-02 2.154101729393005371e-01
5.244907736778259277e-02 2.056370824575424194e-01
5.345771089196205139e-02 2.113351672887802124e-01
5.446634814143180847e-02 1.924461871385574341e-01
5.547498539090156555e-02 1.817993372678756714e-01
5.648361891508102417e-02 2.089366912841796875e-01
5.749225616455078125e-02 1.840476989746093750e-01
5.850089341402053833e-02 1.565873771905899048e-01
5.950953066349029541e-02 1.716194897890090942e-01
6.051816418766975403e-02 1.670739948749542236e-01
6.152680143713951111e-02 1.616488248109817505e-01
6.253543496131896973e-02 1.554982364177703857e-01
6.354407221078872681e-02 1.361642926931381226e-01
6.455270946025848389e-02 1.404625922441482544e-01
6.556134670972824097e-02 1.276278346776962280e-01
6.656998395919799805e-02 1.237483024597167969e-01
6.757862120866775513e-02 1.125007569789886475e-01
6.858725100755691528e-02 1.185655742883682251e-01
6.959588825702667236e-02 1.307851225137710571e-01
7.060452550649642944e-02 1.207087039947509766e-01
7.161316275596618652e-02 1.197979748249053955e-01
7.262180000543594360e-02 9.361986815929412842e-02
7.363043725490570068e-02 1.026795506477355957e-01
7.463906705379486084e-02 1.061305627226829529e-01
7.564770430326461792e-02 1.126354783773422241e-01
7.665634155273437500e-02 1.059544906020164490e-01
7.766497880220413208e-02 1.032951995730400085e-01
7.867361605167388916e-02 9.713096916675567627e-02
7.968225330114364624e-02 1.040297523140907288e-01
8.069089055061340332e-02 9.264338016510009766e-02
8.169952034950256348e-02 1.102117449045181274e-01
8.270815759897232056e-02 1.033446639776229858e-01
8.371679484844207764e-02 9.372972697019577026e-02
8.472543209791183472e-02 9.808412194252014160e-02
8.573406934738159180e-02 9.940470010042190552e-02
8.674270659685134888e-02 9.404682368040084839e-02
8.775133639574050903e-02 9.388167411088943481e-02
8.875997364521026611e-02 9.453791379928588867e-02
8.976861089468002319e-02 9.493266791105270386e-02
9.077724814414978027e-02 9.852569550275802612e-02
9.178588539361953735e-02 8.964855223894119263e-02
9.279452264308929443e-02 7.794479280710220337e-02
9.380315244197845459e-02 8.711259812116622925e-02
9.481178969144821167e-02 1.014651805162429810e-01
9.582042694091796875e-02 1.064957752823829651e-01
9.682906419038772583e-02 8.804195374250411987e-02
9.783770143985748291e-02 8.797912299633026123e-02
9.884633868932723999e-02 9.038949757814407349e-02
9.985497593879699707e-02 9.774512052536010742e-02
1.008636057376861572e-01 9.236481040716171265e-02
1.018722429871559143e-01 9.066955745220184326e-02
1.028808802366256714e-01 8.618436008691787720e-02
1.038895174860954285e-01 9.816388785839080811e-02
1.048981547355651855e-01 9.873514622449874878e-02
1.059067919850349426e-01 9.356640279293060303e-02
1.069154217839241028e-01 9.754952788352966309e-02
1.079240590333938599e-01 1.172595545649528503e-01
1.089326962828636169e-01 9.559371322393417358e-02
1.099413335323333740e-01 1.027310341596603394e-01
1.109499707818031311e-01 9.242607653141021729e-02
1.119586080312728882e-01 9.185022860765457153e-02
1.129672378301620483e-01 9.921555221080780029e-02
1.139758750796318054e-01 9.939404577016830444e-02
1.149845123291015625e-01 9.997892379760742188e-02
1.159931495785713196e-01 8.657643944025039673e-02
1.170017868280410767e-01 9.060593694448471069e-02
1.180104240775108337e-01 9.032073616981506348e-02
1.190190613269805908e-01 1.034187972545623779e-01
1.200276911258697510e-01 8.805490285158157349e-02
1.210363283753395081e-01 1.007670238614082336e-01
1.220449656248092651e-01 9.597177803516387939e-02
1.230536028742790222e-01 1.018107086420059204e-01
1.240622401237487793e-01 1.064613983035087585e-01
1.250708699226379395e-01 1.026014387607574463e-01
1.260795146226882935e-01 1.030013412237167358e-01
1.270881444215774536e-01 1.023005619645118713e-01
1.280967891216278076e-01 9.790270030498504639e-02
1.291054189205169678e-01 1.107838749885559082e-01
1.301140487194061279e-01 1.013390496373176575e-01
1.311226934194564819e-01 1.025190353393554688e-01
1.321313232183456421e-01 1.072691306471824646e-01
1.331399679183959961e-01 1.075314953923225403e-01
1.341485977172851562e-01 9.422202408313751221e-02
1.351572424173355103e-01 1.101491451263427734e-01
1.361658722162246704e-01 1.022430136799812317e-01
1.371745020151138306e-01 1.159749031066894531e-01
1.381831467151641846e-01 1.061419472098350525e-01
1.391917765140533447e-01 1.071178615093231201e-01
1.402004212141036987e-01 9.909540414810180664e-02
1.412090510129928589e-01 1.042075157165527344e-01
1.422176808118820190e-01 9.484630823135375977e-02
1.432263255119323730e-01 8.966929465532302856e-02
1.442349553108215332e-01 8.271867036819458008e-02
1.452436000108718872e-01 8.413507044315338135e-02
1.462522298097610474e-01 9.080844372510910034e-02
1.472608745098114014e-01 9.140098839998245239e-02
1.482695043087005615e-01 8.812675625085830688e-02
1.492781341075897217e-01 8.315237611532211304e-02
1.502867788076400757e-01 7.511945813894271851e-02
1.512954086065292358e-01 9.073029458522796631e-02
1.523040533065795898e-01 8.553197979927062988e-02
1.533126831054687500e-01 8.703704923391342163e-02
1.543213278055191040e-01 8.782418072223663330e-02
1.553299576044082642e-01 9.445372223854064941e-02
1.563385874032974243e-01 7.930085062980651855e-02
1.573472321033477783e-01 7.478536665439605713e-02
1.583558619022369385e-01 7.002940773963928223e-02
1.593645066022872925e-01 8.404511958360671997e-02
1.603731364011764526e-01 8.110975474119186401e-02
1.613817811012268066e-01 7.172919064760208130e-02
1.623904109001159668e-01 7.994031161069869995e-02
1.633990406990051270e-01 7.530003041028976440e-02
1.644076853990554810e-01 7.214384526014328003e-02
1.654163151979446411e-01 8.159995079040527344e-02
1.664249598979949951e-01 7.941481471061706543e-02
1.674335896968841553e-01 8.751835674047470093e-02
1.684422194957733154e-01 9.542287886142730713e-02
1.694508641958236694e-01 9.469780325889587402e-02
1.704594939947128296e-01 8.879472315311431885e-02
1.714681386947631836e-01 9.827534854412078857e-02
1.724767684936523438e-01 1.074346750974655151e-01
1.734854131937026978e-01 9.570609778165817261e-02
1.744940429925918579e-01 9.842596203088760376e-02
1.755026727914810181e-01 1.002136766910552979e-01
1.765113174915313721e-01 9.504074603319168091e-02
1.775199472904205322e-01 1.010176986455917358e-01
1.785285919904708862e-01 1.001430451869964600e-01
1.795372217893600464e-01 9.150225669145584106e-02
1.805458664894104004e-01 1.039561703801155090e-01
1.815544962882995605e-01 1.013567075133323669e-01
1.825631260871887207e-01 9.370804578065872192e-02
1.835717707872390747e-01 9.185632318258285522e-02
1.845804005861282349e-01 1.042130514979362488e-01
1.855890452861785889e-01 1.107943952083587646e-01
1.865976750850677490e-01 1.205807030200958252e-01
1.876063048839569092e-01 1.131051182746887207e-01
1.886149495840072632e-01 1.117063984274864197e-01
1.896235793828964233e-01 1.142242699861526489e-01
1.906322240829467773e-01 1.046154722571372986e-01
1.916408538818359375e-01 1.122686713933944702e-01
1.926494985818862915e-01 1.233088225126266479e-01
1.936581283807754517e-01 1.163094639778137207e-01
1.946667581796646118e-01 1.101175844669342041e-01
1.956754028797149658e-01 1.059961542487144470e-01
1.966840326786041260e-01 1.214531064033508301e-01
1.976926773786544800e-01 1.153429597616195679e-01
1.987013071775436401e-01 1.178155392408370972e-01
1.997099518775939941e-01 1.168892830610275269e-01
2.007185816764831543e-01 1.221725568175315857e-01
2.017272114753723145e-01 1.221560686826705933e-01
2.027358561754226685e-01 1.172262504696846008e-01
2.037444859743118286e-01 1.085941195487976074e-01
2.047531306743621826e-01 1.106791123747825623e-01
2.057617604732513428e-01 1.267366707324981689e-01
2.067703902721405029e-01 1.257940083742141724e-01
2.077790349721908569e-01 1.166743636131286621e-01
2.087876647710800171e-01 1.152391284704208374e-01
2.097963094711303711e-01 1.177415847778320312e-01
2.108049392700195312e-01 1.189235225319862366e-01
2.118135839700698853e-01 1.159315109252929688e-01
2.128222137689590454e-01 1.174976676702499390e-01
2.138308435678482056e-01 1.217837035655975342e-01
2.148394882678985596e-01 1.118823364377021790e-01
2.158481180667877197e-01 1.070125252008438110e-01
2.168567627668380737e-01 1.161341890692710876e-01
2.178653925657272339e-01 1.216923892498016357e-01
2.188740372657775879e-01 1.173566505312919617e-01
2.198826670646667480e-01 1.246135905385017395e-01
2.208912968635559082e-01 1.163259223103523254e-01
2.218999415636062622e-01 1.250234246253967285e-01
2.229085713624954224e-01 1.127408742904663086e-01
2.239172160625457764e-01 1.072835028171539307e-01
2.249258458614349365e-01 1.151413321495056152e-01
2.259344756603240967e-01 1.176426187157630920e-01
2.269431203603744507e-01 1.060756668448448181e-01
2.279517501592636108e-01 1.067061498761177063e-01
2.289603948593139648e-01 1.101453006267547607e-01
2.299690246582031250e-01 1.178572922945022583e-01
2.309776693582534790e-01 1.109845489263534546e-01
2.319862991571426392e-01 1.146777272224426270e-01
2.329949289560317993e-01 1.125936657190322876e-01
2.340035736560821533e-01 1.209717392921447754e-01
2.350122034549713135e-01 1.086544021964073181e-01
2.360208481550216675e-01 1.148221865296363831e-01
2.370294779539108276e-01 1.146270185708999634e-01
2.380381226539611816e-01 1.128482818603515625e-01
2.390467524528503418e-01 1.087579950690269470e-01
2.400553822517395020e-01 1.058625429868698120e-01
2.410640269517898560e-01 1.141151860356330872e-01
2.420726567506790161e-01 1.477246582508087158e-01
2.430813014507293701e-01 2.631522417068481445e-01
2.440899312496185303e-01 1.146567612886428833e-01
2.450985759496688843e-01 1.089136004447937012e-01
2.461072057485580444e-01 1.071313694119453430e-01
2.471158355474472046e-01 1.072856858372688293e-01
2.481244802474975586e-01 1.090756505727767944e-01
2.491331100463867188e-01 1.149118840694427490e-01
2.501417398452758789e-01 1.076202690601348877e-01
2.511503994464874268e-01 1.092194691300392151e-01
2.521590292453765869e-01 1.023736670613288879e-01
2.531676590442657471e-01 1.032052710652351379e-01
2.541762888431549072e-01 9.821221232414245605e-02
2.551849186420440674e-01 1.014111787080764771e-01
2.561935782432556152e-01 1.152203455567359924e-01
2.572022080421447754e-01 1.062299534678459167e-01
2.582108378410339355e-01 1.054029539227485657e-01
2.592194676399230957e-01 1.060174405574798584e-01
2.602280974388122559e-01 1.028520390391349792e-01
2.612367570400238037e-01 1.037843152880668640e-01
2.622453868389129639e-01 1.182388290762901306e-01
2.632540166378021240e-01 1.095471903681755066e-01
2.642626464366912842e-01 1.141252145171165466e-01
2.652712762355804443e-01 9.798903763294219971e-02
2.662799358367919922e-01 1.083051264286041260e-01
2.672885656356811523e-01 1.085408180952072144e-01
2.682971954345703125e-01 1.067454963922500610e-01
2.693058252334594727e-01 1.089173108339309692e-01
2.703144848346710205e-01 1.087641045451164246e-01
2.713231146335601807e-01 1.099442020058631897e-01
2.723317444324493408e-01 1.111664921045303345e-01
2.733403742313385010e-01 1.032733768224716187e-01
2.743490040302276611e-01 1.078340560197830200e-01
2.753576636314392090e-01 1.065229773521423340e-01
2.763662934303283691e-01 1.076893135905265808e-01
2.773749232292175293e-01 1.123898923397064209e-01
2.783835530281066895e-01 1.036667153239250183e-01
2.793921828269958496e-01 1.056965664029121399e-01
2.804008424282073975e-01 1.048606410622596741e-01
2.814094722270965576e-01 1.144393384456634521e-01
2.824181020259857178e-01 1.056282669305801392e-01
2.834267318248748779e-01 1.045387834310531616e-01
2.844353616237640381e-01 1.099372357130050659e-01
2.854440212249755859e-01 1.127827987074851990e-01
2.864526510238647461e-01 1.076731160283088684e-01
2.874612808227539062e-01 9.951260685920715332e-02
2.884699106216430664e-01 9.973844885826110840e-02
2.894785702228546143e-01 1.080884933471679688e-01
2.904872000217437744e-01 9.907311201095581055e-02
2.914958298206329346e-01 1.073964387178421021e-01
2.925044596195220947e-01 1.118160188198089600e-01
2.935130894184112549e-01 1.038061976432800293e-01
2.945217490196228027e-01 1.161116957664489746e-01
2.955303788185119629e-01 1.154229417443275452e-01
2.965390086174011230e-01 1.148373559117317200e-01
2.975476384162902832e-01 1.050803735852241516e-01
2.985562682151794434e-01 1.133071035146713257e-01
2.995649278163909912e-01 1.131168305873870850e-01
3.005735576152801514e-01 1.166810020804405212e-01
3.015821874141693115e-01 1.186303868889808655e-01
3.025908172130584717e-01 1.141959726810455322e-01
3.035994470119476318e-01 1.137502565979957581e-01
3.046081066131591797e-01 1.140664145350456238e-01
3.056167364120483398e-01 1.094102784991264343e-01
3.066253662109375000e-01 1.046102866530418396e-01
3.076339960098266602e-01 1.133388057351112366e-01
3.086426556110382080e-01 1.209923475980758667e-01
3.096512854099273682e-01 1.122799366712570190e-01
3.106599152088165283e-01 1.171320900321006775e-01
3.116685450077056885e-01 1.124348789453506470e-01
3.126771748065948486e-01 1.182293593883514404e-01
3.136858344078063965e-01 1.128494217991828918e-01
3.146944642066955566e-01 1.154297590255737305e-01
3.157030940055847168e-01 1.081318482756614685e-01
3.167117238044738770e-01 1.150654479861259460e-01
3.177203536033630371e-01 1.163830831646919250e-01
3.187290132045745850e-01 1.119306460022926331e-01
3.197376430034637451e-01 1.134949475526809692e-01
3.207462728023529053e-01 1.132261231541633606e-01
3.217549026012420654e-01 1.213423386216163635e-01
3.227635622024536133e-01 1.146299615502357483e-01
3.237721920013427734e-01 1.110398322343826294e-01
3.247808218002319336e-01 1.191281601786613464e-01
3.257894515991210938e-01 1.152836456894874573e-01
3.267980813980102539e-01 1.134249195456504822e-01
3.278067409992218018e-01 1.160050332546234131e-01
3.288153707981109619e-01 1.135220229625701904e-01
3.298240005970001221e-01 1.204989403486251831e-01
3.308326303958892822e-01 1.188134998083114624e-01
3.318412601947784424e-01 1.098989024758338928e-01
3.328499197959899902e-01 1.162077710032463074e-01
3.338585495948791504e-01 1.150746420025825500e-01
3.348671793937683105e-01 1.179773136973381042e-01
3.358758091926574707e-01 1.151078641414642334e-01
3.368844389915466309e-01 1.210728213191032410e-01
3.378930985927581787e-01 1.164694279432296753e-01
3.389017283916473389e-01 1.147899478673934937e-01
3.399103581905364990e-01 1.182127743959426880e-01
3.409189879894256592e-01 1.201105266809463501e-01
3.419276475906372070e-01 1.155210882425308228e-01
3.429362773895263672e-01 1.155341491103172302e-01
3.439449071884155273e-01 1.139353662729263306e-01
3.449535369873046875e-01 1.217736825346946716e-01
3.459621667861938477e-01 1.175206080079078674e-01
3.469708263874053955e-01 1.209703385829925537e-01
3.479794561862945557e-01 1.201482340693473816e-01
3.489880859851837158e-01 1.309503316879272461e-01
3.499967157840728760e-01 1.205834969878196716e-01
3.510053455829620361e-01 1.140701472759246826e-01
3.520140051841735840e-01 1.182889044284820557e-01
3.530226349830627441e-01 1.235864758491516113e-01
3.540312647819519043e-01 1.193716600537300110e-01
3.550398945808410645e-01 1.207392290234565735e-01
3.560485243797302246e-01 1.226502954959869385e-01
3.570571839809417725e-01 1.306123137474060059e-01
3.580658137798309326e-01 1.257589906454086304e-01
3.590744435787200928e-01 1.188528835773468018e-01
3.600830733776092529e-01 1.384690701961517334e-01
3.610917329788208008e-01 1.332570761442184448e-01
3.621003627777099609e-01 1.188914403319358826e-01
3.631089925765991211e-01 1.218664199113845825e-01
3.641176223754882812e-01 1.265278458595275879e-01
3.651262521743774414e-01 1.263027787208557129e-01
3.661349117755889893e-01 1.234899088740348816e-01
3.671435415744781494e-01 1.203958019614219666e-01
3.681521713733673096e-01 1.276946961879730225e-01
3.691608011722564697e-01 1.242580935359001160e-01
3.701694309711456299e-01 1.278029382228851318e-01
3.711780905723571777e-01 1.325143128633499146e-01
3.721867203712463379e-01 1.290930509567260742e-01
3.731953501701354980e-01 1.184865683317184448e-01
3.742039799690246582e-01 1.289341300725936890e-01
3.752126097679138184e-01 1.328258365392684937e-01
3.762212693691253662e-01 1.281756013631820679e-01
3.772298991680145264e-01 1.333504617214202881e-01
3.782385289669036865e-01 1.301824301481246948e-01
3.792471587657928467e-01 1.374908685684204102e-01
3.802558183670043945e-01 1.312278211116790771e-01
3.812644481658935547e-01 1.375006288290023804e-01
3.822730779647827148e-01 1.301708519458770752e-01
3.832817077636718750e-01 1.328205764293670654e-01
3.842903375625610352e-01 1.250654458999633789e-01
3.852989971637725830e-01 1.342854499816894531e-01
3.863076269626617432e-01 1.369516104459762573e-01
3.873162567615509033e-01 1.322461813688278198e-01
3.883248865604400635e-01 1.355346888303756714e-01
3.893335163593292236e-01 1.356401890516281128e-01
3.903421759605407715e-01 1.393254846334457397e-01
3.913508057594299316e-01 1.398184150457382202e-01
3.923594355583190918e-01 1.350962072610855103e-01
3.933680653572082520e-01 1.407805234193801880e-01
3.943766951560974121e-01 1.428682357072830200e-01
3.953853547573089600e-01 1.411908864974975586e-01
3.963939845561981201e-01 1.442817747592926025e-01
3.974026143550872803e-01 1.383697092533111572e-01
3.984112441539764404e-01 1.436096578836441040e-01
3.994199037551879883e-01 1.409429311752319336e-01
4.004285335540771484e-01 1.391838043928146362e-01
4.014371633529663086e-01 1.353128552436828613e-01
4.024457931518554688e-01 1.393238008022308350e-01
4.034544229507446289e-01 1.411241739988327026e-01
4.044630825519561768e-01 1.454068273305892944e-01
4.054717123508453369e-01 1.462279558181762695e-01
4.064803421497344971e-01 1.538911908864974976e-01
4.074889719486236572e-01 1.547865569591522217e-01
4.084976017475128174e-01 1.510678678750991821e-01
4.095062613487243652e-01 1.371072232723236084e-01
4.105148911476135254e-01 1.413806676864624023e-01
4.115235209465026855e-01 1.535164564847946167e-01
4.125321507453918457e-01 1.469277292490005493e-01
4.135407805442810059e-01 1.497950851917266846e-01
4.145494401454925537e-01 1.500086635351181030e-01
4.155580699443817139e-01 1.467094272375106812e-01
4.165666997432708740e-01 1.420040279626846313e-01
4.175753295421600342e-01 1.469375789165496826e-01
4.185839891433715820e-01 1.445346027612686157e-01
4.195926189422607422e-01 1.493946611881256104e-01
4.206012487411499023e-01 1.546547859907150269e-01
4.216098785400390625e-01 1.517291814088821411e-01
4.226185083389282227e-01 1.555324494838714600e-01
4.236271679401397705e-01 1.467963457107543945e-01
4.246357977390289307e-01 1.591167151927947998e-01
4.256444275379180908e-01 1.525069028139114380e-01
4.266530573368072510e-01 1.663321405649185181e-01
4.276616871356964111e-01 1.690457314252853394e-01
4.286703467369079590e-01 1.596295982599258423e-01
4.296789765357971191e-01 1.545269042253494263e-01
4.306876063346862793e-01 1.573404371738433838e-01
4.316962361335754395e-01 1.567623466253280640e-01
4.327048659324645996e-01 1.629855483770370483e-01
4.337135255336761475e-01 1.652589589357376099e-01
4.347221553325653076e-01 1.575346440076828003e-01
4.357307851314544678e-01 1.655286848545074463e-01
4.367394149303436279e-01 1.652673482894897461e-01
4.377480745315551758e-01 1.593667715787887573e-01
4.387567043304443359e-01 1.613234877586364746e-01
4.397653341293334961e-01 1.587305068969726562e-01
4.407739639282226562e-01 1.674299389123916626e-01
4.417825937271118164e-01 1.687309890985488892e-01
4.427912533283233643e-01 1.608203649520874023e-01
4.437998831272125244e-01 1.637826710939407349e-01
4.448085129261016846e-01 1.717566847801208496e-01
4.458171427249908447e-01 1.667319536209106445e-01
4.468257725238800049e-01 1.706835031509399414e-01
4.478344321250915527e-01 1.742123812437057495e-01
4.488430619239807129e-01 1.602855622768402100e-01
4.498516917228698730e-01 1.694120615720748901e-01
4.508603215217590332e-01 1.636643707752227783e-01
4.518689513206481934e-01 1.665500253438949585e-01
4.528776109218597412e-01 1.695154607295989990e-01
4.538862407207489014e-01 1.732745319604873657e-01
4.548948705196380615e-01 1.694499254226684570e-01
4.559035003185272217e-01 1.778317093849182129e-01
4.569121599197387695e-01 1.677550226449966431e-01
4.579207897186279297e-01 1.773056685924530029e-01
4.589294195175170898e-01 1.719990670680999756e-01
4.599380493164062500e-01 1.737951934337615967e-01
4.609466791152954102e-01 1.726639121770858765e-01
4.619553387165069580e-01 1.777863502502441406e-01
4.629639685153961182e-01 1.753080189228057861e-01
4.639725983142852783e-01 1.716864556074142456e-01
4.649812281131744385e-01 1.829432845115661621e-01
4.659898579120635986e-01 1.879653930664062500e-01
4.669985175132751465e-01 1.895551830530166626e-01
4.680071473121643066e-01 1.855103075504302979e-01
4.690157771110534668e-01 1.843982189893722534e-01
4.700244069099426270e-01 1.845601797103881836e-01
4.710330665111541748e-01 1.863564550876617432e-01
4.720416963100433350e-01 1.800085008144378662e-01
4.730503261089324951e-01 1.768539547920227051e-01
4.740589559078216553e-01 1.751035451889038086e-01
4.750675857067108154e-01 1.812200993299484253e-01
4.760762453079223633e-01 1.854743957519531250e-01
4.770848751068115234e-01 1.843608170747756958e-01
4.780935049057006836e-01 1.807666867971420288e-01
4.791021347045898438e-01 1.792413294315338135e-01
4.801107645034790039e-01 1.810754090547561646e-01
4.811194241046905518e-01 1.859821975231170654e-01
4.821280539035797119e-01 1.851660609245300293e-01
4.831366837024688721e-01 1.839689165353775024e-01
4.841453135013580322e-01 1.899585723876953125e-01
4.851539433002471924e-01 1.884507685899734497e-01
4.861626029014587402e-01 1.821433156728744507e-01
4.871712327003479004e-01 1.844159960746765137e-01
4.881798624992370605e-01 1.948985010385513306e-01
4.891884922981262207e-01 1.973255872726440430e-01
4.901971518993377686e-01 1.846499592065811157e-01
4.912057816982269287e-01 1.921375393867492676e-01
4.922144114971160889e-01 1.881419420242309570e-01
4.932230412960052490e-01 1.877621710300445557e-01
4.942316710948944092e-01 1.914529502391815186e-01
4.952403306961059570e-01 1.895215958356857300e-01
4.962489604949951172e-01 1.903446465730667114e-01
4.972575902938842773e-01 1.980893164873123169e-01
4.982662200927734375e-01 1.994076818227767944e-01
4.992748498916625977e-01 2.006886303424835205e-01
5.002834796905517578e-01 1.996396332979202271e-01
5.012921094894409180e-01 2.040646821260452271e-01
5.023007988929748535e-01 1.990786343812942505e-01
5.033094286918640137e-01 1.962209194898605347e-01
5.043180584907531738e-01 2.605122029781341553e-01
5.053266882896423340e-01 2.254443317651748657e-01
5.063353180885314941e-01 2.002626210451126099e-01
5.073439478874206543e-01 1.982172429561614990e-01
5.083525776863098145e-01 1.921095252037048340e-01
5.093612074851989746e-01 1.855184435844421387e-01
5.103698372840881348e-01 1.732895076274871826e-01
5.113784670829772949e-01 1.781119406223297119e-01
5.123871564865112305e-01 1.805948615074157715e-01
5.133957862854003906e-01 1.802202463150024414e-01
5.144044160842895508e-01 1.837159097194671631e-01
5.154130458831787109e-01 1.904082894325256348e-01
5.164216756820678711e-01 1.769131869077682495e-01
5.174303054809570312e-01 1.732243001461029053e-01
5.184389352798461914e-01 1.758005172014236450e-01
5.194475650787353516e-01 1.735246181488037109e-01
5.204561948776245117e-01 1.801703870296478271e-01
5.214648842811584473e-01 1.782054603099822998e-01
5.224735140800476074e-01 1.714190691709518433e-01
5.234821438789367676e-01 1.767625659704208374e-01
5.244907736778259277e-01 1.748985350131988525e-01
5.254994034767150879e-01 1.690872460603713989e-01
5.265080332756042480e-01 1.744784861803054810e-01
5.275166630744934082e-01 1.619941294193267822e-01
5.285252928733825684e-01 1.678689867258071899e-01
5.295339226722717285e-01 1.677310913801193237e-01
5.305425524711608887e-01 1.735004484653472900e-01
5.315512418746948242e-01 1.786219030618667603e-01
5.325598716735839844e-01 1.814928203821182251e-01
5.335685014724731445e-01 1.816285103559494019e-01
5.345771312713623047e-01 1.904449611902236938e-01
5.355857610702514648e-01 1.904733628034591675e-01
5.365943908691406250e-01 1.923937499523162842e-01
5.376030206680297852e-01 1.984745413064956665e-01
5.386116504669189453e-01 1.987569034099578857e-01
5.396202802658081055e-01 2.095558494329452515e-01
5.406289696693420410e-01 2.102549821138381958e-01
5.416375994682312012e-01 2.070401012897491455e-01
5.426462292671203613e-01 2.083077579736709595e-01
5.436548590660095215e-01 2.055012136697769165e-01
5.446634888648986816e-01 2.118756026029586792e-01
5.456721186637878418e-01 2.048071175813674927e-01
5.466807484626770020e-01 2.084041684865951538e-01
5.476893782615661621e-01 2.142340093851089478e-01
5.486980080604553223e-01 2.137667834758758545e-01
5.497066378593444824e-01 2.195610255002975464e-01
5.507153272628784180e-01 2.196432501077651978e-01
5.517239570617675781e-01 2.249755859375000000e-01
5.527325868606567383e-01 2.180272787809371948e-01
5.537412166595458984e-01 2.254483103752136230e-01
5.547498464584350586e-01 2.324595451354980469e-01
5.557584762573242188e-01 2.265523821115493774e-01
5.567671060562133789e-01 2.345662117004394531e-01
5.577757358551025391e-01 2.313541471958160400e-01
5.587843656539916992e-01 2.375208586454391479e-01
5.597930550575256348e-01 2.369231432676315308e-01
5.608016848564147949e-01 2.287813723087310791e-01
5.618103146553039551e-01 2.411624640226364136e-01
5.628189444541931152e-01 2.499698847532272339e-01
5.638275742530822754e-01 2.475575357675552368e-01
5.648362040519714355e-01 2.424523383378982544e-01
5.658448338508605957e-01 2.375340014696121216e-01
5.668534636497497559e-01 2.574450373649597168e-01
5.678620934486389160e-01 2.575480937957763672e-01
5.688707232475280762e-01 2.580661177635192871e-01
5.698794126510620117e-01 2.546290457248687744e-01
5.708880424499511719e-01 2.475837171077728271e-01
5.718966722488403320e-01 2.606069445610046387e-01
5.729053020477294922e-01 2.630971670150756836e-01
5.739139318466186523e-01 2.529131472110748291e-01
5.749225616455078125e-01 2.664622068405151367e-01
5.759311914443969727e-01 2.635917067527770996e-01
5.769398212432861328e-01 2.617768049240112305e-01
5.779484510421752930e-01 2.689532339572906494e-01
5.789571404457092285e-01 2.624770700931549072e-01
5.799657702445983887e-01 2.798717319965362549e-01
5.809744000434875488e-01 2.763544917106628418e-01
5.819830298423767090e-01 2.718823552131652832e-01
5.829916596412658691e-01 2.742612063884735107e-01
5.840002894401550293e-01 2.789140343666076660e-01
5.850089192390441895e-01 2.785383760929107666e-01
5.860175490379333496e-01 2.756165862083435059e-01
5.870261788368225098e-01 2.960665822029113770e-01
5.880348086357116699e-01 2.864614725112915039e-01
5.890434980392456055e-01 2.833822369575500488e-01
5.900521278381347656e-01 2.931683063507080078e-01
5.910607576370239258e-01 2.934789061546325684e-01
5.920693874359130859e-01 2.910144329071044922e-01
5.930780172348022461e-01 2.891723811626434326e-01
5.940866470336914062e-01 2.929275333881378174e-01
5.950952768325805664e-01 2.971553802490234375e-01
5.961039066314697266e-01 3.081821203231811523e-01
5.971125364303588867e-01 2.978366017341613770e-01
5.981212258338928223e-01 3.051033020019531250e-01
5.991298556327819824e-01 3.091177344322204590e-01
6.001384854316711426e-01 3.146700263023376465e-01
6.011471152305603027e-01 3.136439323425292969e-01
6.021557450294494629e-01 3.075566291809082031e-01
6.031643748283386230e-01 3.219199180603027344e-01
6.041730046272277832e-01 3.168791532516479492e-01
6.051816344261169434e-01 3.200712800025939941e-01
6.061902642250061035e-01 3.180749118328094482e-01
6.071988940238952637e-01 3.161348700523376465e-01
6.082075834274291992e-01 3.106625378131866455e-01
6.092162132263183594e-01 3.245702981948852539e-01
6.102248430252075195e-01 3.175894021987915039e-01
6.112334728240966797e-01 3.101477324962615967e-01
6.122421026229858398e-01 3.397828340530395508e-01
6.132507324218750000e-01 3.246901929378509521e-01
6.142593622207641602e-01 3.326341807842254639e-01
6.152679920196533203e-01 3.353755772113800049e-01
6.162766218185424805e-01 3.273838460445404053e-01
6.172853112220764160e-01 3.430012464523315430e-01
6.182939410209655762e-01 3.343665897846221924e-01
6.193025708198547363e-01 3.490602374076843262e-01
6.203112006187438965e-01 3.516573309898376465e-01
6.213198304176330566e-01 3.473455607891082764e-01
6.223284602165222168e-01 3.459249138832092285e-01
6.233370900154113770e-01 3.434799015522003174e-01
6.243457198143005371e-01 3.399221599102020264e-01
6.253543496131896973e-01 3.523471653461456299e-01
6.263629794120788574e-01 3.567228019237518311e-01
6.273716688156127930e-01 3.529494702816009521e-01
6.283802986145019531e-01 3.558339476585388184e-01
6.293889284133911133e-01 3.669454455375671387e-01
6.303975582122802734e-01 3.725794851779937744e-01
6.314061880111694336e-01 3.632636070251464844e-01
6.324148178100585938e-01 3.620440959930419922e-01
6.334234476089477539e-01 3.593222796916961670e-01
6.344320774078369141e-01 3.667733669281005859e-01
6.354407072067260742e-01 3.673665225505828857e-01
6.364493966102600098e-01 3.653640151023864746e-01
6.374580264091491699e-01 3.702864050865173340e-01
6.384666562080383301e-01 3.699726164340972900e-01
6.394752860069274902e-01 3.691354393959045410e-01
6.404839158058166504e-01 3.623001277446746826e-01
6.414925456047058105e-01 3.693507611751556396e-01
6.425011754035949707e-01 3.849269747734069824e-01
6.435098052024841309e-01 3.793240785598754883e-01
6.445184350013732910e-01 3.814360797405242920e-01
6.455271244049072266e-01 3.898146152496337891e-01
6.465357542037963867e-01 3.871512711048126221e-01
6.475443840026855469e-01 3.761892616748809814e-01
6.485530138015747070e-01 3.746173381805419922e-01
6.495616436004638672e-01 3.746996819972991943e-01
6.505702733993530273e-01 3.836382329463958740e-01
6.515789031982421875e-01 3.846164643764495850e-01
6.525875329971313477e-01 3.796539902687072754e-01
6.535961627960205078e-01 3.734976351261138916e-01
6.546047925949096680e-01 3.871862888336181641e-01
6.556134819984436035e-01 3.902243077754974365e-01
6.566221117973327637e-01 3.957085013389587402e-01
6.576307415962219238e-01 3.994527459144592285e-01
6.586393713951110840e-01 4.053913056850433350e-01
6.596480011940002441e-01 4.036651253700256348e-01
6.606566309928894043e-01 3.980926871299743652e-01
6.616652607917785645e-01 3.949402272701263428e-01
6.626738905906677246e-01 3.956634998321533203e-01
6.636825203895568848e-01 4.048285484313964844e-01
6.646912097930908203e-01 4.005948901176452637e-01
6.656998395919799805e-01 4.050226807594299316e-01
6.667084693908691406e-01 3.990942835807800293e-01
6.677170991897583008e-01 4.021972715854644775e-01
6.687257289886474609e-01 4.106935858726501465e-01
6.697343587875366211e-01 4.022434949874877930e-01
6.707429885864257812e-01 4.181688427925109863e-01
6.717516183853149414e-01 4.146669507026672363e-01
6.727602481842041016e-01 4.214766025543212891e-01
6.737688779830932617e-01 4.097890555858612061e-01
6.747775673866271973e-01 4.186412096023559570e-01
6.757861971855163574e-01 4.281560182571411133e-01
6.767948269844055176e-01 4.257865250110626221e-01
6.778034567832946777e-01 4.356510043144226074e-01
6.788120865821838379e-01 4.223957359790802002e-01
6.798207163810729980e-01 4.177730083465576172e-01
6.808293461799621582e-01 4.209976792335510254e-01
6.818379759788513184e-01 4.254094958305358887e-01
6.828466057777404785e-01 4.426935613155364990e-01
6.838552951812744141e-01 4.331226050853729248e-01
6.848639249801635742e-01 4.352919757366180420e-01
6.858725547790527344e-01 4.548214375972747803e-01
6.868811845779418945e-01 4.616364836692810059e-01
6.878898143768310547e-01 4.474046230316162109e-01
6.888984441757202148e-01 4.501681625843048096e-01
6.899070739746093750e-01 4.460769593715667725e-01
6.909157037734985352e-01 4.519920945167541504e-01
6.919243335723876953e-01 4.441036283969879150e-01
6.929329633712768555e-01 4.513488411903381348e-01
6.939416527748107910e-01 4.542538225650787354e-01
6.949502825736999512e-01 4.485069215297698975e-01
6.959589123725891113e-01 4.376829564571380615e-01
6.969675421714782715e-01 4.526509046554565430e-01
6.979761719703674316e-01 4.612804949283599854e-01
6.989848017692565918e-01 4.607709646224975586e-01
6.999934315681457520e-01 4.689742624759674072e-01
7.010020613670349121e-01 4.488900303840637207e-01
7.020106911659240723e-01 4.686125814914703369e-01
7.030193805694580078e-01 4.735167026519775391e-01
7.040280103683471680e-01 4.694759249687194824e-01
7.050366401672363281e-01 4.836678504943847656e-01
7.060452699661254883e-01 4.771479368209838867e-01
7.070538997650146484e-01 4.723469614982604980e-01
7.080625295639038086e-01 4.683249592781066895e-01
7.090711593627929688e-01 4.797147512435913086e-01
7.100797891616821289e-01 4.765427708625793457e-01
7.110884189605712891e-01 4.800178408622741699e-01
7.120970487594604492e-01 4.734290838241577148e-01
7.131057381629943848e-01 4.824397265911102295e-01
7.141143679618835449e-01 4.845179319381713867e-01
7.151229977607727051e-01 4.804222881793975830e-01
7.161316275596618652e-01 4.780903756618499756e-01
7.171402573585510254e-01 4.824086427688598633e-01
7.181488871574401855e-01 4.817638695240020752e-01
7.191575169563293457e-01 4.853624403476715088e-01
7.201661467552185059e-01 4.793426394462585449e-01
7.211747765541076660e-01 4.849106669425964355e-01
7.221834659576416016e-01 5.046414732933044434e-01
7.231920957565307617e-01 5.087021589279174805e-01
7.242007255554199219e-01 4.951230883598327637e-01
7.252093553543090820e-01 4.994426965713500977e-01
7.262179851531982422e-01 5.056694746017456055e-01
7.272266149520874023e-01 5.067988038063049316e-01
7.282352447509765625e-01 5.110039114952087402e-01
7.292438745498657227e-01 5.126198530197143555e-01
7.302525043487548828e-01 4.896505475044250488e-01
7.312611341476440430e-01 4.875889718532562256e-01
7.322698235511779785e-01 5.100701451301574707e-01
7.332784533500671387e-01 5.064958930015563965e-01
7.342870831489562988e-01 5.079665780067443848e-01
7.352957129478454590e-01 5.318967103958129883e-01
7.363043427467346191e-01 5.176515579223632812e-01
7.373129725456237793e-01 5.059576034545898438e-01
7.383216023445129395e-01 5.179455280303955078e-01
7.393302321434020996e-01 5.277962088584899902e-01
7.403388619422912598e-01 5.458720326423645020e-01
7.413475513458251953e-01 5.463935732841491699e-01
7.423561811447143555e-01 5.450273156166076660e-01
7.433648109436035156e-01 5.317347645759582520e-01
7.443734407424926758e-01 5.225073099136352539e-01
7.453820705413818359e-01 5.269688963890075684e-01
7.463907003402709961e-01 5.389217734336853027e-01
7.473993301391601562e-01 5.313317179679870605e-01
7.484079599380493164e-01 5.532373189926147461e-01
7.494165897369384766e-01 5.553635954856872559e-01
7.504252195358276367e-01 5.520060658454895020e-01
7.514339089393615723e-01 5.462076663970947266e-01
7.524425387382507324e-01 5.851883888244628906e-01
7.534511685371398926e-01 5.880666375160217285e-01
7.544597983360290527e-01 5.395418405532836914e-01
7.554684281349182129e-01 5.369202494621276855e-01
7.564770579338073730e-01 5.470948219299316406e-01
7.574856877326965332e-01 5.683906674385070801e-01
7.584943175315856934e-01 5.711790323257446289e-01
7.595029473304748535e-01 5.716900229454040527e-01
7.605116367340087891e-01 5.588678121566772461e-01
7.615202665328979492e-01 5.610925555229187012e-01
7.625288963317871094e-01 5.488757491111755371e-01
7.635375261306762695e-01 5.692276358604431152e-01
7.645461559295654297e-01 5.659753680229187012e-01
7.655547857284545898e-01 5.700342059135437012e-01
7.665634155273437500e-01 5.576750040054321289e-01
7.675720453262329102e-01 5.536581277847290039e-01
7.685806751251220703e-01 5.581594705581665039e-01
7.695893049240112305e-01 5.657076239585876465e-01
7.705979943275451660e-01 5.620955824851989746e-01
7.716066241264343262e-01 5.792791843414306641e-01
7.726152539253234863e-01 5.962045788764953613e-01
7.736238837242126465e-01 5.761939287185668945e-01
7.746325135231018066e-01 5.636528730392456055e-01
7.756411433219909668e-01 5.587548613548278809e-01
7.766497731208801270e-01 5.674489736557006836e-01
7.776584029197692871e-01 5.714527368545532227e-01
7.786670327186584473e-01 5.785825252532958984e-01
7.796757221221923828e-01 5.886164903640747070e-01
7.806843519210815430e-01 5.746230483055114746e-01
7.816929817199707031e-01 5.790817737579345703e-01
7.827016115188598633e-01 5.798320174217224121e-01
7.837102413177490234e-01 5.736316442489624023e-01
7.847188711166381836e-01 5.805708765983581543e-01
7.857275009155273438e-01 5.844449400901794434e-01
7.867361307144165039e-01 5.720707774162292480e-01
7.877447605133056641e-01 5.798128843307495117e-01
7.887533903121948242e-01 5.774933099746704102e-01
7.897620797157287598e-01 5.993722677230834961e-01
7.907707095146179199e-01 5.913218259811401367e-01
7.917793393135070801e-01 5.903536677360534668e-01
7.927879691123962402e-01 5.842686295509338379e-01
7.937965989112854004e-01 5.735023021697998047e-01
7.948052287101745605e-01 5.928640961647033691e-01
7.958138585090637207e-01 5.948845744132995605e-01
7.968224883079528809e-01 5.899540781974792480e-01
7.978311181068420410e-01 5.932185053825378418e-01
7.988398075103759766e-01 6.002194881439208984e-01
7.998484373092651367e-01 6.053932905197143555e-01
8.008570671081542969e-01 5.905444025993347168e-01
8.018656969070434570e-01 6.046578288078308105e-01
8.028743267059326172e-01 5.923156142234802246e-01
8.038829565048217773e-01 5.984117984771728516e-01
8.048915863037109375e-01 5.896614193916320801e-01
8.059002161026000977e-01 5.937482118606567383e-01
8.069088459014892578e-01 6.096737384796142578e-01
8.079174757003784180e-01 5.924382805824279785e-01
8.089261651039123535e-01 6.104027032852172852e-01
8.099347949028015137e-01 5.973289608955383301e-01
8.109434247016906738e-01 5.994784235954284668e-01
8.119520545005798340e-01 5.960273742675781250e-01
8.129606842994689941e-01 5.795897841453552246e-01
8.139693140983581543e-01 5.982669591903686523e-01
8.149779438972473145e-01 6.096357107162475586e-01
8.159865736961364746e-01 5.980429649353027344e-01
8.169952034950256348e-01 5.947661399841308594e-01
8.180038928985595703e-01 5.970590710639953613e-01
8.190125226974487305e-01 6.103457212448120117e-01
8.200211524963378906e-01 6.108043789863586426e-01
8.210297822952270508e-01 5.926485061645507812e-01
8.220384120941162109e-01 5.908537507057189941e-01
8.230470418930053711e-01 6.009636521339416504e-01
8.240556716918945312e-01 6.167524456977844238e-01
8.250643014907836914e-01 5.999959707260131836e-01
8.260729312896728516e-01 6.060367822647094727e-01
8.270815610885620117e-01 6.218264102935791016e-01
8.280902504920959473e-01 6.114958524703979492e-01
8.290988802909851074e-01 6.184513568878173828e-01
8.301075100898742676e-01 6.070994138717651367e-01
8.311161398887634277e-01 5.976954102516174316e-01
8.321247696876525879e-01 6.353069543838500977e-01
8.331333994865417480e-01 6.148300170898437500e-01
8.341420292854309082e-01 6.063069105148315430e-01
8.351506590843200684e-01 6.124462485313415527e-01
8.361592888832092285e-01 6.299385428428649902e-01
8.371679782867431641e-01 6.140391230583190918e-01
8.381766080856323242e-01 6.059558391571044922e-01
8.391852378845214844e-01 6.087511181831359863e-01
8.401938676834106445e-01 6.138715744018554688e-01
8.412024974822998047e-01 6.015651226043701172e-01
8.422111272811889648e-01 6.005533337593078613e-01
8.432197570800781250e-01 6.061681509017944336e-01
8.442283868789672852e-01 6.241685748100280762e-01
8.452370166778564453e-01 6.264490485191345215e-01
8.462456464767456055e-01 6.288660168647766113e-01
8.472543358802795410e-01 6.289162039756774902e-01
8.482629656791687012e-01 6.417381763458251953e-01
8.492715954780578613e-01 6.378297805786132812e-01
8.502802252769470215e-01 6.567825675010681152e-01
8.512888550758361816e-01 6.711190938949584961e-01
8.522974848747253418e-01 7.042080163955688477e-01
8.533061146736145020e-01 7.016730308532714844e-01
8.543147444725036621e-01 6.916968822479248047e-01
8.553233742713928223e-01 7.001563906669616699e-01
8.563320636749267578e-01 6.966301798820495605e-01
8.573406934738159180e-01 6.895539164543151855e-01
8.583493232727050781e-01 7.093229293823242188e-01
8.593579530715942383e-01 7.079051733016967773e-01
8.603665828704833984e-01 7.065328359603881836e-01
8.613752126693725586e-01 7.105922102928161621e-01
8.623838424682617188e-01 7.108007669448852539e-01
8.633924722671508789e-01 7.179929614067077637e-01
8.644011020660400391e-01 7.288944125175476074e-01
8.654097318649291992e-01 7.195430994033813477e-01
8.664184212684631348e-01 7.318078279495239258e-01
8.674270510673522949e-01 7.341048717498779297e-01
8.684356808662414551e-01 7.417744994163513184e-01
8.694443106651306152e-01 7.408840656280517578e-01
8.704529404640197754e-01 7.325907945632934570e-01
8.714615702629089355e-01 7.289600968360900879e-01
8.724702000617980957e-01 7.340829372406005859e-01
8.734788298606872559e-01 7.326447367668151855e-01
8.744874596595764160e-01 7.401267886161804199e-01
8.754961490631103516e-01 7.479932904243469238e-01
8.765047788619995117e-01 7.294731140136718750e-01
8.775134086608886719e-01 7.248600721359252930e-01
8.785220384597778320e-01 7.214209437370300293e-01
8.795306682586669922e-01 7.536962628364562988e-01
8.805392980575561523e-01 7.386530637741088867e-01
8.815479278564453125e-01 7.460510730743408203e-01
8.825565576553344727e-01 7.479533553123474121e-01
8.835651874542236328e-01 7.595759630203247070e-01
8.845738172531127930e-01 7.566612362861633301e-01
8.855825066566467285e-01 7.460213899612426758e-01
8.865911364555358887e-01 7.454428672790527344e-01
8.875997662544250488e-01 7.497762441635131836e-01
8.886083960533142090e-01 7.594968676567077637e-01
8.896170258522033691e-01 7.573875784873962402e-01
8.906256556510925293e-01 7.739047408103942871e-01
8.916342854499816895e-01 7.594587206840515137e-01
8.926429152488708496e-01 7.645453810691833496e-01
8.936515450477600098e-01 7.693594098091125488e-01
8.946602344512939453e-01 7.700329422950744629e-01
8.956688642501831055e-01 7.798157930374145508e-01
8.966774940490722656e-01 7.706387042999267578e-01
8.976861238479614258e-01 7.809578180313110352e-01
8.986947536468505859e-01 7.632146477699279785e-01
8.997033834457397461e-01 7.809332609176635742e-01
9.007120132446289062e-01 8.008999824523925781e-01
9.017206430435180664e-01 7.891032695770263672e-01
9.027292728424072266e-01 8.133024573326110840e-01
9.037379026412963867e-01 8.093938827514648438e-01
9.047465920448303223e-01 8.052181601524353027e-01
9.057552218437194824e-01 7.717158794403076172e-01
9.067638516426086426e-01 7.875941991806030273e-01
9.077724814414978027e-01 7.557471990585327148e-01
9.087811112403869629e-01 7.853259444236755371e-01
9.097897410392761230e-01 8.088267445564270020e-01
9.107983708381652832e-01 8.242186307907104492e-01
9.118070006370544434e-01 8.184634447097778320e-01
9.128156304359436035e-01 8.461646437644958496e-01
9.138243198394775391e-01 8.350004553794860840e-01
9.148329496383666992e-01 8.244805335998535156e-01
9.158415794372558594e-01 8.335907459259033203e-01
9.168502092361450195e-01 8.412179350852966309e-01
9.178588390350341797e-01 8.798961639404296875e-01
9.188674688339233398e-01 8.563758730888366699e-01
9.198760986328125000e-01 8.308842182159423828e-01
9.208847284317016602e-01 8.331595063209533691e-01
9.218933582305908203e-01 8.660666346549987793e-01
9.229020476341247559e-01 8.424197435379028320e-01
9.239106774330139160e-01 8.345174193382263184e-01
9.249193072319030762e-01 8.502936363220214844e-01
9.259279370307922363e-01 8.731443285942077637e-01
9.269365668296813965e-01 8.526495695114135742e-01
9.279451966285705566e-01 8.629853725433349609e-01
9.289538264274597168e-01 8.900448083877563477e-01
9.299624562263488770e-01 8.604652285575866699e-01
9.309710860252380371e-01 8.884387612342834473e-01
9.319797158241271973e-01 8.745791912078857422e-01
9.329884052276611328e-01 8.816452622413635254e-01
9.339970350265502930e-01 8.848983049392700195e-01
9.350056648254394531e-01 9.111115932464599609e-01
9.360142946243286133e-01 9.196321964263916016e-01
9.370229244232177734e-01 9.175224304199218750e-01
9.380315542221069336e-01 9.032681584358215332e-01
9.390401840209960938e-01 9.116310477256774902e-01
9.400488138198852539e-01 9.163325428962707520e-01
9.410574436187744141e-01 9.207355976104736328e-01
9.420661330223083496e-01 9.216542243957519531e-01
9.430747628211975098e-01 9.294414520263671875e-01
9.440833926200866699e-01 9.334567785263061523e-01
9.450920224189758301e-01 9.535374045372009277e-01
9.461006522178649902e-01 9.529084563255310059e-01
9.471092820167541504e-01 9.814963936805725098e-01
9.481179118156433105e-01 9.357718825340270996e-01
9.491265416145324707e-01 9.648491144180297852e-01
9.501351714134216309e-01 9.345896840095520020e-01
9.511438012123107910e-01 9.280906319618225098e-01
9.521524906158447266e-01 9.494385719299316406e-01
9.531611204147338867e-01 9.834220409393310547e-01
9.541697502136230469e-01 9.948338866233825684e-01
9.551783800125122070e-01 9.775890707969665527e-01
9.561870098114013672e-01 9.453243613243103027e-01
9.571956396102905273e-01 9.591245055198669434e-01
9.582042694091796875e-01 9.961608648300170898e-01
9.592128992080688477e-01 9.955971837043762207e-01
9.602215290069580078e-01 9.821102619171142578e-01
9.612302184104919434e-01 9.832283854484558105e-01
9.622388482093811035e-01 9.781668186187744141e-01
9.632474780082702637e-01 9.883834719657897949e-01
9.642561078071594238e-01 1.052382588386535645e+00
9.652647376060485840e-01 1.016468644142150879e+00
9.662733674049377441e-01 1.039176940917968750e+00
9.672819972038269043e-01 1.042013168334960938e+00
9.682906270027160645e-01 1.050765514373779297e+00
9.692992568016052246e-01 1.073009133338928223e+00
9.703078866004943848e-01 1.046960353851318359e+00
9.713165760040283203e-01 1.051239967346191406e+00
9.723252058029174805e-01 1.001693367958068848e+00
9.733338356018066406e-01 1.032489776611328125e+00
9.743424654006958008e-01 1.058008909225463867e+00
9.753510951995849609e-01 1.109624385833740234e+00
9.763597249984741211e-01 1.070398330688476562e+00
9.773683547973632812e-01 1.073810458183288574e+00
9.783769845962524414e-01 1.082925915718078613e+00
9.793856143951416016e-01 1.088634371757507324e+00
9.803943037986755371e-01 1.103467226028442383e+00
9.814029335975646973e-01 1.122032999992370605e+00
9.824115633964538574e-01 1.143575787544250488e+00
9.834201931953430176e-01 1.087183237075805664e+00
9.844288229942321777e-01 1.106929779052734375e+00
9.854374527931213379e-01 1.109008193016052246e+00
9.864460825920104980e-01 1.102329850196838379e+00
9.874547123908996582e-01 1.137442231178283691e+00
9.884633421897888184e-01 1.160154581069946289e+00
9.894719719886779785e-01 1.146896004676818848e+00
9.904806613922119141e-01 1.160036444664001465e+00
9.914892911911010742e-01 1.117223858833312988e+00
9.924979209899902344e-01 1.147131919860839844e+00
9.935065507888793945e-01 1.193803429603576660e+00
9.945151805877685547e-01 1.231058716773986816e+00
9.955238103866577148e-01 1.220875382423400879e+00
9.965324401855468750e-01 1.226330995559692383e+00
9.975410699844360352e-01 1.229042053222656250e+00
9.985496997833251953e-01 1.220629453659057617e+00
9.995583891868591309e-01 1.179150462150573730e+00
1.000566959381103516e+00 1.222961306571960449e+00
1.001575589179992676e+00 1.249179124832153320e+00
1.002584218978881836e+00 1.266412973403930664e+00
1.003592848777770996e+00 1.285486578941345215e+00
1.004601597785949707e+00 1.250922918319702148e+00
1.005610227584838867e+00 1.326275229454040527e+00
1.006618857383728027e+00 1.257401704788208008e+00
1.007627487182617188e+00 1.230940461158752441e+00
1.008636116981506348e+00 1.312149167060852051e+00
1.009644746780395508e+00 1.366700053215026855e+00
1.010653376579284668e+00 1.325491428375244141e+00
1.011662006378173828e+00 1.299549221992492676e+00
1.012670636177062988e+00 1.360043406486511230e+00
1.013679265975952148e+00 1.375795245170593262e+00
1.014687895774841309e+00 1.313044548034667969e+00
1.015696525573730469e+00 1.304074525833129883e+00
1.016705155372619629e+00 1.265528202056884766e+00
1.017713785171508789e+00 1.321368932723999023e+00
1.018722414970397949e+00 1.311595797538757324e+00
1.019731044769287109e+00 1.298651933670043945e+00
1.020739674568176270e+00 1.339622020721435547e+00
1.021748304367065430e+00 1.349605798721313477e+00
1.022756934165954590e+00 1.335080265998840332e+00
1.023765683174133301e+00 1.338874936103820801e+00
1.024774312973022461e+00 1.377901077270507812e+00
1.025782942771911621e+00 1.351816058158874512e+00
1.026791572570800781e+00 1.310612678527832031e+00
1.027800202369689941e+00 1.350796818733215332e+00
1.028808832168579102e+00 1.380152940750122070e+00
1.029817461967468262e+00 1.324079751968383789e+00
1.030826091766357422e+00 1.305187225341796875e+00
1.031834721565246582e+00 1.311366319656372070e+00
1.032843351364135742e+00 1.347338199615478516e+00
1.033851981163024902e+00 1.391934394836425781e+00
1.034860610961914062e+00 1.340201139450073242e+00
1.035869240760803223e+00 1.390069007873535156e+00
1.036877870559692383e+00 1.367981791496276855e+00
1.037886500358581543e+00 1.394103527069091797e+00
1.038895130157470703e+00 1.352181434631347656e+00
1.039903759956359863e+00 1.389484763145446777e+00
1.040912389755249023e+00 1.427171707153320312e+00
1.041921019554138184e+00 1.396565675735473633e+00
1.042929768562316895e+00 1.417948126792907715e+00
1.043938398361206055e+00 1.441791772842407227e+00
1.044947028160095215e+00 1.360228896141052246e+00
1.045955657958984375e+00 1.371040225028991699e+00
1.046964287757873535e+00 1.410344362258911133e+00
1.047972917556762695e+00 1.443767189979553223e+00
1.048981547355651855e+00 1.393468022346496582e+00
1.049990177154541016e+00 1.358434677124023438e+00
1.050998806953430176e+00 1.325257897377014160e+00
1.052007436752319336e+00 1.440211892127990723e+00
1.053016066551208496e+00 1.428104639053344727e+00
1.054024696350097656e+00 1.421036243438720703e+00
1.055033326148986816e+00 1.408648014068603516e+00
1.056041955947875977e+00 1.415488362312316895e+00
1.057050585746765137e+00 1.429502487182617188e+00
1.058059215545654297e+00 1.468345761299133301e+00
1.059067845344543457e+00 1.479345440864562988e+00
1.060076475143432617e+00 1.493914961814880371e+00
1.061085104942321777e+00 1.446940422058105469e+00
1.062093853950500488e+00 1.417575001716613770e+00
1.063102483749389648e+00 1.419133424758911133e+00
1.064111113548278809e+00 1.404885649681091309e+00
1.065119743347167969e+00 1.465226531028747559e+00
1.066128373146057129e+00 1.470077276229858398e+00
1.067137002944946289e+00 1.489560008049011230e+00
1.068145632743835449e+00 1.400938153266906738e+00
1.069154262542724609e+00 1.438485383987426758e+00
1.070162892341613770e+00 1.456092596054077148e+00
1.071171522140502930e+00 1.450375318527221680e+00
1.072180151939392090e+00 1.518563032150268555e+00
1.073188781738281250e+00 1.475017905235290527e+00
1.074197411537170410e+00 1.457773208618164062e+00
1.075206041336059570e+00 1.423126101493835449e+00
1.076214671134948730e+00 1.420874595642089844e+00
1.077223300933837891e+00 1.516112446784973145e+00
1.078231930732727051e+00 1.521353006362915039e+00
1.079240560531616211e+00 1.472808599472045898e+00
1.080249190330505371e+00 1.490516185760498047e+00
1.081257939338684082e+00 1.494140267372131348e+00
1.082266569137573242e+00 1.524330973625183105e+00
1.083275198936462402e+00 1.499408721923828125e+00
1.084283828735351562e+00 1.534205198287963867e+00
1.085292458534240723e+00 1.519046902656555176e+00
1.086301088333129883e+00 1.515847206115722656e+00
1.087309718132019043e+00 1.513066053390502930e+00
1.088318347930908203e+00 1.503554105758666992e+00
1.089326977729797363e+00 1.546035885810852051e+00
1.090335607528686523e+00 1.520910382270812988e+00
1.091344237327575684e+00 1.544396519660949707e+00
1.092352867126464844e+00 1.488443613052368164e+00
1.093361496925354004e+00 1.496236443519592285e+00
1.094370126724243164e+00 1.477329492568969727e+00
1.095378756523132324e+00 1.492755174636840820e+00
1.096387386322021484e+00 1.609195470809936523e+00
1.097396016120910645e+00 1.590519070625305176e+00
1.098404645919799805e+00 1.556566119194030762e+00
1.099413275718688965e+00 1.453619241714477539e+00
1.100422024726867676e+00 1.482948422431945801e+00
1.101430654525756836e+00 1.473343849182128906e+00
1.102439284324645996e+00 1.628700375556945801e+00
1.103447914123535156e+00 1.528755187988281250e+00
1.104456543922424316e+00 1.461396336555480957e+00
1.105465173721313477e+00 1.492529511451721191e+00
1.106473803520202637e+00 1.615223169326782227e+00
1.107482433319091797e+00 1.576395034790039062e+00
1.108491063117980957e+00 1.570620775222778320e+00
1.109499692916870117e+00 1.528158068656921387e+00
1.110508322715759277e+00 1.505538821220397949e+00
1.111516952514648438e+00 1.558674693107604980e+00
1.112525582313537598e+00 1.602243185043334961e+00
1.113534212112426758e+00 1.537615656852722168e+00
1.114542841911315918e+00 1.576364517211914062e+00
1.115551471710205078e+00 1.555328249931335449e+00
1.116560101509094238e+00 1.568334698677062988e+00
1.117568731307983398e+00 1.565933465957641602e+00
1.118577361106872559e+00 1.608890175819396973e+00
1.119586110115051270e+00 1.498885631561279297e+00
1.120594739913940430e+00 1.475683093070983887e+00
1.121603369712829590e+00 1.569202661514282227e+00
1.122611999511718750e+00 1.607875466346740723e+00
1.123620629310607910e+00 1.534251093864440918e+00
1.124629259109497070e+00 1.560688138008117676e+00
1.125637888908386230e+00 1.481727004051208496e+00
1.126646518707275391e+00 1.466080188751220703e+00
1.127655148506164551e+00 1.551507353782653809e+00
1.128663778305053711e+00 1.583522796630859375e+00
1.129672408103942871e+00 1.668171048164367676e+00
1.130681037902832031e+00 1.577347874641418457e+00
1.131689667701721191e+00 1.394351601600646973e+00
1.132698297500610352e+00 1.537370800971984863e+00
1.133706927299499512e+00 1.465799450874328613e+00
1.134715557098388672e+00 1.598215937614440918e+00
1.135724186897277832e+00 1.655970692634582520e+00
1.136732816696166992e+00 1.546341419219970703e+00
1.137741446495056152e+00 1.511266231536865234e+00
1.138750195503234863e+00 1.580037832260131836e+00
1.139758825302124023e+00 1.545065283775329590e+00
1.140767455101013184e+00 1.545909643173217773e+00
1.141776084899902344e+00 1.567968130111694336e+00
1.142784714698791504e+00 1.761779427528381348e+00
1.143793344497680664e+00 1.610223412513732910e+00
1.144801974296569824e+00 1.551850795745849609e+00
1.145810604095458984e+00 1.522159099578857422e+00
1.146819233894348145e+00 1.420143842697143555e+00
1.147827863693237305e+00 1.500046849250793457e+00
1.148836493492126465e+00 1.524780154228210449e+00
1.149845123291015625e+00 1.528158187866210938e+00
1.150853753089904785e+00 1.587675333023071289e+00
1.151862382888793945e+00 1.511708974838256836e+00
1.152871012687683105e+00 1.445893883705139160e+00
1.153879642486572266e+00 1.631402254104614258e+00
1.154888272285461426e+00 1.565280795097351074e+00
1.155896902084350586e+00 1.656196475028991699e+00
1.156905531883239746e+00 1.615058779716491699e+00
1.157914280891418457e+00 1.587609767913818359e+00
1.158922910690307617e+00 1.525115370750427246e+00
1.159931540489196777e+00 1.528012752532958984e+00
1.160940170288085938e+00 1.537249565124511719e+00
1.161948800086975098e+00 1.577822566032409668e+00
1.162957429885864258e+00 1.488393783569335938e+00
1.163966059684753418e+00 1.480705499649047852e+00
1.164974689483642578e+00 1.488036632537841797e+00
1.165983319282531738e+00 1.577757120132446289e+00
1.166991949081420898e+00 1.646458148956298828e+00
1.168000578880310059e+00 1.525423526763916016e+00
1.169009208679199219e+00 1.515316486358642578e+00
1.170017838478088379e+00 1.476154923439025879e+00
1.171026468276977539e+00 1.539262890815734863e+00
1.172035098075866699e+00 1.639303445816040039e+00
1.173043727874755859e+00 1.581087827682495117e+00
1.174052357673645020e+00 1.742042183876037598e+00
1.175060987472534180e+00 1.716518998146057129e+00
1.176069617271423340e+00 1.460797548294067383e+00
1.177078366279602051e+00 1.527060270309448242e+00
1.178086996078491211e+00 1.632172703742980957e+00
1.179095625877380371e+00 1.679733872413635254e+00
1.180104255676269531e+00 1.718817830085754395e+00
1.181112885475158691e+00 1.447951793670654297e+00
1.182121515274047852e+00 1.452900767326354980e+00
1.183130145072937012e+00 1.451953649520874023e+00
1.184138774871826172e+00 1.566864132881164551e+00
1.185147404670715332e+00 1.550366163253784180e+00
1.186156034469604492e+00 1.591833710670471191e+00
1.187164664268493652e+00 1.590344667434692383e+00
1.188173294067382812e+00 1.711015701293945312e+00
1.189181923866271973e+00 1.669848918914794922e+00
1.190190553665161133e+00 1.624454617500305176e+00
1.191199183464050293e+00 1.523903131484985352e+00
1.192207813262939453e+00 1.573493003845214844e+00
1.193216443061828613e+00 1.672909975051879883e+00
1.194225072860717773e+00 1.788398623466491699e+00
1.195233702659606934e+00 1.826953053474426270e+00
1.196242451667785645e+00 1.389003634452819824e+00
1.197251081466674805e+00 1.502139449119567871e+00
1.198259711265563965e+00 1.522796988487243652e+00
1.199268341064453125e+00 1.884681344032287598e+00
1.200276970863342285e+00 1.884340047836303711e+00
1.201285600662231445e+00 1.671941041946411133e+00
1.202294230461120605e+00 1.595877051353454590e+00
1.203302860260009766e+00 1.628422617912292480e+00
1.204311490058898926e+00 1.596012830734252930e+00
1.205320119857788086e+00 1.850817441940307617e+00
1.206328749656677246e+00 1.447853088378906250e+00
1.207337379455566406e+00 1.267681002616882324e+00
1.208346009254455566e+00 1.009414911270141602e+00
1.209354639053344727e+00 1.327408194541931152e+00
