0.000000000000000000e+00 3.439810156250000000e+04
1.008636085316538811e-03 2.689550585937500000e+04
2.017272170633077621e-03 1.953844921875000000e+04
3.025908255949616432e-03 1.499925097656250000e+04
4.034544341266155243e-03 1.165879492187500000e+04
5.043180659413337708e-03 9.171006835937500000e+03
6.051816511899232864e-03 7.421207519531250000e+03
7.060452364385128021e-03 5.968815429687500000e+03
8.069088682532310486e-03 4.802189941406250000e+03
9.077725000679492950e-03 3.936603027343750000e+03
1.008636131882667542e-02 3.342781738281250000e+03
1.109499670565128326e-02 2.755401855468750000e+03
1.210363302379846573e-02 2.299800781250000000e+03
1.311226934194564819e-02 1.966897583007812500e+03
1.412090472877025604e-02 1.679683959960937500e+03
1.512954104691743851e-02 1.458256347656250000e+03
1.613817736506462097e-02 1.245350463867187500e+03
1.714681275188922882e-02 1.073450805664062500e+03
1.815545000135898590e-02 9.342832641601562500e+02
1.916408538818359375e-02 8.161713256835937500e+02
2.017272263765335083e-02 7.162505493164062500e+02
2.118135802447795868e-02 6.268190307617187500e+02
2.218999341130256653e-02 5.633192749023437500e+02
2.319863066077232361e-02 5.019567565917968750e+02
2.420726604759693146e-02 4.519817504882812500e+02
2.521590143442153931e-02 4.034482727050781250e+02
2.622453868389129639e-02 3.614483337402343750e+02
2.723317407071590424e-02 3.248121948242187500e+02
2.824180945754051208e-02 2.920819091796875000e+02
2.925044670701026917e-02 2.667057800292968750e+02
3.025908209383487701e-02 2.444728851318359375e+02
3.126771748065948486e-02 2.212043304443359375e+02
3.227635473012924194e-02 2.011269378662109375e+02
3.328499197959899902e-02 1.842559356689453125e+02
3.429362550377845764e-02 1.698943023681640625e+02
3.530226275324821472e-02 1.553263549804687500e+02
3.631090000271797180e-02 1.422546844482421875e+02
3.731953352689743042e-02 1.317360229492187500e+02
3.832817077636718750e-02 1.217451400756835938e+02
3.933680802583694458e-02 1.120592117309570312e+02
4.034544527530670166e-02 1.035560607910156250e+02
4.135407879948616028e-02 9.698403930664062500e+01
4.236271604895591736e-02 8.950830841064453125e+01
4.337135329842567444e-02 8.368376922607421875e+01
4.437998682260513306e-02 7.874278259277343750e+01
4.538862407207489014e-02 7.252949523925781250e+01
4.639726132154464722e-02 6.831314849853515625e+01
4.740589484572410583e-02 6.377836227416992188e+01
4.841453209519386292e-02 5.959079742431640625e+01
4.942316934466362000e-02 5.623351287841796875e+01
5.043180286884307861e-02 5.252067565917968750e+01
5.144044011831283569e-02 4.914262771606445312e+01
5.244907736778259277e-02 4.696986389160156250e+01
5.345771089196205139e-02 4.386303710937500000e+01
5.446634814143180847e-02 4.162573623657226562e+01
5.547498539090156555e-02 3.897012329101562500e+01
5.648361891508102417e-02 3.688897323608398438e+01
5.749225616455078125e-02 3.514746475219726562e+01
5.850089341402053833e-02 3.311285781860351562e+01
5.950953066349029541e-02 3.129853057861328125e+01
6.051816418766975403e-02 2.979941177368164062e+01
6.152680143713951111e-02 2.868315887451171875e+01
6.253543496131896973e-02 2.734431457519531250e+01
6.354407221078872681e-02 2.587808418273925781e+01
6.455270946025848389e-02 2.461220169067382812e+01
6.556134670972824097e-02 2.353432083129882812e+01
6.656998395919799805e-02 2.261849784851074219e+01
6.757862120866775513e-02 2.153783226013183594e+01
6.858725100755691528e-02 2.060521316528320312e+01
6.959588825702667236e-02 1.945397567749023438e+01
7.060452550649642944e-02 1.907380294799804688e+01
7.161316275596618652e-02 1.828355026245117188e+01
7.262180000543594360e-02 1.746864891052246094e+01
7.363043725490570068e-02 1.668843078613281250e+01
7.463906705379486084e-02 1.631957817077636719e+01
7.564770430326461792e-02 1.569240760803222656e+01
7.665634155273437500e-02 1.502408123016357422e+01
7.766497880220413208e-02 1.443242359161376953e+01
7.867361605167388916e-02 1.410620117187500000e+01
7.968225330114364624e-02 1.350029373168945312e+01
8.069089055061340332e-02 1.312754058837890625e+01
8.169952034950256348e-02 1.253638648986816406e+01
8.270815759897232056e-02 1.218465805053710938e+01
8.371679484844207764e-02 1.165449523925781250e+01
8.472543209791183472e-02 1.134231758117675781e+01
8.573406934738159180e-02 1.115474319458007812e+01
8.674270659685134888e-02 1.070565032958984375e+01
8.775133639574050903e-02 1.043501472473144531e+01
8.875997364521026611e-02 1.012108993530273438e+01
8.976861089468002319e-02 9.777783393859863281e+00
9.077724814414978027e-02 9.595369338989257812e+00
9.178588539361953735e-02 9.254351615905761719e+00
9.279452264308929443e-02 9.100852966308593750e+00
9.380315244197845459e-02 8.762936592102050781e+00
9.481178969144821167e-02 8.661044120788574219e+00
9.582042694091796875e-02 8.438113212585449219e+00
9.682906419038772583e-02 8.178278923034667969e+00
9.783770143985748291e-02 7.974779605865478516e+00
9.884633868932723999e-02 7.850012302398681641e+00
9.985497593879699707e-02 7.685168266296386719e+00
1.008636057376861572e-01 7.392544269561767578e+00
1.018722429871559143e-01 7.295376777648925781e+00
1.028808802366256714e-01 7.111709594726562500e+00
1.038895174860954285e-01 6.968372821807861328e+00
1.048981547355651855e-01 6.869769573211669922e+00
1.059067919850349426e-01 6.638519763946533203e+00
1.069154217839241028e-01 6.594073295593261719e+00
1.079240590333938599e-01 6.485495567321777344e+00
1.089326962828636169e-01 6.322595596313476562e+00
1.099413335323333740e-01 6.162651538848876953e+00
1.109499707818031311e-01 6.059679031372070312e+00
1.119586080312728882e-01 5.980704307556152344e+00
1.129672378301620483e-01 5.832076072692871094e+00
1.139758750796318054e-01 5.740341663360595703e+00
1.149845123291015625e-01 5.670224666595458984e+00
1.159931495785713196e-01 5.538178920745849609e+00
1.170017868280410767e-01 5.454827308654785156e+00
1.180104240775108337e-01 5.344491481781005859e+00
1.190190613269805908e-01 5.283832073211669922e+00
1.200276911258697510e-01 5.225590229034423828e+00
1.210363283753395081e-01 5.077178478240966797e+00
1.220449656248092651e-01 4.988492488861083984e+00
1.230536028742790222e-01 4.897721767425537109e+00
1.240622401237487793e-01 4.818333625793457031e+00
1.250708699226379395e-01 4.809016704559326172e+00
1.260795146226882935e-01 4.730029582977294922e+00
1.270881444215774536e-01 4.670287609100341797e+00
1.280967891216278076e-01 4.623882293701171875e+00
1.291054189205169678e-01 4.509657859802246094e+00
1.301140487194061279e-01 4.420682430267333984e+00
1.311226934194564819e-01 4.437146663665771484e+00
1.321313232183456421e-01 4.413448333740234375e+00
1.331399679183959961e-01 4.288229942321777344e+00
1.341485977172851562e-01 4.262341022491455078e+00
1.351572424173355103e-01 4.270048141479492188e+00
1.361658722162246704e-01 4.151949405670166016e+00
1.371745020151138306e-01 4.156890392303466797e+00
1.381831467151641846e-01 4.085805416107177734e+00
1.391917765140533447e-01 3.954100608825683594e+00
1.402004212141036987e-01 3.982269048690795898e+00
1.412090510129928589e-01 3.882299900054931641e+00
1.422176808118820190e-01 3.787773847579956055e+00
1.432263255119323730e-01 3.806480646133422852e+00
1.442349553108215332e-01 3.796766042709350586e+00
1.452436000108718872e-01 3.779428005218505859e+00
1.462522298097610474e-01 3.728500604629516602e+00
1.472608745098114014e-01 3.655396699905395508e+00
1.482695043087005615e-01 3.647008419036865234e+00
1.492781341075897217e-01 3.629097938537597656e+00
1.502867788076400757e-01 3.592906951904296875e+00
1.512954086065292358e-01 3.536617755889892578e+00
1.523040533065795898e-01 3.475012302398681641e+00
1.533126831054687500e-01 3.464125633239746094e+00
1.543213278055191040e-01 3.456965923309326172e+00
1.553299576044082642e-01 3.429553985595703125e+00
1.563385874032974243e-01 3.420395135879516602e+00
1.573472321033477783e-01 3.401772260665893555e+00
1.583558619022369385e-01 3.354031085968017578e+00
1.593645066022872925e-01 3.303704500198364258e+00
1.603731364011764526e-01 3.254104137420654297e+00
1.613817811012268066e-01 3.242515087127685547e+00
1.623904109001159668e-01 3.200306415557861328e+00
1.633990406990051270e-01 3.258048057556152344e+00
1.644076853990554810e-01 3.276858329772949219e+00
1.654163151979446411e-01 3.193423509597778320e+00
1.664249598979949951e-01 3.146214246749877930e+00
1.674335896968841553e-01 3.098155736923217773e+00
1.684422194957733154e-01 3.105931282043457031e+00
1.694508641958236694e-01 3.043485641479492188e+00
1.704594939947128296e-01 3.069947719573974609e+00
1.714681386947631836e-01 3.036960601806640625e+00
1.724767684936523438e-01 2.991490125656127930e+00
1.734854131937026978e-01 2.977347850799560547e+00
1.744940429925918579e-01 2.907636642456054688e+00
1.755026727914810181e-01 2.914626121520996094e+00
1.765113174915313721e-01 2.811339616775512695e+00
1.775199472904205322e-01 2.875600576400756836e+00
1.785285919904708862e-01 2.854149341583251953e+00
1.795372217893600464e-01 2.875461816787719727e+00
1.805458664894104004e-01 2.830744743347167969e+00
1.815544962882995605e-01 2.860410451889038086e+00
1.825631260871887207e-01 2.802334308624267578e+00
1.835717707872390747e-01 2.792481660842895508e+00
1.845804005861282349e-01 2.729381561279296875e+00
1.855890452861785889e-01 2.723876953125000000e+00
1.865976750850677490e-01 2.731888532638549805e+00
1.876063048839569092e-01 2.706010818481445312e+00
1.886149495840072632e-01 2.634152889251708984e+00
1.896235793828964233e-01 2.706041574478149414e+00
1.906322240829467773e-01 2.673373222351074219e+00
1.916408538818359375e-01 2.682089090347290039e+00
1.926494985818862915e-01 2.681563854217529297e+00
1.936581283807754517e-01 2.565316677093505859e+00
1.946667581796646118e-01 2.577705860137939453e+00
1.956754028797149658e-01 2.540122270584106445e+00
1.966840326786041260e-01 2.529080390930175781e+00
1.976926773786544800e-01 2.570042371749877930e+00
1.987013071775436401e-01 2.556389331817626953e+00
1.997099518775939941e-01 2.564679861068725586e+00
2.007185816764831543e-01 2.534806728363037109e+00
2.017272114753723145e-01 2.524986267089843750e+00
2.027358561754226685e-01 2.510396003723144531e+00
2.037444859743118286e-01 2.513743638992309570e+00
2.047531306743621826e-01 2.522474527359008789e+00
2.057617604732513428e-01 2.451548099517822266e+00
2.067703902721405029e-01 2.408488273620605469e+00
2.077790349721908569e-01 2.439583063125610352e+00
2.087876647710800171e-01 2.460341691970825195e+00
2.097963094711303711e-01 2.461574792861938477e+00
2.108049392700195312e-01 2.409941434860229492e+00
2.118135839700698853e-01 2.398912429809570312e+00
2.128222137689590454e-01 2.426927089691162109e+00
2.138308435678482056e-01 2.415057897567749023e+00
2.148394882678985596e-01 2.383417606353759766e+00
2.158481180667877197e-01 2.364300727844238281e+00
2.168567627668380737e-01 2.344186305999755859e+00
2.178653925657272339e-01 2.394084930419921875e+00
2.188740372657775879e-01 2.370081186294555664e+00
2.198826670646667480e-01 2.319236040115356445e+00
2.208912968635559082e-01 2.332313776016235352e+00
2.218999415636062622e-01 2.289734840393066406e+00
2.229085713624954224e-01 2.300287723541259766e+00
2.239172160625457764e-01 2.318863630294799805e+00
2.249258458614349365e-01 2.316676139831542969e+00
2.259344756603240967e-01 2.317010164260864258e+00
2.269431203603744507e-01 2.259428739547729492e+00
2.279517501592636108e-01 2.263397932052612305e+00
2.289603948593139648e-01 2.272817850112915039e+00
2.299690246582031250e-01 2.263098001480102539e+00
2.309776693582534790e-01 2.276528120040893555e+00
2.319862991571426392e-01 2.235412120819091797e+00
2.329949289560317993e-01 2.214391231536865234e+00
2.340035736560821533e-01 2.257377862930297852e+00
2.350122034549713135e-01 2.230102539062500000e+00
2.360208481550216675e-01 2.205893754959106445e+00
2.370294779539108276e-01 2.179639816284179688e+00
2.380381226539611816e-01 2.224855184555053711e+00
2.390467524528503418e-01 2.249575853347778320e+00
2.400553822517395020e-01 2.204731941223144531e+00
2.410640269517898560e-01 2.204249620437622070e+00
2.420726567506790161e-01 2.210466861724853516e+00
2.430813014507293701e-01 2.312852859497070312e+00
2.440899312496185303e-01 2.172429561614990234e+00
2.450985759496688843e-01 2.157129287719726562e+00
2.461072057485580444e-01 2.161455392837524414e+00
2.471158355474472046e-01 2.177308082580566406e+00
2.481244802474975586e-01 2.145306348800659180e+00
2.491331100463867188e-01 2.159149169921875000e+00
2.501417398452758789e-01 2.120926618576049805e+00
2.511503994464874268e-01 2.146174907684326172e+00
2.521590292453765869e-01 2.143230438232421875e+00
2.531676590442657471e-01 2.154007196426391602e+00
2.541762888431549072e-01 2.139937400817871094e+00
2.551849186420440674e-01 2.074903964996337891e+00
2.561935782432556152e-01 2.097976207733154297e+00
2.572022080421447754e-01 2.125790596008300781e+00
2.582108378410339355e-01 2.093759059906005859e+00
2.592194676399230957e-01 2.106290578842163086e+00
2.602280974388122559e-01 2.087405681610107422e+00
2.612367570400238037e-01 2.130092382431030273e+00
2.622453868389129639e-01 2.080058336257934570e+00
2.632540166378021240e-01 2.091883182525634766e+00
2.642626464366912842e-01 2.080696105957031250e+00
2.652712762355804443e-01 2.074399232864379883e+00
2.662799358367919922e-01 2.031300783157348633e+00
2.672885656356811523e-01 2.035125732421875000e+00
2.682971954345703125e-01 2.054298400878906250e+00
2.693058252334594727e-01 2.007367134094238281e+00
2.703144848346710205e-01 2.045735120773315430e+00
2.713231146335601807e-01 2.042145729064941406e+00
2.723317444324493408e-01 2.029135227203369141e+00
2.733403742313385010e-01 2.017464637756347656e+00
2.743490040302276611e-01 2.021556615829467773e+00
2.753576636314392090e-01 2.037393093109130859e+00
2.763662934303283691e-01 2.044717550277709961e+00
2.773749232292175293e-01 1.970576643943786621e+00
2.783835530281066895e-01 1.969071507453918457e+00
2.793921828269958496e-01 2.011684656143188477e+00
2.804008424282073975e-01 2.026986122131347656e+00
2.814094722270965576e-01 2.015784025192260742e+00
2.824181020259857178e-01 1.997583985328674316e+00
2.834267318248748779e-01 2.000727176666259766e+00
2.844353616237640381e-01 1.972061157226562500e+00
2.854440212249755859e-01 1.969160795211791992e+00
2.864526510238647461e-01 1.968031406402587891e+00
2.874612808227539062e-01 1.964172840118408203e+00
2.884699106216430664e-01 1.962804794311523438e+00
2.894785702228546143e-01 1.951884269714355469e+00
2.904872000217437744e-01 1.942334294319152832e+00
2.914958298206329346e-01 1.953668475151062012e+00
2.925044596195220947e-01 1.946285367012023926e+00
2.935130894184112549e-01 1.960930705070495605e+00
2.945217490196228027e-01 1.992723584175109863e+00
2.955303788185119629e-01 1.954233169555664062e+00
2.965390086174011230e-01 1.930630207061767578e+00
2.975476384162902832e-01 1.923920154571533203e+00
2.985562682151794434e-01 1.962011694908142090e+00
2.995649278163909912e-01 1.942857503890991211e+00
3.005735576152801514e-01 1.919343471527099609e+00
3.015821874141693115e-01 1.943327307701110840e+00
3.025908172130584717e-01 1.901778936386108398e+00
3.035994470119476318e-01 1.877767562866210938e+00
3.046081066131591797e-01 1.927256226539611816e+00
3.056167364120483398e-01 1.901971340179443359e+00
3.066253662109375000e-01 1.866626858711242676e+00
3.076339960098266602e-01 1.919230580329895020e+00
3.086426556110382080e-01 1.906740546226501465e+00
3.096512854099273682e-01 1.871827006340026855e+00
3.106599152088165283e-01 1.884980320930480957e+00
3.116685450077056885e-01 1.900015234947204590e+00
3.126771748065948486e-01 1.872077584266662598e+00
3.136858344078063965e-01 1.892630457878112793e+00
3.146944642066955566e-01 1.894183874130249023e+00
3.157030940055847168e-01 1.873828887939453125e+00
3.167117238044738770e-01 1.869069218635559082e+00
3.177203536033630371e-01 1.863248944282531738e+00
3.187290132045745850e-01 1.867844223976135254e+00
3.197376430034637451e-01 1.847750902175903320e+00
3.207462728023529053e-01 1.824054360389709473e+00
3.217549026012420654e-01 1.862874269485473633e+00
3.227635622024536133e-01 1.850801706314086914e+00
3.237721920013427734e-01 1.863054037094116211e+00
3.247808218002319336e-01 1.889039993286132812e+00
3.257894515991210938e-01 1.843004465103149414e+00
3.267980813980102539e-01 1.876239776611328125e+00
3.278067409992218018e-01 1.833880901336669922e+00
3.288153707981109619e-01 1.854030489921569824e+00
3.298240005970001221e-01 1.835071206092834473e+00
3.308326303958892822e-01 1.845064878463745117e+00
3.318412601947784424e-01 1.849618434906005859e+00
3.328499197959899902e-01 1.849972605705261230e+00
3.338585495948791504e-01 1.866202712059020996e+00
3.348671793937683105e-01 1.857369542121887207e+00
3.358758091926574707e-01 1.846338510513305664e+00
3.368844389915466309e-01 1.840569853782653809e+00
3.378930985927581787e-01 1.834068417549133301e+00
3.389017283916473389e-01 1.838382244110107422e+00
3.399103581905364990e-01 1.839204907417297363e+00
3.409189879894256592e-01 1.845530509948730469e+00
3.419276475906372070e-01 1.787331581115722656e+00
3.429362773895263672e-01 1.798493742942810059e+00
3.439449071884155273e-01 1.805133700370788574e+00
3.449535369873046875e-01 1.819410562515258789e+00
3.459621667861938477e-01 1.839292049407958984e+00
3.469708263874053955e-01 1.814477086067199707e+00
3.479794561862945557e-01 1.813109755516052246e+00
3.489880859851837158e-01 1.803353905677795410e+00
3.499967157840728760e-01 1.795619845390319824e+00
3.510053455829620361e-01 1.811063051223754883e+00
3.520140051841735840e-01 1.831107974052429199e+00
3.530226349830627441e-01 1.847678899765014648e+00
3.540312647819519043e-01 1.796097993850708008e+00
3.550398945808410645e-01 1.813003659248352051e+00
3.560485243797302246e-01 1.825612664222717285e+00
3.570571839809417725e-01 1.807475566864013672e+00
3.580658137798309326e-01 1.798290252685546875e+00
3.590744435787200928e-01 1.815427660942077637e+00
3.600830733776092529e-01 1.816793203353881836e+00
3.610917329788208008e-01 1.797519803047180176e+00
3.621003627777099609e-01 1.805646419525146484e+00
3.631089925765991211e-01 1.774138808250427246e+00
3.641176223754882812e-01 1.801221847534179688e+00
3.651262521743774414e-01 1.766468644142150879e+00
3.661349117755889893e-01 1.821145653724670410e+00
3.671435415744781494e-01 1.806469798088073730e+00
3.681521713733673096e-01 1.826628923416137695e+00
3.691608011722564697e-01 1.778236865997314453e+00
3.701694309711456299e-01 1.758987665176391602e+00
3.711780905723571777e-01 1.804852604866027832e+00
3.721867203712463379e-01 1.800143718719482422e+00
3.731953501701354980e-01 1.786617994308471680e+00
3.742039799690246582e-01 1.778355479240417480e+00
3.752126097679138184e-01 1.791110873222351074e+00
3.762212693691253662e-01 1.771710991859436035e+00
3.772298991680145264e-01 1.798933863639831543e+00
3.782385289669036865e-01 1.783163428306579590e+00
3.792471587657928467e-01 1.789173483848571777e+00
3.802558183670043945e-01 1.797073006629943848e+00
3.812644481658935547e-01 1.814959883689880371e+00
3.822730779647827148e-01 1.799510002136230469e+00
3.832817077636718750e-01 1.796924471855163574e+00
3.842903375625610352e-01 1.771544098854064941e+00
3.852989971637725830e-01 1.760837078094482422e+00
3.863076269626617432e-01 1.756764531135559082e+00
3.873162567615509033e-01 1.792544007301330566e+00
3.883248865604400635e-01 1.790084719657897949e+00
3.893335163593292236e-01 1.763858437538146973e+00
3.903421759605407715e-01 1.755840659141540527e+00
3.913508057594299316e-01 1.751187205314636230e+00
3.923594355583190918e-01 1.778585433959960938e+00
3.933680653572082520e-01 1.766049504280090332e+00
3.943766951560974121e-01 1.775438189506530762e+00
3.953853547573089600e-01 1.789747357368469238e+00
3.963939845561981201e-01 1.793579220771789551e+00
3.974026143550872803e-01 1.763612270355224609e+00
3.984112441539764404e-01 1.771295309066772461e+00
3.994199037551879883e-01 1.769452333450317383e+00
4.004285335540771484e-01 1.802774071693420410e+00
4.014371633529663086e-01 1.763218402862548828e+00
4.024457931518554688e-01 1.776140928268432617e+00
4.034544229507446289e-01 1.765166759490966797e+00
4.044630825519561768e-01 1.762102365493774414e+00
4.054717123508453369e-01 1.740371227264404297e+00
4.064803421497344971e-01 1.761058688163757324e+00
4.074889719486236572e-01 1.737566947937011719e+00
4.084976017475128174e-01 1.773946404457092285e+00
4.095062613487243652e-01 1.767417550086975098e+00
4.105148911476135254e-01 1.749081373214721680e+00
4.115235209465026855e-01 1.756964087486267090e+00
4.125321507453918457e-01 1.757609367370605469e+00
4.135407805442810059e-01 1.759188175201416016e+00
4.145494401454925537e-01 1.744909405708312988e+00
4.155580699443817139e-01 1.736357569694519043e+00
4.165666997432708740e-01 1.775139570236206055e+00
4.175753295421600342e-01 1.775965571403503418e+00
4.185839891433715820e-01 1.738976836204528809e+00
4.195926189422607422e-01 1.743289113044738770e+00
4.206012487411499023e-01 1.756076574325561523e+00
4.216098785400390625e-01 1.752302527427673340e+00
4.226185083389282227e-01 1.765339970588684082e+00
4.236271679401397705e-01 1.747019052505493164e+00
4.246357977390289307e-01 1.743499517440795898e+00
4.256444275379180908e-01 1.751875996589660645e+00
4.266530573368072510e-01 1.766546010971069336e+00
4.276616871356964111e-01 1.712852478027343750e+00
4.286703467369079590e-01 1.730557680130004883e+00
4.296789765357971191e-01 1.746398448944091797e+00
4.306876063346862793e-01 1.750908970832824707e+00
4.316962361335754395e-01 1.728935003280639648e+00
4.327048659324645996e-01 1.739889264106750488e+00
4.337135255336761475e-01 1.725998759269714355e+00
4.347221553325653076e-01 1.753962278366088867e+00
4.357307851314544678e-01 1.746012568473815918e+00
4.367394149303436279e-01 1.753171920776367188e+00
4.377480745315551758e-01 1.760470390319824219e+00
4.387567043304443359e-01 1.764120936393737793e+00
4.397653341293334961e-01 1.756902217864990234e+00
4.407739639282226562e-01 1.769027590751647949e+00
4.417825937271118164e-01 1.750470161437988281e+00
4.427912533283233643e-01 1.704466104507446289e+00
4.437998831272125244e-01 1.737364172935485840e+00
4.448085129261016846e-01 1.758491873741149902e+00
4.458171427249908447e-01 1.751840114593505859e+00
4.468257725238800049e-01 1.730432152748107910e+00
4.478344321250915527e-01 1.709722042083740234e+00
4.488430619239807129e-01 1.724372625350952148e+00
4.498516917228698730e-01 1.715531110763549805e+00
4.508603215217590332e-01 1.750857949256896973e+00
4.518689513206481934e-01 1.738246679306030273e+00
4.528776109218597412e-01 1.738342285156250000e+00
4.538862407207489014e-01 1.744050979614257812e+00
4.548948705196380615e-01 1.716203331947326660e+00
4.559035003185272217e-01 1.706362962722778320e+00
4.569121599197387695e-01 1.730478525161743164e+00
4.579207897186279297e-01 1.731099367141723633e+00
4.589294195175170898e-01 1.744899988174438477e+00
4.599380493164062500e-01 1.708129882812500000e+00
4.609466791152954102e-01 1.730170011520385742e+00
4.619553387165069580e-01 1.740221619606018066e+00
4.629639685153961182e-01 1.731467247009277344e+00
4.639725983142852783e-01 1.708433985710144043e+00
4.649812281131744385e-01 1.717589616775512695e+00
4.659898579120635986e-01 1.705479025840759277e+00
4.669985175132751465e-01 1.717384696006774902e+00
4.680071473121643066e-01 1.722495436668395996e+00
4.690157771110534668e-01 1.717784404754638672e+00
4.700244069099426270e-01 1.722551107406616211e+00
4.710330665111541748e-01 1.709503769874572754e+00
4.720416963100433350e-01 1.703782320022583008e+00
4.730503261089324951e-01 1.709978818893432617e+00
4.740589559078216553e-01 1.690809130668640137e+00
4.750675857067108154e-01 1.720376610755920410e+00
4.760762453079223633e-01 1.752114176750183105e+00
4.770848751068115234e-01 1.759282112121582031e+00
4.780935049057006836e-01 1.720203995704650879e+00
4.791021347045898438e-01 1.733382344245910645e+00
4.801107645034790039e-01 1.716945409774780273e+00
4.811194241046905518e-01 1.705838561058044434e+00
4.821280539035797119e-01 1.723168253898620605e+00
4.831366837024688721e-01 1.686473250389099121e+00
4.841453135013580322e-01 1.714832901954650879e+00
4.851539433002471924e-01 1.729227185249328613e+00
4.861626029014587402e-01 1.732560634613037109e+00
4.871712327003479004e-01 1.726796030998229980e+00
4.881798624992370605e-01 1.670028209686279297e+00
4.891884922981262207e-01 1.689653873443603516e+00
4.901971518993377686e-01 1.715424776077270508e+00
4.912057816982269287e-01 1.678810715675354004e+00
4.922144114971160889e-01 1.699239730834960938e+00
4.932230412960052490e-01 1.693465352058410645e+00
4.942316710948944092e-01 1.702490210533142090e+00
4.952403306961059570e-01 1.720730900764465332e+00
4.962489604949951172e-01 1.709278702735900879e+00
4.972575902938842773e-01 1.695855498313903809e+00
4.982662200927734375e-01 1.688711285591125488e+00
4.992748498916625977e-01 1.683955073356628418e+00
5.002834796905517578e-01 1.707522034645080566e+00
5.012921094894409180e-01 1.710749506950378418e+00
5.023007988929748535e-01 1.717850565910339355e+00
5.033094286918640137e-01 1.730342745780944824e+00
5.043180584907531738e-01 1.775905132293701172e+00
5.053266882896423340e-01 1.707939863204956055e+00
5.063353180885314941e-01 1.700636148452758789e+00
5.073439478874206543e-01 1.708593368530273438e+00
5.083525776863098145e-01 1.686734199523925781e+00
5.093612074851989746e-01 1.714622139930725098e+00
5.103698372840881348e-01 1.691604495048522949e+00
5.113784670829772949e-01 1.687989711761474609e+00
5.123871564865112305e-01 1.698830127716064453e+00
5.133957862854003906e-01 1.698974490165710449e+00
5.144044160842895508e-01 1.679741144180297852e+00
5.154130458831787109e-01 1.678816795349121094e+00
5.164216756820678711e-01 1.696432352066040039e+00
5.174303054809570312e-01 1.703245043754577637e+00
5.184389352798461914e-01 1.706701278686523438e+00
5.194475650787353516e-01 1.709295630455017090e+00
5.204561948776245117e-01 1.683627724647521973e+00
5.214648842811584473e-01 1.690942645072937012e+00
5.224735140800476074e-01 1.699658036231994629e+00
5.234821438789367676e-01 1.672610163688659668e+00
5.244907736778259277e-01 1.659172296524047852e+00
5.254994034767150879e-01 1.696494102478027344e+00
5.265080332756042480e-01 1.665869712829589844e+00
5.275166630744934082e-01 1.690380215644836426e+00
5.285252928733825684e-01 1.701519012451171875e+00
5.295339226722717285e-01 1.685642600059509277e+00
5.305425524711608887e-01 1.682145357131958008e+00
5.315512418746948242e-01 1.679580092430114746e+00
5.325598716735839844e-01 1.682978868484497070e+00
5.335685014724731445e-01 1.675807952880859375e+00
5.345771312713623047e-01 1.681130409240722656e+00
5.355857610702514648e-01 1.690801262855529785e+00
5.365943908691406250e-01 1.708862185478210449e+00
5.376030206680297852e-01 1.685539960861206055e+00
5.386116504669189453e-01 1.659353375434875488e+00
5.396202802658081055e-01 1.663717746734619141e+00
5.406289696693420410e-01 1.678178071975708008e+00
5.416375994682312012e-01 1.672646045684814453e+00
5.426462292671203613e-01 1.667575955390930176e+00
5.436548590660095215e-01 1.692433238029479980e+00
5.446634888648986816e-01 1.673431396484375000e+00
5.456721186637878418e-01 1.691424012184143066e+00
5.466807484626770020e-01 1.683032393455505371e+00
5.476893782615661621e-01 1.699442148208618164e+00
5.486980080604553223e-01 1.698038816452026367e+00
5.497066378593444824e-01 1.692318558692932129e+00
5.507153272628784180e-01 1.696528315544128418e+00
5.517239570617675781e-01 1.693092703819274902e+00
5.527325868606567383e-01 1.705005764961242676e+00
5.537412166595458984e-01 1.681769490242004395e+00
5.547498464584350586e-01 1.684035539627075195e+00
5.557584762573242188e-01 1.679070353507995605e+00
5.567671060562133789e-01 1.681347608566284180e+00
5.577757358551025391e-01 1.688966274261474609e+00
5.587843656539916992e-01 1.714063763618469238e+00
5.597930550575256348e-01 1.686946868896484375e+00
5.608016848564147949e-01 1.676480770111083984e+00
5.618103146553039551e-01 1.689473867416381836e+00
5.628189444541931152e-01 1.661065697669982910e+00
5.638275742530822754e-01 1.685125350952148438e+00
5.648362040519714355e-01 1.711549878120422363e+00
5.658448338508605957e-01 1.694888591766357422e+00
5.668534636497497559e-01 1.680137395858764648e+00
5.678620934486389160e-01 1.708572626113891602e+00
5.688707232475280762e-01 1.719373583793640137e+00
5.698794126510620117e-01 1.709761023521423340e+00
5.708880424499511719e-01 1.686121702194213867e+00
5.718966722488403320e-01 1.681287646293640137e+00
5.729053020477294922e-01 1.695647358894348145e+00
5.739139318466186523e-01 1.703266382217407227e+00
5.749225616455078125e-01 1.683787107467651367e+00
5.759311914443969727e-01 1.676361560821533203e+00
5.769398212432861328e-01 1.707100033760070801e+00
5.779484510421752930e-01 1.693579554557800293e+00
5.789571404457092285e-01 1.700619220733642578e+00
5.799657702445983887e-01 1.693187594413757324e+00
5.809744000434875488e-01 1.677970290184020996e+00
5.819830298423767090e-01 1.682891607284545898e+00
5.829916596412658691e-01 1.701363563537597656e+00
5.840002894401550293e-01 1.699848055839538574e+00
5.850089192390441895e-01 1.683059930801391602e+00
5.860175490379333496e-01 1.683673739433288574e+00
5.870261788368225098e-01 1.697930335998535156e+00
5.880348086357116699e-01 1.723479151725769043e+00
5.890434980392456055e-01 1.721800565719604492e+00
5.900521278381347656e-01 1.740160346031188965e+00
5.910607576370239258e-01 1.734469056129455566e+00
5.920693874359130859e-01 1.714056372642517090e+00
5.930780172348022461e-01 1.717984795570373535e+00
5.940866470336914062e-01 1.699570417404174805e+00
5.950952768325805664e-01 1.713777303695678711e+00
5.961039066314697266e-01 1.728632211685180664e+00
5.971125364303588867e-01 1.705430030822753906e+00
5.981212258338928223e-01 1.694798946380615234e+00
5.991298556327819824e-01 1.724635481834411621e+00
6.001384854316711426e-01 1.723827362060546875e+00
6.011471152305603027e-01 1.735714316368103027e+00
6.021557450294494629e-01 1.714312791824340820e+00
6.031643748283386230e-01 1.703499197959899902e+00
6.041730046272277832e-01 1.695080280303955078e+00
6.051816344261169434e-01 1.714818358421325684e+00
6.061902642250061035e-01 1.727841854095458984e+00
6.071988940238952637e-01 1.733084559440612793e+00
6.082075834274291992e-01 1.703469753265380859e+00
6.092162132263183594e-01 1.698097705841064453e+00
6.102248430252075195e-01 1.704759955406188965e+00
6.112334728240966797e-01 1.720193624496459961e+00
6.122421026229858398e-01 1.693621993064880371e+00
6.132507324218750000e-01 1.714533567428588867e+00
6.142593622207641602e-01 1.745175957679748535e+00
6.152679920196533203e-01 1.745757699012756348e+00
6.162766218185424805e-01 1.716332435607910156e+00
6.172853112220764160e-01 1.738227844238281250e+00
6.182939410209655762e-01 1.738993763923645020e+00
6.193025708198547363e-01 1.721361994743347168e+00
6.203112006187438965e-01 1.723282337188720703e+00
6.213198304176330566e-01 1.728220582008361816e+00
6.223284602165222168e-01 1.733784198760986328e+00
6.233370900154113770e-01 1.725373744964599609e+00
6.243457198143005371e-01 1.723198771476745605e+00
6.253543496131896973e-01 1.731977581977844238e+00
6.263629794120788574e-01 1.700078010559082031e+00
6.273716688156127930e-01 1.706774830818176270e+00
6.283802986145019531e-01 1.693274617195129395e+00
6.293889284133911133e-01 1.742947220802307129e+00
6.303975582122802734e-01 1.724610209465026855e+00
6.314061880111694336e-01 1.738887190818786621e+00
6.324148178100585938e-01 1.720685005187988281e+00
6.334234476089477539e-01 1.729203224182128906e+00
6.344320774078369141e-01 1.723259449005126953e+00
6.354407072067260742e-01 1.734076738357543945e+00
6.364493966102600098e-01 1.704763770103454590e+00
6.374580264091491699e-01 1.710323810577392578e+00
6.384666562080383301e-01 1.750712037086486816e+00
6.394752860069274902e-01 1.731145024299621582e+00
6.404839158058166504e-01 1.732540726661682129e+00
6.414925456047058105e-01 1.733012914657592773e+00
6.425011754035949707e-01 1.726516962051391602e+00
6.435098052024841309e-01 1.734100341796875000e+00
6.445184350013732910e-01 1.705125927925109863e+00
6.455271244049072266e-01 1.712242007255554199e+00
6.465357542037963867e-01 1.738442778587341309e+00
6.475443840026855469e-01 1.720586657524108887e+00
6.485530138015747070e-01 1.714058041572570801e+00
6.495616436004638672e-01 1.726543307304382324e+00
6.505702733993530273e-01 1.738273143768310547e+00
6.515789031982421875e-01 1.731716275215148926e+00
6.525875329971313477e-01 1.742970347404479980e+00
6.535961627960205078e-01 1.730199217796325684e+00
6.546047925949096680e-01 1.742104291915893555e+00
6.556134819984436035e-01 1.726065278053283691e+00
6.566221117973327637e-01 1.715274453163146973e+00
6.576307415962219238e-01 1.745774030685424805e+00
6.586393713951110840e-01 1.750706791877746582e+00
6.596480011940002441e-01 1.760737657546997070e+00
6.606566309928894043e-01 1.736283898353576660e+00
6.616652607917785645e-01 1.734512925148010254e+00
6.626738905906677246e-01 1.737066149711608887e+00
6.636825203895568848e-01 1.753419160842895508e+00
6.646912097930908203e-01 1.772596478462219238e+00
6.656998395919799805e-01 1.749330878257751465e+00
6.667084693908691406e-01 1.754902482032775879e+00
6.677170991897583008e-01 1.771119832992553711e+00
6.687257289886474609e-01 1.751702189445495605e+00
6.697343587875366211e-01 1.764611840248107910e+00
6.707429885864257812e-01 1.767519950866699219e+00
6.717516183853149414e-01 1.748443126678466797e+00
6.727602481842041016e-01 1.757924318313598633e+00
6.737688779830932617e-01 1.760631680488586426e+00
6.747775673866271973e-01 1.762221217155456543e+00
6.757861971855163574e-01 1.757625102996826172e+00
6.767948269844055176e-01 1.783994793891906738e+00
6.778034567832946777e-01 1.774366497993469238e+00
6.788120865821838379e-01 1.765456438064575195e+00
6.798207163810729980e-01 1.771052837371826172e+00
6.808293461799621582e-01 1.781123280525207520e+00
6.818379759788513184e-01 1.777377009391784668e+00
6.828466057777404785e-01 1.770456910133361816e+00
6.838552951812744141e-01 1.765960812568664551e+00
6.848639249801635742e-01 1.779009819030761719e+00
6.858725547790527344e-01 1.789230465888977051e+00
6.868811845779418945e-01 1.776611804962158203e+00
6.878898143768310547e-01 1.758943796157836914e+00
6.888984441757202148e-01 1.759237885475158691e+00
6.899070739746093750e-01 1.784916639328002930e+00
6.909157037734985352e-01 1.787280797958374023e+00
6.919243335723876953e-01 1.773355841636657715e+00
6.929329633712768555e-01 1.792739272117614746e+00
6.939416527748107910e-01 1.780723929405212402e+00
6.949502825736999512e-01 1.770099520683288574e+00
6.959589123725891113e-01 1.751608014106750488e+00
6.969675421714782715e-01 1.795550942420959473e+00
6.979761719703674316e-01 1.832403898239135742e+00
6.989848017692565918e-01 1.798168778419494629e+00
6.999934315681457520e-01 1.793935418128967285e+00
7.010020613670349121e-01 1.823022007942199707e+00
7.020106911659240723e-01 1.836537718772888184e+00
7.030193805694580078e-01 1.814987182617187500e+00
7.040280103683471680e-01 1.812416434288024902e+00
7.050366401672363281e-01 1.787070870399475098e+00
7.060452699661254883e-01 1.791626811027526855e+00
7.070538997650146484e-01 1.812813997268676758e+00
7.080625295639038086e-01 1.805336475372314453e+00
7.090711593627929688e-01 1.814954400062561035e+00
7.100797891616821289e-01 1.795348167419433594e+00
7.110884189605712891e-01 1.813597917556762695e+00
7.120970487594604492e-01 1.842688560485839844e+00
7.131057381629943848e-01 1.795063018798828125e+00
7.141143679618835449e-01 1.813362360000610352e+00
7.151229977607727051e-01 1.836150527000427246e+00
7.161316275596618652e-01 1.817787528038024902e+00
7.171402573585510254e-01 1.802284836769104004e+00
7.181488871574401855e-01 1.827664256095886230e+00
7.191575169563293457e-01 1.803364276885986328e+00
7.201661467552185059e-01 1.811372160911560059e+00
7.211747765541076660e-01 1.838434815406799316e+00
7.221834659576416016e-01 1.828302145004272461e+00
7.231920957565307617e-01 1.839096784591674805e+00
7.242007255554199219e-01 1.857269525527954102e+00
7.252093553543090820e-01 1.847183704376220703e+00
7.262179851531982422e-01 1.846682548522949219e+00
7.272266149520874023e-01 1.847887992858886719e+00
7.282352447509765625e-01 1.808584570884704590e+00
7.292438745498657227e-01 1.832275152206420898e+00
7.302525043487548828e-01 1.878744482994079590e+00
7.312611341476440430e-01 1.857119679450988770e+00
7.322698235511779785e-01 1.853816509246826172e+00
7.332784533500671387e-01 1.858179926872253418e+00
7.342870831489562988e-01 1.833564400672912598e+00
7.352957129478454590e-01 1.855224728584289551e+00
7.363043427467346191e-01 1.849119901657104492e+00
7.373129725456237793e-01 1.824057579040527344e+00
7.383216023445129395e-01 1.860212802886962891e+00
7.393302321434020996e-01 1.866215229034423828e+00
7.403388619422912598e-01 1.840764641761779785e+00
7.413475513458251953e-01 1.861996889114379883e+00
7.423561811447143555e-01 1.878781437873840332e+00
7.433648109436035156e-01 1.858890175819396973e+00
7.443734407424926758e-01 1.892789721488952637e+00
7.453820705413818359e-01 1.885965228080749512e+00
7.463907003402709961e-01 1.905380129814147949e+00
7.473993301391601562e-01 1.875280618667602539e+00
7.484079599380493164e-01 1.893744945526123047e+00
7.494165897369384766e-01 1.887694478034973145e+00
7.504252195358276367e-01 1.887709379196166992e+00
7.514339089393615723e-01 1.883724927902221680e+00
7.524425387382507324e-01 1.921250462532043457e+00
7.534511685371398926e-01 1.940856099128723145e+00
7.544597983360290527e-01 1.902388095855712891e+00
7.554684281349182129e-01 1.907032608985900879e+00
7.564770579338073730e-01 1.898522853851318359e+00
7.574856877326965332e-01 1.885538816452026367e+00
7.584943175315856934e-01 1.880129456520080566e+00
7.595029473304748535e-01 1.897730708122253418e+00
7.605116367340087891e-01 1.899281144142150879e+00
7.615202665328979492e-01 1.915169239044189453e+00
7.625288963317871094e-01 1.914470195770263672e+00
7.635375261306762695e-01 1.911370396614074707e+00
7.645461559295654297e-01 1.905104160308837891e+00
7.655547857284545898e-01 1.895453929901123047e+00
7.665634155273437500e-01 1.885765671730041504e+00
7.675720453262329102e-01 1.903292417526245117e+00
7.685806751251220703e-01 1.908682942390441895e+00
7.695893049240112305e-01 1.909736752510070801e+00
7.705979943275451660e-01 1.942606449127197266e+00
7.716066241264343262e-01 1.947398304939270020e+00
7.726152539253234863e-01 1.903756260871887207e+00
7.736238837242126465e-01 1.937830328941345215e+00
7.746325135231018066e-01 1.946664690971374512e+00
7.756411433219909668e-01 1.960828423500061035e+00
7.766497731208801270e-01 1.974696516990661621e+00
7.776584029197692871e-01 1.930168867111206055e+00
7.786670327186584473e-01 1.935573458671569824e+00
7.796757221221923828e-01 1.928392767906188965e+00
7.806843519210815430e-01 1.928523421287536621e+00
7.816929817199707031e-01 1.930157423019409180e+00
7.827016115188598633e-01 1.939725041389465332e+00
7.837102413177490234e-01 1.959790229797363281e+00
7.847188711166381836e-01 1.946501970291137695e+00
7.857275009155273438e-01 1.947315931320190430e+00
7.867361307144165039e-01 1.962538838386535645e+00
7.877447605133056641e-01 1.965162396430969238e+00
7.887533903121948242e-01 1.973958373069763184e+00
7.897620797157287598e-01 1.980424642562866211e+00
7.907707095146179199e-01 1.959983706474304199e+00
7.917793393135070801e-01 1.979979038238525391e+00
7.927879691123962402e-01 1.952840447425842285e+00
7.937965989112854004e-01 1.972840666770935059e+00
7.948052287101745605e-01 1.979794025421142578e+00
7.958138585090637207e-01 1.989238023757934570e+00
7.968224883079528809e-01 1.969125270843505859e+00
7.978311181068420410e-01 1.986137866973876953e+00
7.988398075103759766e-01 2.000709056854248047e+00
7.998484373092651367e-01 1.994461417198181152e+00
8.008570671081542969e-01 1.996796369552612305e+00
8.018656969070434570e-01 1.985670685768127441e+00
8.028743267059326172e-01 1.999575018882751465e+00
8.038829565048217773e-01 1.999784469604492188e+00
8.048915863037109375e-01 2.000868558883666992e+00
8.059002161026000977e-01 1.999816536903381348e+00
8.069088459014892578e-01 1.972331285476684570e+00
8.079174757003784180e-01 2.004453897476196289e+00
8.089261651039123535e-01 2.021823406219482422e+00
8.099347949028015137e-01 2.012874364852905273e+00
8.109434247016906738e-01 2.030785083770751953e+00
8.119520545005798340e-01 2.015519142150878906e+00
8.129606842994689941e-01 1.994624137878417969e+00
8.139693140983581543e-01 2.001881361007690430e+00
8.149779438972473145e-01 2.052365779876708984e+00
8.159865736961364746e-01 2.052880048751831055e+00
8.169952034950256348e-01 2.013576507568359375e+00
8.180038928985595703e-01 1.988443613052368164e+00
8.190125226974487305e-01 2.045410633087158203e+00
8.200211524963378906e-01 2.031123161315917969e+00
8.210297822952270508e-01 2.017425537109375000e+00
8.220384120941162109e-01 2.056768655776977539e+00
8.230470418930053711e-01 2.039667606353759766e+00
8.240556716918945312e-01 2.039665699005126953e+00
8.250643014907836914e-01 2.042437076568603516e+00
8.260729312896728516e-01 2.039292812347412109e+00
8.270815610885620117e-01 2.043818950653076172e+00
8.280902504920959473e-01 2.065375089645385742e+00
8.290988802909851074e-01 2.044574499130249023e+00
8.301075100898742676e-01 2.034117221832275391e+00
8.311161398887634277e-01 2.056610584259033203e+00
8.321247696876525879e-01 2.060836553573608398e+00
8.331333994865417480e-01 2.075479030609130859e+00
8.341420292854309082e-01 2.046694993972778320e+00
8.351506590843200684e-01 2.095839023590087891e+00
8.361592888832092285e-01 2.090326786041259766e+00
8.371679782867431641e-01 2.073203802108764648e+00
8.381766080856323242e-01 2.050747394561767578e+00
8.391852378845214844e-01 2.070870637893676758e+00
8.401938676834106445e-01 2.079918384552001953e+00
8.412024974822998047e-01 2.064988851547241211e+00
8.422111272811889648e-01 2.103087425231933594e+00
8.432197570800781250e-01 2.085108518600463867e+00
8.442283868789672852e-01 2.086232900619506836e+00
8.452370166778564453e-01 2.100177049636840820e+00
8.462456464767456055e-01 2.104209184646606445e+00
8.472543358802795410e-01 2.107662677764892578e+00
8.482629656791687012e-01 2.118570566177368164e+00
8.492715954780578613e-01 2.124783992767333984e+00
8.502802252769470215e-01 2.093396186828613281e+00
8.512888550758361816e-01 2.089524507522583008e+00
8.522974848747253418e-01 2.127786159515380859e+00
8.533061146736145020e-01 2.142999649047851562e+00
8.543147444725036621e-01 2.125380516052246094e+00
8.553233742713928223e-01 2.120642185211181641e+00
8.563320636749267578e-01 2.099100351333618164e+00
8.573406934738159180e-01 2.133667707443237305e+00
8.583493232727050781e-01 2.131246089935302734e+00
8.593579530715942383e-01 2.137812137603759766e+00
8.603665828704833984e-01 2.133964300155639648e+00
8.613752126693725586e-01 2.120772123336791992e+00
8.623838424682617188e-01 2.150758743286132812e+00
8.633924722671508789e-01 2.131744861602783203e+00
8.644011020660400391e-01 2.130043268203735352e+00
8.654097318649291992e-01 2.114071607589721680e+00
8.664184212684631348e-01 2.149048805236816406e+00
8.674270510673522949e-01 2.156833410263061523e+00
8.684356808662414551e-01 2.161655187606811523e+00
8.694443106651306152e-01 2.177576541900634766e+00
8.704529404640197754e-01 2.194805860519409180e+00
8.714615702629089355e-01 2.157961606979370117e+00
8.724702000617980957e-01 2.199245929718017578e+00
8.734788298606872559e-01 2.184200525283813477e+00
8.744874596595764160e-01 2.189433336257934570e+00
8.754961490631103516e-01 2.143306255340576172e+00
8.765047788619995117e-01 2.165027379989624023e+00
8.775134086608886719e-01 2.170658111572265625e+00
8.785220384597778320e-01 2.217005729675292969e+00
8.795306682586669922e-01 2.196146726608276367e+00
8.805392980575561523e-01 2.161207199096679688e+00
8.815479278564453125e-01 2.174353599548339844e+00
8.825565576553344727e-01 2.210040807723999023e+00
8.835651874542236328e-01 2.204657316207885742e+00
8.845738172531127930e-01 2.200396060943603516e+00
8.855825066566467285e-01 2.166206598281860352e+00
8.865911364555358887e-01 2.193443536758422852e+00
8.875997662544250488e-01 2.223034858703613281e+00
8.886083960533142090e-01 2.222116708755493164e+00
8.896170258522033691e-01 2.210940837860107422e+00
8.906256556510925293e-01 2.206920146942138672e+00
8.916342854499816895e-01 2.236222982406616211e+00
8.926429152488708496e-01 2.220060825347900391e+00
8.936515450477600098e-01 2.244590759277343750e+00
8.946602344512939453e-01 2.242293119430541992e+00
8.956688642501831055e-01 2.240833282470703125e+00
8.966774940490722656e-01 2.209141254425048828e+00
8.976861238479614258e-01 2.230571508407592773e+00
8.986947536468505859e-01 2.266610860824584961e+00
8.997033834457397461e-01 2.240138530731201172e+00
9.007120132446289062e-01 2.273923158645629883e+00
9.017206430435180664e-01 2.243764877319335938e+00
9.027292728424072266e-01 2.244575738906860352e+00
9.037379026412963867e-01 2.274953365325927734e+00
9.047465920448303223e-01 2.297766923904418945e+00
9.057552218437194824e-01 2.287077665328979492e+00
9.067638516426086426e-01 2.277218580245971680e+00
9.077724814414978027e-01 2.274742603302001953e+00
9.087811112403869629e-01 2.266552448272705078e+00
9.097897410392761230e-01 2.314570903778076172e+00
9.107983708381652832e-01 2.319874525070190430e+00
9.118070006370544434e-01 2.274901151657104492e+00
9.128156304359436035e-01 2.317462921142578125e+00
9.138243198394775391e-01 2.327617883682250977e+00
9.148329496383666992e-01 2.326925277709960938e+00
9.158415794372558594e-01 2.311219453811645508e+00
9.168502092361450195e-01 2.332432270050048828e+00
9.178588390350341797e-01 2.322122097015380859e+00
9.188674688339233398e-01 2.340698480606079102e+00
9.198760986328125000e-01 2.311588525772094727e+00
9.208847284317016602e-01 2.370360851287841797e+00
9.218933582305908203e-01 2.321451902389526367e+00
9.229020476341247559e-01 2.306436061859130859e+00
9.239106774330139160e-01 2.315036296844482422e+00
9.249193072319030762e-01 2.336048364639282227e+00
9.259279370307922363e-01 2.313432693481445312e+00
9.269365668296813965e-01 2.348192930221557617e+00
9.279451966285705566e-01 2.334222316741943359e+00
9.289538264274597168e-01 2.344334125518798828e+00
9.299624562263488770e-01 2.349549531936645508e+00
9.309710860252380371e-01 2.358858108520507812e+00
9.319797158241271973e-01 2.329807519912719727e+00
9.329884052276611328e-01 2.399211406707763672e+00
9.339970350265502930e-01 2.404587030410766602e+00
9.350056648254394531e-01 2.411253213882446289e+00
9.360142946243286133e-01 2.423191308975219727e+00
9.370229244232177734e-01 2.382871389389038086e+00
9.380315542221069336e-01 2.387694120407104492e+00
9.390401840209960938e-01 2.383270740509033203e+00
9.400488138198852539e-01 2.475348472595214844e+00
9.410574436187744141e-01 2.416361570358276367e+00
9.420661330223083496e-01 2.402510643005371094e+00
9.430747628211975098e-01 2.442474842071533203e+00
9.440833926200866699e-01 2.417867898941040039e+00
9.450920224189758301e-01 2.413433313369750977e+00
9.461006522178649902e-01 2.378189325332641602e+00
9.471092820167541504e-01 2.403558969497680664e+00
9.481179118156433105e-01 2.411712169647216797e+00
9.491265416145324707e-01 2.421000719070434570e+00
9.501351714134216309e-01 2.426947593688964844e+00
9.511438012123107910e-01 2.444803953170776367e+00
9.521524906158447266e-01 2.425897836685180664e+00
9.531611204147338867e-01 2.431497097015380859e+00
9.541697502136230469e-01 2.487906217575073242e+00
9.551783800125122070e-01 2.506173610687255859e+00
9.561870098114013672e-01 2.491093873977661133e+00
9.571956396102905273e-01 2.478774785995483398e+00
9.582042694091796875e-01 2.524835824966430664e+00
9.592128992080688477e-01 2.462849140167236328e+00
9.602215290069580078e-01 2.456731557846069336e+00
9.612302184104919434e-01 2.448930740356445312e+00
9.622388482093811035e-01 2.461073398590087891e+00
9.632474780082702637e-01 2.512741804122924805e+00
9.642561078071594238e-01 2.450866699218750000e+00
9.652647376060485840e-01 2.460149049758911133e+00
9.662733674049377441e-01 2.492972373962402344e+00
9.672819972038269043e-01 2.528952360153198242e+00
9.682906270027160645e-01 2.512839317321777344e+00
9.692992568016052246e-01 2.497728347778320312e+00
9.703078866004943848e-01 2.495707273483276367e+00
9.713165760040283203e-01 2.546206712722778320e+00
9.723252058029174805e-01 2.569033145904541016e+00
9.733338356018066406e-01 2.570913553237915039e+00
9.743424654006958008e-01 2.576148509979248047e+00
9.753510951995849609e-01 2.609280347824096680e+00
9.763597249984741211e-01 2.515841245651245117e+00
9.773683547973632812e-01 2.593285560607910156e+00
9.783769845962524414e-01 2.555848121643066406e+00
9.793856143951416016e-01 2.519779443740844727e+00
9.803943037986755371e-01 2.557304859161376953e+00
9.814029335975646973e-01 2.542938947677612305e+00
9.824115633964538574e-01 2.537698268890380859e+00
9.834201931953430176e-01 2.567816257476806641e+00
9.844288229942321777e-01 2.599148035049438477e+00
9.854374527931213379e-01 2.541426897048950195e+00
9.864460825920104980e-01 2.558400630950927734e+00
9.874547123908996582e-01 2.631157398223876953e+00
9.884633421897888184e-01 2.640915155410766602e+00
9.894719719886779785e-01 2.591642856597900391e+00
9.904806613922119141e-01 2.585672616958618164e+00
9.914892911911010742e-01 2.623357534408569336e+00
9.924979209899902344e-01 2.591597557067871094e+00
9.935065507888793945e-01 2.559275150299072266e+00
9.945151805877685547e-01 2.670101642608642578e+00
9.955238103866577148e-01 2.658679485321044922e+00
9.965324401855468750e-01 2.674453496932983398e+00
9.975410699844360352e-01 2.630391359329223633e+00
9.985496997833251953e-01 2.693685054779052734e+00
9.995583891868591309e-01 2.716148376464843750e+00
1.000566959381103516e+00 2.730132818222045898e+00
1.001575589179992676e+00 2.667086839675903320e+00
1.002584218978881836e+00 2.692718267440795898e+00
1.003592848777770996e+00 2.677448272705078125e+00
1.004601597785949707e+00 2.703486680984497070e+00
1.005610227584838867e+00 2.678201675415039062e+00
1.006618857383728027e+00 2.682001113891601562e+00
1.007627487182617188e+00 2.727445125579833984e+00
1.008636116981506348e+00 2.659689188003540039e+00
1.009644746780395508e+00 2.653643369674682617e+00
1.010653376579284668e+00 2.733615875244140625e+00
1.011662006378173828e+00 2.661913871765136719e+00
1.012670636177062988e+00 2.654643058776855469e+00
1.013679265975952148e+00 2.718271255493164062e+00
1.014687895774841309e+00 2.708895206451416016e+00
1.015696525573730469e+00 2.770435094833374023e+00
1.016705155372619629e+00 2.757795333862304688e+00
1.017713785171508789e+00 2.709573984146118164e+00
1.018722414970397949e+00 2.697844505310058594e+00
1.019731044769287109e+00 2.759646892547607422e+00
1.020739674568176270e+00 2.798833847045898438e+00
1.021748304367065430e+00 2.738131046295166016e+00
1.022756934165954590e+00 2.697691917419433594e+00
1.023765683174133301e+00 2.764665365219116211e+00
1.024774312973022461e+00 2.708997488021850586e+00
1.025782942771911621e+00 2.777535200119018555e+00
1.026791572570800781e+00 2.796274423599243164e+00
1.027800202369689941e+00 2.763168334960937500e+00
1.028808832168579102e+00 2.758212327957153320e+00
1.029817461967468262e+00 2.791276693344116211e+00
1.030826091766357422e+00 2.862115144729614258e+00
1.031834721565246582e+00 2.839931964874267578e+00
1.032843351364135742e+00 2.857958316802978516e+00
1.033851981163024902e+00 2.809454917907714844e+00
1.034860610961914062e+00 2.902564048767089844e+00
1.035869240760803223e+00 2.832703113555908203e+00
1.036877870559692383e+00 2.785634517669677734e+00
1.037886500358581543e+00 2.768572092056274414e+00
1.038895130157470703e+00 2.831868410110473633e+00
1.039903759956359863e+00 2.890228271484375000e+00
1.040912389755249023e+00 2.868745565414428711e+00
1.041921019554138184e+00 2.782457351684570312e+00
1.042929768562316895e+00 2.863287210464477539e+00
1.043938398361206055e+00 2.813272714614868164e+00
1.044947028160095215e+00 2.868330001831054688e+00
1.045955657958984375e+00 2.865130901336669922e+00
1.046964287757873535e+00 2.886054515838623047e+00
1.047972917556762695e+00 2.824760437011718750e+00
1.048981547355651855e+00 2.855581045150756836e+00
1.049990177154541016e+00 2.835473060607910156e+00
1.050998806953430176e+00 2.931406974792480469e+00
1.052007436752319336e+00 2.918735265731811523e+00
1.053016066551208496e+00 2.933183908462524414e+00
1.054024696350097656e+00 2.945459604263305664e+00
1.055033326148986816e+00 2.912548065185546875e+00
1.056041955947875977e+00 2.921923875808715820e+00
1.057050585746765137e+00 2.932132244110107422e+00
1.058059215545654297e+00 2.965026378631591797e+00
1.059067845344543457e+00 2.882486820220947266e+00
1.060076475143432617e+00 2.998996257781982422e+00
1.061085104942321777e+00 2.975997447967529297e+00
1.062093853950500488e+00 2.935045719146728516e+00
1.063102483749389648e+00 3.040260553359985352e+00
1.064111113548278809e+00 3.031889677047729492e+00
1.065119743347167969e+00 2.939209938049316406e+00
1.066128373146057129e+00 2.917654752731323242e+00
1.067137002944946289e+00 2.913813591003417969e+00
1.068145632743835449e+00 3.031178474426269531e+00
1.069154262542724609e+00 3.003065347671508789e+00
1.070162892341613770e+00 2.972997665405273438e+00
1.071171522140502930e+00 3.072495698928833008e+00
1.072180151939392090e+00 3.020712852478027344e+00
1.073188781738281250e+00 2.998386144638061523e+00
1.074197411537170410e+00 2.937240600585937500e+00
1.075206041336059570e+00 3.011071920394897461e+00
1.076214671134948730e+00 2.976621389389038086e+00
1.077223300933837891e+00 3.046030282974243164e+00
1.078231930732727051e+00 3.132397413253784180e+00
1.079240560531616211e+00 3.102511882781982422e+00
1.080249190330505371e+00 3.032099485397338867e+00
1.081257939338684082e+00 3.041117429733276367e+00
1.082266569137573242e+00 3.134359598159790039e+00
1.083275198936462402e+00 3.190437555313110352e+00
1.084283828735351562e+00 3.104039192199707031e+00
1.085292458534240723e+00 3.096244335174560547e+00
1.086301088333129883e+00 3.088042736053466797e+00
1.087309718132019043e+00 3.093843221664428711e+00
1.088318347930908203e+00 3.072365999221801758e+00
1.089326977729797363e+00 3.090464115142822266e+00
1.090335607528686523e+00 3.176756858825683594e+00
1.091344237327575684e+00 3.141944169998168945e+00
1.092352867126464844e+00 3.112436771392822266e+00
1.093361496925354004e+00 3.161492347717285156e+00
1.094370126724243164e+00 3.168738603591918945e+00
1.095378756523132324e+00 3.070960044860839844e+00
1.096387386322021484e+00 3.084662914276123047e+00
1.097396016120910645e+00 3.146430492401123047e+00
1.098404645919799805e+00 3.214758396148681641e+00
1.099413275718688965e+00 3.152179718017578125e+00
1.100422024726867676e+00 3.094510316848754883e+00
1.101430654525756836e+00 3.248574972152709961e+00
1.102439284324645996e+00 3.151474952697753906e+00
1.103447914123535156e+00 3.131431579589843750e+00
1.104456543922424316e+00 3.283780097961425781e+00
1.105465173721313477e+00 3.173801660537719727e+00
1.106473803520202637e+00 3.163944482803344727e+00
1.107482433319091797e+00 3.218614101409912109e+00
1.108491063117980957e+00 3.213679552078247070e+00
1.109499692916870117e+00 3.294146299362182617e+00
1.110508322715759277e+00 3.255296945571899414e+00
1.111516952514648438e+00 3.175576448440551758e+00
1.112525582313537598e+00 3.158507823944091797e+00
1.113534212112426758e+00 3.180131435394287109e+00
1.114542841911315918e+00 3.196967363357543945e+00
1.115551471710205078e+00 3.273693799972534180e+00
1.116560101509094238e+00 3.220193147659301758e+00
1.117568731307983398e+00 3.176942110061645508e+00
1.118577361106872559e+00 3.235747575759887695e+00
1.119586110115051270e+00 3.287822723388671875e+00
1.120594739913940430e+00 3.337351799011230469e+00
1.121603369712829590e+00 3.304655790328979492e+00
1.122611999511718750e+00 3.317260265350341797e+00
1.123620629310607910e+00 3.289269447326660156e+00
1.124629259109497070e+00 3.242388725280761719e+00
1.125637888908386230e+00 3.255478382110595703e+00
1.126646518707275391e+00 3.195563077926635742e+00
1.127655148506164551e+00 3.301553726196289062e+00
1.128663778305053711e+00 3.252564430236816406e+00
1.129672408103942871e+00 3.198711633682250977e+00
1.130681037902832031e+00 3.288790702819824219e+00
1.131689667701721191e+00 3.295105934143066406e+00
1.132698297500610352e+00 3.226095914840698242e+00
1.133706927299499512e+00 3.296792745590209961e+00
1.134715557098388672e+00 3.408216238021850586e+00
1.135724186897277832e+00 3.383318185806274414e+00
1.136732816696166992e+00 3.478483438491821289e+00
1.137741446495056152e+00 3.394594430923461914e+00
1.138750195503234863e+00 3.445113182067871094e+00
1.139758825302124023e+00 3.462238311767578125e+00
1.140767455101013184e+00 3.452380180358886719e+00
1.141776084899902344e+00 3.522402048110961914e+00
1.142784714698791504e+00 3.550967216491699219e+00
1.143793344497680664e+00 3.538135290145874023e+00
1.144801974296569824e+00 3.470784664154052734e+00
1.145810604095458984e+00 3.349950075149536133e+00
1.146819233894348145e+00 3.319830656051635742e+00
1.147827863693237305e+00 3.313076734542846680e+00
1.148836493492126465e+00 3.289455890655517578e+00
1.149845123291015625e+00 3.439284563064575195e+00
1.150853753089904785e+00 3.530059814453125000e+00
1.151862382888793945e+00 3.479954004287719727e+00
1.152871012687683105e+00 3.502563476562500000e+00
1.153879642486572266e+00 3.526953935623168945e+00
1.154888272285461426e+00 3.362589359283447266e+00
1.155896902084350586e+00 3.299493551254272461e+00
1.156905531883239746e+00 3.456908226013183594e+00
1.157914280891418457e+00 3.422440290451049805e+00
1.158922910690307617e+00 3.416117191314697266e+00
1.159931540489196777e+00 3.474310874938964844e+00
1.160940170288085938e+00 3.528628349304199219e+00
1.161948800086975098e+00 3.599325895309448242e+00
1.162957429885864258e+00 3.561587810516357422e+00
1.163966059684753418e+00 3.438478946685791016e+00
1.164974689483642578e+00 3.565293073654174805e+00
1.165983319282531738e+00 3.396829605102539062e+00
1.166991949081420898e+00 3.554409503936767578e+00
1.168000578880310059e+00 3.628831148147583008e+00
1.169009208679199219e+00 3.605589628219604492e+00
1.170017838478088379e+00 3.710318803787231445e+00
1.171026468276977539e+00 3.395177125930786133e+00
1.172035098075866699e+00 3.503817319869995117e+00
1.173043727874755859e+00 3.523057222366333008e+00
1.174052357673645020e+00 3.622901439666748047e+00
1.175060987472534180e+00 3.788205146789550781e+00
1.176069617271423340e+00 3.655601978302001953e+00
1.177078366279602051e+00 3.690694808959960938e+00
1.178086996078491211e+00 3.523732900619506836e+00
1.179095625877380371e+00 3.737474441528320312e+00
1.180104255676269531e+00 3.632668018341064453e+00
1.181112885475158691e+00 3.463387727737426758e+00
1.182121515274047852e+00 3.483694076538085938e+00
1.183130145072937012e+00 3.559648275375366211e+00
1.184138774871826172e+00 3.786800861358642578e+00
1.185147404670715332e+00 3.919927358627319336e+00
1.186156034469604492e+00 4.028673648834228516e+00
1.187164664268493652e+00 3.747184991836547852e+00
1.188173294067382812e+00 3.615756988525390625e+00
1.189181923866271973e+00 3.972404956817626953e+00
1.190190553665161133e+00 3.761659622192382812e+00
1.191199183464050293e+00 3.429201841354370117e+00
1.192207813262939453e+00 3.808689594268798828e+00
1.193216443061828613e+00 3.998793363571166992e+00
1.194225072860717773e+00 3.864152431488037109e+00
1.195233702659606934e+00 3.824519395828247070e+00
1.196242451667785645e+00 4.010166645050048828e+00
1.197251081466674805e+00 3.991500377655029297e+00
1.198259711265563965e+00 4.102138042449951172e+00
1.199268341064453125e+00 4.100902080535888672e+00
1.200276970863342285e+00 4.028439044952392578e+00
1.201285600662231445e+00 3.992206573486328125e+00
1.202294230461120605e+00 4.081855773925781250e+00
1.203302860260009766e+00 3.869573354721069336e+00
1.204311490058898926e+00 4.058609008789062500e+00
1.205320119857788086e+00 4.029712200164794922e+00
1.206328749656677246e+00 3.491201877593994141e+00
1.207337379455566406e+00 3.635640859603881836e+00
1.208346009254455566e+00 3.224909067153930664e+00
1.209354639053344727e+00 3.136612653732299805e+00
