0.000000000000000000e+00 1.035711547851562500e+03
1.008636085316538811e-03 7.196095581054687500e+02
2.017272170633077621e-03 5.375355224609375000e+02
3.025908255949616432e-03 3.861948547363281250e+02
4.034544341266155243e-03 3.031404418945312500e+02
5.043180659413337708e-03 2.395361022949218750e+02
6.051816511899232864e-03 1.912598571777343750e+02
7.060452364385128021e-03 1.579324188232421875e+02
8.069088682532310486e-03 1.273885498046875000e+02
9.077725000679492950e-03 1.063670272827148438e+02
1.008636131882667542e-02 9.124771118164062500e+01
1.109499670565128326e-02 7.881241607666015625e+01
1.210363302379846573e-02 6.536772155761718750e+01
1.311226934194564819e-02 5.707370376586914062e+01
1.412090472877025604e-02 4.944173812866210938e+01
1.512954104691743851e-02 4.224595260620117188e+01
1.613817736506462097e-02 3.692641448974609375e+01
1.714681275188922882e-02 3.282064819335937500e+01
1.815545000135898590e-02 2.861915969848632812e+01
1.916408538818359375e-02 2.542727661132812500e+01
2.017272263765335083e-02 2.240518379211425781e+01
2.118135802447795868e-02 2.015169525146484375e+01
2.218999341130256653e-02 1.839124679565429688e+01
2.319863066077232361e-02 1.667809295654296875e+01
2.420726604759693146e-02 1.469739627838134766e+01
2.521590143442153931e-02 1.342385005950927734e+01
2.622453868389129639e-02 1.220079803466796875e+01
2.723317407071590424e-02 1.097537708282470703e+01
2.824180945754051208e-02 1.017103672027587891e+01
2.925044670701026917e-02 9.465315818786621094e+00
3.025908209383487701e-02 8.622569084167480469e+00
3.126771748065948486e-02 7.860667705535888672e+00
3.227635473012924194e-02 7.389987468719482422e+00
3.328499197959899902e-02 6.875014781951904297e+00
3.429362550377845764e-02 6.349428653717041016e+00
3.530226275324821472e-02 5.856448173522949219e+00
3.631090000271797180e-02 5.397654533386230469e+00
3.731953352689743042e-02 5.181025505065917969e+00
3.832817077636718750e-02 4.889545440673828125e+00
3.933680802583694458e-02 4.592453002929687500e+00
4.034544527530670166e-02 4.337197780609130859e+00
4.135407879948616028e-02 4.013828277587890625e+00
4.236271604895591736e-02 3.797822475433349609e+00
4.337135329842567444e-02 3.547090053558349609e+00
4.437998682260513306e-02 3.424682378768920898e+00
4.538862407207489014e-02 3.353430747985839844e+00
4.639726132154464722e-02 3.000095129013061523e+00
4.740589484572410583e-02 2.916358470916748047e+00
4.841453209519386292e-02 2.739947557449340820e+00
4.942316934466362000e-02 2.585611104965209961e+00
5.043180286884307861e-02 2.510347843170166016e+00
5.144044011831283569e-02 2.363009214401245117e+00
5.244907736778259277e-02 2.185303926467895508e+00
5.345771089196205139e-02 2.095118045806884766e+00
5.446634814143180847e-02 2.028840065002441406e+00
5.547498539090156555e-02 1.926589965820312500e+00
5.648361891508102417e-02 1.833154678344726562e+00
5.749225616455078125e-02 1.771687150001525879e+00
5.850089341402053833e-02 1.726869702339172363e+00
5.950953066349029541e-02 1.635185122489929199e+00
6.051816418766975403e-02 1.537786364555358887e+00
6.152680143713951111e-02 1.445256710052490234e+00
6.253543496131896973e-02 1.490384459495544434e+00
6.354407221078872681e-02 1.425275683403015137e+00
6.455270946025848389e-02 1.372133731842041016e+00
6.556134670972824097e-02 1.294614672660827637e+00
6.656998395919799805e-02 1.282604336738586426e+00
6.757862120866775513e-02 1.229326367378234863e+00
6.858725100755691528e-02 1.160658121109008789e+00
6.959588825702667236e-02 1.150433063507080078e+00
7.060452550649642944e-02 1.069546818733215332e+00
7.161316275596618652e-02 1.079451799392700195e+00
7.262180000543594360e-02 1.045071482658386230e+00
7.363043725490570068e-02 1.028598904609680176e+00
7.463906705379486084e-02 1.012765645980834961e+00
7.564770430326461792e-02 1.007504940032958984e+00
7.665634155273437500e-02 9.546124339103698730e-01
7.766497880220413208e-02 9.450009465217590332e-01
7.867361605167388916e-02 9.115570783615112305e-01
7.968225330114364624e-02 9.130499958992004395e-01
8.069089055061340332e-02 9.145596027374267578e-01
8.169952034950256348e-02 8.977782726287841797e-01
8.270815759897232056e-02 8.829563856124877930e-01
8.371679484844207764e-02 8.498429059982299805e-01
8.472543209791183472e-02 8.142681717872619629e-01
8.573406934738159180e-02 8.255347013473510742e-01
8.674270659685134888e-02 8.185387849807739258e-01
8.775133639574050903e-02 7.852417826652526855e-01
8.875997364521026611e-02 7.431235313415527344e-01
8.976861089468002319e-02 7.561957836151123047e-01
9.077724814414978027e-02 7.416407465934753418e-01
9.178588539361953735e-02 7.398688197135925293e-01
9.279452264308929443e-02 7.577369213104248047e-01
9.380315244197845459e-02 7.370395064353942871e-01
9.481178969144821167e-02 7.252428531646728516e-01
9.582042694091796875e-02 7.056789398193359375e-01
9.682906419038772583e-02 6.655473113059997559e-01
9.783770143985748291e-02 6.758171916007995605e-01
9.884633868932723999e-02 6.728311777114868164e-01
9.985497593879699707e-02 6.594293713569641113e-01
1.008636057376861572e-01 6.635822653770446777e-01
1.018722429871559143e-01 6.791386604309082031e-01
1.028808802366256714e-01 6.577047109603881836e-01
1.038895174860954285e-01 6.519645452499389648e-01
1.048981547355651855e-01 6.729397773742675781e-01
1.059067919850349426e-01 6.478846669197082520e-01
1.069154217839241028e-01 6.523224115371704102e-01
1.079240590333938599e-01 6.341056227684020996e-01
1.089326962828636169e-01 6.055570840835571289e-01
1.099413335323333740e-01 6.299231052398681641e-01
1.109499707818031311e-01 6.355629563331604004e-01
1.119586080312728882e-01 6.096123456954956055e-01
1.129672378301620483e-01 6.205176711082458496e-01
1.139758750796318054e-01 6.056084036827087402e-01
1.149845123291015625e-01 6.023901104927062988e-01
1.159931495785713196e-01 5.808204412460327148e-01
1.170017868280410767e-01 5.870179533958435059e-01
1.180104240775108337e-01 5.704473853111267090e-01
1.190190613269805908e-01 5.392247438430786133e-01
1.200276911258697510e-01 5.789610743522644043e-01
1.210363283753395081e-01 5.589421987533569336e-01
1.220449656248092651e-01 5.654514431953430176e-01
1.230536028742790222e-01 5.245071053504943848e-01
1.240622401237487793e-01 5.497716665267944336e-01
1.250708699226379395e-01 5.385634899139404297e-01
1.260795146226882935e-01 5.451195836067199707e-01
1.270881444215774536e-01 5.358896851539611816e-01
1.280967891216278076e-01 5.533751249313354492e-01
1.291054189205169678e-01 5.471827983856201172e-01
1.301140487194061279e-01 5.242891907691955566e-01
1.311226934194564819e-01 5.227215290069580078e-01
1.321313232183456421e-01 5.132765173912048340e-01
1.331399679183959961e-01 5.055163502693176270e-01
1.341485977172851562e-01 5.336309075355529785e-01
1.351572424173355103e-01 5.192016363143920898e-01
1.361658722162246704e-01 5.257976651191711426e-01
1.371745020151138306e-01 5.069731473922729492e-01
1.381831467151641846e-01 5.318903923034667969e-01
1.391917765140533447e-01 5.356676578521728516e-01
1.402004212141036987e-01 5.192824006080627441e-01
1.412090510129928589e-01 5.170372724533081055e-01
1.422176808118820190e-01 4.975954294204711914e-01
1.432263255119323730e-01 4.900693595409393311e-01
1.442349553108215332e-01 4.713595807552337646e-01
1.452436000108718872e-01 4.857302606105804443e-01
1.462522298097610474e-01 4.811034500598907471e-01
1.472608745098114014e-01 4.701852798461914062e-01
1.482695043087005615e-01 4.666998386383056641e-01
1.492781341075897217e-01 4.496470987796783447e-01
1.502867788076400757e-01 4.367781281471252441e-01
1.512954086065292358e-01 4.613900482654571533e-01
1.523040533065795898e-01 4.514285027980804443e-01
1.533126831054687500e-01 4.654520452022552490e-01
1.543213278055191040e-01 4.790912270545959473e-01
1.553299576044082642e-01 4.512836635112762451e-01
1.563385874032974243e-01 4.550783038139343262e-01
1.573472321033477783e-01 4.413525760173797607e-01
1.583558619022369385e-01 4.502590000629425049e-01
1.593645066022872925e-01 4.430414140224456787e-01
1.603731364011764526e-01 4.571185410022735596e-01
1.613817811012268066e-01 4.450498521327972412e-01
1.623904109001159668e-01 4.338106513023376465e-01
1.633990406990051270e-01 4.281131029129028320e-01
1.644076853990554810e-01 4.174656867980957031e-01
1.654163151979446411e-01 4.154938161373138428e-01
1.664249598979949951e-01 4.454816877841949463e-01
1.674335896968841553e-01 4.143713414669036865e-01
1.684422194957733154e-01 4.209594726562500000e-01
1.694508641958236694e-01 4.272220730781555176e-01
1.704594939947128296e-01 4.481981992721557617e-01
1.714681386947631836e-01 4.410010576248168945e-01
1.724767684936523438e-01 4.456835091114044189e-01
1.734854131937026978e-01 4.259961247444152832e-01
1.744940429925918579e-01 4.303037226200103760e-01
1.755026727914810181e-01 4.471034705638885498e-01
1.765113174915313721e-01 4.551599621772766113e-01
1.775199472904205322e-01 4.507378637790679932e-01
1.785285919904708862e-01 4.224078357219696045e-01
1.795372217893600464e-01 4.164179861545562744e-01
1.805458664894104004e-01 4.257196784019470215e-01
1.815544962882995605e-01 4.081878960132598877e-01
1.825631260871887207e-01 4.211765229701995850e-01
1.835717707872390747e-01 4.237398803234100342e-01
1.845804005861282349e-01 4.371667802333831787e-01
1.855890452861785889e-01 4.348495006561279297e-01
1.865976750850677490e-01 4.080073535442352295e-01
1.876063048839569092e-01 4.128716588020324707e-01
1.886149495840072632e-01 4.169200062751770020e-01
1.896235793828964233e-01 4.040852189064025879e-01
1.906322240829467773e-01 4.048602879047393799e-01
1.916408538818359375e-01 4.119253456592559814e-01
1.926494985818862915e-01 4.079090356826782227e-01
1.936581283807754517e-01 4.194023013114929199e-01
1.946667581796646118e-01 4.112710356712341309e-01
1.956754028797149658e-01 4.165866672992706299e-01
1.966840326786041260e-01 4.045022130012512207e-01
1.976926773786544800e-01 4.173476994037628174e-01
1.987013071775436401e-01 4.019872844219207764e-01
1.997099518775939941e-01 4.188605248928070068e-01
2.007185816764831543e-01 4.141961336135864258e-01
2.017272114753723145e-01 4.007468223571777344e-01
2.027358561754226685e-01 4.298745393753051758e-01
2.037444859743118286e-01 4.320178329944610596e-01
2.047531306743621826e-01 4.064808487892150879e-01
2.057617604732513428e-01 3.964780867099761963e-01
2.067703902721405029e-01 3.966768383979797363e-01
2.077790349721908569e-01 4.270659387111663818e-01
2.087876647710800171e-01 4.159322977066040039e-01
2.097963094711303711e-01 3.802973330020904541e-01
2.108049392700195312e-01 4.015949666500091553e-01
2.118135839700698853e-01 4.118218421936035156e-01
2.128222137689590454e-01 3.978809118270874023e-01
2.138308435678482056e-01 3.921557664871215820e-01
2.148394882678985596e-01 3.716735541820526123e-01
2.158481180667877197e-01 3.732593655586242676e-01
2.168567627668380737e-01 3.839111924171447754e-01
2.178653925657272339e-01 3.859551846981048584e-01
2.188740372657775879e-01 4.002586305141448975e-01
2.198826670646667480e-01 3.893891274929046631e-01
2.208912968635559082e-01 3.875102698802947998e-01
2.218999415636062622e-01 3.785513937473297119e-01
2.229085713624954224e-01 3.558193743228912354e-01
2.239172160625457764e-01 3.857692480087280273e-01
2.249258458614349365e-01 3.769245147705078125e-01
2.259344756603240967e-01 3.639820814132690430e-01
2.269431203603744507e-01 3.618196845054626465e-01
2.279517501592636108e-01 3.673384487628936768e-01
2.289603948593139648e-01 3.746858239173889160e-01
2.299690246582031250e-01 3.611180484294891357e-01
2.309776693582534790e-01 3.574067652225494385e-01
2.319862991571426392e-01 3.540051579475402832e-01
2.329949289560317993e-01 3.694702088832855225e-01
2.340035736560821533e-01 3.455039560794830322e-01
2.350122034549713135e-01 3.482591211795806885e-01
2.360208481550216675e-01 3.609863817691802979e-01
2.370294779539108276e-01 3.529611825942993164e-01
2.380381226539611816e-01 3.539547324180603027e-01
2.390467524528503418e-01 3.560625910758972168e-01
2.400553822517395020e-01 3.447830080986022949e-01
2.410640269517898560e-01 3.482691645622253418e-01
2.420726567506790161e-01 3.897924721240997314e-01
2.430813014507293701e-01 5.119577050209045410e-01
2.440899312496185303e-01 3.628427684307098389e-01
2.450985759496688843e-01 3.615813255310058594e-01
2.461072057485580444e-01 3.609118163585662842e-01
2.471158355474472046e-01 3.667576313018798828e-01
2.481244802474975586e-01 3.485531806945800781e-01
2.491331100463867188e-01 3.598724901676177979e-01
2.501417398452758789e-01 3.453832268714904785e-01
2.511503994464874268e-01 3.513939082622528076e-01
2.521590292453765869e-01 3.334462642669677734e-01
2.531676590442657471e-01 3.414362668991088867e-01
2.541762888431549072e-01 3.337164223194122314e-01
2.551849186420440674e-01 3.497486710548400879e-01
2.561935782432556152e-01 3.294436931610107422e-01
2.572022080421447754e-01 3.423088788986206055e-01
2.582108378410339355e-01 3.393428027629852295e-01
2.592194676399230957e-01 3.520076572895050049e-01
2.602280974388122559e-01 3.573274314403533936e-01
2.612367570400238037e-01 3.478792905807495117e-01
2.622453868389129639e-01 3.451347053050994873e-01
2.632540166378021240e-01 3.305117189884185791e-01
2.642626464366912842e-01 3.509989380836486816e-01
2.652712762355804443e-01 3.329174816608428955e-01
2.662799358367919922e-01 3.361938893795013428e-01
2.672885656356811523e-01 3.434892296791076660e-01
2.682971954345703125e-01 3.388575911521911621e-01
2.693058252334594727e-01 3.584814369678497314e-01
2.703144848346710205e-01 3.429208099842071533e-01
2.713231146335601807e-01 3.554353117942810059e-01
2.723317444324493408e-01 3.500009477138519287e-01
2.733403742313385010e-01 3.345212638378143311e-01
2.743490040302276611e-01 3.380603790283203125e-01
2.753576636314392090e-01 3.385900557041168213e-01
2.763662934303283691e-01 3.439504802227020264e-01
2.773749232292175293e-01 3.349372446537017822e-01
2.783835530281066895e-01 3.345776200294494629e-01
2.793921828269958496e-01 3.359701037406921387e-01
2.804008424282073975e-01 3.351623117923736572e-01
2.814094722270965576e-01 3.293442130088806152e-01
2.824181020259857178e-01 3.383060991764068604e-01
2.834267318248748779e-01 3.398598730564117432e-01
2.844353616237640381e-01 3.327593505382537842e-01
2.854440212249755859e-01 3.414021134376525879e-01
2.864526510238647461e-01 3.462537825107574463e-01
2.874612808227539062e-01 3.545433282852172852e-01
2.884699106216430664e-01 3.494626879692077637e-01
2.894785702228546143e-01 3.498672842979431152e-01
2.904872000217437744e-01 3.504958152770996094e-01
2.914958298206329346e-01 3.446099460124969482e-01
2.925044596195220947e-01 3.374026417732238770e-01
2.935130894184112549e-01 3.408290743827819824e-01
2.945217490196228027e-01 3.536891639232635498e-01
2.955303788185119629e-01 3.387753665447235107e-01
2.965390086174011230e-01 3.426979780197143555e-01
2.975476384162902832e-01 3.499300479888916016e-01
2.985562682151794434e-01 3.512357771396636963e-01
2.995649278163909912e-01 3.422771990299224854e-01
3.005735576152801514e-01 3.521594405174255371e-01
3.015821874141693115e-01 3.362748622894287109e-01
3.025908172130584717e-01 3.247057199478149414e-01
3.035994470119476318e-01 3.415895104408264160e-01
3.046081066131591797e-01 3.455351293087005615e-01
3.056167364120483398e-01 3.422476351261138916e-01
3.066253662109375000e-01 3.322112858295440674e-01
3.076339960098266602e-01 3.395907282829284668e-01
3.086426556110382080e-01 3.561139404773712158e-01
3.096512854099273682e-01 3.547990024089813232e-01
3.106599152088165283e-01 3.525374531745910645e-01
3.116685450077056885e-01 3.459065854549407959e-01
3.126771748065948486e-01 3.356925249099731445e-01
3.136858344078063965e-01 3.563307821750640869e-01
3.146944642066955566e-01 3.408380746841430664e-01
3.157030940055847168e-01 3.315666615962982178e-01
3.167117238044738770e-01 3.288910686969757080e-01
3.177203536033630371e-01 3.390471339225769043e-01
3.187290132045745850e-01 3.353417515754699707e-01
3.197376430034637451e-01 3.447891473770141602e-01
3.207462728023529053e-01 3.477790653705596924e-01
3.217549026012420654e-01 3.434919118881225586e-01
3.227635622024536133e-01 3.400980532169342041e-01
3.237721920013427734e-01 3.551735877990722656e-01
3.247808218002319336e-01 3.424107134342193604e-01
3.257894515991210938e-01 3.467936515808105469e-01
3.267980813980102539e-01 3.415048122406005859e-01
3.278067409992218018e-01 3.454370498657226562e-01
3.288153707981109619e-01 3.444980084896087646e-01
3.298240005970001221e-01 3.275586962699890137e-01
3.308326303958892822e-01 3.422183096408843994e-01
3.318412601947784424e-01 3.423513770103454590e-01
3.328499197959899902e-01 3.364738225936889648e-01
3.338585495948791504e-01 3.432232737541198730e-01
3.348671793937683105e-01 3.390210270881652832e-01
3.358758091926574707e-01 3.381045460700988770e-01
3.368844389915466309e-01 3.448059558868408203e-01
3.378930985927581787e-01 3.443173766136169434e-01
3.389017283916473389e-01 3.448969423770904541e-01
3.399103581905364990e-01 3.317478001117706299e-01
3.409189879894256592e-01 3.307960927486419678e-01
3.419276475906372070e-01 3.409614264965057373e-01
3.429362773895263672e-01 3.394948542118072510e-01
3.439449071884155273e-01 3.367009758949279785e-01
3.449535369873046875e-01 3.408998548984527588e-01
3.459621667861938477e-01 3.440158963203430176e-01
3.469708263874053955e-01 3.287771940231323242e-01
3.479794561862945557e-01 3.390319645404815674e-01
3.489880859851837158e-01 3.614966273307800293e-01
3.499967157840728760e-01 3.559257686138153076e-01
3.510053455829620361e-01 3.427012562751770020e-01
3.520140051841735840e-01 3.413596749305725098e-01
3.530226349830627441e-01 3.622776269912719727e-01
3.540312647819519043e-01 3.417266011238098145e-01
3.550398945808410645e-01 3.451647460460662842e-01
3.560485243797302246e-01 3.539280295372009277e-01
3.570571839809417725e-01 3.490734696388244629e-01
3.580658137798309326e-01 3.446196019649505615e-01
3.590744435787200928e-01 3.378416001796722412e-01
3.600830733776092529e-01 3.403086960315704346e-01
3.610917329788208008e-01 3.463062644004821777e-01
3.621003627777099609e-01 3.425250351428985596e-01
3.631089925765991211e-01 3.366606831550598145e-01
3.641176223754882812e-01 3.501825928688049316e-01
3.651262521743774414e-01 3.467580676078796387e-01
3.661349117755889893e-01 3.446010649204254150e-01
3.671435415744781494e-01 3.443893194198608398e-01
3.681521713733673096e-01 3.539445102214813232e-01
3.691608011722564697e-01 3.460341989994049072e-01
3.701694309711456299e-01 3.408320546150207520e-01
3.711780905723571777e-01 3.447713851928710938e-01
3.721867203712463379e-01 3.404163420200347900e-01
3.731953501701354980e-01 3.424199521541595459e-01
3.742039799690246582e-01 3.488522171974182129e-01
3.752126097679138184e-01 3.685494363307952881e-01
3.762212693691253662e-01 3.426795601844787598e-01
3.772298991680145264e-01 3.527333438396453857e-01
3.782385289669036865e-01 3.486540019512176514e-01
3.792471587657928467e-01 3.507645130157470703e-01
3.802558183670043945e-01 3.489983081817626953e-01
3.812644481658935547e-01 3.456079065799713135e-01
3.822730779647827148e-01 3.396026492118835449e-01
3.832817077636718750e-01 3.301081955432891846e-01
3.842903375625610352e-01 3.317261636257171631e-01
3.852989971637725830e-01 3.352411985397338867e-01
3.863076269626617432e-01 3.487590253353118896e-01
3.873162567615509033e-01 3.470784127712249756e-01
3.883248865604400635e-01 3.494324386119842529e-01
3.893335163593292236e-01 3.535616993904113770e-01
3.903421759605407715e-01 3.468633890151977539e-01
3.913508057594299316e-01 3.518038690090179443e-01
3.923594355583190918e-01 3.481723666191101074e-01
3.933680653572082520e-01 3.428879082202911377e-01
3.943766951560974121e-01 3.271321356296539307e-01
3.953853547573089600e-01 3.410636186599731445e-01
3.963939845561981201e-01 3.411239683628082275e-01
3.974026143550872803e-01 3.275894224643707275e-01
3.984112441539764404e-01 3.427124619483947754e-01
3.994199037551879883e-01 3.416951596736907959e-01
4.004285335540771484e-01 3.493664860725402832e-01
4.014371633529663086e-01 3.429861068725585938e-01
4.024457931518554688e-01 3.391889035701751709e-01
4.034544229507446289e-01 3.376626968383789062e-01
4.044630825519561768e-01 3.364593386650085449e-01
4.054717123508453369e-01 3.489390909671783447e-01
4.064803421497344971e-01 3.336547017097473145e-01
4.074889719486236572e-01 3.367559909820556641e-01
4.084976017475128174e-01 3.316233158111572266e-01
4.095062613487243652e-01 3.304800689220428467e-01
4.105148911476135254e-01 3.295308053493499756e-01
4.115235209465026855e-01 3.213982284069061279e-01
4.125321507453918457e-01 3.229479193687438965e-01
4.135407805442810059e-01 3.480591773986816406e-01
4.145494401454925537e-01 3.499314188957214355e-01
4.155580699443817139e-01 3.437541127204895020e-01
4.165666997432708740e-01 3.381549119949340820e-01
4.175753295421600342e-01 3.430242836475372314e-01
4.185839891433715820e-01 3.461922705173492432e-01
4.195926189422607422e-01 3.333885669708251953e-01
4.206012487411499023e-01 3.407438397407531738e-01
4.216098785400390625e-01 3.351306319236755371e-01
4.226185083389282227e-01 3.365397751331329346e-01
4.236271679401397705e-01 3.326038718223571777e-01
4.246357977390289307e-01 3.339117169380187988e-01
4.256444275379180908e-01 3.466124236583709717e-01
4.266530573368072510e-01 3.433759510517120361e-01
4.276616871356964111e-01 3.419512808322906494e-01
4.286703467369079590e-01 3.389789164066314697e-01
4.296789765357971191e-01 3.302422165870666504e-01
4.306876063346862793e-01 3.353379368782043457e-01
4.316962361335754395e-01 3.386380970478057861e-01
4.327048659324645996e-01 3.263033032417297363e-01
4.337135255336761475e-01 3.344844877719879150e-01
4.347221553325653076e-01 3.273931741714477539e-01
4.357307851314544678e-01 3.249283432960510254e-01
4.367394149303436279e-01 3.285631537437438965e-01
4.377480745315551758e-01 3.348265886306762695e-01
4.387567043304443359e-01 3.373554646968841553e-01
4.397653341293334961e-01 3.218486905097961426e-01
4.407739639282226562e-01 3.324106931686401367e-01
4.417825937271118164e-01 3.398549556732177734e-01
4.427912533283233643e-01 3.193814158439636230e-01
4.437998831272125244e-01 3.200779855251312256e-01
4.448085129261016846e-01 3.275638818740844727e-01
4.458171427249908447e-01 3.379034698009490967e-01
4.468257725238800049e-01 3.324115872383117676e-01
4.478344321250915527e-01 3.203752934932708740e-01
4.488430619239807129e-01 3.246120214462280273e-01
4.498516917228698730e-01 3.230252861976623535e-01
4.508603215217590332e-01 3.162940442562103271e-01
4.518689513206481934e-01 3.210475742816925049e-01
4.528776109218597412e-01 3.149444162845611572e-01
4.538862407207489014e-01 3.275277614593505859e-01
4.548948705196380615e-01 3.167937994003295898e-01
4.559035003185272217e-01 3.197278082370758057e-01
4.569121599197387695e-01 3.188797235488891602e-01
4.579207897186279297e-01 3.159191012382507324e-01
4.589294195175170898e-01 3.259369730949401855e-01
4.599380493164062500e-01 3.119907677173614502e-01
4.609466791152954102e-01 3.182493150234222412e-01
4.619553387165069580e-01 3.277797102928161621e-01
4.629639685153961182e-01 3.097618818283081055e-01
4.639725983142852783e-01 3.220264017581939697e-01
4.649812281131744385e-01 3.203065991401672363e-01
4.659898579120635986e-01 3.219919204711914062e-01
4.669985175132751465e-01 3.221426010131835938e-01
4.680071473121643066e-01 3.184396922588348389e-01
4.690157771110534668e-01 3.250692784786224365e-01
4.700244069099426270e-01 3.229803442955017090e-01
4.710330665111541748e-01 3.158305585384368896e-01
4.720416963100433350e-01 3.214334249496459961e-01
4.730503261089324951e-01 3.131926357746124268e-01
4.740589559078216553e-01 3.157804906368255615e-01
4.750675857067108154e-01 3.116470873355865479e-01
4.760762453079223633e-01 3.155891001224517822e-01
4.770848751068115234e-01 3.220923542976379395e-01
4.780935049057006836e-01 3.179668784141540527e-01
4.791021347045898438e-01 3.156915605068206787e-01
4.801107645034790039e-01 3.184611797332763672e-01
4.811194241046905518e-01 3.296990096569061279e-01
4.821280539035797119e-01 3.288253247737884521e-01
4.831366837024688721e-01 3.130760192871093750e-01
4.841453135013580322e-01 3.256406188011169434e-01
4.851539433002471924e-01 3.299403488636016846e-01
4.861626029014587402e-01 3.184074163436889648e-01
4.871712327003479004e-01 3.088054656982421875e-01
4.881798624992370605e-01 3.179464936256408691e-01
4.891884922981262207e-01 3.192600905895233154e-01
4.901971518993377686e-01 3.162359893321990967e-01
4.912057816982269287e-01 3.051894009113311768e-01
4.922144114971160889e-01 3.114974200725555420e-01
4.932230412960052490e-01 3.087677955627441406e-01
4.942316710948944092e-01 3.113003969192504883e-01
4.952403306961059570e-01 3.099028468132019043e-01
4.962489604949951172e-01 3.158039450645446777e-01
4.972575902938842773e-01 3.141517341136932373e-01
4.982662200927734375e-01 3.147085309028625488e-01
4.992748498916625977e-01 3.059351146221160889e-01
5.002834796905517578e-01 3.078313171863555908e-01
5.012921094894409180e-01 3.061344921588897705e-01
5.023007988929748535e-01 3.127020299434661865e-01
5.033094286918640137e-01 3.058863878250122070e-01
5.043180584907531738e-01 3.712700009346008301e-01
5.053266882896423340e-01 3.422201871871948242e-01
5.063353180885314941e-01 3.140523433685302734e-01
5.073439478874206543e-01 3.055931627750396729e-01
5.083525776863098145e-01 3.079517185688018799e-01
5.093612074851989746e-01 3.014169633388519287e-01
5.103698372840881348e-01 3.093927204608917236e-01
5.113784670829772949e-01 3.123422563076019287e-01
5.123871564865112305e-01 3.106983304023742676e-01
5.133957862854003906e-01 3.056613504886627197e-01
5.144044160842895508e-01 3.173734545707702637e-01
5.154130458831787109e-01 3.078119456768035889e-01
5.164216756820678711e-01 3.038570284843444824e-01
5.174303054809570312e-01 2.960668504238128662e-01
5.184389352798461914e-01 3.095095157623291016e-01
5.194475650787353516e-01 3.101611733436584473e-01
5.204561948776245117e-01 2.986740767955780029e-01
5.214648842811584473e-01 2.903805375099182129e-01
5.224735140800476074e-01 3.054160177707672119e-01
5.234821438789367676e-01 3.005647957324981689e-01
5.244907736778259277e-01 3.000244200229644775e-01
5.254994034767150879e-01 2.984360754489898682e-01
5.265080332756042480e-01 3.055920302867889404e-01
5.275166630744934082e-01 3.036048412322998047e-01
5.285252928733825684e-01 2.968451678752899170e-01
5.295339226722717285e-01 2.968088984489440918e-01
5.305425524711608887e-01 3.009029924869537354e-01
5.315512418746948242e-01 3.060508072376251221e-01
5.325598716735839844e-01 2.999877929687500000e-01
5.335685014724731445e-01 2.995755076408386230e-01
5.345771312713623047e-01 3.060838580131530762e-01
5.355857610702514648e-01 2.946311533451080322e-01
5.365943908691406250e-01 3.013757169246673584e-01
5.376030206680297852e-01 3.033279478549957275e-01
5.386116504669189453e-01 3.073903918266296387e-01
5.396202802658081055e-01 3.038953840732574463e-01
5.406289696693420410e-01 3.043244779109954834e-01
5.416375994682312012e-01 3.072713911533355713e-01
5.426462292671203613e-01 3.090745210647583008e-01
5.436548590660095215e-01 3.110049366950988770e-01
5.446634888648986816e-01 3.012167513370513916e-01
5.456721186637878418e-01 3.107139170169830322e-01
5.466807484626770020e-01 3.201929628849029541e-01
5.476893782615661621e-01 2.973267436027526855e-01
5.486980080604553223e-01 3.071142733097076416e-01
5.497066378593444824e-01 3.089194297790527344e-01
5.507153272628784180e-01 3.141907155513763428e-01
5.517239570617675781e-01 3.089229762554168701e-01
5.527325868606567383e-01 3.133536577224731445e-01
5.537412166595458984e-01 3.095641434192657471e-01
5.547498464584350586e-01 3.057102560997009277e-01
5.557584762573242188e-01 3.165291249752044678e-01
5.567671060562133789e-01 3.177603483200073242e-01
5.577757358551025391e-01 3.072946071624755859e-01
5.587843656539916992e-01 3.213756382465362549e-01
5.597930550575256348e-01 3.179133534431457520e-01
5.608016848564147949e-01 3.190490305423736572e-01
5.618103146553039551e-01 3.257485330104827881e-01
5.628189444541931152e-01 3.191347718238830566e-01
5.638275742530822754e-01 3.195624649524688721e-01
5.648362040519714355e-01 3.178190886974334717e-01
5.658448338508605957e-01 3.136858642101287842e-01
5.668534636497497559e-01 3.269143700599670410e-01
5.678620934486389160e-01 3.253106772899627686e-01
5.688707232475280762e-01 3.288338780403137207e-01
5.698794126510620117e-01 3.074603974819183350e-01
5.708880424499511719e-01 3.181134760379791260e-01
5.718966722488403320e-01 3.159395456314086914e-01
5.729053020477294922e-01 3.139728605747222900e-01
5.739139318466186523e-01 3.120745718479156494e-01
5.749225616455078125e-01 3.217539489269256592e-01
5.759311914443969727e-01 3.214769065380096436e-01
5.769398212432861328e-01 3.299931287765502930e-01
5.779484510421752930e-01 3.222961127758026123e-01
5.789571404457092285e-01 3.298891484737396240e-01
5.799657702445983887e-01 3.306643068790435791e-01
5.809744000434875488e-01 3.236806988716125488e-01
5.819830298423767090e-01 3.280331194400787354e-01
5.829916596412658691e-01 3.279392719268798828e-01
5.840002894401550293e-01 3.287417888641357422e-01
5.850089192390441895e-01 3.248030543327331543e-01
5.860175490379333496e-01 3.328994214534759521e-01
5.870261788368225098e-01 3.316927850246429443e-01
5.880348086357116699e-01 3.320479989051818848e-01
5.890434980392456055e-01 3.291398286819458008e-01
5.900521278381347656e-01 3.218887746334075928e-01
5.910607576370239258e-01 3.358567059040069580e-01
5.920693874359130859e-01 3.346436023712158203e-01
5.930780172348022461e-01 3.282451331615447998e-01
5.940866470336914062e-01 3.336015641689300537e-01
5.950952768325805664e-01 3.416182994842529297e-01
5.961039066314697266e-01 3.322781026363372803e-01
5.971125364303588867e-01 3.335145711898803711e-01
5.981212258338928223e-01 3.377779424190521240e-01
5.991298556327819824e-01 3.337872326374053955e-01
6.001384854316711426e-01 3.462408185005187988e-01
6.011471152305603027e-01 3.393346369266510010e-01
6.021557450294494629e-01 3.215305805206298828e-01
6.031643748283386230e-01 3.356182575225830078e-01
6.041730046272277832e-01 3.357313573360443115e-01
6.051816344261169434e-01 3.319367766380310059e-01
6.061902642250061035e-01 3.371073305606842041e-01
6.071988940238952637e-01 3.527253866195678711e-01
6.082075834274291992e-01 3.382059335708618164e-01
6.092162132263183594e-01 3.331322073936462402e-01
6.102248430252075195e-01 3.427460789680480957e-01
6.112334728240966797e-01 3.502527177333831787e-01
6.122421026229858398e-01 3.400371968746185303e-01
6.132507324218750000e-01 3.297181725502014160e-01
6.142593622207641602e-01 3.495956957340240479e-01
6.152679920196533203e-01 3.444504439830780029e-01
6.162766218185424805e-01 3.459217250347137451e-01
6.172853112220764160e-01 3.456373810768127441e-01
6.182939410209655762e-01 3.431949615478515625e-01
6.193025708198547363e-01 3.388712704181671143e-01
6.203112006187438965e-01 3.471786379814147949e-01
6.213198304176330566e-01 3.515381813049316406e-01
6.223284602165222168e-01 3.400445282459259033e-01
6.233370900154113770e-01 3.432113230228424072e-01
6.243457198143005371e-01 3.509356081485748291e-01
6.253543496131896973e-01 3.477542400360107422e-01
6.263629794120788574e-01 3.502279520034790039e-01
6.273716688156127930e-01 3.564171195030212402e-01
6.283802986145019531e-01 3.454000055789947510e-01
6.293889284133911133e-01 3.494750261306762695e-01
6.303975582122802734e-01 3.579655885696411133e-01
6.314061880111694336e-01 3.550707399845123291e-01
6.324148178100585938e-01 3.580072224140167236e-01
6.334234476089477539e-01 3.501828312873840332e-01
6.344320774078369141e-01 3.513146638870239258e-01
6.354407072067260742e-01 3.476193845272064209e-01
6.364493966102600098e-01 3.464999496936798096e-01
6.374580264091491699e-01 3.533881902694702148e-01
6.384666562080383301e-01 3.525428473949432373e-01
6.394752860069274902e-01 3.622770607471466064e-01
6.404839158058166504e-01 3.613827824592590332e-01
6.414925456047058105e-01 3.660630285739898682e-01
6.425011754035949707e-01 3.674019575119018555e-01
6.435098052024841309e-01 3.709875941276550293e-01
6.445184350013732910e-01 3.600112497806549072e-01
6.455271244049072266e-01 3.493297398090362549e-01
6.465357542037963867e-01 3.597122430801391602e-01
6.475443840026855469e-01 3.647139072418212891e-01
6.485530138015747070e-01 3.616335391998291016e-01
6.495616436004638672e-01 3.755834996700286865e-01
6.505702733993530273e-01 3.659638762474060059e-01
6.515789031982421875e-01 3.621493279933929443e-01
6.525875329971313477e-01 3.623904287815093994e-01
6.535961627960205078e-01 3.691375255584716797e-01
6.546047925949096680e-01 3.493804335594177246e-01
6.556134819984436035e-01 3.662676215171813965e-01
6.566221117973327637e-01 3.570431470870971680e-01
6.576307415962219238e-01 3.618084788322448730e-01
6.586393713951110840e-01 3.587495684623718262e-01
6.596480011940002441e-01 3.620156943798065186e-01
6.606566309928894043e-01 3.519687056541442871e-01
6.616652607917785645e-01 3.624807298183441162e-01
6.626738905906677246e-01 3.616290688514709473e-01
6.636825203895568848e-01 3.695159256458282471e-01
6.646912097930908203e-01 3.677509427070617676e-01
6.656998395919799805e-01 3.757323622703552246e-01
6.667084693908691406e-01 3.683463037014007568e-01
6.677170991897583008e-01 3.600755631923675537e-01
6.687257289886474609e-01 3.623138666152954102e-01
6.697343587875366211e-01 3.744176328182220459e-01
6.707429885864257812e-01 3.776451349258422852e-01
6.717516183853149414e-01 3.688493669033050537e-01
6.727602481842041016e-01 3.760707974433898926e-01
6.737688779830932617e-01 3.730646967887878418e-01
6.747775673866271973e-01 3.769272863864898682e-01
6.757861971855163574e-01 3.687086701393127441e-01
6.767948269844055176e-01 3.611912131309509277e-01
6.778034567832946777e-01 3.725679218769073486e-01
6.788120865821838379e-01 3.682441115379333496e-01
6.798207163810729980e-01 3.809817731380462646e-01
6.808293461799621582e-01 3.803648352622985840e-01
6.818379759788513184e-01 3.664972484111785889e-01
6.828466057777404785e-01 3.688158392906188965e-01
6.838552951812744141e-01 3.817407488822937012e-01
6.848639249801635742e-01 3.934289813041687012e-01
6.858725547790527344e-01 3.873654305934906006e-01
6.868811845779418945e-01 3.854518830776214600e-01
6.878898143768310547e-01 3.780687153339385986e-01
6.888984441757202148e-01 3.612230420112609863e-01
6.899070739746093750e-01 3.736841082572937012e-01
6.909157037734985352e-01 3.838686347007751465e-01
6.919243335723876953e-01 3.815368711948394775e-01
6.929329633712768555e-01 3.847187161445617676e-01
6.939416527748107910e-01 3.804642260074615479e-01
6.949502825736999512e-01 3.954707384109497070e-01
6.959589123725891113e-01 3.825226426124572754e-01
6.969675421714782715e-01 3.764320909976959229e-01
6.979761719703674316e-01 3.840199112892150879e-01
6.989848017692565918e-01 3.804675936698913574e-01
6.999934315681457520e-01 3.959596753120422363e-01
7.010020613670349121e-01 3.918125927448272705e-01
7.020106911659240723e-01 3.834033310413360596e-01
7.030193805694580078e-01 3.925866186618804932e-01
7.040280103683471680e-01 3.895645737648010254e-01
7.050366401672363281e-01 3.887655138969421387e-01
7.060452699661254883e-01 3.887297809123992920e-01
7.070538997650146484e-01 3.886786103248596191e-01
7.080625295639038086e-01 3.987242877483367920e-01
7.090711593627929688e-01 3.940513134002685547e-01
7.100797891616821289e-01 3.937226533889770508e-01
7.110884189605712891e-01 3.952490091323852539e-01
7.120970487594604492e-01 3.948088288307189941e-01
7.131057381629943848e-01 3.853312134742736816e-01
7.141143679618835449e-01 3.982459008693695068e-01
7.151229977607727051e-01 4.067314565181732178e-01
7.161316275596618652e-01 4.006473422050476074e-01
7.171402573585510254e-01 4.112327396869659424e-01
7.181488871574401855e-01 3.935034573078155518e-01
7.191575169563293457e-01 4.006166458129882812e-01
7.201661467552185059e-01 4.037513136863708496e-01
7.211747765541076660e-01 3.980311751365661621e-01
7.221834659576416016e-01 3.978333473205566406e-01
7.231920957565307617e-01 3.909422755241394043e-01
7.242007255554199219e-01 4.092532992362976074e-01
7.252093553543090820e-01 4.165986478328704834e-01
7.262179851531982422e-01 3.936426937580108643e-01
7.272266149520874023e-01 3.884649872779846191e-01
7.282352447509765625e-01 4.076404869556427002e-01
7.292438745498657227e-01 4.050172865390777588e-01
7.302525043487548828e-01 4.069881737232208252e-01
7.312611341476440430e-01 4.102303087711334229e-01
7.322698235511779785e-01 4.148862063884735107e-01
7.332784533500671387e-01 4.048572778701782227e-01
7.342870831489562988e-01 3.892424106597900391e-01
7.352957129478454590e-01 4.076015651226043701e-01
7.363043427467346191e-01 4.049727022647857666e-01
7.373129725456237793e-01 4.014015793800354004e-01
7.383216023445129395e-01 3.918199837207794189e-01
7.393302321434020996e-01 4.086504280567169189e-01
7.403388619422912598e-01 4.023268818855285645e-01
7.413475513458251953e-01 4.060804247856140137e-01
7.423561811447143555e-01 4.230768978595733643e-01
7.433648109436035156e-01 4.303565621376037598e-01
7.443734407424926758e-01 4.056186079978942871e-01
7.453820705413818359e-01 4.143965840339660645e-01
7.463907003402709961e-01 4.228790700435638428e-01
7.473993301391601562e-01 4.011100828647613525e-01
7.484079599380493164e-01 4.183432161808013916e-01
7.494165897369384766e-01 4.180753231048583984e-01
7.504252195358276367e-01 4.188980162143707275e-01
7.514339089393615723e-01 4.178851246833801270e-01
7.524425387382507324e-01 4.517886936664581299e-01
7.534511685371398926e-01 4.639127254486083984e-01
7.544597983360290527e-01 4.209102690219879150e-01
7.554684281349182129e-01 4.151417613029479980e-01
7.564770579338073730e-01 4.219152331352233887e-01
7.574856877326965332e-01 4.232240319252014160e-01
7.584943175315856934e-01 4.260488152503967285e-01
7.595029473304748535e-01 4.057382047176361084e-01
7.605116367340087891e-01 4.174818992614746094e-01
7.615202665328979492e-01 4.214259982109069824e-01
7.625288963317871094e-01 4.150314629077911377e-01
7.635375261306762695e-01 4.322397112846374512e-01
7.645461559295654297e-01 4.205867648124694824e-01
7.655547857284545898e-01 4.188026487827301025e-01
7.665634155273437500e-01 4.230457842350006104e-01
7.675720453262329102e-01 4.157536327838897705e-01
7.685806751251220703e-01 4.217158854007720947e-01
7.695893049240112305e-01 4.346407055854797363e-01
7.705979943275451660e-01 4.259732961654663086e-01
7.716066241264343262e-01 4.311848282814025879e-01
7.726152539253234863e-01 4.367510080337524414e-01
7.736238837242126465e-01 4.299404025077819824e-01
7.746325135231018066e-01 4.268921911716461182e-01
7.756411433219909668e-01 4.231771528720855713e-01
7.766497731208801270e-01 4.252794384956359863e-01
7.776584029197692871e-01 4.209353029727935791e-01
7.786670327186584473e-01 4.219306111335754395e-01
7.796757221221923828e-01 4.261365532875061035e-01
7.806843519210815430e-01 4.293114244937896729e-01
7.816929817199707031e-01 4.209240674972534180e-01
7.827016115188598633e-01 4.233146309852600098e-01
7.837102413177490234e-01 4.236459434032440186e-01
7.847188711166381836e-01 4.251435399055480957e-01
7.857275009155273438e-01 4.215604066848754883e-01
7.867361307144165039e-01 4.063139259815216064e-01
7.877447605133056641e-01 4.134020805358886719e-01
7.887533903121948242e-01 4.137533009052276611e-01
7.897620797157287598e-01 4.270876646041870117e-01
7.907707095146179199e-01 4.199690222740173340e-01
7.917793393135070801e-01 4.298625290393829346e-01
7.927879691123962402e-01 4.268675744533538818e-01
7.937965989112854004e-01 4.163993299007415771e-01
7.948052287101745605e-01 4.157487154006958008e-01
7.958138585090637207e-01 4.179827570915222168e-01
7.968224883079528809e-01 4.224012494087219238e-01
7.978311181068420410e-01 4.125873446464538574e-01
7.988398075103759766e-01 4.300046563148498535e-01
7.998484373092651367e-01 4.196962416172027588e-01
8.008570671081542969e-01 4.186536073684692383e-01
8.018656969070434570e-01 4.325281381607055664e-01
8.028743267059326172e-01 4.283632934093475342e-01
8.038829565048217773e-01 4.370996356010437012e-01
8.048915863037109375e-01 4.208563864231109619e-01
8.059002161026000977e-01 4.331351816654205322e-01
8.069088459014892578e-01 4.267290234565734863e-01
8.079174757003784180e-01 4.180213212966918945e-01
8.089261651039123535e-01 4.286851584911346436e-01
8.099347949028015137e-01 4.215331673622131348e-01
8.109434247016906738e-01 4.230864346027374268e-01
8.119520545005798340e-01 4.294475018978118896e-01
8.129606842994689941e-01 4.263496994972229004e-01
8.139693140983581543e-01 4.356304109096527100e-01
8.149779438972473145e-01 4.273633658885955811e-01
8.159865736961364746e-01 4.404699802398681641e-01
8.169952034950256348e-01 4.367224276065826416e-01
8.180038928985595703e-01 4.344958066940307617e-01
8.190125226974487305e-01 4.285264015197753906e-01
8.200211524963378906e-01 4.197759032249450684e-01
8.210297822952270508e-01 4.236682057380676270e-01
8.220384120941162109e-01 4.315567612648010254e-01
8.230470418930053711e-01 4.298004508018493652e-01
8.240556716918945312e-01 4.398413300514221191e-01
8.250643014907836914e-01 4.356341958045959473e-01
8.260729312896728516e-01 4.275179207324981689e-01
8.270815610885620117e-01 4.310685694217681885e-01
8.280902504920959473e-01 4.230639040470123291e-01
8.290988802909851074e-01 4.292323887348175049e-01
8.301075100898742676e-01 4.218665361404418945e-01
8.311161398887634277e-01 4.320890009403228760e-01
8.321247696876525879e-01 4.380217790603637695e-01
8.331333994865417480e-01 4.313191175460815430e-01
8.341420292854309082e-01 4.414842724800109863e-01
8.351506590843200684e-01 4.361189901828765869e-01
8.361592888832092285e-01 4.432535767555236816e-01
8.371679782867431641e-01 4.338063299655914307e-01
8.381766080856323242e-01 4.268123507499694824e-01
8.391852378845214844e-01 4.384291768074035645e-01
8.401938676834106445e-01 4.340634644031524658e-01
8.412024974822998047e-01 4.390737116336822510e-01
8.422111272811889648e-01 4.279172718524932861e-01
8.432197570800781250e-01 4.391899406909942627e-01
8.442283868789672852e-01 4.421745240688323975e-01
8.452370166778564453e-01 4.413583278656005859e-01
8.462456464767456055e-01 4.204391241073608398e-01
8.472543358802795410e-01 4.442126452922821045e-01
8.482629656791687012e-01 4.376142621040344238e-01
8.492715954780578613e-01 4.403440058231353760e-01
8.502802252769470215e-01 4.349222183227539062e-01
8.512888550758361816e-01 4.601612389087677002e-01
8.522974848747253418e-01 4.572304487228393555e-01
8.533061146736145020e-01 4.521379172801971436e-01
8.543147444725036621e-01 4.529842734336853027e-01
8.553233742713928223e-01 4.503031075000762939e-01
8.563320636749267578e-01 4.469193816184997559e-01
8.573406934738159180e-01 4.742524921894073486e-01
8.583493232727050781e-01 4.610302150249481201e-01
8.593579530715942383e-01 4.589759707450866699e-01
8.603665828704833984e-01 4.584105312824249268e-01
8.613752126693725586e-01 4.663986265659332275e-01
8.623838424682617188e-01 4.612893760204315186e-01
8.633924722671508789e-01 4.653736352920532227e-01
8.644011020660400391e-01 4.674105942249298096e-01
8.654097318649291992e-01 4.737874865531921387e-01
8.664184212684631348e-01 4.466687440872192383e-01
8.674270510673522949e-01 4.635298252105712891e-01
8.684356808662414551e-01 4.611104130744934082e-01
8.694443106651306152e-01 4.701080620288848877e-01
8.704529404640197754e-01 4.730193316936492920e-01
8.714615702629089355e-01 4.683229029178619385e-01
8.724702000617980957e-01 4.772376120090484619e-01
8.734788298606872559e-01 4.885091781616210938e-01
8.744874596595764160e-01 4.942459166049957275e-01
8.754961490631103516e-01 4.838318526744842529e-01
8.765047788619995117e-01 4.772905111312866211e-01
8.775134086608886719e-01 4.794230163097381592e-01
8.785220384597778320e-01 4.797494411468505859e-01
8.795306682586669922e-01 4.878128468990325928e-01
8.805392980575561523e-01 4.839018881320953369e-01
8.815479278564453125e-01 4.962588548660278320e-01
8.825565576553344727e-01 4.754592776298522949e-01
8.835651874542236328e-01 4.888447523117065430e-01
8.845738172531127930e-01 4.929870069026947021e-01
8.855825066566467285e-01 4.914047718048095703e-01
8.865911364555358887e-01 5.003587007522583008e-01
8.875997662544250488e-01 4.981324672698974609e-01
8.886083960533142090e-01 4.881971478462219238e-01
8.896170258522033691e-01 5.088028907775878906e-01
8.906256556510925293e-01 4.911396801471710205e-01
8.916342854499816895e-01 4.859727919101715088e-01
8.926429152488708496e-01 4.841028749942779541e-01
8.936515450477600098e-01 4.848930835723876953e-01
8.946602344512939453e-01 5.143377780914306641e-01
8.956688642501831055e-01 5.324340462684631348e-01
8.966774940490722656e-01 4.823911488056182861e-01
8.976861238479614258e-01 4.632769525051116943e-01
8.986947536468505859e-01 5.008413791656494141e-01
8.997033834457397461e-01 4.839847981929779053e-01
9.007120132446289062e-01 5.072289705276489258e-01
9.017206430435180664e-01 4.893345534801483154e-01
9.027292728424072266e-01 4.897411167621612549e-01
9.037379026412963867e-01 4.942019283771514893e-01
9.047465920448303223e-01 4.867883324623107910e-01
9.057552218437194824e-01 4.922788143157958984e-01
9.067638516426086426e-01 5.072154402732849121e-01
9.077724814414978027e-01 4.903826713562011719e-01
9.087811112403869629e-01 5.026154518127441406e-01
9.097897410392761230e-01 4.971831142902374268e-01
9.107983708381652832e-01 4.987482726573944092e-01
9.118070006370544434e-01 5.119503736495971680e-01
9.128156304359436035e-01 4.984950423240661621e-01
9.138243198394775391e-01 5.053678750991821289e-01
9.148329496383666992e-01 5.147609114646911621e-01
9.158415794372558594e-01 5.032310485839843750e-01
9.168502092361450195e-01 5.068507790565490723e-01
9.178588390350341797e-01 5.203394889831542969e-01
9.188674688339233398e-01 5.400674939155578613e-01
9.198760986328125000e-01 5.119367837905883789e-01
9.208847284317016602e-01 5.192576050758361816e-01
9.218933582305908203e-01 4.747496247291564941e-01
9.229020476341247559e-01 4.991191029548645020e-01
9.239106774330139160e-01 5.122255682945251465e-01
9.249193072319030762e-01 5.019030570983886719e-01
9.259279370307922363e-01 5.185325145721435547e-01
9.269365668296813965e-01 5.255166292190551758e-01
9.279451966285705566e-01 5.112708210945129395e-01
9.289538264274597168e-01 5.101805329322814941e-01
9.299624562263488770e-01 5.205481052398681641e-01
9.309710860252380371e-01 5.331748723983764648e-01
9.319797158241271973e-01 5.217442512512207031e-01
9.329884052276611328e-01 5.136051177978515625e-01
9.339970350265502930e-01 5.290069580078125000e-01
9.350056648254394531e-01 5.228679776191711426e-01
9.360142946243286133e-01 5.410602688789367676e-01
9.370229244232177734e-01 5.408669114112854004e-01
9.380315542221069336e-01 5.255864262580871582e-01
9.390401840209960938e-01 5.533084869384765625e-01
9.400488138198852539e-01 5.357171893119812012e-01
9.410574436187744141e-01 5.189239978790283203e-01
9.420661330223083496e-01 5.406149625778198242e-01
9.430747628211975098e-01 5.451325774192810059e-01
9.440833926200866699e-01 5.537901520729064941e-01
9.450920224189758301e-01 5.550395250320434570e-01
9.461006522178649902e-01 5.600780248641967773e-01
9.471092820167541504e-01 5.613450407981872559e-01
9.481179118156433105e-01 5.463815331459045410e-01
9.491265416145324707e-01 5.358266830444335938e-01
9.501351714134216309e-01 5.542995333671569824e-01
9.511438012123107910e-01 5.876827239990234375e-01
9.521524906158447266e-01 5.756061077117919922e-01
9.531611204147338867e-01 5.632906556129455566e-01
9.541697502136230469e-01 5.383605360984802246e-01
9.551783800125122070e-01 5.624039173126220703e-01
9.561870098114013672e-01 5.577278733253479004e-01
9.571956396102905273e-01 5.682677626609802246e-01
9.582042694091796875e-01 5.654119253158569336e-01
9.592128992080688477e-01 5.526218414306640625e-01
9.602215290069580078e-01 5.443069338798522949e-01
9.612302184104919434e-01 5.680447816848754883e-01
9.622388482093811035e-01 5.760928392410278320e-01
9.632474780082702637e-01 5.626106858253479004e-01
9.642561078071594238e-01 5.612255930900573730e-01
9.652647376060485840e-01 5.612297058105468750e-01
9.662733674049377441e-01 5.703212022781372070e-01
9.672819972038269043e-01 5.846717953681945801e-01
9.682906270027160645e-01 5.980838537216186523e-01
9.692992568016052246e-01 5.773239731788635254e-01
9.703078866004943848e-01 5.929564237594604492e-01
9.713165760040283203e-01 5.616890788078308105e-01
9.723252058029174805e-01 6.009008884429931641e-01
9.733338356018066406e-01 6.209426522254943848e-01
9.743424654006958008e-01 6.332579851150512695e-01
9.753510951995849609e-01 6.037399172782897949e-01
9.763597249984741211e-01 6.407895088195800781e-01
9.773683547973632812e-01 6.422337293624877930e-01
9.783769845962524414e-01 6.134987473487854004e-01
9.793856143951416016e-01 6.207551956176757812e-01
9.803943037986755371e-01 6.087071299552917480e-01
9.814029335975646973e-01 6.127601861953735352e-01
9.824115633964538574e-01 6.513106822967529297e-01
9.834201931953430176e-01 6.586843729019165039e-01
9.844288229942321777e-01 6.380056738853454590e-01
9.854374527931213379e-01 6.418064832687377930e-01
9.864460825920104980e-01 6.379605531692504883e-01
9.874547123908996582e-01 6.567113995552062988e-01
9.884633421897888184e-01 6.468042731285095215e-01
9.894719719886779785e-01 6.693935990333557129e-01
9.904806613922119141e-01 6.630167961120605469e-01
9.914892911911010742e-01 6.517201066017150879e-01
9.924979209899902344e-01 6.615936756134033203e-01
9.935065507888793945e-01 6.795873045921325684e-01
9.945151805877685547e-01 6.933521032333374023e-01
9.955238103866577148e-01 6.840581893920898438e-01
9.965324401855468750e-01 6.640906333923339844e-01
9.975410699844360352e-01 6.807779073715209961e-01
9.985496997833251953e-01 6.945654153823852539e-01
9.995583891868591309e-01 7.152949571609497070e-01
1.000566959381103516e+00 6.969437003135681152e-01
1.001575589179992676e+00 7.097321152687072754e-01
1.002584218978881836e+00 7.243269681930541992e-01
1.003592848777770996e+00 7.422036528587341309e-01
1.004601597785949707e+00 7.391454577445983887e-01
1.005610227584838867e+00 7.164953351020812988e-01
1.006618857383728027e+00 7.481568455696105957e-01
1.007627487182617188e+00 7.563231587409973145e-01
1.008636116981506348e+00 7.920579314231872559e-01
1.009644746780395508e+00 7.651113867759704590e-01
1.010653376579284668e+00 7.498088479042053223e-01
1.011662006378173828e+00 7.429579496383666992e-01
1.012670636177062988e+00 7.493937611579895020e-01
1.013679265975952148e+00 7.777728438377380371e-01
1.014687895774841309e+00 7.449731826782226562e-01
1.015696525573730469e+00 7.253836989402770996e-01
1.016705155372619629e+00 7.138804793357849121e-01
1.017713785171508789e+00 7.265812158584594727e-01
1.018722414970397949e+00 7.287530899047851562e-01
1.019731044769287109e+00 7.309864759445190430e-01
1.020739674568176270e+00 7.299517989158630371e-01
1.021748304367065430e+00 7.325006723403930664e-01
1.022756934165954590e+00 7.617644071578979492e-01
1.023765683174133301e+00 7.714233398437500000e-01
1.024774312973022461e+00 7.744825482368469238e-01
1.025782942771911621e+00 7.330626249313354492e-01
1.026791572570800781e+00 7.666561007499694824e-01
1.027800202369689941e+00 7.286052107810974121e-01
1.028808832168579102e+00 7.656659483909606934e-01
1.029817461967468262e+00 7.217933535575866699e-01
1.030826091766357422e+00 7.476624250411987305e-01
1.031834721565246582e+00 7.401332855224609375e-01
1.032843351364135742e+00 7.870310544967651367e-01
1.033851981163024902e+00 7.611290216445922852e-01
1.034860610961914062e+00 7.863795161247253418e-01
1.035869240760803223e+00 7.934663295745849609e-01
1.036877870559692383e+00 7.598646283149719238e-01
1.037886500358581543e+00 7.688380479812622070e-01
1.038895130157470703e+00 7.785847187042236328e-01
1.039903759956359863e+00 7.658931612968444824e-01
1.040912389755249023e+00 7.831827402114868164e-01
1.041921019554138184e+00 7.562865614891052246e-01
1.042929768562316895e+00 7.855148315429687500e-01
1.043938398361206055e+00 7.406586408615112305e-01
1.044947028160095215e+00 7.708089351654052734e-01
1.045955657958984375e+00 7.815700173377990723e-01
1.046964287757873535e+00 7.300896048545837402e-01
1.047972917556762695e+00 8.076239228248596191e-01
1.048981547355651855e+00 8.044883012771606445e-01
1.049990177154541016e+00 7.706093788146972656e-01
1.050998806953430176e+00 7.955973744392395020e-01
1.052007436752319336e+00 7.570155262947082520e-01
1.053016066551208496e+00 7.257449626922607422e-01
1.054024696350097656e+00 7.721319794654846191e-01
1.055033326148986816e+00 7.229863405227661133e-01
1.056041955947875977e+00 7.787634134292602539e-01
1.057050585746765137e+00 7.689732313156127930e-01
1.058059215545654297e+00 8.130320906639099121e-01
1.059067845344543457e+00 7.627958655357360840e-01
1.060076475143432617e+00 7.578356266021728516e-01
1.061085104942321777e+00 7.808691263198852539e-01
1.062093853950500488e+00 8.047197461128234863e-01
1.063102483749389648e+00 7.899565696716308594e-01
1.064111113548278809e+00 8.060866594314575195e-01
1.065119743347167969e+00 7.732500433921813965e-01
1.066128373146057129e+00 7.608896493911743164e-01
1.067137002944946289e+00 7.417488694190979004e-01
1.068145632743835449e+00 7.588659524917602539e-01
1.069154262542724609e+00 7.641437649726867676e-01
1.070162892341613770e+00 7.648819088935852051e-01
1.071171522140502930e+00 7.780876755714416504e-01
1.072180151939392090e+00 7.634978294372558594e-01
1.073188781738281250e+00 7.200742959976196289e-01
1.074197411537170410e+00 7.399069070816040039e-01
1.075206041336059570e+00 7.543921470642089844e-01
1.076214671134948730e+00 7.620852589607238770e-01
1.077223300933837891e+00 7.809703350067138672e-01
1.078231930732727051e+00 7.798613309860229492e-01
1.079240560531616211e+00 7.534655928611755371e-01
1.080249190330505371e+00 7.982283234596252441e-01
1.081257939338684082e+00 7.371471524238586426e-01
1.082266569137573242e+00 7.666053771972656250e-01
1.083275198936462402e+00 7.492478489875793457e-01
1.084283828735351562e+00 7.678371071815490723e-01
1.085292458534240723e+00 7.361432909965515137e-01
1.086301088333129883e+00 7.200288176536560059e-01
1.087309718132019043e+00 6.991235613822937012e-01
1.088318347930908203e+00 7.222802639007568359e-01
1.089326977729797363e+00 7.859116196632385254e-01
1.090335607528686523e+00 7.500343918800354004e-01
1.091344237327575684e+00 7.684133052825927734e-01
1.092352867126464844e+00 7.361895442008972168e-01
1.093361496925354004e+00 7.633605003356933594e-01
1.094370126724243164e+00 7.759435772895812988e-01
1.095378756523132324e+00 7.205322980880737305e-01
1.096387386322021484e+00 7.568327188491821289e-01
1.097396016120910645e+00 7.591538429260253906e-01
1.098404645919799805e+00 7.488654255867004395e-01
1.099413275718688965e+00 8.023064136505126953e-01
1.100422024726867676e+00 7.423931956291198730e-01
1.101430654525756836e+00 7.271085977554321289e-01
1.102439284324645996e+00 7.768130302429199219e-01
1.103447914123535156e+00 7.473622560501098633e-01
1.104456543922424316e+00 6.944155693054199219e-01
1.105465173721313477e+00 7.386961579322814941e-01
1.106473803520202637e+00 7.700960040092468262e-01
1.107482433319091797e+00 7.290856242179870605e-01
1.108491063117980957e+00 7.110207676887512207e-01
1.109499692916870117e+00 7.149530053138732910e-01
1.110508322715759277e+00 7.694588303565979004e-01
1.111516952514648438e+00 7.172328829765319824e-01
1.112525582313537598e+00 7.179969549179077148e-01
1.113534212112426758e+00 7.376616597175598145e-01
1.114542841911315918e+00 8.089127540588378906e-01
1.115551471710205078e+00 7.145910859107971191e-01
1.116560101509094238e+00 7.392125129699707031e-01
1.117568731307983398e+00 7.027693390846252441e-01
1.118577361106872559e+00 7.635726928710937500e-01
1.119586110115051270e+00 7.460261583328247070e-01
1.120594739913940430e+00 8.072406649589538574e-01
1.121603369712829590e+00 8.185205459594726562e-01
1.122611999511718750e+00 7.813392281532287598e-01
1.123620629310607910e+00 7.909795045852661133e-01
1.124629259109497070e+00 7.717080116271972656e-01
1.125637888908386230e+00 7.761850953102111816e-01
1.126646518707275391e+00 7.369819879531860352e-01
1.127655148506164551e+00 7.142015099525451660e-01
1.128663778305053711e+00 7.381878495216369629e-01
1.129672408103942871e+00 7.371153831481933594e-01
1.130681037902832031e+00 7.528805732727050781e-01
1.131689667701721191e+00 7.705495357513427734e-01
1.132698297500610352e+00 7.630543112754821777e-01
1.133706927299499512e+00 7.241888642311096191e-01
1.134715557098388672e+00 7.510487437248229980e-01
1.135724186897277832e+00 6.830279827117919922e-01
1.136732816696166992e+00 6.923080682754516602e-01
1.137741446495056152e+00 7.190952301025390625e-01
1.138750195503234863e+00 7.687399983406066895e-01
1.139758825302124023e+00 7.878330349922180176e-01
1.140767455101013184e+00 7.896849513053894043e-01
1.141776084899902344e+00 8.043761849403381348e-01
1.142784714698791504e+00 7.317308187484741211e-01
1.143793344497680664e+00 7.491051554679870605e-01
1.144801974296569824e+00 6.812123060226440430e-01
1.145810604095458984e+00 6.885689496994018555e-01
1.146819233894348145e+00 7.813298702239990234e-01
1.147827863693237305e+00 7.126729488372802734e-01
1.148836493492126465e+00 7.792857289314270020e-01
1.149845123291015625e+00 7.008538246154785156e-01
1.150853753089904785e+00 7.151485085487365723e-01
1.151862382888793945e+00 7.056308984756469727e-01
1.152871012687683105e+00 7.376059293746948242e-01
1.153879642486572266e+00 7.252824902534484863e-01
1.154888272285461426e+00 7.676696777343750000e-01
1.155896902084350586e+00 7.056336402893066406e-01
1.156905531883239746e+00 7.918388247489929199e-01
1.157914280891418457e+00 8.204560875892639160e-01
1.158922910690307617e+00 7.459093332290649414e-01
1.159931540489196777e+00 7.107813954353332520e-01
1.160940170288085938e+00 8.049069643020629883e-01
1.161948800086975098e+00 7.499670386314392090e-01
1.162957429885864258e+00 7.196898460388183594e-01
1.163966059684753418e+00 7.132180333137512207e-01
1.164974689483642578e+00 7.313202023506164551e-01
1.165983319282531738e+00 7.224165201187133789e-01
1.166991949081420898e+00 6.991657018661499023e-01
1.168000578880310059e+00 7.239311933517456055e-01
1.169009208679199219e+00 6.507243514060974121e-01
1.170017838478088379e+00 7.010581493377685547e-01
1.171026468276977539e+00 8.884040117263793945e-01
1.172035098075866699e+00 8.321251869201660156e-01
1.173043727874755859e+00 7.356841564178466797e-01
1.174052357673645020e+00 7.108870148658752441e-01
1.175060987472534180e+00 7.085769176483154297e-01
1.176069617271423340e+00 7.753815650939941406e-01
1.177078366279602051e+00 7.898402214050292969e-01
1.178086996078491211e+00 8.573640584945678711e-01
1.179095625877380371e+00 7.381041049957275391e-01
1.180104255676269531e+00 7.304874658584594727e-01
1.181112885475158691e+00 7.014969587326049805e-01
1.182121515274047852e+00 7.754207849502563477e-01
1.183130145072937012e+00 8.506978154182434082e-01
1.184138774871826172e+00 7.711240649223327637e-01
1.185147404670715332e+00 6.105265021324157715e-01
1.186156034469604492e+00 7.260705232620239258e-01
1.187164664268493652e+00 8.286510109901428223e-01
1.188173294067382812e+00 7.917092442512512207e-01
1.189181923866271973e+00 7.632023096084594727e-01
1.190190553665161133e+00 7.385911345481872559e-01
1.191199183464050293e+00 7.417756915092468262e-01
1.192207813262939453e+00 6.596027016639709473e-01
1.193216443061828613e+00 6.601477861404418945e-01
1.194225072860717773e+00 6.220988631248474121e-01
1.195233702659606934e+00 8.231828212738037109e-01
1.196242451667785645e+00 7.269117832183837891e-01
1.197251081466674805e+00 8.372236490249633789e-01
1.198259711265563965e+00 8.860337734222412109e-01
1.199268341064453125e+00 7.839863896369934082e-01
1.200276970863342285e+00 7.490024566650390625e-01
1.201285600662231445e+00 7.250430583953857422e-01
1.202294230461120605e+00 9.296544790267944336e-01
1.203302860260009766e+00 6.808290481567382812e-01
1.204311490058898926e+00 6.087024807929992676e-01
1.205320119857788086e+00 6.566354036331176758e-01
1.206328749656677246e+00 6.700595021247863770e-01
1.207337379455566406e+00 7.036102414131164551e-01
1.208346009254455566e+00 6.587739586830139160e-01
1.209354639053344727e+00 1.246050953865051270e+00
