0.000000000000000000e+00 2.088284492492675781e+01
1.008636085316538811e-03 1.555387687683105469e+01
2.017272170633077621e-03 1.335561180114746094e+01
3.025908255949616432e-03 1.188926410675048828e+01
4.034544341266155243e-03 9.717711448669433594e+00
5.043180659413337708e-03 7.562419414520263672e+00
6.051816511899232864e-03 5.970156192779541016e+00
7.060452364385128021e-03 4.370600223541259766e+00
8.069088682532310486e-03 3.848158121109008789e+00
9.077725000679492950e-03 3.358224868774414062e+00
1.008636131882667542e-02 2.851934432983398438e+00
1.109499670565128326e-02 2.335172414779663086e+00
1.210363302379846573e-02 2.256257772445678711e+00
1.311226934194564819e-02 1.989375591278076172e+00
1.412090472877025604e-02 1.717256188392639160e+00
1.512954104691743851e-02 1.454398632049560547e+00
1.613817736506462097e-02 1.333374738693237305e+00
1.714681275188922882e-02 1.126878738403320312e+00
1.815545000135898590e-02 1.015937209129333496e+00
1.916408538818359375e-02 8.842779397964477539e-01
2.017272263765335083e-02 8.865943551063537598e-01
2.118135802447795868e-02 8.187896609306335449e-01
2.218999341130256653e-02 6.663550734519958496e-01
2.319863066077232361e-02 6.418289542198181152e-01
2.420726604759693146e-02 5.456729531288146973e-01
2.521590143442153931e-02 4.959318041801452637e-01
2.622453868389129639e-02 4.635100066661834717e-01
2.723317407071590424e-02 4.638693332672119141e-01
2.824180945754051208e-02 4.234795272350311279e-01
2.925044670701026917e-02 3.690759539604187012e-01
3.025908209383487701e-02 3.410967588424682617e-01
3.126771748065948486e-02 3.156767785549163818e-01
3.227635473012924194e-02 2.685085535049438477e-01
3.328499197959899902e-02 2.761100828647613525e-01
3.429362550377845764e-02 2.646552920341491699e-01
3.530226275324821472e-02 2.469822019338607788e-01
3.631090000271797180e-02 2.291145026683807373e-01
3.731953352689743042e-02 2.380945682525634766e-01
3.832817077636718750e-02 1.829956173896789551e-01
3.933680802583694458e-02 1.955804675817489624e-01
4.034544527530670166e-02 1.967579573392868042e-01
4.135407879948616028e-02 1.466011404991149902e-01
4.236271604895591736e-02 1.527420580387115479e-01
4.337135329842567444e-02 1.351335942745208740e-01
4.437998682260513306e-02 1.112601161003112793e-01
4.538862407207489014e-02 1.313300728797912598e-01
4.639726132154464722e-02 1.272582709789276123e-01
4.740589484572410583e-02 1.244319230318069458e-01
4.841453209519386292e-02 1.125591471791267395e-01
4.942316934466362000e-02 1.023220792412757874e-01
5.043180286884307861e-02 1.021920964121818542e-01
5.144044011831283569e-02 8.659806102514266968e-02
5.244907736778259277e-02 9.593843668699264526e-02
5.345771089196205139e-02 8.842565119266510010e-02
5.446634814143180847e-02 7.918686419725418091e-02
5.547498539090156555e-02 7.345636934041976929e-02
5.648361891508102417e-02 6.867542117834091187e-02
5.749225616455078125e-02 7.666075229644775391e-02
5.850089341402053833e-02 6.325004994869232178e-02
5.950953066349029541e-02 6.441830843687057495e-02
6.051816418766975403e-02 7.310940325260162354e-02
6.152680143713951111e-02 5.844824761152267456e-02
6.253543496131896973e-02 5.743072554469108582e-02
6.354407221078872681e-02 6.685490161180496216e-02
6.455270946025848389e-02 6.009948253631591797e-02
6.556134670972824097e-02 6.539866328239440918e-02
6.656998395919799805e-02 5.976681411266326904e-02
6.757862120866775513e-02 5.499418452382087708e-02
6.858725100755691528e-02 4.176519811153411865e-02
6.959588825702667236e-02 5.538578703999519348e-02
7.060452550649642944e-02 5.657693743705749512e-02
7.161316275596618652e-02 4.478916525840759277e-02
7.262180000543594360e-02 4.188985377550125122e-02
7.363043725490570068e-02 4.575204849243164062e-02
7.463906705379486084e-02 4.644605889916419983e-02
7.564770430326461792e-02 4.724768549203872681e-02
7.665634155273437500e-02 5.526366084814071655e-02
7.766497880220413208e-02 4.559122398495674133e-02
7.867361605167388916e-02 4.484683275222778320e-02
7.968225330114364624e-02 3.953817486763000488e-02
8.069089055061340332e-02 3.871238976716995239e-02
8.169952034950256348e-02 4.511599987745285034e-02
8.270815759897232056e-02 4.156254976987838745e-02
8.371679484844207764e-02 3.938997536897659302e-02
8.472543209791183472e-02 3.745976462960243225e-02
8.573406934738159180e-02 3.639227524399757385e-02
8.674270659685134888e-02 3.555472567677497864e-02
8.775133639574050903e-02 3.907837346196174622e-02
8.875997364521026611e-02 3.764723986387252808e-02
8.976861089468002319e-02 4.166651517152786255e-02
9.077724814414978027e-02 3.959999606013298035e-02
9.178588539361953735e-02 4.047631844878196716e-02
9.279452264308929443e-02 3.473502770066261292e-02
9.380315244197845459e-02 3.505459800362586975e-02
9.481178969144821167e-02 3.253979608416557312e-02
9.582042694091796875e-02 3.040335699915885925e-02
9.682906419038772583e-02 2.857098355889320374e-02
9.783770143985748291e-02 3.093128651380538940e-02
9.884633868932723999e-02 3.446394950151443481e-02
9.985497593879699707e-02 3.320820257067680359e-02
1.008636057376861572e-01 3.993094339966773987e-02
1.018722429871559143e-01 4.021173343062400818e-02
1.028808802366256714e-01 3.781281784176826477e-02
1.038895174860954285e-01 3.127516806125640869e-02
1.048981547355651855e-01 3.448711335659027100e-02
1.059067919850349426e-01 3.877911344170570374e-02
1.069154217839241028e-01 3.454194217920303345e-02
1.079240590333938599e-01 3.753544390201568604e-02
1.089326962828636169e-01 3.051178157329559326e-02
1.099413335323333740e-01 3.732072934508323669e-02
1.109499707818031311e-01 4.092980548739433289e-02
1.119586080312728882e-01 4.476638138294219971e-02
1.129672378301620483e-01 3.254570439457893372e-02
1.139758750796318054e-01 2.691073529422283173e-02
1.149845123291015625e-01 3.243960440158843994e-02
1.159931495785713196e-01 4.001341015100479126e-02
1.170017868280410767e-01 2.906327135860919952e-02
1.180104240775108337e-01 2.677566371858119965e-02
1.190190613269805908e-01 3.207426145672798157e-02
1.200276911258697510e-01 2.903405763208866119e-02
1.210363283753395081e-01 3.094718419015407562e-02
1.220449656248092651e-01 3.543720021843910217e-02
1.230536028742790222e-01 2.968856878578662872e-02
1.240622401237487793e-01 3.337875753641128540e-02
1.250708699226379395e-01 3.390024229884147644e-02
1.260795146226882935e-01 3.187732025980949402e-02
1.270881444215774536e-01 2.865831181406974792e-02
1.280967891216278076e-01 3.304094076156616211e-02
1.291054189205169678e-01 3.396217525005340576e-02
1.301140487194061279e-01 3.216903656721115112e-02
1.311226934194564819e-01 3.735445439815521240e-02
1.321313232183456421e-01 4.292989149689674377e-02
1.331399679183959961e-01 3.350193426012992859e-02
1.341485977172851562e-01 2.284533716738224030e-02
1.351572424173355103e-01 2.244186587631702423e-02
1.361658722162246704e-01 2.879387326538562775e-02
1.371745020151138306e-01 3.286774456501007080e-02
1.381831467151641846e-01 2.788049168884754181e-02
1.391917765140533447e-01 2.839314565062522888e-02
1.402004212141036987e-01 2.850765362381935120e-02
1.412090510129928589e-01 3.323856741189956665e-02
1.422176808118820190e-01 3.616099804639816284e-02
1.432263255119323730e-01 3.423935547471046448e-02
1.442349553108215332e-01 3.276783227920532227e-02
1.452436000108718872e-01 3.613461554050445557e-02
1.462522298097610474e-01 3.771400824189186096e-02
1.472608745098114014e-01 3.258637711405754089e-02
1.482695043087005615e-01 3.654793649911880493e-02
1.492781341075897217e-01 2.775655500590801239e-02
1.502867788076400757e-01 3.324708715081214905e-02
1.512954086065292358e-01 4.229427501559257507e-02
1.523040533065795898e-01 3.211076185107231140e-02
1.533126831054687500e-01 4.461123049259185791e-02
1.543213278055191040e-01 3.991341963410377502e-02
1.553299576044082642e-01 4.613023251295089722e-02
1.563385874032974243e-01 4.615823179483413696e-02
1.573472321033477783e-01 4.049609601497650146e-02
1.583558619022369385e-01 3.887722641229629517e-02
1.593645066022872925e-01 3.881617635488510132e-02
1.603731364011764526e-01 4.179497435688972473e-02
1.613817811012268066e-01 3.968464210629463196e-02
1.623904109001159668e-01 4.869350790977478027e-02
1.633990406990051270e-01 4.399789124727249146e-02
1.644076853990554810e-01 4.059379920363426208e-02
1.654163151979446411e-01 4.497486352920532227e-02
1.664249598979949951e-01 4.271510988473892212e-02
1.674335896968841553e-01 4.099739715456962585e-02
1.684422194957733154e-01 4.098271206021308899e-02
1.694508641958236694e-01 4.558268934488296509e-02
1.704594939947128296e-01 4.675789922475814819e-02
1.714681386947631836e-01 4.014218598604202271e-02
1.724767684936523438e-01 4.501226544380187988e-02
1.734854131937026978e-01 4.627655074000358582e-02
1.744940429925918579e-01 4.240461811423301697e-02
1.755026727914810181e-01 4.303400963544845581e-02
1.765113174915313721e-01 4.711288586258888245e-02
1.775199472904205322e-01 4.633352905511856079e-02
1.785285919904708862e-01 4.248564690351486206e-02
1.795372217893600464e-01 4.410856962203979492e-02
1.805458664894104004e-01 4.160513728857040405e-02
1.815544962882995605e-01 4.412268474698066711e-02
1.825631260871887207e-01 4.496313259005546570e-02
1.835717707872390747e-01 5.206169933080673218e-02
1.845804005861282349e-01 3.692450001835823059e-02
1.855890452861785889e-01 4.077027738094329834e-02
1.865976750850677490e-01 4.154918342828750610e-02
1.876063048839569092e-01 4.024435952305793762e-02
1.886149495840072632e-01 4.891557991504669189e-02
1.896235793828964233e-01 3.922998160123825073e-02
1.906322240829467773e-01 3.867842629551887512e-02
1.916408538818359375e-01 3.851010277867317200e-02
1.926494985818862915e-01 3.801061585545539856e-02
1.936581283807754517e-01 3.884507715702056885e-02
1.946667581796646118e-01 3.536310419440269470e-02
1.956754028797149658e-01 4.378347098827362061e-02
1.966840326786041260e-01 4.013891145586967468e-02
1.976926773786544800e-01 4.105748236179351807e-02
1.987013071775436401e-01 4.096342250704765320e-02
1.997099518775939941e-01 4.601011052727699280e-02
2.007185816764831543e-01 3.584169968962669373e-02
2.017272114753723145e-01 3.530939668416976929e-02
2.027358561754226685e-01 3.518547117710113525e-02
2.037444859743118286e-01 3.447619080543518066e-02
2.047531306743621826e-01 3.172722831368446350e-02
2.057617604732513428e-01 3.659028559923171997e-02
2.067703902721405029e-01 3.982353582978248596e-02
2.077790349721908569e-01 3.308599442243576050e-02
2.087876647710800171e-01 3.654220327734947205e-02
2.097963094711303711e-01 3.632818907499313354e-02
2.108049392700195312e-01 4.377690702676773071e-02
2.118135839700698853e-01 4.380684718489646912e-02
2.128222137689590454e-01 3.849544748663902283e-02
2.138308435678482056e-01 4.633599147200584412e-02
2.148394882678985596e-01 4.351097345352172852e-02
2.158481180667877197e-01 4.241475090384483337e-02
2.168567627668380737e-01 4.490166157484054565e-02
2.178653925657272339e-01 4.427556321024894714e-02
2.188740372657775879e-01 4.627095535397529602e-02
2.198826670646667480e-01 4.707730188965797424e-02
2.208912968635559082e-01 4.680986702442169189e-02
2.218999415636062622e-01 4.232652112841606140e-02
2.229085713624954224e-01 4.631298780441284180e-02
2.239172160625457764e-01 5.059795826673507690e-02
2.249258458614349365e-01 4.341151937842369080e-02
2.259344756603240967e-01 4.466315358877182007e-02
2.269431203603744507e-01 4.537365585565567017e-02
2.279517501592636108e-01 4.598352685570716858e-02
2.289603948593139648e-01 4.415556415915489197e-02
2.299690246582031250e-01 3.839875012636184692e-02
2.309776693582534790e-01 4.749284312129020691e-02
2.319862991571426392e-01 4.776932671666145325e-02
2.329949289560317993e-01 5.004888027906417847e-02
2.340035736560821533e-01 5.176036059856414795e-02
2.350122034549713135e-01 4.726766794919967651e-02
2.360208481550216675e-01 4.825966805219650269e-02
2.370294779539108276e-01 4.531337693333625793e-02
2.380381226539611816e-01 4.519047215580940247e-02
2.390467524528503418e-01 4.320909827947616577e-02
2.400553822517395020e-01 4.884807392954826355e-02
2.410640269517898560e-01 5.184230208396911621e-02
2.420726567506790161e-01 9.050995111465454102e-02
2.430813014507293701e-01 2.083073705434799194e-01
2.440899312496185303e-01 5.873929336667060852e-02
2.450985759496688843e-01 5.518012121319770813e-02
2.461072057485580444e-01 5.245097354054450989e-02
2.471158355474472046e-01 5.162149295210838318e-02
2.481244802474975586e-01 5.071181803941726685e-02
2.491331100463867188e-01 5.147516354918479919e-02
2.501417398452758789e-01 5.248723179101943970e-02
2.511503994464874268e-01 5.347001552581787109e-02
2.521590292453765869e-01 5.196814984083175659e-02
2.531676590442657471e-01 4.546071588993072510e-02
2.541762888431549072e-01 4.713010042905807495e-02
2.551849186420440674e-01 4.828226566314697266e-02
2.561935782432556152e-01 5.177173018455505371e-02
2.572022080421447754e-01 5.239888280630111694e-02
2.582108378410339355e-01 5.333109572529792786e-02
2.592194676399230957e-01 5.756483599543571472e-02
2.602280974388122559e-01 5.330407619476318359e-02
2.612367570400238037e-01 5.280407890677452087e-02
2.622453868389129639e-01 5.374523997306823730e-02
2.632540166378021240e-01 4.887400940060615540e-02
2.642626464366912842e-01 5.161276832222938538e-02
2.652712762355804443e-01 5.363827943801879883e-02
2.662799358367919922e-01 4.786495491862297058e-02
2.672885656356811523e-01 5.549180507659912109e-02
2.682971954345703125e-01 5.015924945473670959e-02
2.693058252334594727e-01 5.311976745724678040e-02
2.703144848346710205e-01 5.792424082756042480e-02
2.713231146335601807e-01 5.608494207262992859e-02
2.723317444324493408e-01 5.502997711300849915e-02
2.733403742313385010e-01 5.064331740140914917e-02
2.743490040302276611e-01 5.604036897420883179e-02
2.753576636314392090e-01 5.558468773961067200e-02
2.763662934303283691e-01 5.131985992193222046e-02
2.773749232292175293e-01 4.815148562192916870e-02
2.783835530281066895e-01 4.725385829806327820e-02
2.793921828269958496e-01 5.480544641613960266e-02
2.804008424282073975e-01 4.995484650135040283e-02
2.814094722270965576e-01 5.520141124725341797e-02
2.824181020259857178e-01 5.291559547185897827e-02
2.834267318248748779e-01 5.434700846672058105e-02
2.844353616237640381e-01 4.898715764284133911e-02
2.854440212249755859e-01 5.498052760958671570e-02
2.864526510238647461e-01 5.454205349087715149e-02
2.874612808227539062e-01 5.418662354350090027e-02
2.884699106216430664e-01 6.318709999322891235e-02
2.894785702228546143e-01 5.538234487175941467e-02
2.904872000217437744e-01 5.885976552963256836e-02
2.914958298206329346e-01 5.661011859774589539e-02
2.925044596195220947e-01 5.690156668424606323e-02
2.935130894184112549e-01 4.944957420229911804e-02
2.945217490196228027e-01 5.429995805025100708e-02
2.955303788185119629e-01 5.435614287853240967e-02
2.965390086174011230e-01 5.535750463604927063e-02
2.975476384162902832e-01 5.115596204996109009e-02
2.985562682151794434e-01 5.663009360432624817e-02
2.995649278163909912e-01 5.270935967564582825e-02
3.005735576152801514e-01 5.510444939136505127e-02
3.015821874141693115e-01 6.083056330680847168e-02
3.025908172130584717e-01 5.571968853473663330e-02
3.035994470119476318e-01 6.126690283417701721e-02
3.046081066131591797e-01 6.801347434520721436e-02
3.056167364120483398e-01 5.429109930992126465e-02
3.066253662109375000e-01 5.235313996672630310e-02
3.076339960098266602e-01 5.406899750232696533e-02
3.086426556110382080e-01 5.863941833376884460e-02
3.096512854099273682e-01 5.452258139848709106e-02
3.106599152088165283e-01 5.848921462893486023e-02
3.116685450077056885e-01 5.611433833837509155e-02
3.126771748065948486e-01 6.078300997614860535e-02
3.136858344078063965e-01 5.792479589581489563e-02
3.146944642066955566e-01 5.751469358801841736e-02
3.157030940055847168e-01 6.626339256763458252e-02
3.167117238044738770e-01 5.849880352616310120e-02
3.177203536033630371e-01 6.529477983713150024e-02
3.187290132045745850e-01 5.915031582117080688e-02
3.197376430034637451e-01 5.364731699228286743e-02
3.207462728023529053e-01 5.870672687888145447e-02
3.217549026012420654e-01 5.810805410146713257e-02
3.227635622024536133e-01 5.900152772665023804e-02
3.237721920013427734e-01 6.438367068767547607e-02
3.247808218002319336e-01 5.718191340565681458e-02
3.257894515991210938e-01 5.899080634117126465e-02
3.267980813980102539e-01 5.938020721077919006e-02
3.278067409992218018e-01 5.678808689117431641e-02
3.288153707981109619e-01 5.759393796324729919e-02
3.298240005970001221e-01 5.640885978937149048e-02
3.308326303958892822e-01 5.220900475978851318e-02
3.318412601947784424e-01 6.040436029434204102e-02
3.328499197959899902e-01 6.481751054525375366e-02
3.338585495948791504e-01 6.358151882886886597e-02
3.348671793937683105e-01 5.678400397300720215e-02
3.358758091926574707e-01 6.372683495283126831e-02
3.368844389915466309e-01 5.664858967065811157e-02
3.378930985927581787e-01 6.287385523319244385e-02
3.389017283916473389e-01 5.877193063497543335e-02
3.399103581905364990e-01 5.576183274388313293e-02
3.409189879894256592e-01 6.112175807356834412e-02
3.419276475906372070e-01 5.620925500988960266e-02
3.429362773895263672e-01 6.124430149793624878e-02
3.439449071884155273e-01 6.276779621839523315e-02
3.449535369873046875e-01 6.275776773691177368e-02
3.459621667861938477e-01 6.153145059943199158e-02
3.469708263874053955e-01 6.009979918599128723e-02
3.479794561862945557e-01 6.452603638172149658e-02
3.489880859851837158e-01 5.667444318532943726e-02
3.499967157840728760e-01 5.730726942420005798e-02
3.510053455829620361e-01 6.142673268914222717e-02
3.520140051841735840e-01 5.955523997545242310e-02
3.530226349830627441e-01 6.331434845924377441e-02
3.540312647819519043e-01 5.788746848702430725e-02
3.550398945808410645e-01 6.561238318681716919e-02
3.560485243797302246e-01 6.374540179967880249e-02
3.570571839809417725e-01 6.039923429489135742e-02
3.580658137798309326e-01 6.224492937326431274e-02
3.590744435787200928e-01 5.816115438938140869e-02
3.600830733776092529e-01 6.362192332744598389e-02
3.610917329788208008e-01 6.225419044494628906e-02
3.621003627777099609e-01 6.208619847893714905e-02
3.631089925765991211e-01 6.725259870290756226e-02
3.641176223754882812e-01 6.506415456533432007e-02
3.651262521743774414e-01 6.201164796948432922e-02
3.661349117755889893e-01 6.652862578630447388e-02
3.671435415744781494e-01 6.119608879089355469e-02
3.681521713733673096e-01 6.113597750663757324e-02
3.691608011722564697e-01 6.623204797506332397e-02
3.701694309711456299e-01 6.477842479944229126e-02
3.711780905723571777e-01 5.728648602962493896e-02
3.721867203712463379e-01 5.953382700681686401e-02
3.731953501701354980e-01 6.885303556919097900e-02
3.742039799690246582e-01 6.363178789615631104e-02
3.752126097679138184e-01 6.298402696847915649e-02
3.762212693691253662e-01 6.014601513743400574e-02
3.772298991680145264e-01 6.467877328395843506e-02
3.782385289669036865e-01 6.860082596540451050e-02
3.792471587657928467e-01 6.730379909276962280e-02
3.802558183670043945e-01 6.548830121755599976e-02
3.812644481658935547e-01 7.360119372606277466e-02
3.822730779647827148e-01 6.952700018882751465e-02
3.832817077636718750e-01 6.777171790599822998e-02
3.842903375625610352e-01 6.543239951133728027e-02
3.852989971637725830e-01 6.215925142168998718e-02
3.863076269626617432e-01 6.782299280166625977e-02
3.873162567615509033e-01 6.561727821826934814e-02
3.883248865604400635e-01 7.135049998760223389e-02
3.893335163593292236e-01 6.662788987159729004e-02
3.903421759605407715e-01 6.663701683282852173e-02
3.913508057594299316e-01 6.333430111408233643e-02
3.923594355583190918e-01 6.444709002971649170e-02
3.933680653572082520e-01 6.883704662322998047e-02
3.943766951560974121e-01 6.348995864391326904e-02
3.953853547573089600e-01 6.425254791975021362e-02
3.963939845561981201e-01 6.759683787822723389e-02
3.974026143550872803e-01 6.868094205856323242e-02
3.984112441539764404e-01 6.487759947776794434e-02
3.994199037551879883e-01 7.076147943735122681e-02
4.004285335540771484e-01 7.246913015842437744e-02
4.014371633529663086e-01 6.975018233060836792e-02
4.024457931518554688e-01 6.783707439899444580e-02
4.034544229507446289e-01 7.109750062227249146e-02
4.044630825519561768e-01 6.548388302326202393e-02
4.054717123508453369e-01 6.361547112464904785e-02
4.064803421497344971e-01 6.714947521686553955e-02
4.074889719486236572e-01 6.888377666473388672e-02
4.084976017475128174e-01 6.953720003366470337e-02
4.095062613487243652e-01 6.893154233694076538e-02
4.105148911476135254e-01 6.393557786941528320e-02
4.115235209465026855e-01 6.737831979990005493e-02
4.125321507453918457e-01 7.205161452293395996e-02
4.135407805442810059e-01 6.546556204557418823e-02
4.145494401454925537e-01 7.313508540391921997e-02
4.155580699443817139e-01 6.740602850914001465e-02
4.165666997432708740e-01 6.575874239206314087e-02
4.175753295421600342e-01 7.247705012559890747e-02
4.185839891433715820e-01 6.907235085964202881e-02
4.195926189422607422e-01 6.883662939071655273e-02
4.206012487411499023e-01 6.536675989627838135e-02
4.216098785400390625e-01 6.840110570192337036e-02
4.226185083389282227e-01 6.807585805654525757e-02
4.236271679401397705e-01 6.974199414253234863e-02
4.246357977390289307e-01 7.165806740522384644e-02
4.256444275379180908e-01 7.318901270627975464e-02
4.266530573368072510e-01 7.378349453210830688e-02
4.276616871356964111e-01 7.546803355216979980e-02
4.286703467369079590e-01 7.503804564476013184e-02
4.296789765357971191e-01 7.040128111839294434e-02
4.306876063346862793e-01 7.133782655000686646e-02
4.316962361335754395e-01 7.026539742946624756e-02
4.327048659324645996e-01 7.411481440067291260e-02
4.337135255336761475e-01 7.436755299568176270e-02
4.347221553325653076e-01 7.021167874336242676e-02
4.357307851314544678e-01 6.881468743085861206e-02
4.367394149303436279e-01 7.326626032590866089e-02
4.377480745315551758e-01 7.238441705703735352e-02
4.387567043304443359e-01 7.096894830465316772e-02
4.397653341293334961e-01 7.358317077159881592e-02
4.407739639282226562e-01 7.245458662509918213e-02
4.417825937271118164e-01 7.575160264968872070e-02
4.427912533283233643e-01 7.328817248344421387e-02
4.437998831272125244e-01 8.248052000999450684e-02
4.448085129261016846e-01 7.677318155765533447e-02
4.458171427249908447e-01 7.583089917898178101e-02
4.468257725238800049e-01 7.493784278631210327e-02
4.478344321250915527e-01 7.615660130977630615e-02
4.488430619239807129e-01 7.555799931287765503e-02
4.498516917228698730e-01 7.735391706228256226e-02
4.508603215217590332e-01 7.461631298065185547e-02
4.518689513206481934e-01 7.143796235322952271e-02
4.528776109218597412e-01 7.455738633871078491e-02
4.538862407207489014e-01 7.563661783933639526e-02
4.548948705196380615e-01 7.915832102298736572e-02
4.559035003185272217e-01 8.253972977399826050e-02
4.569121599197387695e-01 8.590320497751235962e-02
4.579207897186279297e-01 8.257409930229187012e-02
4.589294195175170898e-01 7.847463339567184448e-02
4.599380493164062500e-01 8.038490265607833862e-02
4.609466791152954102e-01 7.636085897684097290e-02
4.619553387165069580e-01 7.784554362297058105e-02
4.629639685153961182e-01 7.503799349069595337e-02
4.639725983142852783e-01 8.075205236673355103e-02
4.649812281131744385e-01 7.822146266698837280e-02
4.659898579120635986e-01 8.162756264209747314e-02
4.669985175132751465e-01 7.947431504726409912e-02
4.680071473121643066e-01 8.427485823631286621e-02
4.690157771110534668e-01 8.607037365436553955e-02
4.700244069099426270e-01 8.247830718755722046e-02
4.710330665111541748e-01 7.597743719816207886e-02
4.720416963100433350e-01 7.617423683404922485e-02
4.730503261089324951e-01 7.687469571828842163e-02
4.740589559078216553e-01 8.215726166963577271e-02
4.750675857067108154e-01 8.490628749132156372e-02
4.760762453079223633e-01 8.133926987648010254e-02
4.770848751068115234e-01 8.237715065479278564e-02
4.780935049057006836e-01 8.561333268880844116e-02
4.791021347045898438e-01 8.338828384876251221e-02
4.801107645034790039e-01 7.965802401304244995e-02
4.811194241046905518e-01 8.051699399948120117e-02
4.821280539035797119e-01 8.618361502885818481e-02
4.831366837024688721e-01 8.677928149700164795e-02
4.841453135013580322e-01 8.934674412012100220e-02
4.851539433002471924e-01 8.665566891431808472e-02
4.861626029014587402e-01 8.542312681674957275e-02
4.871712327003479004e-01 8.735451847314834595e-02
4.881798624992370605e-01 8.807828277349472046e-02
4.891884922981262207e-01 8.753342926502227783e-02
4.901971518993377686e-01 8.219952136278152466e-02
4.912057816982269287e-01 9.019159525632858276e-02
4.922144114971160889e-01 9.014510363340377808e-02
4.932230412960052490e-01 8.455017209053039551e-02
4.942316710948944092e-01 8.736726641654968262e-02
4.952403306961059570e-01 8.529929071664810181e-02
4.962489604949951172e-01 9.191047400236129761e-02
4.972575902938842773e-01 8.451536297798156738e-02
4.982662200927734375e-01 9.351819008588790894e-02
4.992748498916625977e-01 8.731653541326522827e-02
5.002834796905517578e-01 8.551405370235443115e-02
5.012921094894409180e-01 8.930672705173492432e-02
5.023007988929748535e-01 9.286627918481826782e-02
5.033094286918640137e-01 8.928560465574264526e-02
5.043180584907531738e-01 1.470223069190979004e-01
5.053266882896423340e-01 1.188059225678443909e-01
5.063353180885314941e-01 9.126669168472290039e-02
5.073439478874206543e-01 8.755468577146530151e-02
5.083525776863098145e-01 8.690131455659866333e-02
5.093612074851989746e-01 8.175837248563766479e-02
5.103698372840881348e-01 8.065950125455856323e-02
5.113784670829772949e-01 8.023042231798171997e-02
5.123871564865112305e-01 8.183639496564865112e-02
5.133957862854003906e-01 8.282600343227386475e-02
5.144044160842895508e-01 8.428106456995010376e-02
5.154130458831787109e-01 8.340410888195037842e-02
5.164216756820678711e-01 7.817057520151138306e-02
5.174303054809570312e-01 8.045373111963272095e-02
5.184389352798461914e-01 8.007820695638656616e-02
5.194475650787353516e-01 7.467199116945266724e-02
5.204561948776245117e-01 7.738682627677917480e-02
5.214648842811584473e-01 8.280248194932937622e-02
5.224735140800476074e-01 7.766082882881164551e-02
5.234821438789367676e-01 7.136481255292892456e-02
5.244907736778259277e-01 8.174357563257217407e-02
5.254994034767150879e-01 8.388747274875640869e-02
5.265080332756042480e-01 8.218650519847869873e-02
5.275166630744934082e-01 7.674340903759002686e-02
5.285252928733825684e-01 7.441624253988265991e-02
5.295339226722717285e-01 8.094032108783721924e-02
5.305425524711608887e-01 7.594096660614013672e-02
5.315512418746948242e-01 8.865285664796829224e-02
5.325598716735839844e-01 8.798109740018844604e-02
5.335685014724731445e-01 9.263411909341812134e-02
5.345771312713623047e-01 9.025426954030990601e-02
5.355857610702514648e-01 9.162593632936477661e-02
5.365943908691406250e-01 9.075671434402465820e-02
5.376030206680297852e-01 9.618781507015228271e-02
5.386116504669189453e-01 9.336560964584350586e-02
5.396202802658081055e-01 9.957771003246307373e-02
5.406289696693420410e-01 1.018437296152114868e-01
5.416375994682312012e-01 1.051674559712409973e-01
5.426462292671203613e-01 9.950441867113113403e-02
5.436548590660095215e-01 9.985620528459548950e-02
5.446634888648986816e-01 1.013904064893722534e-01
5.456721186637878418e-01 1.051599085330963135e-01
5.466807484626770020e-01 1.037032306194305420e-01
5.476893782615661621e-01 1.027405709028244019e-01
5.486980080604553223e-01 1.083119809627532959e-01
5.497066378593444824e-01 1.040483936667442322e-01
5.507153272628784180e-01 1.013891398906707764e-01
5.517239570617675781e-01 1.088016331195831299e-01
5.527325868606567383e-01 1.161258220672607422e-01
5.537412166595458984e-01 1.106067374348640442e-01
5.547498464584350586e-01 1.167065948247909546e-01
5.557584762573242188e-01 1.057534813880920410e-01
5.567671060562133789e-01 1.109772920608520508e-01
5.577757358551025391e-01 1.211656406521797180e-01
5.587843656539916992e-01 1.198822781443595886e-01
5.597930550575256348e-01 1.193695887923240662e-01
5.608016848564147949e-01 1.201695203781127930e-01
5.618103146553039551e-01 1.199565902352333069e-01
5.628189444541931152e-01 1.318078786134719849e-01
5.638275742530822754e-01 1.278049498796463013e-01
5.648362040519714355e-01 1.264349967241287231e-01
5.658448338508605957e-01 1.336722820997238159e-01
5.668534636497497559e-01 1.258275061845779419e-01
5.678620934486389160e-01 1.304592043161392212e-01
5.688707232475280762e-01 1.295336931943893433e-01
5.698794126510620117e-01 1.327163726091384888e-01
5.708880424499511719e-01 1.339604556560516357e-01
5.718966722488403320e-01 1.343763917684555054e-01
5.729053020477294922e-01 1.426477283239364624e-01
5.739139318466186523e-01 1.407787352800369263e-01
5.749225616455078125e-01 1.423963904380798340e-01
5.759311914443969727e-01 1.361328810453414917e-01
5.769398212432861328e-01 1.428181678056716919e-01
5.779484510421752930e-01 1.385856568813323975e-01
5.789571404457092285e-01 1.436776220798492432e-01
5.799657702445983887e-01 1.419000476598739624e-01
5.809744000434875488e-01 1.537924259901046753e-01
5.819830298423767090e-01 1.557080149650573730e-01
5.829916596412658691e-01 1.529616862535476685e-01
5.840002894401550293e-01 1.569478660821914673e-01
5.850089192390441895e-01 1.451137214899063110e-01
5.860175490379333496e-01 1.548780202865600586e-01
5.870261788368225098e-01 1.513628661632537842e-01
5.880348086357116699e-01 1.568058282136917114e-01
5.890434980392456055e-01 1.564278900623321533e-01
5.900521278381347656e-01 1.598551869392395020e-01
5.910607576370239258e-01 1.679954230785369873e-01
5.920693874359130859e-01 1.684938818216323853e-01
5.930780172348022461e-01 1.616789996623992920e-01
5.940866470336914062e-01 1.584890037775039673e-01
5.950952768325805664e-01 1.544129401445388794e-01
5.961039066314697266e-01 1.654161959886550903e-01
5.971125364303588867e-01 1.647163927555084229e-01
5.981212258338928223e-01 1.594803333282470703e-01
5.991298556327819824e-01 1.623195707798004150e-01
6.001384854316711426e-01 1.646191775798797607e-01
6.011471152305603027e-01 1.710142195224761963e-01
6.021557450294494629e-01 1.693161278963088989e-01
6.031643748283386230e-01 1.849887073040008545e-01
6.041730046272277832e-01 1.749135106801986694e-01
6.051816344261169434e-01 1.711617708206176758e-01
6.061902642250061035e-01 1.796595007181167603e-01
6.071988940238952637e-01 1.744310259819030762e-01
6.082075834274291992e-01 1.783698648214340210e-01
6.092162132263183594e-01 1.825616657733917236e-01
6.102248430252075195e-01 1.778694987297058105e-01
6.112334728240966797e-01 1.837283819913864136e-01
6.122421026229858398e-01 1.884221136569976807e-01
6.132507324218750000e-01 1.801820099353790283e-01
6.142593622207641602e-01 1.770929396152496338e-01
6.152679920196533203e-01 1.844317317008972168e-01
6.162766218185424805e-01 1.902759075164794922e-01
6.172853112220764160e-01 1.930419653654098511e-01
6.182939410209655762e-01 1.940450817346572876e-01
6.193025708198547363e-01 1.907987445592880249e-01
6.203112006187438965e-01 1.848945766687393188e-01
6.213198304176330566e-01 1.833742111921310425e-01
6.223284602165222168e-01 1.858802884817123413e-01
6.233370900154113770e-01 1.970024108886718750e-01
6.243457198143005371e-01 1.959974467754364014e-01
6.253543496131896973e-01 1.982981860637664795e-01
6.263629794120788574e-01 2.017026394605636597e-01
6.273716688156127930e-01 2.051985561847686768e-01
6.283802986145019531e-01 1.923029571771621704e-01
6.293889284133911133e-01 2.002697736024856567e-01
6.303975582122802734e-01 1.944245398044586182e-01
6.314061880111694336e-01 2.020100206136703491e-01
6.324148178100585938e-01 2.148233205080032349e-01
6.334234476089477539e-01 2.121542096138000488e-01
6.344320774078369141e-01 2.123887240886688232e-01
6.354407072067260742e-01 1.998507082462310791e-01
6.364493966102600098e-01 2.095616608858108521e-01
6.374580264091491699e-01 2.137985825538635254e-01
6.384666562080383301e-01 2.193025499582290649e-01
6.394752860069274902e-01 2.161424756050109863e-01
6.404839158058166504e-01 2.197515964508056641e-01
6.414925456047058105e-01 2.145246565341949463e-01
6.425011754035949707e-01 2.265573143959045410e-01
6.435098052024841309e-01 2.300884425640106201e-01
6.445184350013732910e-01 2.262171506881713867e-01
6.455271244049072266e-01 2.286855280399322510e-01
6.465357542037963867e-01 2.258786112070083618e-01
6.475443840026855469e-01 2.307380139827728271e-01
6.485530138015747070e-01 2.316024303436279297e-01
6.495616436004638672e-01 2.366726845502853394e-01
6.505702733993530273e-01 2.228546738624572754e-01
6.515789031982421875e-01 2.383594363927841187e-01
6.525875329971313477e-01 2.294328510761260986e-01
6.535961627960205078e-01 2.230278849601745605e-01
6.546047925949096680e-01 2.339351624250411987e-01
6.556134819984436035e-01 2.317799180746078491e-01
6.566221117973327637e-01 2.380644977092742920e-01
6.576307415962219238e-01 2.442099750041961670e-01
6.586393713951110840e-01 2.395031750202178955e-01
6.596480011940002441e-01 2.425555586814880371e-01
6.606566309928894043e-01 2.495793998241424561e-01
6.616652607917785645e-01 2.465162575244903564e-01
6.626738905906677246e-01 2.444741725921630859e-01
6.636825203895568848e-01 2.484778463840484619e-01
6.646912097930908203e-01 2.497306615114212036e-01
6.656998395919799805e-01 2.408771961927413940e-01
6.667084693908691406e-01 2.511451542377471924e-01
6.677170991897583008e-01 2.544610202312469482e-01
6.687257289886474609e-01 2.634274959564208984e-01
6.697343587875366211e-01 2.485234290361404419e-01
6.707429885864257812e-01 2.534567117691040039e-01
6.717516183853149414e-01 2.610801458358764648e-01
6.727602481842041016e-01 2.612037360668182373e-01
6.737688779830932617e-01 2.589999139308929443e-01
6.747775673866271973e-01 2.632777988910675049e-01
6.757861971855163574e-01 2.660819590091705322e-01
6.767948269844055176e-01 2.678043246269226074e-01
6.778034567832946777e-01 2.688390314579010010e-01
6.788120865821838379e-01 2.663942277431488037e-01
6.798207163810729980e-01 2.723138630390167236e-01
6.808293461799621582e-01 2.816235125064849854e-01
6.818379759788513184e-01 2.801977992057800293e-01
6.828466057777404785e-01 2.710706889629364014e-01
6.838552951812744141e-01 2.739089131355285645e-01
6.848639249801635742e-01 2.852313816547393799e-01
6.858725547790527344e-01 2.872576117515563965e-01
6.868811845779418945e-01 2.842938899993896484e-01
6.878898143768310547e-01 2.959638535976409912e-01
6.888984441757202148e-01 2.983028590679168701e-01
6.899070739746093750e-01 2.930709421634674072e-01
6.909157037734985352e-01 2.932840883731842041e-01
6.919243335723876953e-01 2.965052723884582520e-01
6.929329633712768555e-01 2.981851100921630859e-01
6.939416527748107910e-01 3.041546940803527832e-01
6.949502825736999512e-01 3.015928268432617188e-01
6.959589123725891113e-01 2.982187867164611816e-01
6.969675421714782715e-01 3.058692216873168945e-01
6.979761719703674316e-01 3.127432465553283691e-01
6.989848017692565918e-01 3.110318183898925781e-01
6.999934315681457520e-01 3.081425130367279053e-01
7.010020613670349121e-01 2.999967634677886963e-01
7.020106911659240723e-01 3.097678422927856445e-01
7.030193805694580078e-01 3.281844556331634521e-01
7.040280103683471680e-01 3.193010091781616211e-01
7.050366401672363281e-01 3.031338155269622803e-01
7.060452699661254883e-01 3.326644599437713623e-01
7.070538997650146484e-01 3.155903220176696777e-01
7.080625295639038086e-01 3.088360130786895752e-01
7.090711593627929688e-01 3.244484364986419678e-01
7.100797891616821289e-01 3.173181712627410889e-01
7.110884189605712891e-01 3.225803673267364502e-01
7.120970487594604492e-01 3.197892904281616211e-01
7.131057381629943848e-01 3.233841955661773682e-01
7.141143679618835449e-01 3.210638463497161865e-01
7.151229977607727051e-01 3.234277367591857910e-01
7.161316275596618652e-01 3.278188407421112061e-01
7.171402573585510254e-01 3.393477499485015869e-01
7.181488871574401855e-01 3.396599888801574707e-01
7.191575169563293457e-01 3.436962068080902100e-01
7.201661467552185059e-01 3.472954332828521729e-01
7.211747765541076660e-01 3.390229344367980957e-01
7.221834659576416016e-01 3.419731557369232178e-01
7.231920957565307617e-01 3.581974506378173828e-01
7.242007255554199219e-01 3.516457080841064453e-01
7.252093553543090820e-01 3.380750417709350586e-01
7.262179851531982422e-01 3.585987985134124756e-01
7.272266149520874023e-01 3.530578911304473877e-01
7.282352447509765625e-01 3.605246543884277344e-01
7.292438745498657227e-01 3.569082021713256836e-01
7.302525043487548828e-01 3.593294322490692139e-01
7.312611341476440430e-01 3.640621006488800049e-01
7.322698235511779785e-01 3.615889847278594971e-01
7.332784533500671387e-01 3.682118356227874756e-01
7.342870831489562988e-01 3.614249825477600098e-01
7.352957129478454590e-01 3.648453056812286377e-01
7.363043427467346191e-01 3.697571456432342529e-01
7.373129725456237793e-01 3.799962401390075684e-01
7.383216023445129395e-01 3.877759575843811035e-01
7.393302321434020996e-01 3.661586642265319824e-01
7.403388619422912598e-01 3.807007968425750732e-01
7.413475513458251953e-01 3.741790354251861572e-01
7.423561811447143555e-01 3.869611620903015137e-01
7.433648109436035156e-01 3.867752552032470703e-01
7.443734407424926758e-01 4.006811678409576416e-01
7.453820705413818359e-01 3.830722868442535400e-01
7.463907003402709961e-01 3.860055506229400635e-01
7.473993301391601562e-01 3.800067305564880371e-01
7.484079599380493164e-01 3.979392647743225098e-01
7.494165897369384766e-01 3.883787989616394043e-01
7.504252195358276367e-01 4.014602303504943848e-01
7.514339089393615723e-01 3.957257568836212158e-01
7.524425387382507324e-01 4.313633143901824951e-01
7.534511685371398926e-01 4.493315219879150391e-01
7.544597983360290527e-01 4.116857647895812988e-01
7.554684281349182129e-01 3.948425650596618652e-01
7.564770579338073730e-01 3.939376175403594971e-01
7.574856877326965332e-01 4.071055650711059570e-01
7.584943175315856934e-01 4.004790782928466797e-01
7.595029473304748535e-01 4.031024873256683350e-01
7.605116367340087891e-01 4.033701121807098389e-01
7.615202665328979492e-01 4.194553196430206299e-01
7.625288963317871094e-01 4.171771407127380371e-01
7.635375261306762695e-01 4.226908683776855469e-01
7.645461559295654297e-01 4.283901154994964600e-01
7.655547857284545898e-01 4.219267666339874268e-01
7.665634155273437500e-01 4.179878234863281250e-01
7.675720453262329102e-01 3.974947333335876465e-01
7.685806751251220703e-01 4.052030444145202637e-01
7.695893049240112305e-01 4.354114830493927002e-01
7.705979943275451660e-01 4.147621691226959229e-01
7.716066241264343262e-01 4.281869232654571533e-01
7.726152539253234863e-01 4.399003386497497559e-01
7.736238837242126465e-01 4.378801584243774414e-01
7.746325135231018066e-01 4.415347278118133545e-01
7.756411433219909668e-01 4.370037913322448730e-01
7.766497731208801270e-01 4.483139514923095703e-01
7.776584029197692871e-01 4.430648088455200195e-01
7.786670327186584473e-01 4.487317204475402832e-01
7.796757221221923828e-01 4.334195554256439209e-01
7.806843519210815430e-01 4.473594427108764648e-01
7.816929817199707031e-01 4.430734515190124512e-01
7.827016115188598633e-01 4.437325298786163330e-01
7.837102413177490234e-01 4.355552792549133301e-01
7.847188711166381836e-01 4.584317207336425781e-01
7.857275009155273438e-01 4.468941092491149902e-01
7.867361307144165039e-01 4.570404589176177979e-01
7.877447605133056641e-01 4.580631554126739502e-01
7.887533903121948242e-01 4.590772092342376709e-01
7.897620797157287598e-01 4.569828212261199951e-01
7.907707095146179199e-01 4.598462283611297607e-01
7.917793393135070801e-01 4.502765238285064697e-01
7.927879691123962402e-01 4.528161585330963135e-01
7.937965989112854004e-01 4.672457575798034668e-01
7.948052287101745605e-01 4.553675055503845215e-01
7.958138585090637207e-01 4.447600245475769043e-01
7.968224883079528809e-01 4.482746720314025879e-01
7.978311181068420410e-01 4.817111790180206299e-01
7.988398075103759766e-01 4.747304618358612061e-01
7.998484373092651367e-01 4.699221551418304443e-01
8.008570671081542969e-01 4.787499010562896729e-01
8.018656969070434570e-01 4.682865142822265625e-01
8.028743267059326172e-01 4.611575007438659668e-01
8.038829565048217773e-01 4.849847853183746338e-01
8.048915863037109375e-01 4.841711521148681641e-01
8.059002161026000977e-01 4.768563210964202881e-01
8.069088459014892578e-01 4.818930923938751221e-01
8.079174757003784180e-01 4.811682403087615967e-01
8.089261651039123535e-01 4.810454249382019043e-01
8.099347949028015137e-01 4.796970486640930176e-01
8.109434247016906738e-01 4.810807406902313232e-01
8.119520545005798340e-01 4.939140379428863525e-01
8.129606842994689941e-01 5.028886795043945312e-01
8.139693140983581543e-01 4.927367866039276123e-01
8.149779438972473145e-01 4.943617880344390869e-01
8.159865736961364746e-01 4.917407631874084473e-01
8.169952034950256348e-01 4.842177331447601318e-01
8.180038928985595703e-01 5.071712732315063477e-01
8.190125226974487305e-01 4.872491359710693359e-01
8.200211524963378906e-01 4.832764565944671631e-01
8.210297822952270508e-01 5.133991837501525879e-01
8.220384120941162109e-01 5.021743774414062500e-01
8.230470418930053711e-01 4.975730776786804199e-01
8.240556716918945312e-01 4.952121973037719727e-01
8.250643014907836914e-01 5.060887932777404785e-01
8.260729312896728516e-01 5.080036520957946777e-01
8.270815610885620117e-01 5.165238976478576660e-01
8.280902504920959473e-01 5.209232568740844727e-01
8.290988802909851074e-01 5.027756690979003906e-01
8.301075100898742676e-01 5.125342011451721191e-01
8.311161398887634277e-01 5.189517736434936523e-01
8.321247696876525879e-01 5.235271453857421875e-01
8.331333994865417480e-01 5.176016688346862793e-01
8.341420292854309082e-01 5.058906078338623047e-01
8.351506590843200684e-01 5.193608403205871582e-01
8.361592888832092285e-01 5.109080672264099121e-01
8.371679782867431641e-01 5.125690698623657227e-01
8.381766080856323242e-01 5.218774080276489258e-01
8.391852378845214844e-01 5.324611663818359375e-01
8.401938676834106445e-01 5.386577248573303223e-01
8.412024974822998047e-01 5.246506929397583008e-01
8.422111272811889648e-01 5.262539982795715332e-01
8.432197570800781250e-01 5.213439464569091797e-01
8.442283868789672852e-01 5.250607728958129883e-01
8.452370166778564453e-01 5.288305282592773438e-01
8.462456464767456055e-01 5.495375990867614746e-01
8.472543358802795410e-01 5.483119487762451172e-01
8.482629656791687012e-01 5.563437938690185547e-01
8.492715954780578613e-01 5.661460757255554199e-01
8.502802252769470215e-01 5.766897201538085938e-01
8.512888550758361816e-01 5.745183229446411133e-01
8.522974848747253418e-01 5.847727060317993164e-01
8.533061146736145020e-01 5.856469869613647461e-01
8.543147444725036621e-01 5.967529416084289551e-01
8.553233742713928223e-01 6.046476960182189941e-01
8.563320636749267578e-01 6.222801804542541504e-01
8.573406934738159180e-01 6.034213900566101074e-01
8.583493232727050781e-01 6.218651533126831055e-01
8.593579530715942383e-01 6.321570873260498047e-01
8.603665828704833984e-01 6.391944289207458496e-01
8.613752126693725586e-01 6.485452055931091309e-01
8.623838424682617188e-01 6.411654353141784668e-01
8.633924722671508789e-01 6.370521187782287598e-01
8.644011020660400391e-01 6.428228020668029785e-01
8.654097318649291992e-01 6.520849466323852539e-01
8.664184212684631348e-01 6.645758748054504395e-01
8.674270510673522949e-01 6.673175692558288574e-01
8.684356808662414551e-01 6.728616952896118164e-01
8.694443106651306152e-01 6.691778302192687988e-01
8.704529404640197754e-01 6.906589865684509277e-01
8.714615702629089355e-01 6.688309907913208008e-01
8.724702000617980957e-01 6.605600714683532715e-01
8.734788298606872559e-01 6.611539125442504883e-01
8.744874596595764160e-01 6.562277674674987793e-01
8.754961490631103516e-01 6.573408842086791992e-01
8.765047788619995117e-01 6.553542613983154297e-01
8.775134086608886719e-01 6.685079932212829590e-01
8.785220384597778320e-01 6.643311977386474609e-01
8.795306682586669922e-01 6.548050045967102051e-01
8.805392980575561523e-01 6.472387313842773438e-01
8.815479278564453125e-01 6.544784903526306152e-01
8.825565576553344727e-01 6.604093313217163086e-01
8.835651874542236328e-01 6.698254346847534180e-01
8.845738172531127930e-01 6.557434201240539551e-01
8.855825066566467285e-01 6.425426602363586426e-01
8.865911364555358887e-01 6.504189372062683105e-01
8.875997662544250488e-01 6.450003981590270996e-01
8.886083960533142090e-01 6.741184592247009277e-01
8.896170258522033691e-01 6.580116152763366699e-01
8.906256556510925293e-01 6.804631948471069336e-01
8.916342854499816895e-01 6.937724947929382324e-01
8.926429152488708496e-01 6.803346872329711914e-01
8.936515450477600098e-01 6.720193028450012207e-01
8.946602344512939453e-01 6.672906875610351562e-01
8.956688642501831055e-01 7.198849320411682129e-01
8.966774940490722656e-01 6.773174405097961426e-01
8.976861238479614258e-01 6.648434996604919434e-01
8.986947536468505859e-01 6.753134727478027344e-01
8.997033834457397461e-01 6.974426507949829102e-01
9.007120132446289062e-01 6.783345341682434082e-01
9.017206430435180664e-01 6.785463094711303711e-01
9.027292728424072266e-01 6.747355461120605469e-01
9.037379026412963867e-01 6.915251016616821289e-01
9.047465920448303223e-01 6.979435682296752930e-01
9.057552218437194824e-01 7.053232192993164062e-01
9.067638516426086426e-01 6.701701879501342773e-01
9.077724814414978027e-01 7.061796188354492188e-01
9.087811112403869629e-01 7.182372212409973145e-01
9.097897410392761230e-01 7.101863026618957520e-01
9.107983708381652832e-01 7.187778353691101074e-01
9.118070006370544434e-01 7.354383468627929688e-01
9.128156304359436035e-01 7.032811045646667480e-01
9.138243198394775391e-01 7.094576954841613770e-01
9.148329496383666992e-01 7.202926874160766602e-01
9.158415794372558594e-01 7.203274965286254883e-01
9.168502092361450195e-01 7.299594283103942871e-01
9.178588390350341797e-01 7.179799079895019531e-01
9.188674688339233398e-01 7.302824854850769043e-01
9.198760986328125000e-01 7.231212854385375977e-01
9.208847284317016602e-01 7.349268794059753418e-01
9.218933582305908203e-01 7.542400956153869629e-01
9.229020476341247559e-01 7.474164366722106934e-01
9.239106774330139160e-01 7.545745968818664551e-01
9.249193072319030762e-01 7.453849315643310547e-01
9.259279370307922363e-01 7.551475167274475098e-01
9.269365668296813965e-01 7.762200832366943359e-01
9.279451966285705566e-01 7.817301750183105469e-01
9.289538264274597168e-01 7.983722686767578125e-01
9.299624562263488770e-01 7.618905901908874512e-01
9.309710860252380371e-01 7.360771298408508301e-01
9.319797158241271973e-01 7.512956261634826660e-01
9.329884052276611328e-01 7.639513015747070312e-01
9.339970350265502930e-01 7.682194113731384277e-01
9.350056648254394531e-01 7.631076574325561523e-01
9.360142946243286133e-01 7.546035051345825195e-01
9.370229244232177734e-01 7.797392606735229492e-01
9.380315542221069336e-01 8.144963383674621582e-01
9.390401840209960938e-01 7.699393630027770996e-01
9.400488138198852539e-01 7.876926064491271973e-01
9.410574436187744141e-01 7.820805907249450684e-01
9.420661330223083496e-01 8.017362952232360840e-01
9.430747628211975098e-01 7.980903387069702148e-01
9.440833926200866699e-01 8.150078654289245605e-01
9.450920224189758301e-01 8.098063468933105469e-01
9.461006522178649902e-01 8.351951837539672852e-01
9.471092820167541504e-01 8.166927099227905273e-01
9.481179118156433105e-01 8.297084569931030273e-01
9.491265416145324707e-01 8.287474513053894043e-01
9.501351714134216309e-01 8.069001436233520508e-01
9.511438012123107910e-01 8.021486401557922363e-01
9.521524906158447266e-01 8.189034461975097656e-01
9.531611204147338867e-01 8.581554293632507324e-01
9.541697502136230469e-01 8.615838289260864258e-01
9.551783800125122070e-01 8.302086591720581055e-01
9.561870098114013672e-01 8.510123491287231445e-01
9.571956396102905273e-01 8.485106825828552246e-01
9.582042694091796875e-01 8.735942244529724121e-01
9.592128992080688477e-01 8.780289292335510254e-01
9.602215290069580078e-01 8.736642599105834961e-01
9.612302184104919434e-01 8.654121160507202148e-01
9.622388482093811035e-01 8.821433186531066895e-01
9.632474780082702637e-01 8.695886135101318359e-01
9.642561078071594238e-01 9.024213552474975586e-01
9.652647376060485840e-01 8.973773121833801270e-01
9.662733674049377441e-01 8.968868851661682129e-01
9.672819972038269043e-01 9.095832109451293945e-01
9.682906270027160645e-01 8.954628109931945801e-01
9.692992568016052246e-01 9.090640544891357422e-01
9.703078866004943848e-01 8.876542448997497559e-01
9.713165760040283203e-01 8.925129175186157227e-01
9.723252058029174805e-01 8.978603482246398926e-01
9.733338356018066406e-01 9.200749397277832031e-01
9.743424654006958008e-01 9.164082407951354980e-01
9.753510951995849609e-01 9.602721929550170898e-01
9.763597249984741211e-01 9.631550908088684082e-01
9.773683547973632812e-01 9.756863713264465332e-01
9.783769845962524414e-01 9.606880545616149902e-01
9.793856143951416016e-01 8.954288363456726074e-01
9.803943037986755371e-01 9.732069373130798340e-01
9.814029335975646973e-01 9.742793440818786621e-01
9.824115633964538574e-01 9.853789210319519043e-01
9.834201931953430176e-01 1.020659685134887695e+00
9.844288229942321777e-01 1.004795312881469727e+00
9.854374527931213379e-01 9.872748255729675293e-01
9.864460825920104980e-01 9.844890236854553223e-01
9.874547123908996582e-01 9.697454571723937988e-01
9.884633421897888184e-01 1.014968752861022949e+00
9.894719719886779785e-01 1.043625831604003906e+00
9.904806613922119141e-01 9.995614886283874512e-01
9.914892911911010742e-01 1.025625228881835938e+00
9.924979209899902344e-01 1.036597967147827148e+00
9.935065507888793945e-01 1.100734829902648926e+00
9.945151805877685547e-01 1.062708497047424316e+00
9.955238103866577148e-01 1.077088832855224609e+00
9.965324401855468750e-01 1.071146965026855469e+00
9.975410699844360352e-01 1.062563180923461914e+00
9.985496997833251953e-01 1.069063663482666016e+00
9.995583891868591309e-01 1.052799105644226074e+00
1.000566959381103516e+00 1.086317539215087891e+00
1.001575589179992676e+00 1.075641870498657227e+00
1.002584218978881836e+00 1.114708781242370605e+00
1.003592848777770996e+00 1.099293231964111328e+00
1.004601597785949707e+00 1.093080043792724609e+00
1.005610227584838867e+00 1.100216388702392578e+00
1.006618857383728027e+00 1.114993810653686523e+00
1.007627487182617188e+00 1.166971325874328613e+00
1.008636116981506348e+00 1.161201834678649902e+00
1.009644746780395508e+00 1.116235494613647461e+00
1.010653376579284668e+00 1.115426540374755859e+00
1.011662006378173828e+00 1.154586434364318848e+00
1.012670636177062988e+00 1.136116385459899902e+00
1.013679265975952148e+00 1.169446825981140137e+00
1.014687895774841309e+00 1.174987077713012695e+00
1.015696525573730469e+00 1.135839581489562988e+00
1.016705155372619629e+00 1.162246227264404297e+00
1.017713785171508789e+00 1.186139464378356934e+00
1.018722414970397949e+00 1.154820442199707031e+00
1.019731044769287109e+00 1.178204059600830078e+00
1.020739674568176270e+00 1.213904857635498047e+00
1.021748304367065430e+00 1.217155933380126953e+00
1.022756934165954590e+00 1.207823991775512695e+00
1.023765683174133301e+00 1.276533246040344238e+00
1.024774312973022461e+00 1.210808873176574707e+00
1.025782942771911621e+00 1.198760867118835449e+00
1.026791572570800781e+00 1.206350564956665039e+00
1.027800202369689941e+00 1.227975964546203613e+00
1.028808832168579102e+00 1.215972781181335449e+00
1.029817461967468262e+00 1.280809044837951660e+00
1.030826091766357422e+00 1.231053590774536133e+00
1.031834721565246582e+00 1.237580537796020508e+00
1.032843351364135742e+00 1.248292922973632812e+00
1.033851981163024902e+00 1.218689680099487305e+00
1.034860610961914062e+00 1.224195241928100586e+00
1.035869240760803223e+00 1.159950613975524902e+00
1.036877870559692383e+00 1.273558735847473145e+00
1.037886500358581543e+00 1.194014549255371094e+00
1.038895130157470703e+00 1.201399922370910645e+00
1.039903759956359863e+00 1.239310741424560547e+00
1.040912389755249023e+00 1.314704298973083496e+00
1.041921019554138184e+00 1.281642556190490723e+00
1.042929768562316895e+00 1.297414302825927734e+00
1.043938398361206055e+00 1.300584912300109863e+00
1.044947028160095215e+00 1.349962115287780762e+00
1.045955657958984375e+00 1.287214636802673340e+00
1.046964287757873535e+00 1.276242971420288086e+00
1.047972917556762695e+00 1.291440486907958984e+00
1.048981547355651855e+00 1.267607331275939941e+00
1.049990177154541016e+00 1.273711085319519043e+00
1.050998806953430176e+00 1.275685667991638184e+00
1.052007436752319336e+00 1.293564438819885254e+00
1.053016066551208496e+00 1.324231863021850586e+00
1.054024696350097656e+00 1.361008048057556152e+00
1.055033326148986816e+00 1.294918537139892578e+00
1.056041955947875977e+00 1.371922969818115234e+00
1.057050585746765137e+00 1.399828672409057617e+00
1.058059215545654297e+00 1.369663476943969727e+00
1.059067845344543457e+00 1.376833915710449219e+00
1.060076475143432617e+00 1.336275577545166016e+00
1.061085104942321777e+00 1.391272783279418945e+00
1.062093853950500488e+00 1.372817158699035645e+00
1.063102483749389648e+00 1.371230602264404297e+00
1.064111113548278809e+00 1.393855094909667969e+00
1.065119743347167969e+00 1.366596102714538574e+00
1.066128373146057129e+00 1.367225646972656250e+00
1.067137002944946289e+00 1.339274525642395020e+00
1.068145632743835449e+00 1.395004749298095703e+00
1.069154262542724609e+00 1.379742026329040527e+00
1.070162892341613770e+00 1.383413314819335938e+00
1.071171522140502930e+00 1.372204661369323730e+00
1.072180151939392090e+00 1.374154806137084961e+00
1.073188781738281250e+00 1.406215310096740723e+00
1.074197411537170410e+00 1.386442542076110840e+00
1.075206041336059570e+00 1.368234634399414062e+00
1.076214671134948730e+00 1.456648468971252441e+00
1.077223300933837891e+00 1.371555685997009277e+00
1.078231930732727051e+00 1.412466406822204590e+00
1.079240560531616211e+00 1.448342919349670410e+00
1.080249190330505371e+00 1.419053196907043457e+00
1.081257939338684082e+00 1.417311310768127441e+00
1.082266569137573242e+00 1.381743073463439941e+00
1.083275198936462402e+00 1.453241109848022461e+00
1.084283828735351562e+00 1.417466521263122559e+00
1.085292458534240723e+00 1.469289541244506836e+00
1.086301088333129883e+00 1.455370903015136719e+00
1.087309718132019043e+00 1.451980471611022949e+00
1.088318347930908203e+00 1.492904543876647949e+00
1.089326977729797363e+00 1.481831789016723633e+00
1.090335607528686523e+00 1.475765109062194824e+00
1.091344237327575684e+00 1.391390442848205566e+00
1.092352867126464844e+00 1.462738513946533203e+00
1.093361496925354004e+00 1.484541058540344238e+00
1.094370126724243164e+00 1.464300870895385742e+00
1.095378756523132324e+00 1.465412974357604980e+00
1.096387386322021484e+00 1.478043437004089355e+00
1.097396016120910645e+00 1.440599560737609863e+00
1.098404645919799805e+00 1.555269718170166016e+00
1.099413275718688965e+00 1.527348756790161133e+00
1.100422024726867676e+00 1.469600319862365723e+00
1.101430654525756836e+00 1.476834177970886230e+00
1.102439284324645996e+00 1.490570306777954102e+00
1.103447914123535156e+00 1.493496298789978027e+00
1.104456543922424316e+00 1.552303791046142578e+00
1.105465173721313477e+00 1.547463059425354004e+00
1.106473803520202637e+00 1.517975568771362305e+00
1.107482433319091797e+00 1.588308691978454590e+00
1.108491063117980957e+00 1.539433598518371582e+00
1.109499692916870117e+00 1.577854633331298828e+00
1.110508322715759277e+00 1.526936531066894531e+00
1.111516952514648438e+00 1.542617321014404297e+00
1.112525582313537598e+00 1.561923742294311523e+00
1.113534212112426758e+00 1.500026941299438477e+00
1.114542841911315918e+00 1.511174678802490234e+00
1.115551471710205078e+00 1.644724369049072266e+00
1.116560101509094238e+00 1.584954142570495605e+00
1.117568731307983398e+00 1.544538021087646484e+00
1.118577361106872559e+00 1.658178925514221191e+00
1.119586110115051270e+00 1.604694008827209473e+00
1.120594739913940430e+00 1.633872866630554199e+00
1.121603369712829590e+00 1.645246624946594238e+00
1.122611999511718750e+00 1.607921361923217773e+00
1.123620629310607910e+00 1.576898574829101562e+00
1.124629259109497070e+00 1.556623220443725586e+00
1.125637888908386230e+00 1.560274362564086914e+00
1.126646518707275391e+00 1.565191864967346191e+00
1.127655148506164551e+00 1.681586861610412598e+00
1.128663778305053711e+00 1.640798568725585938e+00
1.129672408103942871e+00 1.642951011657714844e+00
1.130681037902832031e+00 1.639515042304992676e+00
1.131689667701721191e+00 1.623022437095642090e+00
1.132698297500610352e+00 1.680417060852050781e+00
1.133706927299499512e+00 1.613490581512451172e+00
1.134715557098388672e+00 1.582927107810974121e+00
1.135724186897277832e+00 1.616713166236877441e+00
1.136732816696166992e+00 1.592287659645080566e+00
1.137741446495056152e+00 1.540749549865722656e+00
1.138750195503234863e+00 1.647197723388671875e+00
1.139758825302124023e+00 1.685191035270690918e+00
1.140767455101013184e+00 1.639809131622314453e+00
1.141776084899902344e+00 1.669477939605712891e+00
1.142784714698791504e+00 1.662166237831115723e+00
1.143793344497680664e+00 1.651857972145080566e+00
1.144801974296569824e+00 1.684141993522644043e+00
1.145810604095458984e+00 1.682821035385131836e+00
1.146819233894348145e+00 1.641067147254943848e+00
1.147827863693237305e+00 1.748319506645202637e+00
1.148836493492126465e+00 1.772472500801086426e+00
1.149845123291015625e+00 1.717571020126342773e+00
1.150853753089904785e+00 1.692928194999694824e+00
1.151862382888793945e+00 1.729400515556335449e+00
1.152871012687683105e+00 1.735595345497131348e+00
1.153879642486572266e+00 1.749506592750549316e+00
1.154888272285461426e+00 1.815446496009826660e+00
1.155896902084350586e+00 1.778052687644958496e+00
1.156905531883239746e+00 1.809193134307861328e+00
1.157914280891418457e+00 1.851484894752502441e+00
1.158922910690307617e+00 1.692324042320251465e+00
1.159931540489196777e+00 1.664330363273620605e+00
1.160940170288085938e+00 1.688294291496276855e+00
1.161948800086975098e+00 1.720408797264099121e+00
1.162957429885864258e+00 1.695885539054870605e+00
1.163966059684753418e+00 1.647750496864318848e+00
1.164974689483642578e+00 1.752740144729614258e+00
1.165983319282531738e+00 1.921987414360046387e+00
1.166991949081420898e+00 1.820450067520141602e+00
1.168000578880310059e+00 1.814787745475769043e+00
1.169009208679199219e+00 1.728111267089843750e+00
1.170017838478088379e+00 1.633894801139831543e+00
1.171026468276977539e+00 1.863959312438964844e+00
1.172035098075866699e+00 1.761332035064697266e+00
1.173043727874755859e+00 1.831413626670837402e+00
1.174052357673645020e+00 1.732543230056762695e+00
1.175060987472534180e+00 1.870268702507019043e+00
1.176069617271423340e+00 1.892605423927307129e+00
1.177078366279602051e+00 1.746142983436584473e+00
1.178086996078491211e+00 1.886714696884155273e+00
1.179095625877380371e+00 2.062036991119384766e+00
1.180104255676269531e+00 1.759855866432189941e+00
1.181112885475158691e+00 1.664725303649902344e+00
1.182121515274047852e+00 1.926939606666564941e+00
1.183130145072937012e+00 1.986176848411560059e+00
1.184138774871826172e+00 1.883400440216064453e+00
1.185147404670715332e+00 1.851527214050292969e+00
1.186156034469604492e+00 1.820717453956604004e+00
1.187164664268493652e+00 1.745729804039001465e+00
1.188173294067382812e+00 1.754212260246276855e+00
1.189181923866271973e+00 1.894791364669799805e+00
1.190190553665161133e+00 1.781235337257385254e+00
1.191199183464050293e+00 1.950052499771118164e+00
1.192207813262939453e+00 1.902299165725708008e+00
1.193216443061828613e+00 1.987090706825256348e+00
1.194225072860717773e+00 2.268109798431396484e+00
1.195233702659606934e+00 1.918801903724670410e+00
1.196242451667785645e+00 2.044097900390625000e+00
1.197251081466674805e+00 2.101556539535522461e+00
1.198259711265563965e+00 1.782351493835449219e+00
1.199268341064453125e+00 1.899592995643615723e+00
1.200276970863342285e+00 2.025003910064697266e+00
1.201285600662231445e+00 2.072762250900268555e+00
1.202294230461120605e+00 2.082922458648681641e+00
1.203302860260009766e+00 1.802649140357971191e+00
1.204311490058898926e+00 1.769562005996704102e+00
1.205320119857788086e+00 2.169195652008056641e+00
1.206328749656677246e+00 2.456103801727294922e+00
1.207337379455566406e+00 2.471165895462036133e+00
1.208346009254455566e+00 2.553040266036987305e+00
1.209354639053344727e+00 2.252052068710327148e+00
