0.000000000000000000e+00 3.304643034934997559e-01
1.000000000000000000e+00 5.189086794853210449e-01
2.000000000000000000e+00 6.955980062484741211e-01
3.000000000000000000e+00 1.627469897270202637e+00
4.000000000000000000e+00 2.710686683654785156e+00
5.000000000000000000e+00 2.411834001541137695e+00
6.000000000000000000e+00 2.316360950469970703e+00
7.000000000000000000e+00 2.335054874420166016e+00
8.000000000000000000e+00 2.024615049362182617e+00
9.000000000000000000e+00 1.618799805641174316e+00
1.000000000000000000e+01 1.700658440589904785e+00
1.100000000000000000e+01 2.010443449020385742e+00
1.200000000000000000e+01 1.478554368019104004e+00
1.300000000000000000e+01 1.719902515411376953e+00
1.400000000000000000e+01 1.336198329925537109e+00
1.500000000000000000e+01 1.294977188110351562e+00
1.600000000000000000e+01 1.410361409187316895e+00
1.700000000000000000e+01 1.400082707405090332e+00
1.800000000000000000e+01 1.843778967857360840e+00
1.900000000000000000e+01 1.216895937919616699e+00
2.000000000000000000e+01 8.399960398674011230e-01
2.100000000000000000e+01 9.839172959327697754e-01
2.200000000000000000e+01 1.286728262901306152e+00
2.300000000000000000e+01 1.527583837509155273e+00
2.400000000000000000e+01 1.372554779052734375e+00
2.500000000000000000e+01 1.481840372085571289e+00
2.600000000000000000e+01 1.506379127502441406e+00
2.700000000000000000e+01 1.393660306930541992e+00
2.800000000000000000e+01 1.192580461502075195e+00
2.900000000000000000e+01 9.917110800743103027e-01
3.000000000000000000e+01 1.257510066032409668e+00
3.100000000000000000e+01 1.626760721206665039e+00
3.200000000000000000e+01 1.778529763221740723e+00
3.300000000000000000e+01 1.666129827499389648e+00
3.400000000000000000e+01 1.375171184539794922e+00
3.500000000000000000e+01 1.136712074279785156e+00
3.600000000000000000e+01 1.153819680213928223e+00
3.700000000000000000e+01 1.400815963745117188e+00
3.800000000000000000e+01 1.505099296569824219e+00
3.900000000000000000e+01 1.337970256805419922e+00
4.000000000000000000e+01 1.445161938667297363e+00
4.100000000000000000e+01 1.635273337364196777e+00
4.200000000000000000e+01 2.012491464614868164e+00
4.300000000000000000e+01 1.684604883193969727e+00
4.400000000000000000e+01 1.377692937850952148e+00
4.500000000000000000e+01 8.586838245391845703e-01
4.600000000000000000e+01 7.578626871109008789e-01
4.700000000000000000e+01 9.051691293716430664e-01
4.800000000000000000e+01 6.878625154495239258e-01
4.900000000000000000e+01 7.349486947059631348e-01
5.000000000000000000e+01 6.519645452499389648e-01
5.100000000000000000e+01 7.394331097602844238e-01
5.200000000000000000e+01 5.561048984527587891e-01
5.300000000000000000e+01 3.883601129055023193e-01
5.400000000000000000e+01 2.533488869667053223e-01
5.500000000000000000e+01 2.474175989627838135e-01
5.600000000000000000e+01 2.417032569646835327e-01
5.700000000000000000e+01 3.548596799373626709e-01
5.800000000000000000e+01 3.075218498706817627e-01
5.900000000000000000e+01 1.386172771453857422e-01
6.000000000000000000e+01 1.123186722397804260e-01
6.100000000000000000e+01 8.562431484460830688e-02
6.200000000000000000e+01 8.013858646154403687e-02
6.300000000000000000e+01 9.618026018142700195e-02
6.400000000000000000e+01 9.780272841453552246e-02
6.500000000000000000e+01 1.849838495254516602e-01
6.600000000000000000e+01 2.744979560375213623e-01
6.700000000000000000e+01 3.309492766857147217e-01
6.800000000000000000e+01 3.294237256050109863e-01
6.900000000000000000e+01 2.034526914358139038e-01
7.000000000000000000e+01 2.948687374591827393e-01
7.100000000000000000e+01 4.587663710117340088e-01
7.200000000000000000e+01 7.662000656127929688e-01
7.300000000000000000e+01 8.707947134971618652e-01
7.400000000000000000e+01 3.373102843761444092e-01
7.500000000000000000e+01 3.898313641548156738e-01
7.600000000000000000e+01 4.152758792042732239e-02
7.700000000000000000e+01 1.668422482907772064e-02
7.800000000000000000e+01 4.495198372751474380e-03
7.900000000000000000e+01 5.116776097565889359e-03
8.000000000000000000e+01 2.690785098820924759e-03
8.100000000000000000e+01 2.564216963946819305e-03
8.200000000000000000e+01 2.318420447409152985e-03
8.300000000000000000e+01 3.189827781170606613e-03
8.400000000000000000e+01 4.426557105034589767e-03
8.500000000000000000e+01 2.290414413437247276e-03
8.600000000000000000e+01 1.275602844543755054e-03
8.700000000000000000e+01 2.346278401091694832e-03
8.800000000000000000e+01 1.384061761200428009e-03
8.900000000000000000e+01 2.285291906446218491e-03
9.000000000000000000e+01 3.867568215355277061e-03
9.100000000000000000e+01 1.597623806446790695e-03
9.200000000000000000e+01 1.549952896311879158e-03
9.300000000000000000e+01 4.493123560678213835e-05
9.400000000000000000e+01 2.426911611109972000e-03
9.500000000000000000e+01 2.387444954365491867e-03
9.600000000000000000e+01 5.612710374407470226e-04
9.700000000000000000e+01 5.897352821193635464e-04
9.800000000000000000e+01 1.261701574549078941e-03
9.900000000000000000e+01 2.772219595499336720e-04
1.000000000000000000e+02 0.000000000000000000e+00
1.010000000000000000e+02 6.659769415855407715e-01
1.020000000000000000e+02 1.099261522293090820e+00
1.030000000000000000e+02 2.986298322677612305e+00
1.040000000000000000e+02 3.385189056396484375e+00
1.050000000000000000e+02 3.163025379180908203e+00
1.060000000000000000e+02 2.410634756088256836e+00
1.070000000000000000e+02 2.146384954452514648e+00
1.080000000000000000e+02 1.765089511871337891e+00
1.090000000000000000e+02 1.439144253730773926e+00
1.100000000000000000e+02 1.465828418731689453e+00
1.110000000000000000e+02 1.548168540000915527e+00
1.120000000000000000e+02 1.198660373687744141e+00
1.130000000000000000e+02 1.138450145721435547e+00
1.140000000000000000e+02 1.102266311645507812e+00
1.150000000000000000e+02 1.040966510772705078e+00
1.160000000000000000e+02 1.093964815139770508e+00
1.170000000000000000e+02 1.164732336997985840e+00
1.180000000000000000e+02 1.213759779930114746e+00
1.190000000000000000e+02 1.374248147010803223e+00
1.200000000000000000e+02 1.122255325317382812e+00
1.210000000000000000e+02 9.821601510047912598e-01
1.220000000000000000e+02 1.058346629142761230e+00
1.230000000000000000e+02 1.388152360916137695e+00
1.240000000000000000e+02 1.582773685455322266e+00
1.250000000000000000e+02 1.610337495803833008e+00
1.260000000000000000e+02 1.629612088203430176e+00
1.270000000000000000e+02 1.499238252639770508e+00
1.280000000000000000e+02 1.399806261062622070e+00
1.290000000000000000e+02 1.550524950027465820e+00
1.300000000000000000e+02 1.720159292221069336e+00
1.310000000000000000e+02 1.567575454711914062e+00
1.320000000000000000e+02 1.575194716453552246e+00
1.330000000000000000e+02 1.548500180244445801e+00
1.340000000000000000e+02 1.625090003013610840e+00
1.350000000000000000e+02 1.611830592155456543e+00
1.360000000000000000e+02 1.607437491416931152e+00
1.370000000000000000e+02 2.027443408966064453e+00
1.380000000000000000e+02 1.840119838714599609e+00
1.390000000000000000e+02 1.603262305259704590e+00
1.400000000000000000e+02 1.467692852020263672e+00
1.410000000000000000e+02 1.545959115028381348e+00
1.420000000000000000e+02 1.421563744544982910e+00
1.430000000000000000e+02 1.002249240875244141e+00
1.440000000000000000e+02 1.097001671791076660e+00
1.450000000000000000e+02 1.099356293678283691e+00
1.460000000000000000e+02 9.506825208663940430e-01
1.470000000000000000e+02 1.086078882217407227e+00
1.480000000000000000e+02 8.629596829414367676e-01
1.490000000000000000e+02 7.344285845756530762e-01
1.500000000000000000e+02 5.268825888633728027e-01
1.510000000000000000e+02 4.423274397850036621e-01
1.520000000000000000e+02 4.375832080841064453e-01
1.530000000000000000e+02 2.823312878608703613e-01
1.540000000000000000e+02 1.956635117530822754e-01
1.550000000000000000e+02 2.126982510089874268e-01
1.560000000000000000e+02 2.021636515855789185e-01
1.570000000000000000e+02 1.366554796695709229e-01
1.580000000000000000e+02 7.263147085905075073e-02
1.590000000000000000e+02 4.631947353482246399e-02
1.600000000000000000e+02 4.934969171881675720e-02
1.610000000000000000e+02 9.748999774456024170e-02
1.620000000000000000e+02 1.211100444197654724e-01
1.630000000000000000e+02 1.393732130527496338e-01
1.640000000000000000e+02 1.261059641838073730e-01
1.650000000000000000e+02 1.374785006046295166e-01
1.660000000000000000e+02 2.596763670444488525e-01
1.670000000000000000e+02 3.259701430797576904e-01
1.680000000000000000e+02 4.206594228744506836e-01
1.690000000000000000e+02 3.600905835628509521e-01
1.700000000000000000e+02 3.437823355197906494e-01
1.710000000000000000e+02 3.303363323211669922e-01
1.720000000000000000e+02 4.373753666877746582e-01
1.730000000000000000e+02 6.117550730705261230e-01
1.740000000000000000e+02 2.449471801519393921e-01
1.750000000000000000e+02 2.424446642398834229e-01
1.760000000000000000e+02 2.715315483510494232e-02
1.770000000000000000e+02 1.200010161846876144e-02
1.780000000000000000e+02 4.103980027139186859e-03
1.790000000000000000e+02 2.771094208583235741e-03
1.800000000000000000e+02 9.740101522766053677e-04
1.810000000000000000e+02 4.850602243095636368e-03
1.820000000000000000e+02 9.148636017926037312e-04
1.830000000000000000e+02 1.058976049534976482e-03
1.840000000000000000e+02 5.997400730848312378e-04
1.850000000000000000e+02 1.243984675966203213e-03
1.860000000000000000e+02 7.105380645953118801e-04
1.870000000000000000e+02 3.043047618120908737e-03
1.880000000000000000e+02 6.023900350555777550e-04
1.890000000000000000e+02 1.691856072284281254e-03
1.900000000000000000e+02 2.530400175601243973e-03
1.910000000000000000e+02 3.121017070952802896e-04
1.920000000000000000e+02 1.672336016781628132e-03
1.930000000000000000e+02 4.403137427289038897e-04
1.940000000000000000e+02 6.680928636342287064e-04
1.950000000000000000e+02 1.390420366078615189e-03
1.960000000000000000e+02 1.359277521260082722e-03
1.970000000000000000e+02 2.070615533739328384e-03
1.980000000000000000e+02 2.628977235872298479e-04
1.990000000000000000e+02 1.454745652154088020e-03
2.000000000000000000e+02 1.288373256102204323e-03
2.010000000000000000e+02 4.967162385582923889e-04
2.020000000000000000e+02 6.614933609962463379e-01
2.030000000000000000e+02 1.681127309799194336e+00
2.040000000000000000e+02 2.272877454757690430e+00
2.050000000000000000e+02 1.880719065666198730e+00
2.060000000000000000e+02 1.756366133689880371e+00
2.070000000000000000e+02 2.178739547729492188e+00
2.080000000000000000e+02 1.937102437019348145e+00
2.090000000000000000e+02 1.855906486511230469e+00
2.100000000000000000e+02 1.996075510978698730e+00
2.110000000000000000e+02 1.894857764244079590e+00
2.120000000000000000e+02 1.819638609886169434e+00
2.130000000000000000e+02 1.703048110008239746e+00
2.140000000000000000e+02 1.571803331375122070e+00
2.150000000000000000e+02 1.337677001953125000e+00
2.160000000000000000e+02 1.187339544296264648e+00
2.170000000000000000e+02 1.156715989112854004e+00
2.180000000000000000e+02 1.104421019554138184e+00
2.190000000000000000e+02 1.030855894088745117e+00
2.200000000000000000e+02 1.204044938087463379e+00
2.210000000000000000e+02 1.513370037078857422e+00
2.220000000000000000e+02 1.583187580108642578e+00
2.230000000000000000e+02 1.303199887275695801e+00
2.240000000000000000e+02 1.137440323829650879e+00
2.250000000000000000e+02 1.164812445640563965e+00
2.260000000000000000e+02 1.670725226402282715e+00
2.270000000000000000e+02 1.704712033271789551e+00
2.280000000000000000e+02 1.615790247917175293e+00
2.290000000000000000e+02 1.417546868324279785e+00
2.300000000000000000e+02 1.518852949142456055e+00
2.310000000000000000e+02 1.793743729591369629e+00
2.320000000000000000e+02 1.678551197052001953e+00
2.330000000000000000e+02 1.740854144096374512e+00
2.340000000000000000e+02 1.803081035614013672e+00
2.350000000000000000e+02 1.737529277801513672e+00
2.360000000000000000e+02 1.681522130966186523e+00
2.370000000000000000e+02 1.673236250877380371e+00
2.380000000000000000e+02 1.740196943283081055e+00
2.390000000000000000e+02 1.875365376472473145e+00
2.400000000000000000e+02 1.939397811889648438e+00
2.410000000000000000e+02 1.813088417053222656e+00
2.420000000000000000e+02 1.904237627983093262e+00
2.430000000000000000e+02 1.876337528228759766e+00
2.440000000000000000e+02 1.773789644241333008e+00
2.450000000000000000e+02 1.711364030838012695e+00
2.460000000000000000e+02 1.357622385025024414e+00
2.470000000000000000e+02 1.205106019973754883e+00
2.480000000000000000e+02 1.138135194778442383e+00
2.490000000000000000e+02 8.981458544731140137e-01
2.500000000000000000e+02 7.472054958343505859e-01
2.510000000000000000e+02 6.638019680976867676e-01
2.520000000000000000e+02 5.924545526504516602e-01
2.530000000000000000e+02 6.735386252403259277e-01
2.540000000000000000e+02 4.251861572265625000e-01
2.550000000000000000e+02 3.118295967578887939e-01
2.560000000000000000e+02 2.663560807704925537e-01
2.570000000000000000e+02 2.232190817594528198e-01
2.580000000000000000e+02 1.020301282405853271e-01
2.590000000000000000e+02 6.042902916669845581e-02
2.600000000000000000e+02 6.991557776927947998e-02
2.610000000000000000e+02 8.314142376184463501e-02
2.620000000000000000e+02 1.049693301320075989e-01
2.630000000000000000e+02 7.791407406330108643e-02
2.640000000000000000e+02 9.069167077541351318e-02
2.650000000000000000e+02 7.889565825462341309e-02
2.660000000000000000e+02 1.554239839315414429e-01
2.670000000000000000e+02 2.783450484275817871e-01
2.680000000000000000e+02 3.014128804206848145e-01
2.690000000000000000e+02 2.096338868141174316e-01
2.700000000000000000e+02 2.492398172616958618e-01
2.710000000000000000e+02 3.151453435420989990e-01
2.720000000000000000e+02 3.251734077930450439e-01
2.730000000000000000e+02 4.030433893203735352e-01
2.740000000000000000e+02 3.681844472885131836e-01
2.750000000000000000e+02 3.045355081558227539e-01
2.760000000000000000e+02 1.378292888402938843e-01
2.770000000000000000e+02 2.692960016429424286e-02
2.780000000000000000e+02 9.798287414014339447e-03
2.790000000000000000e+02 5.928367841988801956e-03
2.800000000000000000e+02 5.266224034130573273e-03
2.810000000000000000e+02 1.564502366818487644e-03
2.820000000000000000e+02 1.725826063193380833e-03
2.830000000000000000e+02 1.714988145977258682e-03
2.840000000000000000e+02 2.970864297822117805e-03
2.850000000000000000e+02 0.000000000000000000e+00
2.860000000000000000e+02 5.020942771807312965e-04
2.870000000000000000e+02 1.187737434520386159e-04
2.880000000000000000e+02 1.707394956611096859e-03
2.890000000000000000e+02 5.538909463211894035e-04
2.900000000000000000e+02 0.000000000000000000e+00
2.910000000000000000e+02 1.843318459577858448e-03
2.920000000000000000e+02 1.477601937949657440e-03
2.930000000000000000e+02 4.519725043792277575e-04
2.940000000000000000e+02 1.206656917929649353e-03
2.950000000000000000e+02 1.113746082410216331e-03
2.960000000000000000e+02 1.249635359272360802e-03
2.970000000000000000e+02 3.918672737199813128e-04
2.980000000000000000e+02 1.244726590812206268e-03
2.990000000000000000e+02 4.181917174719274044e-04
3.000000000000000000e+02 4.871809214819222689e-04
3.010000000000000000e+02 1.282059703953564167e-03
3.020000000000000000e+02 6.545340293087065220e-04
3.030000000000000000e+02 2.128079175949096680e+00
3.040000000000000000e+02 3.250731468200683594e+00
3.050000000000000000e+02 3.393914222717285156e+00
3.060000000000000000e+02 3.480278253555297852e+00
3.070000000000000000e+02 3.445397615432739258e+00
3.080000000000000000e+02 3.373102903366088867e+00
3.090000000000000000e+02 3.518637657165527344e+00
3.100000000000000000e+02 3.719468593597412109e+00
3.110000000000000000e+02 3.873702526092529297e+00
3.120000000000000000e+02 3.872859001159667969e+00
3.130000000000000000e+02 3.297712802886962891e+00
3.140000000000000000e+02 2.747385025024414062e+00
3.150000000000000000e+02 2.251528739929199219e+00
3.160000000000000000e+02 2.093848228454589844e+00
3.170000000000000000e+02 1.904709458351135254e+00
3.180000000000000000e+02 1.752406716346740723e+00
3.190000000000000000e+02 1.699608802795410156e+00
3.200000000000000000e+02 1.909786462783813477e+00
3.210000000000000000e+02 1.841116070747375488e+00
3.220000000000000000e+02 1.452722430229187012e+00
3.230000000000000000e+02 1.188439369201660156e+00
3.240000000000000000e+02 1.524241924285888672e+00
3.250000000000000000e+02 1.891146063804626465e+00
3.260000000000000000e+02 1.750711560249328613e+00
3.270000000000000000e+02 1.616527199745178223e+00
3.280000000000000000e+02 1.637027978897094727e+00
3.290000000000000000e+02 1.253922820091247559e+00
3.300000000000000000e+02 1.354385018348693848e+00
3.310000000000000000e+02 1.297107815742492676e+00
3.320000000000000000e+02 1.194512128829956055e+00
3.330000000000000000e+02 1.078350543975830078e+00
3.340000000000000000e+02 1.085758090019226074e+00
3.350000000000000000e+02 9.908996820449829102e-01
3.360000000000000000e+02 1.212639927864074707e+00
3.370000000000000000e+02 1.258937716484069824e+00
3.380000000000000000e+02 1.648526191711425781e+00
3.390000000000000000e+02 1.880932688713073730e+00
3.400000000000000000e+02 1.948529243469238281e+00
3.410000000000000000e+02 1.945258259773254395e+00
3.420000000000000000e+02 1.798951625823974609e+00
3.430000000000000000e+02 1.774463415145874023e+00
3.440000000000000000e+02 1.596510171890258789e+00
3.450000000000000000e+02 1.557873845100402832e+00
3.460000000000000000e+02 1.396394968032836914e+00
3.470000000000000000e+02 1.235110998153686523e+00
3.480000000000000000e+02 1.189236640930175781e+00
3.490000000000000000e+02 1.357631325721740723e+00
3.500000000000000000e+02 1.416609644889831543e+00
3.510000000000000000e+02 1.233638644218444824e+00
3.520000000000000000e+02 8.241087794303894043e-01
3.530000000000000000e+02 6.226531267166137695e-01
3.540000000000000000e+02 6.642970442771911621e-01
3.550000000000000000e+02 7.231415510177612305e-01
3.560000000000000000e+02 4.216937124729156494e-01
3.570000000000000000e+02 4.431515038013458252e-01
3.580000000000000000e+02 5.744952559471130371e-01
3.590000000000000000e+02 6.005055904388427734e-01
3.600000000000000000e+02 7.391457557678222656e-01
3.610000000000000000e+02 6.678554415702819824e-01
3.620000000000000000e+02 4.883208870887756348e-01
3.630000000000000000e+02 4.711688160896301270e-01
3.640000000000000000e+02 4.072495400905609131e-01
3.650000000000000000e+02 2.279594391584396362e-01
3.660000000000000000e+02 1.715074181556701660e-01
3.670000000000000000e+02 1.576741933822631836e-01
3.680000000000000000e+02 1.673401296138763428e-01
3.690000000000000000e+02 2.355274558067321777e-01
3.700000000000000000e+02 2.903993427753448486e-01
3.710000000000000000e+02 2.185329794883728027e-01
3.720000000000000000e+02 1.954657882452011108e-01
3.730000000000000000e+02 2.235342115163803101e-01
3.740000000000000000e+02 3.617953062057495117e-01
3.750000000000000000e+02 1.508766561746597290e-01
3.760000000000000000e+02 1.967334747314453125e-01
3.770000000000000000e+02 3.183906525373458862e-02
3.780000000000000000e+02 9.322898462414741516e-03
3.790000000000000000e+02 4.119039978832006454e-03
3.800000000000000000e+02 3.660615766420960426e-03
3.810000000000000000e+02 1.547784660942852497e-03
3.820000000000000000e+02 1.775471260771155357e-03
3.830000000000000000e+02 3.438856452703475952e-03
3.840000000000000000e+02 2.910568146035075188e-03
3.850000000000000000e+02 1.403431640937924385e-03
3.860000000000000000e+02 2.282176865264773369e-03
3.870000000000000000e+02 1.028729137033224106e-03
3.880000000000000000e+02 1.207099179737269878e-03
3.890000000000000000e+02 6.655812612734735012e-04
3.900000000000000000e+02 3.788612375501543283e-04
3.910000000000000000e+02 1.644723233766853809e-04
3.920000000000000000e+02 1.277800649404525757e-03
3.930000000000000000e+02 1.720299944281578064e-03
3.940000000000000000e+02 2.110855188220739365e-03
3.950000000000000000e+02 1.508877961896359921e-03
3.960000000000000000e+02 1.648415345698595047e-04
3.970000000000000000e+02 0.000000000000000000e+00
3.980000000000000000e+02 5.454415804706513882e-04
3.990000000000000000e+02 5.894521600566804409e-04
4.000000000000000000e+02 5.697515443898737431e-04
4.010000000000000000e+02 6.303589325398206711e-04
4.020000000000000000e+02 4.651889612432569265e-04
4.030000000000000000e+02 6.340539548546075821e-04
4.040000000000000000e+02 2.694642782211303711e+00
4.050000000000000000e+02 3.543953895568847656e+00
4.060000000000000000e+02 2.948095083236694336e+00
4.070000000000000000e+02 2.567135810852050781e+00
4.080000000000000000e+02 2.150428533554077148e+00
4.090000000000000000e+02 1.616188764572143555e+00
4.100000000000000000e+02 1.802881002426147461e+00
4.110000000000000000e+02 2.500958681106567383e+00
4.120000000000000000e+02 2.666068792343139648e+00
4.130000000000000000e+02 1.945792913436889648e+00
4.140000000000000000e+02 1.727231979370117188e+00
4.150000000000000000e+02 1.934309959411621094e+00
4.160000000000000000e+02 2.131627798080444336e+00
4.170000000000000000e+02 1.891892313957214355e+00
4.180000000000000000e+02 2.311966419219970703e+00
4.190000000000000000e+02 2.196799278259277344e+00
4.200000000000000000e+02 2.102278470993041992e+00
4.210000000000000000e+02 2.208941459655761719e+00
4.220000000000000000e+02 1.883751988410949707e+00
4.230000000000000000e+02 1.685355663299560547e+00
4.240000000000000000e+02 1.347419381141662598e+00
4.250000000000000000e+02 1.376722455024719238e+00
4.260000000000000000e+02 1.532076835632324219e+00
4.270000000000000000e+02 1.481773376464843750e+00
4.280000000000000000e+02 1.434069275856018066e+00
4.290000000000000000e+02 1.487182140350341797e+00
4.300000000000000000e+02 1.540377736091613770e+00
4.310000000000000000e+02 1.580834865570068359e+00
4.320000000000000000e+02 2.123206615447998047e+00
4.330000000000000000e+02 1.744654655456542969e+00
4.340000000000000000e+02 1.356624364852905273e+00
4.350000000000000000e+02 1.017029166221618652e+00
4.360000000000000000e+02 9.028182029724121094e-01
4.370000000000000000e+02 1.105942606925964355e+00
4.380000000000000000e+02 1.160246849060058594e+00
4.390000000000000000e+02 1.261193156242370605e+00
4.400000000000000000e+02 1.447176218032836914e+00
4.410000000000000000e+02 1.709563732147216797e+00
4.420000000000000000e+02 1.633185029029846191e+00
4.430000000000000000e+02 1.687918782234191895e+00
4.440000000000000000e+02 2.099951505661010742e+00
4.450000000000000000e+02 1.949331045150756836e+00
4.460000000000000000e+02 2.313589334487915039e+00
4.470000000000000000e+02 2.190883159637451172e+00
4.480000000000000000e+02 2.192046403884887695e+00
4.490000000000000000e+02 2.210037231445312500e+00
4.500000000000000000e+02 2.332985877990722656e+00
4.510000000000000000e+02 2.468662261962890625e+00
4.520000000000000000e+02 1.890488862991333008e+00
4.530000000000000000e+02 1.427304506301879883e+00
4.540000000000000000e+02 1.707508563995361328e+00
4.550000000000000000e+02 1.652209281921386719e+00
4.560000000000000000e+02 1.250515818595886230e+00
4.570000000000000000e+02 1.040890336036682129e+00
4.580000000000000000e+02 9.698215126991271973e-01
4.590000000000000000e+02 8.517276644706726074e-01
4.600000000000000000e+02 6.940510272979736328e-01
4.610000000000000000e+02 6.532188057899475098e-01
4.620000000000000000e+02 5.992321968078613281e-01
4.630000000000000000e+02 6.908936500549316406e-01
4.640000000000000000e+02 6.709111332893371582e-01
4.650000000000000000e+02 6.355173587799072266e-01
4.660000000000000000e+02 4.372102618217468262e-01
4.670000000000000000e+02 2.658417820930480957e-01
4.680000000000000000e+02 1.607235819101333618e-01
4.690000000000000000e+02 1.556682884693145752e-01
4.700000000000000000e+02 1.513841748237609863e-01
4.710000000000000000e+02 1.736090630292892456e-01
4.720000000000000000e+02 1.727555841207504272e-01
4.730000000000000000e+02 2.169686555862426758e-01
4.740000000000000000e+02 2.510866224765777588e-01
4.750000000000000000e+02 3.344073593616485596e-01
4.760000000000000000e+02 2.102286964654922485e-01
4.770000000000000000e+02 1.773978918790817261e-01
4.780000000000000000e+02 1.890209689736366272e-02
4.790000000000000000e+02 7.312355563044548035e-03
4.800000000000000000e+02 3.440710017457604408e-03
4.810000000000000000e+02 3.908393438905477524e-03
4.820000000000000000e+02 2.393166068941354752e-03
4.830000000000000000e+02 1.704905764199793339e-03
4.840000000000000000e+02 1.023266930133104324e-03
4.850000000000000000e+02 1.219118013978004456e-03
4.860000000000000000e+02 1.346550532616674900e-03
4.870000000000000000e+02 2.112915506586432457e-03
4.880000000000000000e+02 1.875821268185973167e-03
4.890000000000000000e+02 7.448108517564833164e-04
4.900000000000000000e+02 1.023736083880066872e-03
4.910000000000000000e+02 3.167178248986601830e-03
4.920000000000000000e+02 1.408161042490974069e-04
4.930000000000000000e+02 7.175489445216953754e-04
4.940000000000000000e+02 2.309365198016166687e-03
4.950000000000000000e+02 2.328513190150260925e-03
4.960000000000000000e+02 7.134047918953001499e-04
4.970000000000000000e+02 1.465352601371705532e-03
4.980000000000000000e+02 1.550019369460642338e-03
4.990000000000000000e+02 9.645070531405508518e-04
5.000000000000000000e+02 8.367980481125414371e-04
5.010000000000000000e+02 1.318666036240756512e-03
5.020000000000000000e+02 4.748664505314081907e-04
5.030000000000000000e+02 5.777794867753982544e-04
5.040000000000000000e+02 6.239964277483522892e-04
