0.000000000000000000e+00 1.235145898437500000e+04
1.008636085316538811e-03 9.580030273437500000e+03
2.017272170633077621e-03 6.986233398437500000e+03
3.025908255949616432e-03 5.198241210937500000e+03
4.034544341266155243e-03 3.990352539062500000e+03
5.043180659413337708e-03 3.153247558593750000e+03
6.051816511899232864e-03 2.479594726562500000e+03
7.060452364385128021e-03 2.076015136718750000e+03
8.069088682532310486e-03 1.683693481445312500e+03
9.077725000679492950e-03 1.356255981445312500e+03
1.008636131882667542e-02 1.156333007812500000e+03
1.109499670565128326e-02 9.868251342773437500e+02
1.210363302379846573e-02 8.224752197265625000e+02
1.311226934194564819e-02 6.923640747070312500e+02
1.412090472877025604e-02 6.036924438476562500e+02
1.512954104691743851e-02 5.216597290039062500e+02
1.613817736506462097e-02 4.584183349609375000e+02
1.714681275188922882e-02 3.945172424316406250e+02
1.815545000135898590e-02 3.446508178710937500e+02
1.916408538818359375e-02 3.063309936523437500e+02
2.017272263765335083e-02 2.760263671875000000e+02
2.118135802447795868e-02 2.464870910644531250e+02
2.218999341130256653e-02 2.194371643066406250e+02
2.319863066077232361e-02 1.992360687255859375e+02
2.420726604759693146e-02 1.781017761230468750e+02
2.521590143442153931e-02 1.628581848144531250e+02
2.622453868389129639e-02 1.468127593994140625e+02
2.723317407071590424e-02 1.326847686767578125e+02
2.824180945754051208e-02 1.204351043701171875e+02
2.925044670701026917e-02 1.106963806152343750e+02
3.025908209383487701e-02 1.004103164672851562e+02
3.126771748065948486e-02 9.279438781738281250e+01
3.227635473012924194e-02 8.545140838623046875e+01
3.328499197959899902e-02 7.838024139404296875e+01
3.429362550377845764e-02 7.283097839355468750e+01
3.530226275324821472e-02 6.685198211669921875e+01
3.631090000271797180e-02 6.154774093627929688e+01
3.731953352689743042e-02 5.716748428344726562e+01
3.832817077636718750e-02 5.376045608520507812e+01
3.933680802583694458e-02 4.979286956787109375e+01
4.034544527530670166e-02 4.628192901611328125e+01
4.135407879948616028e-02 4.285534667968750000e+01
4.236271604895591736e-02 4.000653457641601562e+01
4.337135329842567444e-02 3.751633071899414062e+01
4.437998682260513306e-02 3.526844406127929688e+01
4.538862407207489014e-02 3.312443542480468750e+01
4.639726132154464722e-02 3.133230018615722656e+01
4.740589484572410583e-02 2.927719688415527344e+01
4.841453209519386292e-02 2.815505409240722656e+01
4.942316934466362000e-02 2.629720878601074219e+01
5.043180286884307861e-02 2.460350990295410156e+01
5.144044011831283569e-02 2.341662025451660156e+01
5.244907736778259277e-02 2.217741203308105469e+01
5.345771089196205139e-02 2.091098213195800781e+01
5.446634814143180847e-02 1.953076744079589844e+01
5.547498539090156555e-02 1.885286712646484375e+01
5.648361891508102417e-02 1.783743286132812500e+01
5.749225616455078125e-02 1.708107757568359375e+01
5.850089341402053833e-02 1.624233055114746094e+01
5.950953066349029541e-02 1.539854240417480469e+01
6.051816418766975403e-02 1.474643516540527344e+01
6.152680143713951111e-02 1.411943721771240234e+01
6.253543496131896973e-02 1.328534412384033203e+01
6.354407221078872681e-02 1.279707241058349609e+01
6.455270946025848389e-02 1.240324974060058594e+01
6.556134670972824097e-02 1.197605991363525391e+01
6.656998395919799805e-02 1.133437824249267578e+01
6.757862120866775513e-02 1.095649051666259766e+01
6.858725100755691528e-02 1.059819030761718750e+01
6.959588825702667236e-02 1.012903404235839844e+01
7.060452550649642944e-02 9.722491264343261719e+00
7.161316275596618652e-02 9.357908248901367188e+00
7.262180000543594360e-02 9.012738227844238281e+00
7.363043725490570068e-02 8.865545272827148438e+00
7.463906705379486084e-02 8.533688545227050781e+00
7.564770430326461792e-02 8.119701385498046875e+00
7.665634155273437500e-02 7.900932788848876953e+00
7.766497880220413208e-02 7.553634643554687500e+00
7.867361605167388916e-02 7.364187717437744141e+00
7.968225330114364624e-02 7.156656265258789062e+00
8.069089055061340332e-02 7.023664951324462891e+00
8.169952034950256348e-02 6.721397876739501953e+00
8.270815759897232056e-02 6.609267234802246094e+00
8.371679484844207764e-02 6.331474781036376953e+00
8.472543209791183472e-02 6.230813503265380859e+00
8.573406934738159180e-02 6.025567054748535156e+00
8.674270659685134888e-02 5.880108833312988281e+00
8.775133639574050903e-02 5.743513107299804688e+00
8.875997364521026611e-02 5.620205402374267578e+00
8.976861089468002319e-02 5.434100151062011719e+00
9.077724814414978027e-02 5.321751594543457031e+00
9.178588539361953735e-02 5.252018928527832031e+00
9.279452264308929443e-02 5.023564815521240234e+00
9.380315244197845459e-02 5.029455184936523438e+00
9.481178969144821167e-02 4.958841323852539062e+00
9.582042694091796875e-02 4.764212608337402344e+00
9.682906419038772583e-02 4.729505062103271484e+00
9.783770143985748291e-02 4.609036922454833984e+00
9.884633868932723999e-02 4.483504772186279297e+00
9.985497593879699707e-02 4.377664566040039062e+00
1.008636057376861572e-01 4.356534957885742188e+00
1.018722429871559143e-01 4.256299018859863281e+00
1.028808802366256714e-01 4.150825977325439453e+00
1.038895174860954285e-01 4.099930763244628906e+00
1.048981547355651855e-01 4.054819583892822266e+00
1.059067919850349426e-01 3.942708969116210938e+00
1.069154217839241028e-01 3.930212020874023438e+00
1.079240590333938599e-01 3.847471714019775391e+00
1.089326962828636169e-01 3.724980115890502930e+00
1.099413335323333740e-01 3.787129640579223633e+00
1.109499707818031311e-01 3.746295213699340820e+00
1.119586080312728882e-01 3.669375181198120117e+00
1.129672378301620483e-01 3.603733062744140625e+00
1.139758750796318054e-01 3.554003238677978516e+00
1.149845123291015625e-01 3.465883970260620117e+00
1.159931495785713196e-01 3.461550712585449219e+00
1.170017868280410767e-01 3.395461559295654297e+00
1.180104240775108337e-01 3.331323385238647461e+00
1.190190613269805908e-01 3.265355825424194336e+00
1.200276911258697510e-01 3.276488065719604492e+00
1.210363283753395081e-01 3.138414621353149414e+00
1.220449656248092651e-01 3.221402168273925781e+00
1.230536028742790222e-01 3.094838380813598633e+00
1.240622401237487793e-01 3.110063076019287109e+00
1.250708699226379395e-01 3.106644392013549805e+00
1.260795146226882935e-01 3.036875486373901367e+00
1.270881444215774536e-01 3.012552022933959961e+00
1.280967891216278076e-01 2.924356937408447266e+00
1.291054189205169678e-01 2.869449615478515625e+00
1.301140487194061279e-01 2.889510869979858398e+00
1.311226934194564819e-01 2.863116979598999023e+00
1.321313232183456421e-01 2.808920383453369141e+00
1.331399679183959961e-01 2.825169563293457031e+00
1.341485977172851562e-01 2.776764392852783203e+00
1.351572424173355103e-01 2.723047018051147461e+00
1.361658722162246704e-01 2.795429229736328125e+00
1.371745020151138306e-01 2.728025436401367188e+00
1.381831467151641846e-01 2.777455329895019531e+00
1.391917765140533447e-01 2.747975587844848633e+00
1.402004212141036987e-01 2.705369710922241211e+00
1.412090510129928589e-01 2.660143136978149414e+00
1.422176808118820190e-01 2.657757759094238281e+00
1.432263255119323730e-01 2.596536874771118164e+00
1.442349553108215332e-01 2.626906156539916992e+00
1.452436000108718872e-01 2.565567493438720703e+00
1.462522298097610474e-01 2.516074657440185547e+00
1.472608745098114014e-01 2.520856857299804688e+00
1.482695043087005615e-01 2.520294666290283203e+00
1.492781341075897217e-01 2.475212812423706055e+00
1.502867788076400757e-01 2.460291862487792969e+00
1.512954086065292358e-01 2.418127298355102539e+00
1.523040533065795898e-01 2.389321088790893555e+00
1.533126831054687500e-01 2.403133392333984375e+00
1.543213278055191040e-01 2.397409439086914062e+00
1.553299576044082642e-01 2.425910472869873047e+00
1.563385874032974243e-01 2.395610809326171875e+00
1.573472321033477783e-01 2.372290134429931641e+00
1.583558619022369385e-01 2.318560838699340820e+00
1.593645066022872925e-01 2.319435596466064453e+00
1.603731364011764526e-01 2.310147285461425781e+00
1.613817811012268066e-01 2.276122331619262695e+00
1.623904109001159668e-01 2.269399642944335938e+00
1.633990406990051270e-01 2.281177759170532227e+00
1.644076853990554810e-01 2.190593242645263672e+00
1.654163151979446411e-01 2.245430469512939453e+00
1.664249598979949951e-01 2.242114782333374023e+00
1.674335896968841553e-01 2.269386291503906250e+00
1.684422194957733154e-01 2.240627527236938477e+00
1.694508641958236694e-01 2.173800945281982422e+00
1.704594939947128296e-01 2.193401575088500977e+00
1.714681386947631836e-01 2.226110458374023438e+00
1.724767684936523438e-01 2.193088054656982422e+00
1.734854131937026978e-01 2.182998657226562500e+00
1.744940429925918579e-01 2.206909179687500000e+00
1.755026727914810181e-01 2.150923967361450195e+00
1.765113174915313721e-01 2.096771240234375000e+00
1.775199472904205322e-01 2.154901027679443359e+00
1.785285919904708862e-01 2.133759975433349609e+00
1.795372217893600464e-01 2.137557983398437500e+00
1.805458664894104004e-01 2.098268985748291016e+00
1.815544962882995605e-01 2.087673187255859375e+00
1.825631260871887207e-01 2.103816509246826172e+00
1.835717707872390747e-01 2.060852527618408203e+00
1.845804005861282349e-01 2.071633577346801758e+00
1.855890452861785889e-01 2.054567337036132812e+00
1.865976750850677490e-01 2.095111370086669922e+00
1.876063048839569092e-01 2.050496339797973633e+00
1.886149495840072632e-01 2.067014694213867188e+00
1.896235793828964233e-01 2.070687770843505859e+00
1.906322240829467773e-01 2.032143592834472656e+00
1.916408538818359375e-01 2.052573919296264648e+00
1.926494985818862915e-01 2.062420368194580078e+00
1.936581283807754517e-01 2.024030923843383789e+00
1.946667581796646118e-01 2.050551891326904297e+00
1.956754028797149658e-01 2.005566120147705078e+00
1.966840326786041260e-01 1.959523797035217285e+00
1.976926773786544800e-01 1.993972063064575195e+00
1.987013071775436401e-01 1.974857687950134277e+00
1.997099518775939941e-01 1.996903777122497559e+00
2.007185816764831543e-01 1.940433502197265625e+00
2.017272114753723145e-01 1.968474268913269043e+00
2.027358561754226685e-01 1.930992007255554199e+00
2.037444859743118286e-01 1.971757531166076660e+00
2.047531306743621826e-01 1.940801024436950684e+00
2.057617604732513428e-01 1.918128848075866699e+00
2.067703902721405029e-01 1.942734956741333008e+00
2.077790349721908569e-01 1.925545811653137207e+00
2.087876647710800171e-01 1.939170360565185547e+00
2.097963094711303711e-01 1.907415747642517090e+00
2.108049392700195312e-01 1.944661736488342285e+00
2.118135839700698853e-01 1.924057960510253906e+00
2.128222137689590454e-01 1.891061305999755859e+00
2.138308435678482056e-01 1.844624161720275879e+00
2.148394882678985596e-01 1.852626800537109375e+00
2.158481180667877197e-01 1.835840821266174316e+00
2.168567627668380737e-01 1.857624411582946777e+00
2.178653925657272339e-01 1.826469540596008301e+00
2.188740372657775879e-01 1.815962791442871094e+00
2.198826670646667480e-01 1.806252956390380859e+00
2.208912968635559082e-01 1.790541291236877441e+00
2.218999415636062622e-01 1.811698555946350098e+00
2.229085713624954224e-01 1.790739417076110840e+00
2.239172160625457764e-01 1.842527627944946289e+00
2.249258458614349365e-01 1.808629393577575684e+00
2.259344756603240967e-01 1.805651068687438965e+00
2.269431203603744507e-01 1.805916428565979004e+00
2.279517501592636108e-01 1.814214587211608887e+00
2.289603948593139648e-01 1.756234884262084961e+00
2.299690246582031250e-01 1.773294568061828613e+00
2.309776693582534790e-01 1.773159980773925781e+00
2.319862991571426392e-01 1.782450556755065918e+00
2.329949289560317993e-01 1.773359060287475586e+00
2.340035736560821533e-01 1.792775988578796387e+00
2.350122034549713135e-01 1.774908304214477539e+00
2.360208481550216675e-01 1.786031961441040039e+00
2.370294779539108276e-01 1.768942832946777344e+00
2.380381226539611816e-01 1.738420128822326660e+00
2.390467524528503418e-01 1.751216053962707520e+00
2.400553822517395020e-01 1.726320862770080566e+00
2.410640269517898560e-01 1.709022164344787598e+00
2.420726567506790161e-01 1.762008547782897949e+00
2.430813014507293701e-01 1.880981087684631348e+00
2.440899312496185303e-01 1.702877640724182129e+00
2.450985759496688843e-01 1.711000323295593262e+00
2.461072057485580444e-01 1.709680914878845215e+00
2.471158355474472046e-01 1.705747842788696289e+00
2.481244802474975586e-01 1.685734272003173828e+00
2.491331100463867188e-01 1.705802083015441895e+00
2.501417398452758789e-01 1.715085268020629883e+00
2.511503994464874268e-01 1.688018202781677246e+00
2.521590292453765869e-01 1.659292221069335938e+00
2.531676590442657471e-01 1.677495598793029785e+00
2.541762888431549072e-01 1.667777776718139648e+00
2.551849186420440674e-01 1.708933234214782715e+00
2.561935782432556152e-01 1.674914240837097168e+00
2.572022080421447754e-01 1.669664382934570312e+00
2.582108378410339355e-01 1.659820437431335449e+00
2.592194676399230957e-01 1.649840593338012695e+00
2.602280974388122559e-01 1.663117408752441406e+00
2.612367570400238037e-01 1.657922744750976562e+00
2.622453868389129639e-01 1.675651907920837402e+00
2.632540166378021240e-01 1.674728989601135254e+00
2.642626464366912842e-01 1.709094166755676270e+00
2.652712762355804443e-01 1.637247920036315918e+00
2.662799358367919922e-01 1.641459226608276367e+00
2.672885656356811523e-01 1.637845277786254883e+00
2.682971954345703125e-01 1.687633752822875977e+00
2.693058252334594727e-01 1.631758213043212891e+00
2.703144848346710205e-01 1.646767377853393555e+00
2.713231146335601807e-01 1.629129171371459961e+00
2.723317444324493408e-01 1.652097344398498535e+00
2.733403742313385010e-01 1.610089778900146484e+00
2.743490040302276611e-01 1.636962175369262695e+00
2.753576636314392090e-01 1.622669458389282227e+00
2.763662934303283691e-01 1.622190237045288086e+00
2.773749232292175293e-01 1.609913587570190430e+00
2.783835530281066895e-01 1.614517688751220703e+00
2.793921828269958496e-01 1.653433561325073242e+00
2.804008424282073975e-01 1.635308265686035156e+00
2.814094722270965576e-01 1.611338376998901367e+00
2.824181020259857178e-01 1.587638735771179199e+00
2.834267318248748779e-01 1.626045465469360352e+00
2.844353616237640381e-01 1.616692185401916504e+00
2.854440212249755859e-01 1.631415605545043945e+00
2.864526510238647461e-01 1.614708185195922852e+00
2.874612808227539062e-01 1.598017454147338867e+00
2.884699106216430664e-01 1.602117776870727539e+00
2.894785702228546143e-01 1.624992012977600098e+00
2.904872000217437744e-01 1.601154685020446777e+00
2.914958298206329346e-01 1.595233440399169922e+00
2.925044596195220947e-01 1.590350627899169922e+00
2.935130894184112549e-01 1.607996344566345215e+00
2.945217490196228027e-01 1.604744195938110352e+00
2.955303788185119629e-01 1.557591915130615234e+00
2.965390086174011230e-01 1.580515027046203613e+00
2.975476384162902832e-01 1.579677343368530273e+00
2.985562682151794434e-01 1.558813810348510742e+00
2.995649278163909912e-01 1.581120610237121582e+00
3.005735576152801514e-01 1.600627303123474121e+00
3.015821874141693115e-01 1.592929959297180176e+00
3.025908172130584717e-01 1.610782027244567871e+00
3.035994470119476318e-01 1.595351934432983398e+00
3.046081066131591797e-01 1.583647012710571289e+00
3.056167364120483398e-01 1.560202956199645996e+00
3.066253662109375000e-01 1.577325105667114258e+00
3.076339960098266602e-01 1.606554865837097168e+00
3.086426556110382080e-01 1.566739678382873535e+00
3.096512854099273682e-01 1.568106651306152344e+00
3.106599152088165283e-01 1.603942275047302246e+00
3.116685450077056885e-01 1.587819576263427734e+00
3.126771748065948486e-01 1.573892354965209961e+00
3.136858344078063965e-01 1.581869125366210938e+00
3.146944642066955566e-01 1.558317065238952637e+00
3.157030940055847168e-01 1.577140092849731445e+00
3.167117238044738770e-01 1.547346353530883789e+00
3.177203536033630371e-01 1.575713992118835449e+00
3.187290132045745850e-01 1.576119065284729004e+00
3.197376430034637451e-01 1.554373860359191895e+00
3.207462728023529053e-01 1.558326244354248047e+00
3.217549026012420654e-01 1.572438597679138184e+00
3.227635622024536133e-01 1.548830389976501465e+00
3.237721920013427734e-01 1.534584522247314453e+00
3.247808218002319336e-01 1.544911026954650879e+00
3.257894515991210938e-01 1.567557096481323242e+00
3.267980813980102539e-01 1.559637188911437988e+00
3.278067409992218018e-01 1.586239695549011230e+00
3.288153707981109619e-01 1.567760467529296875e+00
3.298240005970001221e-01 1.562413215637207031e+00
3.308326303958892822e-01 1.552942395210266113e+00
3.318412601947784424e-01 1.554311752319335938e+00
3.328499197959899902e-01 1.571056604385375977e+00
3.338585495948791504e-01 1.550132513046264648e+00
3.348671793937683105e-01 1.553988933563232422e+00
3.358758091926574707e-01 1.547980785369873047e+00
3.368844389915466309e-01 1.559535861015319824e+00
3.378930985927581787e-01 1.541495203971862793e+00
3.389017283916473389e-01 1.536187767982482910e+00
3.399103581905364990e-01 1.555748701095581055e+00
3.409189879894256592e-01 1.576830983161926270e+00
3.419276475906372070e-01 1.550999760627746582e+00
3.429362773895263672e-01 1.529499888420104980e+00
3.439449071884155273e-01 1.538178443908691406e+00
3.449535369873046875e-01 1.521453738212585449e+00
3.459621667861938477e-01 1.537907481193542480e+00
3.469708263874053955e-01 1.565438985824584961e+00
3.479794561862945557e-01 1.562020063400268555e+00
3.489880859851837158e-01 1.563674807548522949e+00
3.499967157840728760e-01 1.562438368797302246e+00
3.510053455829620361e-01 1.548760294914245605e+00
3.520140051841735840e-01 1.541158318519592285e+00
3.530226349830627441e-01 1.513070225715637207e+00
3.540312647819519043e-01 1.552960515022277832e+00
3.550398945808410645e-01 1.523427844047546387e+00
3.560485243797302246e-01 1.543978929519653320e+00
3.570571839809417725e-01 1.562492609024047852e+00
3.580658137798309326e-01 1.525640845298767090e+00
3.590744435787200928e-01 1.534657001495361328e+00
3.600830733776092529e-01 1.538852334022521973e+00
3.610917329788208008e-01 1.557263851165771484e+00
3.621003627777099609e-01 1.518892049789428711e+00
3.631089925765991211e-01 1.545675992965698242e+00
3.641176223754882812e-01 1.528056859970092773e+00
3.651262521743774414e-01 1.559081315994262695e+00
3.661349117755889893e-01 1.544780969619750977e+00
3.671435415744781494e-01 1.539019823074340820e+00
3.681521713733673096e-01 1.544647693634033203e+00
3.691608011722564697e-01 1.526518344879150391e+00
3.701694309711456299e-01 1.532751083374023438e+00
3.711780905723571777e-01 1.527167916297912598e+00
3.721867203712463379e-01 1.530467510223388672e+00
3.731953501701354980e-01 1.520473837852478027e+00
3.742039799690246582e-01 1.548892021179199219e+00
3.752126097679138184e-01 1.533447027206420898e+00
3.762212693691253662e-01 1.542025446891784668e+00
3.772298991680145264e-01 1.524959683418273926e+00
3.782385289669036865e-01 1.500900745391845703e+00
3.792471587657928467e-01 1.535706758499145508e+00
3.802558183670043945e-01 1.545828342437744141e+00
3.812644481658935547e-01 1.531923532485961914e+00
3.822730779647827148e-01 1.519364833831787109e+00
3.832817077636718750e-01 1.528649926185607910e+00
3.842903375625610352e-01 1.536892771720886230e+00
3.852989971637725830e-01 1.510177135467529297e+00
3.863076269626617432e-01 1.530090808868408203e+00
3.873162567615509033e-01 1.556351065635681152e+00
3.883248865604400635e-01 1.508965253829956055e+00
3.893335163593292236e-01 1.514715313911437988e+00
3.903421759605407715e-01 1.515048027038574219e+00
3.913508057594299316e-01 1.529148936271667480e+00
3.923594355583190918e-01 1.519717454910278320e+00
3.933680653572082520e-01 1.518054723739624023e+00
3.943766951560974121e-01 1.519134759902954102e+00
3.953853547573089600e-01 1.508262038230895996e+00
3.963939845561981201e-01 1.535537242889404297e+00
3.974026143550872803e-01 1.517027854919433594e+00
3.984112441539764404e-01 1.529012203216552734e+00
3.994199037551879883e-01 1.524397015571594238e+00
4.004285335540771484e-01 1.519666671752929688e+00
4.014371633529663086e-01 1.508849024772644043e+00
4.024457931518554688e-01 1.489585280418395996e+00
4.034544229507446289e-01 1.507436871528625488e+00
4.044630825519561768e-01 1.494581818580627441e+00
4.054717123508453369e-01 1.482517242431640625e+00
4.064803421497344971e-01 1.513277649879455566e+00
4.074889719486236572e-01 1.516940712928771973e+00
4.084976017475128174e-01 1.489424347877502441e+00
4.095062613487243652e-01 1.485565781593322754e+00
4.105148911476135254e-01 1.518765568733215332e+00
4.115235209465026855e-01 1.530099630355834961e+00
4.125321507453918457e-01 1.505746483802795410e+00
4.135407805442810059e-01 1.494568467140197754e+00
4.145494401454925537e-01 1.509317755699157715e+00
4.155580699443817139e-01 1.513147711753845215e+00
4.165666997432708740e-01 1.517539858818054199e+00
4.175753295421600342e-01 1.496197223663330078e+00
4.185839891433715820e-01 1.515686154365539551e+00
4.195926189422607422e-01 1.525210022926330566e+00
4.206012487411499023e-01 1.513901114463806152e+00
4.216098785400390625e-01 1.513081312179565430e+00
4.226185083389282227e-01 1.495708346366882324e+00
4.236271679401397705e-01 1.487013101577758789e+00
4.246357977390289307e-01 1.491844058036804199e+00
4.256444275379180908e-01 1.507714867591857910e+00
4.266530573368072510e-01 1.491555213928222656e+00
4.276616871356964111e-01 1.499580264091491699e+00
4.286703467369079590e-01 1.510921120643615723e+00
4.296789765357971191e-01 1.503387331962585449e+00
4.306876063346862793e-01 1.515140295028686523e+00
4.316962361335754395e-01 1.489994049072265625e+00
4.327048659324645996e-01 1.492872118949890137e+00
4.337135255336761475e-01 1.493411064147949219e+00
4.347221553325653076e-01 1.485309600830078125e+00
4.357307851314544678e-01 1.493828535079956055e+00
4.367394149303436279e-01 1.486359357833862305e+00
4.377480745315551758e-01 1.500382423400878906e+00
4.387567043304443359e-01 1.493018031120300293e+00
4.397653341293334961e-01 1.488715648651123047e+00
4.407739639282226562e-01 1.519671678543090820e+00
4.417825937271118164e-01 1.505550146102905273e+00
4.427912533283233643e-01 1.489457607269287109e+00
4.437998831272125244e-01 1.511726617813110352e+00
4.448085129261016846e-01 1.486607789993286133e+00
4.458171427249908447e-01 1.473711848258972168e+00
4.468257725238800049e-01 1.494118332862854004e+00
4.478344321250915527e-01 1.492555618286132812e+00
4.488430619239807129e-01 1.501801133155822754e+00
4.498516917228698730e-01 1.480462670326232910e+00
4.508603215217590332e-01 1.470160484313964844e+00
4.518689513206481934e-01 1.477408409118652344e+00
4.528776109218597412e-01 1.509958267211914062e+00
4.538862407207489014e-01 1.481828808784484863e+00
4.548948705196380615e-01 1.482729434967041016e+00
4.559035003185272217e-01 1.469893813133239746e+00
4.569121599197387695e-01 1.487806081771850586e+00
4.579207897186279297e-01 1.482403635978698730e+00
4.589294195175170898e-01 1.463799357414245605e+00
4.599380493164062500e-01 1.470508813858032227e+00
4.609466791152954102e-01 1.470860481262207031e+00
4.619553387165069580e-01 1.476975798606872559e+00
4.629639685153961182e-01 1.483217597007751465e+00
4.639725983142852783e-01 1.490574717521667480e+00
4.649812281131744385e-01 1.485004782676696777e+00
4.659898579120635986e-01 1.475070476531982422e+00
4.669985175132751465e-01 1.480912208557128906e+00
4.680071473121643066e-01 1.479142427444458008e+00
4.690157771110534668e-01 1.481258869171142578e+00
4.700244069099426270e-01 1.446204781532287598e+00
4.710330665111541748e-01 1.455935478210449219e+00
4.720416963100433350e-01 1.481775760650634766e+00
4.730503261089324951e-01 1.450322151184082031e+00
4.740589559078216553e-01 1.465323209762573242e+00
4.750675857067108154e-01 1.459170222282409668e+00
4.760762453079223633e-01 1.447530388832092285e+00
4.770848751068115234e-01 1.466043591499328613e+00
4.780935049057006836e-01 1.456129431724548340e+00
4.791021347045898438e-01 1.473132133483886719e+00
4.801107645034790039e-01 1.460869789123535156e+00
4.811194241046905518e-01 1.454944729804992676e+00
4.821280539035797119e-01 1.456411242485046387e+00
4.831366837024688721e-01 1.469077944755554199e+00
4.841453135013580322e-01 1.450285792350769043e+00
4.851539433002471924e-01 1.477619886398315430e+00
4.861626029014587402e-01 1.464741349220275879e+00
4.871712327003479004e-01 1.469579815864562988e+00
4.881798624992370605e-01 1.459915757179260254e+00
4.891884922981262207e-01 1.456738948822021484e+00
4.901971518993377686e-01 1.443105220794677734e+00
4.912057816982269287e-01 1.465885639190673828e+00
4.922144114971160889e-01 1.442039251327514648e+00
4.932230412960052490e-01 1.458913445472717285e+00
4.942316710948944092e-01 1.462464690208435059e+00
4.952403306961059570e-01 1.423771977424621582e+00
4.962489604949951172e-01 1.439498424530029297e+00
4.972575902938842773e-01 1.451436400413513184e+00
4.982662200927734375e-01 1.465846419334411621e+00
4.992748498916625977e-01 1.437077522277832031e+00
5.002834796905517578e-01 1.446879625320434570e+00
5.012921094894409180e-01 1.451131224632263184e+00
5.023007988929748535e-01 1.447824597358703613e+00
5.033094286918640137e-01 1.433820247650146484e+00
5.043180584907531738e-01 1.504404783248901367e+00
5.053266882896423340e-01 1.464971184730529785e+00
5.063353180885314941e-01 1.430512309074401855e+00
5.073439478874206543e-01 1.433033704757690430e+00
5.083525776863098145e-01 1.450393557548522949e+00
5.093612074851989746e-01 1.452177762985229492e+00
5.103698372840881348e-01 1.425258159637451172e+00
5.113784670829772949e-01 1.447613954544067383e+00
5.123871564865112305e-01 1.424952387809753418e+00
5.133957862854003906e-01 1.429393768310546875e+00
5.144044160842895508e-01 1.429336190223693848e+00
5.154130458831787109e-01 1.427231669425964355e+00
5.164216756820678711e-01 1.443194031715393066e+00
5.174303054809570312e-01 1.449176430702209473e+00
5.184389352798461914e-01 1.440303802490234375e+00
5.194475650787353516e-01 1.452325105667114258e+00
5.204561948776245117e-01 1.420910000801086426e+00
5.214648842811584473e-01 1.425708293914794922e+00
5.224735140800476074e-01 1.432665586471557617e+00
5.234821438789367676e-01 1.390884041786193848e+00
5.244907736778259277e-01 1.419807195663452148e+00
5.254994034767150879e-01 1.422555565834045410e+00
5.265080332756042480e-01 1.411249041557312012e+00
5.275166630744934082e-01 1.415940165519714355e+00
5.285252928733825684e-01 1.427478432655334473e+00
5.295339226722717285e-01 1.415177583694458008e+00
5.305425524711608887e-01 1.388595938682556152e+00
5.315512418746948242e-01 1.393082499504089355e+00
5.325598716735839844e-01 1.398452639579772949e+00
5.335685014724731445e-01 1.410856485366821289e+00
5.345771312713623047e-01 1.391009330749511719e+00
5.355857610702514648e-01 1.394260883331298828e+00
5.365943908691406250e-01 1.410763978958129883e+00
5.376030206680297852e-01 1.385773181915283203e+00
5.386116504669189453e-01 1.407884955406188965e+00
5.396202802658081055e-01 1.404278755187988281e+00
5.406289696693420410e-01 1.408129572868347168e+00
5.416375994682312012e-01 1.417984247207641602e+00
5.426462292671203613e-01 1.389145016670227051e+00
5.436548590660095215e-01 1.371633052825927734e+00
5.446634888648986816e-01 1.386941313743591309e+00
5.456721186637878418e-01 1.382441520690917969e+00
5.466807484626770020e-01 1.372840285301208496e+00
5.476893782615661621e-01 1.383944749832153320e+00
5.486980080604553223e-01 1.438777446746826172e+00
5.497066378593444824e-01 1.397901892662048340e+00
5.507153272628784180e-01 1.393137216567993164e+00
5.517239570617675781e-01 1.380490899085998535e+00
5.527325868606567383e-01 1.374930262565612793e+00
5.537412166595458984e-01 1.381828069686889648e+00
5.547498464584350586e-01 1.378988146781921387e+00
5.557584762573242188e-01 1.405282378196716309e+00
5.567671060562133789e-01 1.382888197898864746e+00
5.577757358551025391e-01 1.394577145576477051e+00
5.587843656539916992e-01 1.414837837219238281e+00
5.597930550575256348e-01 1.382064104080200195e+00
5.608016848564147949e-01 1.395089268684387207e+00
5.618103146553039551e-01 1.396876215934753418e+00
5.628189444541931152e-01 1.397325992584228516e+00
5.638275742530822754e-01 1.384364485740661621e+00
5.648362040519714355e-01 1.376139521598815918e+00
5.658448338508605957e-01 1.395323634147644043e+00
5.668534636497497559e-01 1.396128058433532715e+00
5.678620934486389160e-01 1.362433075904846191e+00
5.688707232475280762e-01 1.382706522941589355e+00
5.698794126510620117e-01 1.385783314704895020e+00
5.708880424499511719e-01 1.385311722755432129e+00
5.718966722488403320e-01 1.399906158447265625e+00
5.729053020477294922e-01 1.413279533386230469e+00
5.739139318466186523e-01 1.375810623168945312e+00
5.749225616455078125e-01 1.368044376373291016e+00
5.759311914443969727e-01 1.390568852424621582e+00
5.769398212432861328e-01 1.387346506118774414e+00
5.779484510421752930e-01 1.379010081291198730e+00
5.789571404457092285e-01 1.375020742416381836e+00
5.799657702445983887e-01 1.391661286354064941e+00
5.809744000434875488e-01 1.401288151741027832e+00
5.819830298423767090e-01 1.404191851615905762e+00
5.829916596412658691e-01 1.397390007972717285e+00
5.840002894401550293e-01 1.405805468559265137e+00
5.850089192390441895e-01 1.381531476974487305e+00
5.860175490379333496e-01 1.378929257392883301e+00
5.870261788368225098e-01 1.361346602439880371e+00
5.880348086357116699e-01 1.398936629295349121e+00
5.890434980392456055e-01 1.399112939834594727e+00
5.900521278381347656e-01 1.400907158851623535e+00
5.910607576370239258e-01 1.374917984008789062e+00
5.920693874359130859e-01 1.386179447174072266e+00
5.930780172348022461e-01 1.380144834518432617e+00
5.940866470336914062e-01 1.388663530349731445e+00
5.950952768325805664e-01 1.419221520423889160e+00
5.961039066314697266e-01 1.410195350646972656e+00
5.971125364303588867e-01 1.366987109184265137e+00
5.981212258338928223e-01 1.371014714241027832e+00
5.991298556327819824e-01 1.388384819030761719e+00
6.001384854316711426e-01 1.372776865959167480e+00
6.011471152305603027e-01 1.368017435073852539e+00
6.021557450294494629e-01 1.401228666305541992e+00
6.031643748283386230e-01 1.381272315979003906e+00
6.041730046272277832e-01 1.376147389411926270e+00
6.051816344261169434e-01 1.395041108131408691e+00
6.061902642250061035e-01 1.369595646858215332e+00
6.071988940238952637e-01 1.384809136390686035e+00
6.082075834274291992e-01 1.363450169563293457e+00
6.092162132263183594e-01 1.402993559837341309e+00
6.102248430252075195e-01 1.401974797248840332e+00
6.112334728240966797e-01 1.384678244590759277e+00
6.122421026229858398e-01 1.374687671661376953e+00
6.132507324218750000e-01 1.353216767311096191e+00
6.142593622207641602e-01 1.405000686645507812e+00
6.152679920196533203e-01 1.387571692466735840e+00
6.162766218185424805e-01 1.386537671089172363e+00
6.172853112220764160e-01 1.382869601249694824e+00
6.182939410209655762e-01 1.381443738937377930e+00
6.193025708198547363e-01 1.380679607391357422e+00
6.203112006187438965e-01 1.367959141731262207e+00
6.213198304176330566e-01 1.380207896232604980e+00
6.223284602165222168e-01 1.375318408012390137e+00
6.233370900154113770e-01 1.375739932060241699e+00
6.243457198143005371e-01 1.389872550964355469e+00
6.253543496131896973e-01 1.361871242523193359e+00
6.263629794120788574e-01 1.367165684700012207e+00
6.273716688156127930e-01 1.367987751960754395e+00
6.283802986145019531e-01 1.371111631393432617e+00
6.293889284133911133e-01 1.381479978561401367e+00
6.303975582122802734e-01 1.372123479843139648e+00
6.314061880111694336e-01 1.360410451889038086e+00
6.324148178100585938e-01 1.385105490684509277e+00
6.334234476089477539e-01 1.359078049659729004e+00
6.344320774078369141e-01 1.389152765274047852e+00
6.354407072067260742e-01 1.357494711875915527e+00
6.364493966102600098e-01 1.382001638412475586e+00
6.374580264091491699e-01 1.360865473747253418e+00
6.384666562080383301e-01 1.377559423446655273e+00
6.394752860069274902e-01 1.411424875259399414e+00
6.404839158058166504e-01 1.381564140319824219e+00
6.414925456047058105e-01 1.377481698989868164e+00
6.425011754035949707e-01 1.377813458442687988e+00
6.435098052024841309e-01 1.396332979202270508e+00
6.445184350013732910e-01 1.389366507530212402e+00
6.455271244049072266e-01 1.392380952835083008e+00
6.465357542037963867e-01 1.394091367721557617e+00
6.475443840026855469e-01 1.374662995338439941e+00
6.485530138015747070e-01 1.378010392189025879e+00
6.495616436004638672e-01 1.368993163108825684e+00
6.505702733993530273e-01 1.373186111450195312e+00
6.515789031982421875e-01 1.378376483917236328e+00
6.525875329971313477e-01 1.368401885032653809e+00
6.535961627960205078e-01 1.394310593605041504e+00
6.546047925949096680e-01 1.416024923324584961e+00
6.556134819984436035e-01 1.398782491683959961e+00
6.566221117973327637e-01 1.392798542976379395e+00
6.576307415962219238e-01 1.371024966239929199e+00
6.586393713951110840e-01 1.371943473815917969e+00
6.596480011940002441e-01 1.396004557609558105e+00
6.606566309928894043e-01 1.389150261878967285e+00
6.616652607917785645e-01 1.397682428359985352e+00
6.626738905906677246e-01 1.388281106948852539e+00
6.636825203895568848e-01 1.384586215019226074e+00
6.646912097930908203e-01 1.393886446952819824e+00
6.656998395919799805e-01 1.396944642066955566e+00
6.667084693908691406e-01 1.364304900169372559e+00
6.677170991897583008e-01 1.377953529357910156e+00
6.687257289886474609e-01 1.385509014129638672e+00
6.697343587875366211e-01 1.390821456909179688e+00
6.707429885864257812e-01 1.389247775077819824e+00
6.717516183853149414e-01 1.370432496070861816e+00
6.727602481842041016e-01 1.387189865112304688e+00
6.737688779830932617e-01 1.377934694290161133e+00
6.747775673866271973e-01 1.373348236083984375e+00
6.757861971855163574e-01 1.384572148323059082e+00
6.767948269844055176e-01 1.387270927429199219e+00
6.778034567832946777e-01 1.382047533988952637e+00
6.788120865821838379e-01 1.374799370765686035e+00
6.798207163810729980e-01 1.392648100852966309e+00
6.808293461799621582e-01 1.400230646133422852e+00
6.818379759788513184e-01 1.402839303016662598e+00
6.828466057777404785e-01 1.391203165054321289e+00
6.838552951812744141e-01 1.405992746353149414e+00
6.848639249801635742e-01 1.375351548194885254e+00
6.858725547790527344e-01 1.389192700386047363e+00
6.868811845779418945e-01 1.394261121749877930e+00
6.878898143768310547e-01 1.397900581359863281e+00
6.888984441757202148e-01 1.400202989578247070e+00
6.899070739746093750e-01 1.388055920600891113e+00
6.909157037734985352e-01 1.404962062835693359e+00
6.919243335723876953e-01 1.378459095954895020e+00
6.929329633712768555e-01 1.390978932380676270e+00
6.939416527748107910e-01 1.421288251876831055e+00
6.949502825736999512e-01 1.370769500732421875e+00
6.959589123725891113e-01 1.379718661308288574e+00
6.969675421714782715e-01 1.398414492607116699e+00
6.979761719703674316e-01 1.387654781341552734e+00
6.989848017692565918e-01 1.418301463127136230e+00
6.999934315681457520e-01 1.388520002365112305e+00
7.010020613670349121e-01 1.386085987091064453e+00
7.020106911659240723e-01 1.410002708435058594e+00
7.030193805694580078e-01 1.421005249023437500e+00
7.040280103683471680e-01 1.377953648567199707e+00
7.050366401672363281e-01 1.402407646179199219e+00
7.060452699661254883e-01 1.403486847877502441e+00
7.070538997650146484e-01 1.414170384407043457e+00
7.080625295639038086e-01 1.410791039466857910e+00
7.090711593627929688e-01 1.423771381378173828e+00
7.100797891616821289e-01 1.400714993476867676e+00
7.110884189605712891e-01 1.403286695480346680e+00
7.120970487594604492e-01 1.415418744087219238e+00
7.131057381629943848e-01 1.411348938941955566e+00
7.141143679618835449e-01 1.384661316871643066e+00
7.151229977607727051e-01 1.403396844863891602e+00
7.161316275596618652e-01 1.418640375137329102e+00
7.171402573585510254e-01 1.406572937965393066e+00
7.181488871574401855e-01 1.424604773521423340e+00
7.191575169563293457e-01 1.410000085830688477e+00
7.201661467552185059e-01 1.406541109085083008e+00
7.211747765541076660e-01 1.404632329940795898e+00
7.221834659576416016e-01 1.429703950881958008e+00
7.231920957565307617e-01 1.422945141792297363e+00
7.242007255554199219e-01 1.405054092407226562e+00
7.252093553543090820e-01 1.427622437477111816e+00
7.262179851531982422e-01 1.400087118148803711e+00
7.272266149520874023e-01 1.427284955978393555e+00
7.282352447509765625e-01 1.406809329986572266e+00
7.292438745498657227e-01 1.417291641235351562e+00
7.302525043487548828e-01 1.429259896278381348e+00
7.312611341476440430e-01 1.437455058097839355e+00
7.322698235511779785e-01 1.436789155006408691e+00
7.332784533500671387e-01 1.422360181808471680e+00
7.342870831489562988e-01 1.444122076034545898e+00
7.352957129478454590e-01 1.395014166831970215e+00
7.363043427467346191e-01 1.415682673454284668e+00
7.373129725456237793e-01 1.419451236724853516e+00
7.383216023445129395e-01 1.436224699020385742e+00
7.393302321434020996e-01 1.427224040031433105e+00
7.403388619422912598e-01 1.437932729721069336e+00
7.413475513458251953e-01 1.431274294853210449e+00
7.423561811447143555e-01 1.427927374839782715e+00
7.433648109436035156e-01 1.428777575492858887e+00
7.443734407424926758e-01 1.440159678459167480e+00
7.453820705413818359e-01 1.418775677680969238e+00
7.463907003402709961e-01 1.422587633132934570e+00
7.473993301391601562e-01 1.456870794296264648e+00
7.484079599380493164e-01 1.442652940750122070e+00
7.494165897369384766e-01 1.435804247856140137e+00
7.504252195358276367e-01 1.423126339912414551e+00
7.514339089393615723e-01 1.450660347938537598e+00
7.524425387382507324e-01 1.474058270454406738e+00
7.534511685371398926e-01 1.492087602615356445e+00
7.544597983360290527e-01 1.424252152442932129e+00
7.554684281349182129e-01 1.430861353874206543e+00
7.564770579338073730e-01 1.459412455558776855e+00
7.574856877326965332e-01 1.449657320976257324e+00
7.584943175315856934e-01 1.436658143997192383e+00
7.595029473304748535e-01 1.459794998168945312e+00
7.605116367340087891e-01 1.470105886459350586e+00
7.615202665328979492e-01 1.473376035690307617e+00
7.625288963317871094e-01 1.462000608444213867e+00
7.635375261306762695e-01 1.466344356536865234e+00
7.645461559295654297e-01 1.456087589263916016e+00
7.655547857284545898e-01 1.455618619918823242e+00
7.665634155273437500e-01 1.445668578147888184e+00
7.675720453262329102e-01 1.460367321968078613e+00
7.685806751251220703e-01 1.458561778068542480e+00
7.695893049240112305e-01 1.448684573173522949e+00
7.705979943275451660e-01 1.456532359123229980e+00
7.716066241264343262e-01 1.462812900543212891e+00
7.726152539253234863e-01 1.454068899154663086e+00
7.736238837242126465e-01 1.454735994338989258e+00
7.746325135231018066e-01 1.465077877044677734e+00
7.756411433219909668e-01 1.473793029785156250e+00
7.766497731208801270e-01 1.454808831214904785e+00
7.776584029197692871e-01 1.471344351768493652e+00
7.786670327186584473e-01 1.448709845542907715e+00
7.796757221221923828e-01 1.467638969421386719e+00
7.806843519210815430e-01 1.484782099723815918e+00
7.816929817199707031e-01 1.440755009651184082e+00
7.827016115188598633e-01 1.440341114997863770e+00
7.837102413177490234e-01 1.457537651062011719e+00
7.847188711166381836e-01 1.481087803840637207e+00
7.857275009155273438e-01 1.464428424835205078e+00
7.867361307144165039e-01 1.477449297904968262e+00
7.877447605133056641e-01 1.473433256149291992e+00
7.887533903121948242e-01 1.461812973022460938e+00
7.897620797157287598e-01 1.439857482910156250e+00
7.907707095146179199e-01 1.474919199943542480e+00
7.917793393135070801e-01 1.482665657997131348e+00
7.927879691123962402e-01 1.475545644760131836e+00
7.937965989112854004e-01 1.494282364845275879e+00
7.948052287101745605e-01 1.470229387283325195e+00
7.958138585090637207e-01 1.449271559715270996e+00
7.968224883079528809e-01 1.473018765449523926e+00
7.978311181068420410e-01 1.493883609771728516e+00
7.988398075103759766e-01 1.488149642944335938e+00
7.998484373092651367e-01 1.472501516342163086e+00
8.008570671081542969e-01 1.494731187820434570e+00
8.018656969070434570e-01 1.487634181976318359e+00
8.028743267059326172e-01 1.479803442955017090e+00
8.038829565048217773e-01 1.484554529190063477e+00
8.048915863037109375e-01 1.472227334976196289e+00
8.059002161026000977e-01 1.488636493682861328e+00
8.069088459014892578e-01 1.472249865531921387e+00
8.079174757003784180e-01 1.498430132865905762e+00
8.089261651039123535e-01 1.488701701164245605e+00
8.099347949028015137e-01 1.497610688209533691e+00
8.109434247016906738e-01 1.490948557853698730e+00
8.119520545005798340e-01 1.493617177009582520e+00
8.129606842994689941e-01 1.496300816535949707e+00
8.139693140983581543e-01 1.510643601417541504e+00
8.149779438972473145e-01 1.496622920036315918e+00
8.159865736961364746e-01 1.523441195487976074e+00
8.169952034950256348e-01 1.518189072608947754e+00
8.180038928985595703e-01 1.507535696029663086e+00
8.190125226974487305e-01 1.497062444686889648e+00
8.200211524963378906e-01 1.482898592948913574e+00
8.210297822952270508e-01 1.511193156242370605e+00
8.220384120941162109e-01 1.503313541412353516e+00
8.230470418930053711e-01 1.514312863349914551e+00
8.240556716918945312e-01 1.504424810409545898e+00
8.250643014907836914e-01 1.501618862152099609e+00
8.260729312896728516e-01 1.513675689697265625e+00
8.270815610885620117e-01 1.535376548767089844e+00
8.280902504920959473e-01 1.504392266273498535e+00
8.290988802909851074e-01 1.522535800933837891e+00
8.301075100898742676e-01 1.520092248916625977e+00
8.311161398887634277e-01 1.517341971397399902e+00
8.321247696876525879e-01 1.525443196296691895e+00
8.331333994865417480e-01 1.515292763710021973e+00
8.341420292854309082e-01 1.518961310386657715e+00
8.351506590843200684e-01 1.532279968261718750e+00
8.361592888832092285e-01 1.524790287017822266e+00
8.371679782867431641e-01 1.498331069946289062e+00
8.381766080856323242e-01 1.518093347549438477e+00
8.391852378845214844e-01 1.510266661643981934e+00
8.401938676834106445e-01 1.525241971015930176e+00
8.412024974822998047e-01 1.530543327331542969e+00
8.422111272811889648e-01 1.547633409500122070e+00
8.432197570800781250e-01 1.521625876426696777e+00
8.442283868789672852e-01 1.529665946960449219e+00
8.452370166778564453e-01 1.539889574050903320e+00
8.462456464767456055e-01 1.520209312438964844e+00
8.472543358802795410e-01 1.514856219291687012e+00
8.482629656791687012e-01 1.503130793571472168e+00
8.492715954780578613e-01 1.517810344696044922e+00
8.502802252769470215e-01 1.491537213325500488e+00
8.512888550758361816e-01 1.518674612045288086e+00
8.522974848747253418e-01 1.515158653259277344e+00
8.533061146736145020e-01 1.505728363990783691e+00
8.543147444725036621e-01 1.492891907691955566e+00
8.553233742713928223e-01 1.493482232093811035e+00
8.563320636749267578e-01 1.503876686096191406e+00
8.573406934738159180e-01 1.504647374153137207e+00
8.583493232727050781e-01 1.497007369995117188e+00
8.593579530715942383e-01 1.501350522041320801e+00
8.603665828704833984e-01 1.504720926284790039e+00
8.613752126693725586e-01 1.507057428359985352e+00
8.623838424682617188e-01 1.492464065551757812e+00
8.633924722671508789e-01 1.489905953407287598e+00
8.644011020660400391e-01 1.480238914489746094e+00
8.654097318649291992e-01 1.486048102378845215e+00
8.664184212684631348e-01 1.472138524055480957e+00
8.674270510673522949e-01 1.485434651374816895e+00
8.684356808662414551e-01 1.481868028640747070e+00
8.694443106651306152e-01 1.493609189987182617e+00
8.704529404640197754e-01 1.478571653366088867e+00
8.714615702629089355e-01 1.463544368743896484e+00
8.724702000617980957e-01 1.500074625015258789e+00
8.734788298606872559e-01 1.487166166305541992e+00
8.744874596595764160e-01 1.505674362182617188e+00
8.754961490631103516e-01 1.506260991096496582e+00
8.765047788619995117e-01 1.503000617027282715e+00
8.775134086608886719e-01 1.486153841018676758e+00
8.785220384597778320e-01 1.497363090515136719e+00
8.795306682586669922e-01 1.498969793319702148e+00
8.805392980575561523e-01 1.477839827537536621e+00
8.815479278564453125e-01 1.527297854423522949e+00
8.825565576553344727e-01 1.543271064758300781e+00
8.835651874542236328e-01 1.514775872230529785e+00
8.845738172531127930e-01 1.486421108245849609e+00
8.855825066566467285e-01 1.513661503791809082e+00
8.865911364555358887e-01 1.532766461372375488e+00
8.875997662544250488e-01 1.544606566429138184e+00
8.886083960533142090e-01 1.531357049942016602e+00
8.896170258522033691e-01 1.525922060012817383e+00
8.906256556510925293e-01 1.494172692298889160e+00
8.916342854499816895e-01 1.521878957748413086e+00
8.926429152488708496e-01 1.501086115837097168e+00
8.936515450477600098e-01 1.510663866996765137e+00
8.946602344512939453e-01 1.517636895179748535e+00
8.956688642501831055e-01 1.559380054473876953e+00
8.966774940490722656e-01 1.510511398315429688e+00
8.976861238479614258e-01 1.512752413749694824e+00
8.986947536468505859e-01 1.545283079147338867e+00
8.997033834457397461e-01 1.543558835983276367e+00
9.007120132446289062e-01 1.550131320953369141e+00
9.017206430435180664e-01 1.566720843315124512e+00
9.027292728424072266e-01 1.551548719406127930e+00
9.037379026412963867e-01 1.537824511528015137e+00
9.047465920448303223e-01 1.546506762504577637e+00
9.057552218437194824e-01 1.548457384109497070e+00
9.067638516426086426e-01 1.519533872604370117e+00
9.077724814414978027e-01 1.514718532562255859e+00
9.087811112403869629e-01 1.521368503570556641e+00
9.097897410392761230e-01 1.563557624816894531e+00
9.107983708381652832e-01 1.548856496810913086e+00
9.118070006370544434e-01 1.544599533081054688e+00
9.128156304359436035e-01 1.569155097007751465e+00
9.138243198394775391e-01 1.543596625328063965e+00
9.148329496383666992e-01 1.537873625755310059e+00
9.158415794372558594e-01 1.523279070854187012e+00
9.168502092361450195e-01 1.536804795265197754e+00
9.178588390350341797e-01 1.583805322647094727e+00
9.188674688339233398e-01 1.547624349594116211e+00
9.198760986328125000e-01 1.596281290054321289e+00
9.208847284317016602e-01 1.567575335502624512e+00
9.218933582305908203e-01 1.546455979347229004e+00
9.229020476341247559e-01 1.563923239707946777e+00
9.239106774330139160e-01 1.563775300979614258e+00
9.249193072319030762e-01 1.570410013198852539e+00
9.259279370307922363e-01 1.561980366706848145e+00
9.269365668296813965e-01 1.568522095680236816e+00
9.279451966285705566e-01 1.580979108810424805e+00
9.289538264274597168e-01 1.613834977149963379e+00
9.299624562263488770e-01 1.613135814666748047e+00
9.309710860252380371e-01 1.570756435394287109e+00
9.319797158241271973e-01 1.564286112785339355e+00
9.329884052276611328e-01 1.572101593017578125e+00
9.339970350265502930e-01 1.574335575103759766e+00
9.350056648254394531e-01 1.604462385177612305e+00
9.360142946243286133e-01 1.589492559432983398e+00
9.370229244232177734e-01 1.585099458694458008e+00
9.380315542221069336e-01 1.571851134300231934e+00
9.390401840209960938e-01 1.557286620140075684e+00
9.400488138198852539e-01 1.587979197502136230e+00
9.410574436187744141e-01 1.605136156082153320e+00
9.420661330223083496e-01 1.621696591377258301e+00
9.430747628211975098e-01 1.618282198905944824e+00
9.440833926200866699e-01 1.594409823417663574e+00
9.450920224189758301e-01 1.578503012657165527e+00
9.461006522178649902e-01 1.610378265380859375e+00
9.471092820167541504e-01 1.579167008399963379e+00
9.481179118156433105e-01 1.647835135459899902e+00
9.491265416145324707e-01 1.621990323066711426e+00
9.501351714134216309e-01 1.602881550788879395e+00
9.511438012123107910e-01 1.629030704498291016e+00
9.521524906158447266e-01 1.589136123657226562e+00
9.531611204147338867e-01 1.640967249870300293e+00
9.541697502136230469e-01 1.629863858222961426e+00
9.551783800125122070e-01 1.622743248939514160e+00
9.561870098114013672e-01 1.581619024276733398e+00
9.571956396102905273e-01 1.582261681556701660e+00
9.582042694091796875e-01 1.604165911674499512e+00
9.592128992080688477e-01 1.627102732658386230e+00
9.602215290069580078e-01 1.625838994979858398e+00
9.612302184104919434e-01 1.671128869056701660e+00
9.622388482093811035e-01 1.660847783088684082e+00
9.632474780082702637e-01 1.623196005821228027e+00
9.642561078071594238e-01 1.617105364799499512e+00
9.652647376060485840e-01 1.632558107376098633e+00
9.662733674049377441e-01 1.636639118194580078e+00
9.672819972038269043e-01 1.632340073585510254e+00
9.682906270027160645e-01 1.626001715660095215e+00
9.692992568016052246e-01 1.661016464233398438e+00
9.703078866004943848e-01 1.661976695060729980e+00
9.713165760040283203e-01 1.675039768218994141e+00
9.723252058029174805e-01 1.638042449951171875e+00
9.733338356018066406e-01 1.654084324836730957e+00
9.743424654006958008e-01 1.649942040443420410e+00
9.753510951995849609e-01 1.610287308692932129e+00
9.763597249984741211e-01 1.577685952186584473e+00
9.773683547973632812e-01 1.617443323135375977e+00
9.783769845962524414e-01 1.660627603530883789e+00
9.793856143951416016e-01 1.673451662063598633e+00
9.803943037986755371e-01 1.660538434982299805e+00
9.814029335975646973e-01 1.656238079071044922e+00
9.824115633964538574e-01 1.645388960838317871e+00
9.834201931953430176e-01 1.653619408607482910e+00
9.844288229942321777e-01 1.582047581672668457e+00
9.854374527931213379e-01 1.662359476089477539e+00
9.864460825920104980e-01 1.713941931724548340e+00
9.874547123908996582e-01 1.620770096778869629e+00
9.884633421897888184e-01 1.622230410575866699e+00
9.894719719886779785e-01 1.607626914978027344e+00
9.904806613922119141e-01 1.698152899742126465e+00
9.914892911911010742e-01 1.676018953323364258e+00
9.924979209899902344e-01 1.642912983894348145e+00
9.935065507888793945e-01 1.646118998527526855e+00
9.945151805877685547e-01 1.676390171051025391e+00
9.955238103866577148e-01 1.719753265380859375e+00
9.965324401855468750e-01 1.631599664688110352e+00
9.975410699844360352e-01 1.681672692298889160e+00
9.985496997833251953e-01 1.671206355094909668e+00
9.995583891868591309e-01 1.641031384468078613e+00
1.000566959381103516e+00 1.714663386344909668e+00
1.001575589179992676e+00 1.669084668159484863e+00
1.002584218978881836e+00 1.629313230514526367e+00
1.003592848777770996e+00 1.643519401550292969e+00
1.004601597785949707e+00 1.704887628555297852e+00
1.005610227584838867e+00 1.745036840438842773e+00
1.006618857383728027e+00 1.668732047080993652e+00
1.007627487182617188e+00 1.670998215675354004e+00
1.008636116981506348e+00 1.678668260574340820e+00
1.009644746780395508e+00 1.595880746841430664e+00
1.010653376579284668e+00 1.655734539031982422e+00
1.011662006378173828e+00 1.630962967872619629e+00
1.012670636177062988e+00 1.694845795631408691e+00
1.013679265975952148e+00 1.696227908134460449e+00
1.014687895774841309e+00 1.694788098335266113e+00
1.015696525573730469e+00 1.670108556747436523e+00
1.016705155372619629e+00 1.667435765266418457e+00
1.017713785171508789e+00 1.680595517158508301e+00
1.018722414970397949e+00 1.747094035148620605e+00
1.019731044769287109e+00 1.651661634445190430e+00
1.020739674568176270e+00 1.729975223541259766e+00
1.021748304367065430e+00 1.710570216178894043e+00
1.022756934165954590e+00 1.702488183975219727e+00
1.023765683174133301e+00 1.716386675834655762e+00
1.024774312973022461e+00 1.700554609298706055e+00
1.025782942771911621e+00 1.713812112808227539e+00
1.026791572570800781e+00 1.738372683525085449e+00
1.027800202369689941e+00 1.649775028228759766e+00
1.028808832168579102e+00 1.671511888504028320e+00
1.029817461967468262e+00 1.709064245223999023e+00
1.030826091766357422e+00 1.781576156616210938e+00
1.031834721565246582e+00 1.769796490669250488e+00
1.032843351364135742e+00 1.676714658737182617e+00
1.033851981163024902e+00 1.727569580078125000e+00
1.034860610961914062e+00 1.766077041625976562e+00
1.035869240760803223e+00 1.743685603141784668e+00
1.036877870559692383e+00 1.740031003952026367e+00
1.037886500358581543e+00 1.719333052635192871e+00
1.038895130157470703e+00 1.795371651649475098e+00
1.039903759956359863e+00 1.690526723861694336e+00
1.040912389755249023e+00 1.757455825805664062e+00
1.041921019554138184e+00 1.781220674514770508e+00
1.042929768562316895e+00 1.837323665618896484e+00
1.043938398361206055e+00 1.818239569664001465e+00
1.044947028160095215e+00 1.777877330780029297e+00
1.045955657958984375e+00 1.737161874771118164e+00
1.046964287757873535e+00 1.716426849365234375e+00
1.047972917556762695e+00 1.756430149078369141e+00
1.048981547355651855e+00 1.741120576858520508e+00
1.049990177154541016e+00 1.744348287582397461e+00
1.050998806953430176e+00 1.738712310791015625e+00
1.052007436752319336e+00 1.749404430389404297e+00
1.053016066551208496e+00 1.737828850746154785e+00
1.054024696350097656e+00 1.806173682212829590e+00
1.055033326148986816e+00 1.812742590904235840e+00
1.056041955947875977e+00 1.852548003196716309e+00
1.057050585746765137e+00 1.790846586227416992e+00
1.058059215545654297e+00 1.797558188438415527e+00
1.059067845344543457e+00 1.752912163734436035e+00
1.060076475143432617e+00 1.769582033157348633e+00
1.061085104942321777e+00 1.761721491813659668e+00
1.062093853950500488e+00 1.788230299949645996e+00
1.063102483749389648e+00 1.803560376167297363e+00
1.064111113548278809e+00 1.805427312850952148e+00
1.065119743347167969e+00 1.834182739257812500e+00
1.066128373146057129e+00 1.780829906463623047e+00
1.067137002944946289e+00 1.848927736282348633e+00
1.068145632743835449e+00 1.825954914093017578e+00
1.069154262542724609e+00 1.796403050422668457e+00
1.070162892341613770e+00 1.889003157615661621e+00
1.071171522140502930e+00 1.831236004829406738e+00
1.072180151939392090e+00 1.734538912773132324e+00
1.073188781738281250e+00 1.804985046386718750e+00
1.074197411537170410e+00 1.842050194740295410e+00
1.075206041336059570e+00 1.799844861030578613e+00
1.076214671134948730e+00 1.840051770210266113e+00
1.077223300933837891e+00 1.864835262298583984e+00
1.078231930732727051e+00 1.824258804321289062e+00
1.079240560531616211e+00 1.778523087501525879e+00
1.080249190330505371e+00 1.833784341812133789e+00
1.081257939338684082e+00 1.892971873283386230e+00
1.082266569137573242e+00 1.902462124824523926e+00
1.083275198936462402e+00 1.869010210037231445e+00
1.084283828735351562e+00 1.894442677497863770e+00
1.085292458534240723e+00 1.868096470832824707e+00
1.086301088333129883e+00 1.877411723136901855e+00
1.087309718132019043e+00 1.790773630142211914e+00
1.088318347930908203e+00 1.991081595420837402e+00
1.089326977729797363e+00 1.846137762069702148e+00
1.090335607528686523e+00 1.815941333770751953e+00
1.091344237327575684e+00 1.813167572021484375e+00
1.092352867126464844e+00 1.868239283561706543e+00
1.093361496925354004e+00 1.928256273269653320e+00
1.094370126724243164e+00 1.908654332160949707e+00
1.095378756523132324e+00 1.876805305480957031e+00
1.096387386322021484e+00 1.887352466583251953e+00
1.097396016120910645e+00 1.872376322746276855e+00
1.098404645919799805e+00 1.950929403305053711e+00
1.099413275718688965e+00 1.914699673652648926e+00
1.100422024726867676e+00 1.843485474586486816e+00
1.101430654525756836e+00 1.918603658676147461e+00
1.102439284324645996e+00 1.926100850105285645e+00
1.103447914123535156e+00 1.927706718444824219e+00
1.104456543922424316e+00 1.970762133598327637e+00
1.105465173721313477e+00 1.939168930053710938e+00
1.106473803520202637e+00 1.964554786682128906e+00
1.107482433319091797e+00 1.846939206123352051e+00
1.108491063117980957e+00 1.925636172294616699e+00
1.109499692916870117e+00 1.845225930213928223e+00
1.110508322715759277e+00 1.867566108703613281e+00
1.111516952514648438e+00 1.940356135368347168e+00
1.112525582313537598e+00 1.906900882720947266e+00
1.113534212112426758e+00 1.873668670654296875e+00
1.114542841911315918e+00 1.994195342063903809e+00
1.115551471710205078e+00 1.993820428848266602e+00
1.116560101509094238e+00 1.890751123428344727e+00
1.117568731307983398e+00 1.931310296058654785e+00
1.118577361106872559e+00 1.933068752288818359e+00
1.119586110115051270e+00 1.884027123451232910e+00
1.120594739913940430e+00 1.987471222877502441e+00
1.121603369712829590e+00 1.910479664802551270e+00
1.122611999511718750e+00 1.949109792709350586e+00
1.123620629310607910e+00 1.918697476387023926e+00
1.124629259109497070e+00 1.869253993034362793e+00
1.125637888908386230e+00 1.909366488456726074e+00
1.126646518707275391e+00 1.886630058288574219e+00
1.127655148506164551e+00 1.956382036209106445e+00
1.128663778305053711e+00 1.918611407279968262e+00
1.129672408103942871e+00 1.923728942871093750e+00
1.130681037902832031e+00 1.978469133377075195e+00
1.131689667701721191e+00 2.025563240051269531e+00
1.132698297500610352e+00 2.038552761077880859e+00
1.133706927299499512e+00 1.954003810882568359e+00
1.134715557098388672e+00 1.973048210144042969e+00
1.135724186897277832e+00 1.930480718612670898e+00
1.136732816696166992e+00 1.942450642585754395e+00
1.137741446495056152e+00 2.029047727584838867e+00
1.138750195503234863e+00 1.878437161445617676e+00
1.139758825302124023e+00 1.971190452575683594e+00
1.140767455101013184e+00 2.150545597076416016e+00
1.141776084899902344e+00 2.048783779144287109e+00
1.142784714698791504e+00 1.934542894363403320e+00
1.143793344497680664e+00 1.973259806632995605e+00
1.144801974296569824e+00 1.951776146888732910e+00
1.145810604095458984e+00 1.984391450881958008e+00
1.146819233894348145e+00 1.943992137908935547e+00
1.147827863693237305e+00 1.945826411247253418e+00
1.148836493492126465e+00 1.941077232360839844e+00
1.149845123291015625e+00 2.050112724304199219e+00
1.150853753089904785e+00 2.103269577026367188e+00
1.151862382888793945e+00 2.168205499649047852e+00
1.152871012687683105e+00 2.155901432037353516e+00
1.153879642486572266e+00 1.982968091964721680e+00
1.154888272285461426e+00 2.101736545562744141e+00
1.155896902084350586e+00 2.049634933471679688e+00
1.156905531883239746e+00 2.119122743606567383e+00
1.157914280891418457e+00 2.054657697677612305e+00
1.158922910690307617e+00 2.012847661972045898e+00
1.159931540489196777e+00 2.043772459030151367e+00
1.160940170288085938e+00 1.994204401969909668e+00
1.161948800086975098e+00 2.126718044281005859e+00
1.162957429885864258e+00 2.210494995117187500e+00
1.163966059684753418e+00 2.019701004028320312e+00
1.164974689483642578e+00 2.111118793487548828e+00
1.165983319282531738e+00 2.141921043395996094e+00
1.166991949081420898e+00 1.922160506248474121e+00
1.168000578880310059e+00 2.073518276214599609e+00
1.169009208679199219e+00 2.111278057098388672e+00
1.170017838478088379e+00 2.290587663650512695e+00
1.171026468276977539e+00 2.130208969116210938e+00
1.172035098075866699e+00 2.240697860717773438e+00
1.173043727874755859e+00 2.271138191223144531e+00
1.174052357673645020e+00 2.006409645080566406e+00
1.175060987472534180e+00 1.961517333984375000e+00
1.176069617271423340e+00 2.052165985107421875e+00
1.177078366279602051e+00 1.957344412803649902e+00
1.178086996078491211e+00 2.094576120376586914e+00
1.179095625877380371e+00 2.129772901535034180e+00
1.180104255676269531e+00 1.979616284370422363e+00
1.181112885475158691e+00 2.156996726989746094e+00
1.182121515274047852e+00 2.032285690307617188e+00
1.183130145072937012e+00 2.066483974456787109e+00
1.184138774871826172e+00 2.142596244812011719e+00
1.185147404670715332e+00 2.213690757751464844e+00
1.186156034469604492e+00 2.076480150222778320e+00
1.187164664268493652e+00 1.987696170806884766e+00
1.188173294067382812e+00 2.285141706466674805e+00
1.189181923866271973e+00 2.235291957855224609e+00
1.190190553665161133e+00 2.289422512054443359e+00
1.191199183464050293e+00 2.218297958374023438e+00
1.192207813262939453e+00 2.447000026702880859e+00
1.193216443061828613e+00 2.293692350387573242e+00
1.194225072860717773e+00 2.198289394378662109e+00
1.195233702659606934e+00 2.122756719589233398e+00
1.196242451667785645e+00 2.211293697357177734e+00
1.197251081466674805e+00 2.290328741073608398e+00
1.198259711265563965e+00 2.177873134613037109e+00
1.199268341064453125e+00 2.096501827239990234e+00
1.200276970863342285e+00 2.127139568328857422e+00
1.201285600662231445e+00 2.096827030181884766e+00
1.202294230461120605e+00 1.996834158897399902e+00
1.203302860260009766e+00 2.009341716766357422e+00
1.204311490058898926e+00 2.135749578475952148e+00
1.205320119857788086e+00 1.940092921257019043e+00
1.206328749656677246e+00 2.051142215728759766e+00
1.207337379455566406e+00 1.868150949478149414e+00
1.208346009254455566e+00 2.222378253936767578e+00
1.209354639053344727e+00 2.180751323699951172e+00
