0.000000000000000000e+00 1.768761062622070312e+01
1.008636085316538811e-03 1.376737594604492188e+01
2.017272170633077621e-03 1.211059951782226562e+01
3.025908255949616432e-03 8.271745681762695312e+00
4.034544341266155243e-03 7.080728530883789062e+00
5.043180659413337708e-03 5.229650497436523438e+00
6.051816511899232864e-03 4.652543544769287109e+00
7.060452364385128021e-03 3.501012802124023438e+00
8.069088682532310486e-03 2.813312292098999023e+00
9.077725000679492950e-03 2.385886430740356445e+00
1.008636131882667542e-02 2.147641420364379883e+00
1.109499670565128326e-02 1.809503555297851562e+00
1.210363302379846573e-02 1.447044491767883301e+00
1.311226934194564819e-02 1.176746487617492676e+00
1.412090472877025604e-02 1.045431733131408691e+00
1.512954104691743851e-02 8.186374306678771973e-01
1.613817736506462097e-02 7.621353864669799805e-01
1.714681275188922882e-02 6.442779302597045898e-01
1.815545000135898590e-02 6.163200736045837402e-01
1.916408538818359375e-02 6.002530455589294434e-01
2.017272263765335083e-02 4.569756984710693359e-01
2.118135802447795868e-02 3.947001397609710693e-01
2.218999341130256653e-02 3.641472160816192627e-01
2.319863066077232361e-02 3.193457722663879395e-01
2.420726604759693146e-02 3.029024600982666016e-01
2.521590143442153931e-02 3.078567087650299072e-01
2.622453868389129639e-02 2.695247530937194824e-01
2.723317407071590424e-02 2.437794208526611328e-01
2.824180945754051208e-02 2.165118753910064697e-01
2.925044670701026917e-02 1.815465986728668213e-01
3.025908209383487701e-02 1.784795820713043213e-01
3.126771748065948486e-02 1.586842685937881470e-01
3.227635473012924194e-02 1.730592250823974609e-01
3.328499197959899902e-02 1.470745056867599487e-01
3.429362550377845764e-02 1.395772993564605713e-01
3.530226275324821472e-02 1.341014057397842407e-01
3.631090000271797180e-02 1.198970898985862732e-01
3.731953352689743042e-02 1.010397896170616150e-01
3.832817077636718750e-02 1.082198321819305420e-01
3.933680802583694458e-02 1.056966632604598999e-01
4.034544527530670166e-02 8.792798966169357300e-02
4.135407879948616028e-02 9.621898084878921509e-02
4.236271604895591736e-02 8.048502355813980103e-02
4.337135329842567444e-02 8.288490027189254761e-02
4.437998682260513306e-02 8.615612983703613281e-02
4.538862407207489014e-02 6.311143189668655396e-02
4.639726132154464722e-02 6.939642131328582764e-02
4.740589484572410583e-02 7.091964036226272583e-02
4.841453209519386292e-02 6.477610766887664795e-02
4.942316934466362000e-02 7.654412090778350830e-02
5.043180286884307861e-02 6.965738534927368164e-02
5.144044011831283569e-02 6.081964820623397827e-02
5.244907736778259277e-02 5.744633451104164124e-02
5.345771089196205139e-02 7.506366074085235596e-02
5.446634814143180847e-02 4.399447515606880188e-02
5.547498539090156555e-02 4.971345514059066772e-02
5.648361891508102417e-02 6.070082262158393860e-02
5.749225616455078125e-02 4.568754509091377258e-02
5.850089341402053833e-02 5.108470097184181213e-02
5.950953066349029541e-02 4.601845890283584595e-02
6.051816418766975403e-02 3.814844414591789246e-02
6.152680143713951111e-02 5.474769696593284607e-02
6.253543496131896973e-02 4.405281692743301392e-02
6.354407221078872681e-02 4.046491160988807678e-02
6.455270946025848389e-02 4.639091715216636658e-02
6.556134670972824097e-02 3.325067460536956787e-02
6.656998395919799805e-02 3.026828728616237640e-02
6.757862120866775513e-02 3.034215606749057770e-02
6.858725100755691528e-02 2.888610959053039551e-02
6.959588825702667236e-02 2.966917119920253754e-02
7.060452550649642944e-02 3.220719844102859497e-02
7.161316275596618652e-02 2.728419378399848938e-02
7.262180000543594360e-02 3.257677331566810608e-02
7.363043725490570068e-02 3.529813140630722046e-02
7.463906705379486084e-02 3.249162808060646057e-02
7.564770430326461792e-02 3.109680302441120148e-02
7.665634155273437500e-02 2.856811136007308960e-02
7.766497880220413208e-02 3.394253924489021301e-02
7.867361605167388916e-02 2.284128963947296143e-02
7.968225330114364624e-02 2.669146656990051270e-02
8.069089055061340332e-02 3.081991709768772125e-02
8.169952034950256348e-02 3.557421639561653137e-02
8.270815759897232056e-02 3.111894242465496063e-02
8.371679484844207764e-02 2.649894170463085175e-02
8.472543209791183472e-02 2.993709594011306763e-02
8.573406934738159180e-02 2.525331452488899231e-02
8.674270659685134888e-02 2.562054805457592010e-02
8.775133639574050903e-02 1.943247951567173004e-02
8.875997364521026611e-02 2.519070170819759369e-02
8.976861089468002319e-02 2.626819349825382233e-02
9.077724814414978027e-02 2.554012462496757507e-02
9.178588539361953735e-02 2.067024447023868561e-02
9.279452264308929443e-02 2.283565886318683624e-02
9.380315244197845459e-02 2.094012871384620667e-02
9.481178969144821167e-02 3.200936689972877502e-02
9.582042694091796875e-02 2.607379294931888580e-02
9.682906419038772583e-02 2.035479061305522919e-02
9.783770143985748291e-02 2.080578543245792389e-02
9.884633868932723999e-02 2.580353431403636932e-02
9.985497593879699707e-02 2.439086139202117920e-02
1.008636057376861572e-01 1.805364154279232025e-02
1.018722429871559143e-01 1.808517612516880035e-02
1.028808802366256714e-01 1.874965988099575043e-02
1.038895174860954285e-01 2.351189590990543365e-02
1.048981547355651855e-01 2.128049917519092560e-02
1.059067919850349426e-01 1.819575391709804535e-02
1.069154217839241028e-01 2.480201981961727142e-02
1.079240590333938599e-01 2.334452793002128601e-02
1.089326962828636169e-01 2.086275815963745117e-02
1.099413335323333740e-01 1.745989732444286346e-02
1.109499707818031311e-01 1.932385005056858063e-02
1.119586080312728882e-01 2.217467129230499268e-02
1.129672378301620483e-01 2.261324413120746613e-02
1.139758750796318054e-01 2.652595378458499908e-02
1.149845123291015625e-01 2.145309373736381531e-02
1.159931495785713196e-01 2.176628448069095612e-02
1.170017868280410767e-01 2.395795285701751709e-02
1.180104240775108337e-01 2.008581906557083130e-02
1.190190613269805908e-01 2.507976070046424866e-02
1.200276911258697510e-01 2.851485647261142731e-02
1.210363283753395081e-01 2.415270172059535980e-02
1.220449656248092651e-01 2.533682063221931458e-02
1.230536028742790222e-01 2.790229208767414093e-02
1.240622401237487793e-01 2.256515994668006897e-02
1.250708699226379395e-01 2.105913124978542328e-02
1.260795146226882935e-01 1.851246505975723267e-02
1.270881444215774536e-01 2.386050298810005188e-02
1.280967891216278076e-01 2.065112441778182983e-02
1.291054189205169678e-01 1.984652318060398102e-02
1.301140487194061279e-01 2.298930473625659943e-02
1.311226934194564819e-01 2.281980961561203003e-02
1.321313232183456421e-01 2.947518788278102875e-02
1.331399679183959961e-01 2.368516847491264343e-02
1.341485977172851562e-01 2.525185979902744293e-02
1.351572424173355103e-01 2.332453429698944092e-02
1.361658722162246704e-01 2.320920862257480621e-02
1.371745020151138306e-01 2.190887741744518280e-02
1.381831467151641846e-01 2.285847626626491547e-02
1.391917765140533447e-01 2.648053318262100220e-02
1.402004212141036987e-01 2.665173821151256561e-02
1.412090510129928589e-01 1.902461983263492584e-02
1.422176808118820190e-01 2.475150302052497864e-02
1.432263255119323730e-01 2.902972511947154999e-02
1.442349553108215332e-01 2.205123379826545715e-02
1.452436000108718872e-01 1.987886428833007812e-02
1.462522298097610474e-01 1.942771673202514648e-02
1.472608745098114014e-01 2.199253253638744354e-02
1.482695043087005615e-01 2.699446119368076324e-02
1.492781341075897217e-01 2.447501569986343384e-02
1.502867788076400757e-01 1.740108244121074677e-02
1.512954086065292358e-01 2.583491243422031403e-02
1.523040533065795898e-01 3.207401186227798462e-02
1.533126831054687500e-01 2.230851538479328156e-02
1.543213278055191040e-01 2.323218993842601776e-02
1.553299576044082642e-01 1.972138881683349609e-02
1.563385874032974243e-01 2.317239716649055481e-02
1.573472321033477783e-01 2.463389188051223755e-02
1.583558619022369385e-01 2.210254035890102386e-02
1.593645066022872925e-01 2.536299452185630798e-02
1.603731364011764526e-01 2.628925070166587830e-02
1.613817811012268066e-01 2.547854557633399963e-02
1.623904109001159668e-01 2.401416189968585968e-02
1.633990406990051270e-01 1.912666298449039459e-02
1.644076853990554810e-01 1.940832659602165222e-02
1.654163151979446411e-01 2.982480451464653015e-02
1.664249598979949951e-01 3.214902430772781372e-02
1.674335896968841553e-01 2.437593042850494385e-02
1.684422194957733154e-01 3.094914928078651428e-02
1.694508641958236694e-01 3.392225503921508789e-02
1.704594939947128296e-01 3.060372732579708099e-02
1.714681386947631836e-01 3.177551552653312683e-02
1.724767684936523438e-01 3.419833630323410034e-02
1.734854131937026978e-01 3.916945680975914001e-02
1.744940429925918579e-01 3.198730573058128357e-02
1.755026727914810181e-01 3.470011055469512939e-02
1.765113174915313721e-01 3.570356220006942749e-02
1.775199472904205322e-01 3.880811482667922974e-02
1.785285919904708862e-01 3.687273338437080383e-02
1.795372217893600464e-01 3.483497351408004761e-02
1.805458664894104004e-01 4.362220317125320435e-02
1.815544962882995605e-01 4.226545989513397217e-02
1.825631260871887207e-01 3.414078056812286377e-02
1.835717707872390747e-01 4.042496532201766968e-02
1.845804005861282349e-01 4.355724900960922241e-02
1.855890452861785889e-01 3.892623260617256165e-02
1.865976750850677490e-01 4.132797196507453918e-02
1.876063048839569092e-01 3.678076714277267456e-02
1.886149495840072632e-01 4.322775825858116150e-02
1.896235793828964233e-01 4.575543850660324097e-02
1.906322240829467773e-01 3.512360155582427979e-02
1.916408538818359375e-01 4.103862866759300232e-02
1.926494985818862915e-01 4.486117884516716003e-02
1.936581283807754517e-01 5.134614184498786926e-02
1.946667581796646118e-01 5.251039192080497742e-02
1.956754028797149658e-01 5.521180108189582825e-02
1.966840326786041260e-01 5.610366910696029663e-02
1.976926773786544800e-01 4.557671025395393372e-02
1.987013071775436401e-01 4.437636584043502808e-02
1.997099518775939941e-01 4.974905773997306824e-02
2.007185816764831543e-01 5.899969115853309631e-02
2.017272114753723145e-01 6.254532188177108765e-02
2.027358561754226685e-01 6.434229761362075806e-02
2.037444859743118286e-01 5.409808084368705750e-02
2.047531306743621826e-01 4.902488738298416138e-02
2.057617604732513428e-01 5.876814201474189758e-02
2.067703902721405029e-01 6.458333879709243774e-02
2.077790349721908569e-01 5.427916347980499268e-02
2.087876647710800171e-01 6.058877706527709961e-02
2.097963094711303711e-01 5.473949760198593140e-02
2.108049392700195312e-01 5.478029698133468628e-02
2.118135839700698853e-01 6.155124306678771973e-02
2.128222137689590454e-01 5.383154004812240601e-02
2.138308435678482056e-01 6.247075647115707397e-02
2.148394882678985596e-01 5.015448480844497681e-02
2.158481180667877197e-01 6.401827186346054077e-02
2.168567627668380737e-01 6.125869974493980408e-02
2.178653925657272339e-01 6.262937188148498535e-02
2.188740372657775879e-01 6.037888303399085999e-02
2.198826670646667480e-01 6.221966445446014404e-02
2.208912968635559082e-01 6.786316633224487305e-02
2.218999415636062622e-01 5.821260809898376465e-02
2.229085713624954224e-01 6.407266110181808472e-02
2.239172160625457764e-01 6.318380683660507202e-02
2.249258458614349365e-01 6.331316381692886353e-02
2.259344756603240967e-01 6.147961691021919250e-02
2.269431203603744507e-01 6.725481152534484863e-02
2.279517501592636108e-01 6.529936939477920532e-02
2.289603948593139648e-01 6.220010295510292053e-02
2.299690246582031250e-01 7.160134613513946533e-02
2.309776693582534790e-01 6.699433922767639160e-02
2.319862991571426392e-01 6.746150553226470947e-02
2.329949289560317993e-01 6.213254854083061218e-02
2.340035736560821533e-01 6.938584148883819580e-02
2.350122034549713135e-01 7.069645822048187256e-02
2.360208481550216675e-01 6.479419022798538208e-02
2.370294779539108276e-01 7.044279575347900391e-02
2.380381226539611816e-01 7.169906795024871826e-02
2.390467524528503418e-01 6.769580394029617310e-02
2.400553822517395020e-01 6.666290014982223511e-02
2.410640269517898560e-01 7.232985645532608032e-02
2.420726567506790161e-01 1.127364933490753174e-01
2.430813014507293701e-01 2.258736342191696167e-01
2.440899312496185303e-01 7.406753301620483398e-02
2.450985759496688843e-01 7.600086182355880737e-02
2.461072057485580444e-01 8.379445970058441162e-02
2.471158355474472046e-01 7.405417412519454956e-02
2.481244802474975586e-01 7.322483509778976440e-02
2.491331100463867188e-01 7.239062339067459106e-02
2.501417398452758789e-01 7.515905052423477173e-02
2.511503994464874268e-01 7.726448029279708862e-02
2.521590292453765869e-01 7.183948159217834473e-02
2.531676590442657471e-01 7.440171390771865845e-02
2.541762888431549072e-01 6.877356022596359253e-02
2.551849186420440674e-01 7.188888639211654663e-02
2.561935782432556152e-01 7.347048074007034302e-02
2.572022080421447754e-01 7.925137877464294434e-02
2.582108378410339355e-01 7.609613239765167236e-02
2.592194676399230957e-01 7.998686283826828003e-02
2.602280974388122559e-01 8.284799754619598389e-02
2.612367570400238037e-01 7.719855010509490967e-02
2.622453868389129639e-01 7.155485451221466064e-02
2.632540166378021240e-01 7.311039417982101440e-02
2.642626464366912842e-01 7.521619647741317749e-02
2.652712762355804443e-01 8.233280479907989502e-02
2.662799358367919922e-01 8.182808756828308105e-02
2.672885656356811523e-01 7.621926069259643555e-02
2.682971954345703125e-01 8.371023088693618774e-02
2.693058252334594727e-01 7.320787757635116577e-02
2.703144848346710205e-01 7.360629737377166748e-02
2.713231146335601807e-01 7.265403121709823608e-02
2.723317444324493408e-01 7.405868172645568848e-02
2.733403742313385010e-01 8.619096875190734863e-02
2.743490040302276611e-01 8.416289836168289185e-02
2.753576636314392090e-01 8.164586126804351807e-02
2.763662934303283691e-01 8.083780109882354736e-02
2.773749232292175293e-01 7.988992333412170410e-02
2.783835530281066895e-01 7.495713979005813599e-02
2.793921828269958496e-01 8.363284915685653687e-02
2.804008424282073975e-01 8.227149397134780884e-02
2.814094722270965576e-01 8.174887299537658691e-02
2.824181020259857178e-01 8.093682676553726196e-02
2.834267318248748779e-01 8.211798965930938721e-02
2.844353616237640381e-01 8.126884698867797852e-02
2.854440212249755859e-01 8.138989657163619995e-02
2.864526510238647461e-01 7.964990288019180298e-02
2.874612808227539062e-01 7.996961474418640137e-02
2.884699106216430664e-01 7.756016403436660767e-02
2.894785702228546143e-01 7.969056814908981323e-02
2.904872000217437744e-01 8.549848943948745728e-02
2.914958298206329346e-01 7.697759568691253662e-02
2.925044596195220947e-01 8.063472807407379150e-02
2.935130894184112549e-01 7.782214134931564331e-02
2.945217490196228027e-01 7.818522304296493530e-02
2.955303788185119629e-01 8.181376755237579346e-02
2.965390086174011230e-01 8.005511760711669922e-02
2.975476384162902832e-01 7.708960771560668945e-02
2.985562682151794434e-01 8.798471093177795410e-02
2.995649278163909912e-01 8.518004417419433594e-02
3.005735576152801514e-01 8.572649210691452026e-02
3.015821874141693115e-01 8.350808173418045044e-02
3.025908172130584717e-01 8.351975679397583008e-02
3.035994470119476318e-01 8.174496144056320190e-02
3.046081066131591797e-01 8.197192847728729248e-02
3.056167364120483398e-01 8.034134656190872192e-02
3.066253662109375000e-01 8.097051084041595459e-02
3.076339960098266602e-01 8.277540653944015503e-02
3.086426556110382080e-01 8.084599673748016357e-02
3.096512854099273682e-01 7.871782779693603516e-02
3.106599152088165283e-01 8.380763232707977295e-02
3.116685450077056885e-01 8.315011113882064819e-02
3.126771748065948486e-01 8.602651208639144897e-02
3.136858344078063965e-01 8.243234455585479736e-02
3.146944642066955566e-01 7.759412378072738647e-02
3.157030940055847168e-01 8.387864381074905396e-02
3.167117238044738770e-01 7.545001804828643799e-02
3.177203536033630371e-01 8.479968458414077759e-02
3.187290132045745850e-01 8.103798329830169678e-02
3.197376430034637451e-01 8.213365077972412109e-02
3.207462728023529053e-01 7.593635469675064087e-02
3.217549026012420654e-01 7.802481204271316528e-02
3.227635622024536133e-01 8.013462275266647339e-02
3.237721920013427734e-01 8.541075140237808228e-02
3.247808218002319336e-01 8.355553448200225830e-02
3.257894515991210938e-01 8.795019984245300293e-02
3.267980813980102539e-01 8.006471395492553711e-02
3.278067409992218018e-01 7.729071378707885742e-02
3.288153707981109619e-01 8.710544556379318237e-02
3.298240005970001221e-01 8.186478912830352783e-02
3.308326303958892822e-01 8.213644474744796753e-02
3.318412601947784424e-01 8.571410179138183594e-02
3.328499197959899902e-01 8.408264070749282837e-02
3.338585495948791504e-01 8.135553449392318726e-02
3.348671793937683105e-01 8.807464689016342163e-02
3.358758091926574707e-01 8.139562606811523438e-02
3.368844389915466309e-01 8.607633411884307861e-02
3.378930985927581787e-01 8.874604105949401855e-02
3.389017283916473389e-01 8.437851816415786743e-02
3.399103581905364990e-01 8.765277266502380371e-02
3.409189879894256592e-01 8.179737627506256104e-02
3.419276475906372070e-01 9.251653403043746948e-02
3.429362773895263672e-01 8.199711889028549194e-02
3.439449071884155273e-01 8.216011524200439453e-02
3.449535369873046875e-01 8.044704794883728027e-02
3.459621667861938477e-01 8.297005295753479004e-02
3.469708263874053955e-01 8.410785347223281860e-02
3.479794561862945557e-01 8.215101808309555054e-02
3.489880859851837158e-01 8.087249100208282471e-02
3.499967157840728760e-01 8.534754812717437744e-02
3.510053455829620361e-01 8.534948527812957764e-02
3.520140051841735840e-01 8.948177099227905273e-02
3.530226349830627441e-01 8.398916572332382202e-02
3.540312647819519043e-01 8.291593939065933228e-02
3.550398945808410645e-01 8.700126409530639648e-02
3.560485243797302246e-01 8.705186843872070312e-02
3.570571839809417725e-01 9.121417999267578125e-02
3.580658137798309326e-01 8.851087093353271484e-02
3.590744435787200928e-01 8.761547505855560303e-02
3.600830733776092529e-01 8.849661052227020264e-02
3.610917329788208008e-01 8.913869410753250122e-02
3.621003627777099609e-01 8.487546443939208984e-02
3.631089925765991211e-01 8.247290551662445068e-02
3.641176223754882812e-01 8.570347726345062256e-02
3.651262521743774414e-01 8.586116135120391846e-02
3.661349117755889893e-01 8.952494710683822632e-02
3.671435415744781494e-01 8.815849572420120239e-02
3.681521713733673096e-01 8.660686016082763672e-02
3.691608011722564697e-01 8.820345997810363770e-02
3.701694309711456299e-01 8.598893880844116211e-02
3.711780905723571777e-01 7.967339456081390381e-02
3.721867203712463379e-01 9.034278243780136108e-02
3.731953501701354980e-01 8.521015197038650513e-02
3.742039799690246582e-01 8.029878139495849609e-02
3.752126097679138184e-01 8.881614357233047485e-02
3.762212693691253662e-01 8.969201147556304932e-02
3.772298991680145264e-01 8.782034367322921753e-02
3.782385289669036865e-01 8.753889054059982300e-02
3.792471587657928467e-01 9.054612368345260620e-02
3.802558183670043945e-01 9.298649430274963379e-02
3.812644481658935547e-01 8.858500421047210693e-02
3.822730779647827148e-01 8.288867771625518799e-02
3.832817077636718750e-01 8.891970664262771606e-02
3.842903375625610352e-01 9.121292084455490112e-02
3.852989971637725830e-01 8.763265609741210938e-02
3.863076269626617432e-01 8.797035366296768188e-02
3.873162567615509033e-01 9.006434679031372070e-02
3.883248865604400635e-01 9.489171206951141357e-02
3.893335163593292236e-01 9.269811213016510010e-02
3.903421759605407715e-01 9.283710271120071411e-02
3.913508057594299316e-01 9.450964629650115967e-02
3.923594355583190918e-01 9.159499406814575195e-02
3.933680653572082520e-01 8.882177621126174927e-02
3.943766951560974121e-01 9.099588543176651001e-02
3.953853547573089600e-01 8.916205167770385742e-02
3.963939845561981201e-01 9.289454668760299683e-02
3.974026143550872803e-01 8.870967477560043335e-02
3.984112441539764404e-01 9.619558602571487427e-02
3.994199037551879883e-01 9.398449957370758057e-02
4.004285335540771484e-01 8.673457056283950806e-02
4.014371633529663086e-01 9.184663742780685425e-02
4.024457931518554688e-01 9.548196196556091309e-02
4.034544229507446289e-01 9.465956687927246094e-02
4.044630825519561768e-01 9.504349529743194580e-02
4.054717123508453369e-01 9.317017346620559692e-02
4.064803421497344971e-01 9.569711238145828247e-02
4.074889719486236572e-01 1.003193780779838562e-01
4.084976017475128174e-01 8.978346735239028931e-02
4.095062613487243652e-01 9.027441591024398804e-02
4.105148911476135254e-01 8.974604308605194092e-02
4.115235209465026855e-01 9.397493302822113037e-02
4.125321507453918457e-01 9.664459526538848877e-02
4.135407805442810059e-01 1.003746092319488525e-01
4.145494401454925537e-01 9.458945691585540771e-02
4.155580699443817139e-01 9.642006456851959229e-02
4.165666997432708740e-01 9.390273690223693848e-02
4.175753295421600342e-01 9.871576726436614990e-02
4.185839891433715820e-01 9.932930767536163330e-02
4.195926189422607422e-01 1.030879318714141846e-01
4.206012487411499023e-01 9.865455329418182373e-02
4.216098785400390625e-01 9.358330070972442627e-02
4.226185083389282227e-01 9.762800484895706177e-02
4.236271679401397705e-01 9.738734364509582520e-02
4.246357977390289307e-01 1.002846434712409973e-01
4.256444275379180908e-01 9.793870151042938232e-02
4.266530573368072510e-01 1.010661646723747253e-01
4.276616871356964111e-01 1.055622994899749756e-01
4.286703467369079590e-01 1.022975966334342957e-01
4.296789765357971191e-01 9.927173703908920288e-02
4.306876063346862793e-01 1.038696393370628357e-01
4.316962361335754395e-01 1.007912009954452515e-01
4.327048659324645996e-01 1.060600504279136658e-01
4.337135255336761475e-01 1.058681830763816833e-01
4.347221553325653076e-01 9.871409833431243896e-02
4.357307851314544678e-01 1.058384701609611511e-01
4.367394149303436279e-01 1.058715358376502991e-01
4.377480745315551758e-01 9.989493340253829956e-02
4.387567043304443359e-01 1.050128489732742310e-01
4.397653341293334961e-01 1.096932590007781982e-01
4.407739639282226562e-01 1.047204509377479553e-01
4.417825937271118164e-01 1.077162623405456543e-01
4.427912533283233643e-01 1.068368479609489441e-01
4.437998831272125244e-01 1.146993935108184814e-01
4.448085129261016846e-01 1.111547723412513733e-01
4.458171427249908447e-01 1.065093427896499634e-01
4.468257725238800049e-01 1.086713746190071106e-01
4.478344321250915527e-01 1.050240620970726013e-01
4.488430619239807129e-01 1.070387512445449829e-01
4.498516917228698730e-01 1.090605109930038452e-01
4.508603215217590332e-01 1.085411086678504944e-01
4.518689513206481934e-01 1.067171320319175720e-01
4.528776109218597412e-01 1.085228174924850464e-01
4.538862407207489014e-01 1.024586334824562073e-01
4.548948705196380615e-01 1.114867255091667175e-01
4.559035003185272217e-01 1.102680936455726624e-01
4.569121599197387695e-01 1.077913492918014526e-01
4.579207897186279297e-01 1.068188920617103577e-01
4.589294195175170898e-01 1.119276434183120728e-01
4.599380493164062500e-01 1.152424067258834839e-01
4.609466791152954102e-01 1.068773567676544189e-01
4.619553387165069580e-01 1.113344505429267883e-01
4.629639685153961182e-01 1.152594983577728271e-01
4.639725983142852783e-01 1.096729934215545654e-01
4.649812281131744385e-01 1.163004487752914429e-01
4.659898579120635986e-01 1.119271516799926758e-01
4.669985175132751465e-01 1.164616867899894714e-01
4.680071473121643066e-01 1.161423847079277039e-01
4.690157771110534668e-01 1.132120564579963684e-01
4.700244069099426270e-01 1.169562339782714844e-01
4.710330665111541748e-01 1.146649271249771118e-01
4.720416963100433350e-01 1.201829835772514343e-01
4.730503261089324951e-01 1.197232753038406372e-01
4.740589559078216553e-01 1.236895620822906494e-01
4.750675857067108154e-01 1.193540021777153015e-01
4.760762453079223633e-01 1.165259182453155518e-01
4.770848751068115234e-01 1.145101338624954224e-01
4.780935049057006836e-01 1.157580167055130005e-01
4.791021347045898438e-01 1.201592832803726196e-01
4.801107645034790039e-01 1.155379936099052429e-01
4.811194241046905518e-01 1.272005736827850342e-01
4.821280539035797119e-01 1.248877272009849548e-01
4.831366837024688721e-01 1.254938840866088867e-01
4.841453135013580322e-01 1.298326998949050903e-01
4.851539433002471924e-01 1.273432523012161255e-01
4.861626029014587402e-01 1.216763779520988464e-01
4.871712327003479004e-01 1.180368065834045410e-01
4.881798624992370605e-01 1.220357194542884827e-01
4.891884922981262207e-01 1.218927204608917236e-01
4.901971518993377686e-01 1.260816007852554321e-01
4.912057816982269287e-01 1.246716380119323730e-01
4.922144114971160889e-01 1.278824508190155029e-01
4.932230412960052490e-01 1.258659362792968750e-01
4.942316710948944092e-01 1.237984746694564819e-01
4.952403306961059570e-01 1.306125372648239136e-01
4.962489604949951172e-01 1.303249895572662354e-01
4.972575902938842773e-01 1.260402947664260864e-01
4.982662200927734375e-01 1.261721849441528320e-01
4.992748498916625977e-01 1.301260888576507568e-01
5.002834796905517578e-01 1.336379349231719971e-01
5.012921094894409180e-01 1.334601491689682007e-01
5.023007988929748535e-01 1.309096813201904297e-01
5.033094286918640137e-01 1.406365334987640381e-01
5.043180584907531738e-01 1.997958421707153320e-01
5.053266882896423340e-01 1.642513424158096313e-01
5.063353180885314941e-01 1.376544386148452759e-01
5.073439478874206543e-01 1.272883415222167969e-01
5.083525776863098145e-01 1.223512142896652222e-01
5.093612074851989746e-01 1.254158020019531250e-01
5.103698372840881348e-01 1.184890270233154297e-01
5.113784670829772949e-01 1.149272471666336060e-01
5.123871564865112305e-01 1.138338819146156311e-01
5.133957862854003906e-01 1.180192753672599792e-01
5.144044160842895508e-01 1.179964691400527954e-01
5.154130458831787109e-01 1.212589889764785767e-01
5.164216756820678711e-01 1.172168776392936707e-01
5.174303054809570312e-01 1.179992854595184326e-01
5.184389352798461914e-01 1.126974299550056458e-01
5.194475650787353516e-01 1.107712313532829285e-01
5.204561948776245117e-01 1.142298132181167603e-01
5.214648842811584473e-01 1.207628101110458374e-01
5.224735140800476074e-01 1.160244420170783997e-01
5.234821438789367676e-01 1.187885180115699768e-01
5.244907736778259277e-01 1.159501075744628906e-01
5.254994034767150879e-01 1.137024387717247009e-01
5.265080332756042480e-01 1.127060353755950928e-01
5.275166630744934082e-01 1.082739606499671936e-01
5.285252928733825684e-01 1.087085679173469543e-01
5.295339226722717285e-01 1.135994195938110352e-01
5.305425524711608887e-01 1.154848039150238037e-01
5.315512418746948242e-01 1.183290556073188782e-01
5.325598716735839844e-01 1.237491592764854431e-01
5.335685014724731445e-01 1.285760700702667236e-01
5.345771312713623047e-01 1.361709386110305786e-01
5.355857610702514648e-01 1.309580951929092407e-01
5.365943908691406250e-01 1.392495483160018921e-01
5.376030206680297852e-01 1.425700932741165161e-01
5.386116504669189453e-01 1.473881155252456665e-01
5.396202802658081055e-01 1.411873251199722290e-01
5.406289696693420410e-01 1.395168602466583252e-01
5.416375994682312012e-01 1.459327787160873413e-01
5.426462292671203613e-01 1.451971977949142456e-01
5.436548590660095215e-01 1.522623449563980103e-01
5.446634888648986816e-01 1.443686187267303467e-01
5.456721186637878418e-01 1.524901241064071655e-01
5.466807484626770020e-01 1.442836225032806396e-01
5.476893782615661621e-01 1.482301354408264160e-01
5.486980080604553223e-01 1.588154286146163940e-01
5.497066378593444824e-01 1.583100110292434692e-01
5.507153272628784180e-01 1.578048467636108398e-01
5.517239570617675781e-01 1.602933257818222046e-01
5.527325868606567383e-01 1.557921767234802246e-01
5.537412166595458984e-01 1.584883034229278564e-01
5.547498464584350586e-01 1.631034761667251587e-01
5.557584762573242188e-01 1.672846525907516479e-01
5.567671060562133789e-01 1.679020673036575317e-01
5.577757358551025391e-01 1.581942588090896606e-01
5.587843656539916992e-01 1.713992506265640259e-01
5.597930550575256348e-01 1.757320016622543335e-01
5.608016848564147949e-01 1.740305423736572266e-01
5.618103146553039551e-01 1.731811761856079102e-01
5.628189444541931152e-01 1.797929853200912476e-01
5.638275742530822754e-01 1.767445504665374756e-01
5.648362040519714355e-01 1.863861829042434692e-01
5.658448338508605957e-01 1.824777722358703613e-01
5.668534636497497559e-01 1.827812045812606812e-01
5.678620934486389160e-01 1.876387745141983032e-01
5.688707232475280762e-01 1.827075481414794922e-01
5.698794126510620117e-01 1.940091997385025024e-01
5.708880424499511719e-01 1.827825456857681274e-01
5.718966722488403320e-01 1.816787123680114746e-01
5.729053020477294922e-01 1.854185611009597778e-01
5.739139318466186523e-01 1.886778920888900757e-01
5.749225616455078125e-01 1.987635791301727295e-01
5.759311914443969727e-01 1.975153237581253052e-01
5.769398212432861328e-01 2.017140388488769531e-01
5.779484510421752930e-01 2.059506922960281372e-01
5.789571404457092285e-01 2.011574953794479370e-01
5.799657702445983887e-01 1.864859163761138916e-01
5.809744000434875488e-01 1.964301466941833496e-01
5.819830298423767090e-01 2.033355534076690674e-01
5.829916596412658691e-01 2.049396783113479614e-01
5.840002894401550293e-01 2.077418714761734009e-01
5.850089192390441895e-01 2.098382264375686646e-01
5.860175490379333496e-01 2.078680694103240967e-01
5.870261788368225098e-01 2.155283987522125244e-01
5.880348086357116699e-01 2.158942222595214844e-01
5.890434980392456055e-01 2.129500061273574829e-01
5.900521278381347656e-01 2.097038626670837402e-01
5.910607576370239258e-01 2.154463976621627808e-01
5.920693874359130859e-01 2.084675580263137817e-01
5.930780172348022461e-01 2.156410068273544312e-01
5.940866470336914062e-01 2.184110581874847412e-01
5.950952768325805664e-01 2.263470590114593506e-01
5.961039066314697266e-01 2.175300866365432739e-01
5.971125364303588867e-01 2.310418188571929932e-01
5.981212258338928223e-01 2.261245101690292358e-01
5.991298556327819824e-01 2.264749705791473389e-01
6.001384854316711426e-01 2.259056419134140015e-01
6.011471152305603027e-01 2.328192293643951416e-01
6.021557450294494629e-01 2.257665693759918213e-01
6.031643748283386230e-01 2.302207648754119873e-01
6.041730046272277832e-01 2.339868396520614624e-01
6.051816344261169434e-01 2.314513325691223145e-01
6.061902642250061035e-01 2.376224547624588013e-01
6.071988940238952637e-01 2.448219507932662964e-01
6.082075834274291992e-01 2.396805882453918457e-01
6.092162132263183594e-01 2.405951619148254395e-01
6.102248430252075195e-01 2.379137128591537476e-01
6.112334728240966797e-01 2.372082173824310303e-01
6.122421026229858398e-01 2.485698461532592773e-01
6.132507324218750000e-01 2.541826665401458740e-01
6.142593622207641602e-01 2.554541230201721191e-01
6.152679920196533203e-01 2.556212544441223145e-01
6.162766218185424805e-01 2.491070926189422607e-01
6.172853112220764160e-01 2.544827163219451904e-01
6.182939410209655762e-01 2.563106715679168701e-01
6.193025708198547363e-01 2.586258053779602051e-01
6.203112006187438965e-01 2.538563907146453857e-01
6.213198304176330566e-01 2.558538913726806641e-01
6.223284602165222168e-01 2.697703242301940918e-01
6.233370900154113770e-01 2.687991261482238770e-01
6.243457198143005371e-01 2.817630171775817871e-01
6.253543496131896973e-01 2.600492238998413086e-01
6.263629794120788574e-01 2.708788216114044189e-01
6.273716688156127930e-01 2.740218341350555420e-01
6.283802986145019531e-01 2.693421840667724609e-01
6.293889284133911133e-01 2.853817641735076904e-01
6.303975582122802734e-01 2.756125628948211670e-01
6.314061880111694336e-01 2.689199745655059814e-01
6.324148178100585938e-01 2.805390655994415283e-01
6.334234476089477539e-01 2.787056267261505127e-01
6.344320774078369141e-01 2.814621031284332275e-01
6.354407072067260742e-01 2.755155563354492188e-01
6.364493966102600098e-01 2.890887856483459473e-01
6.374580264091491699e-01 2.912221550941467285e-01
6.384666562080383301e-01 2.948282063007354736e-01
6.394752860069274902e-01 2.782031297683715820e-01
6.404839158058166504e-01 2.948853671550750732e-01
6.414925456047058105e-01 2.975969910621643066e-01
6.425011754035949707e-01 2.771338820457458496e-01
6.435098052024841309e-01 2.975763380527496338e-01
6.445184350013732910e-01 2.967067062854766846e-01
6.455271244049072266e-01 3.077427446842193604e-01
6.465357542037963867e-01 2.954726219177246094e-01
6.475443840026855469e-01 2.920430004596710205e-01
6.485530138015747070e-01 2.906689941883087158e-01
6.495616436004638672e-01 3.010333776473999023e-01
6.505702733993530273e-01 3.060435652732849121e-01
6.515789031982421875e-01 3.004830777645111084e-01
6.525875329971313477e-01 3.055104017257690430e-01
6.535961627960205078e-01 3.107762336730957031e-01
6.546047925949096680e-01 3.110928833484649658e-01
6.556134819984436035e-01 3.153761625289916992e-01
6.566221117973327637e-01 3.173599541187286377e-01
6.576307415962219238e-01 3.247476220130920410e-01
6.586393713951110840e-01 3.240136206150054932e-01
6.596480011940002441e-01 3.182773292064666748e-01
6.606566309928894043e-01 3.229876458644866943e-01
6.616652607917785645e-01 3.244716525077819824e-01
6.626738905906677246e-01 3.325311541557312012e-01
6.636825203895568848e-01 3.207529485225677490e-01
6.646912097930908203e-01 3.188810050487518311e-01
6.656998395919799805e-01 3.340361118316650391e-01
6.667084693908691406e-01 3.405928015708923340e-01
6.677170991897583008e-01 3.384696245193481445e-01
6.687257289886474609e-01 3.277710676193237305e-01
6.697343587875366211e-01 3.389289677143096924e-01
6.707429885864257812e-01 3.346337676048278809e-01
6.717516183853149414e-01 3.408337533473968506e-01
6.727602481842041016e-01 3.367940783500671387e-01
6.737688779830932617e-01 3.523890078067779541e-01
6.747775673866271973e-01 3.519834876060485840e-01
6.757861971855163574e-01 3.411895632743835449e-01
6.767948269844055176e-01 3.497237265110015869e-01
6.778034567832946777e-01 3.469944596290588379e-01
6.788120865821838379e-01 3.622779250144958496e-01
6.798207163810729980e-01 3.596400916576385498e-01
6.808293461799621582e-01 3.447951674461364746e-01
6.818379759788513184e-01 3.562999963760375977e-01
6.828466057777404785e-01 3.631876409053802490e-01
6.838552951812744141e-01 3.569280505180358887e-01
6.848639249801635742e-01 3.473621308803558350e-01
6.858725547790527344e-01 3.659274280071258545e-01
6.868811845779418945e-01 3.688517510890960693e-01
6.878898143768310547e-01 3.634072244167327881e-01
6.888984441757202148e-01 3.768762350082397461e-01
6.899070739746093750e-01 3.558682203292846680e-01
6.909157037734985352e-01 3.657951951026916504e-01
6.919243335723876953e-01 3.840309083461761475e-01
6.929329633712768555e-01 3.792679905891418457e-01
6.939416527748107910e-01 3.795028030872344971e-01
6.949502825736999512e-01 3.780746459960937500e-01
6.959589123725891113e-01 3.929388225078582764e-01
6.969675421714782715e-01 3.983572721481323242e-01
6.979761719703674316e-01 3.885660767555236816e-01
6.989848017692565918e-01 3.892702162265777588e-01
6.999934315681457520e-01 3.757581412792205811e-01
7.010020613670349121e-01 3.895905315876007080e-01
7.020106911659240723e-01 3.966077268123626709e-01
7.030193805694580078e-01 3.963695466518402100e-01
7.040280103683471680e-01 3.964363038539886475e-01
7.050366401672363281e-01 3.962003588676452637e-01
7.060452699661254883e-01 4.158009588718414307e-01
7.070538997650146484e-01 3.983148038387298584e-01
7.080625295639038086e-01 4.042214751243591309e-01
7.090711593627929688e-01 4.095894694328308105e-01
7.100797891616821289e-01 4.089066386222839355e-01
7.110884189605712891e-01 4.081928730010986328e-01
7.120970487594604492e-01 4.122854173183441162e-01
7.131057381629943848e-01 4.261619746685028076e-01
7.141143679618835449e-01 4.138183295726776123e-01
7.151229977607727051e-01 4.303009808063507080e-01
7.161316275596618652e-01 4.190278649330139160e-01
7.171402573585510254e-01 4.190278351306915283e-01
7.181488871574401855e-01 4.325546622276306152e-01
7.191575169563293457e-01 4.218343198299407959e-01
7.201661467552185059e-01 4.378893375396728516e-01
7.211747765541076660e-01 4.354376792907714844e-01
7.221834659576416016e-01 4.288109838962554932e-01
7.231920957565307617e-01 4.394648671150207520e-01
7.242007255554199219e-01 4.357765018939971924e-01
7.252093553543090820e-01 4.300791025161743164e-01
7.262179851531982422e-01 4.389238953590393066e-01
7.272266149520874023e-01 4.452992379665374756e-01
7.282352447509765625e-01 4.383565485477447510e-01
7.292438745498657227e-01 4.359804987907409668e-01
7.302525043487548828e-01 4.513554573059082031e-01
7.312611341476440430e-01 4.350664615631103516e-01
7.322698235511779785e-01 4.412939250469207764e-01
7.332784533500671387e-01 4.446941316127777100e-01
7.342870831489562988e-01 4.636149406433105469e-01
7.352957129478454590e-01 4.515370726585388184e-01
7.363043427467346191e-01 4.515092968940734863e-01
7.373129725456237793e-01 4.610313177108764648e-01
7.383216023445129395e-01 4.557200968265533447e-01
7.393302321434020996e-01 4.498472213745117188e-01
7.403388619422912598e-01 4.475226700305938721e-01
7.413475513458251953e-01 4.570493996143341064e-01
7.423561811447143555e-01 4.593614935874938965e-01
7.433648109436035156e-01 4.714757800102233887e-01
7.443734407424926758e-01 4.588437378406524658e-01
7.453820705413818359e-01 4.639125168323516846e-01
7.463907003402709961e-01 4.603272974491119385e-01
7.473993301391601562e-01 4.721704125404357910e-01
7.484079599380493164e-01 4.783502221107482910e-01
7.494165897369384766e-01 4.972709119319915771e-01
7.504252195358276367e-01 4.831659495830535889e-01
7.514339089393615723e-01 4.810453653335571289e-01
7.524425387382507324e-01 5.223994255065917969e-01
7.534511685371398926e-01 5.394888520240783691e-01
7.544597983360290527e-01 4.817494750022888184e-01
7.554684281349182129e-01 4.761412441730499268e-01
7.564770579338073730e-01 4.992822408676147461e-01
7.574856877326965332e-01 4.943528473377227783e-01
7.584943175315856934e-01 4.837435483932495117e-01
7.595029473304748535e-01 4.876290559768676758e-01
7.605116367340087891e-01 4.900264739990234375e-01
7.615202665328979492e-01 5.043054223060607910e-01
7.625288963317871094e-01 5.040272474288940430e-01
7.635375261306762695e-01 5.094782114028930664e-01
7.645461559295654297e-01 5.032902359962463379e-01
7.655547857284545898e-01 5.026147961616516113e-01
7.665634155273437500e-01 4.896489977836608887e-01
7.675720453262329102e-01 5.134843587875366211e-01
7.685806751251220703e-01 5.054507255554199219e-01
7.695893049240112305e-01 4.964786469936370850e-01
7.705979943275451660e-01 5.172558426856994629e-01
7.716066241264343262e-01 5.217948555946350098e-01
7.726152539253234863e-01 5.166349411010742188e-01
7.736238837242126465e-01 5.187194347381591797e-01
7.746325135231018066e-01 5.087192654609680176e-01
7.756411433219909668e-01 5.217384099960327148e-01
7.766497731208801270e-01 5.165978074073791504e-01
7.776584029197692871e-01 5.198702216148376465e-01
7.786670327186584473e-01 5.192190408706665039e-01
7.796757221221923828e-01 5.215921401977539062e-01
7.806843519210815430e-01 5.119842290878295898e-01
7.816929817199707031e-01 5.244108438491821289e-01
7.827016115188598633e-01 5.110974311828613281e-01
7.837102413177490234e-01 5.316234230995178223e-01
7.847188711166381836e-01 5.290632247924804688e-01
7.857275009155273438e-01 5.389346480369567871e-01
7.867361307144165039e-01 5.287389159202575684e-01
7.877447605133056641e-01 5.478525757789611816e-01
7.887533903121948242e-01 5.369709730148315430e-01
7.897620797157287598e-01 5.539336204528808594e-01
7.907707095146179199e-01 5.408936142921447754e-01
7.917793393135070801e-01 5.240877270698547363e-01
7.927879691123962402e-01 5.409250259399414062e-01
7.937965989112854004e-01 5.324469804763793945e-01
7.948052287101745605e-01 5.340122580528259277e-01
7.958138585090637207e-01 5.473049879074096680e-01
7.968224883079528809e-01 5.232380628585815430e-01
7.978311181068420410e-01 5.362994670867919922e-01
7.988398075103759766e-01 5.363755226135253906e-01
7.998484373092651367e-01 5.566548705101013184e-01
8.008570671081542969e-01 5.556680560111999512e-01
8.018656969070434570e-01 5.411499142646789551e-01
8.028743267059326172e-01 5.464727282524108887e-01
8.038829565048217773e-01 5.364764928817749023e-01
8.048915863037109375e-01 5.501754283905029297e-01
8.059002161026000977e-01 5.570714473724365234e-01
8.069088459014892578e-01 5.526977777481079102e-01
8.079174757003784180e-01 5.545353889465332031e-01
8.089261651039123535e-01 5.482899546623229980e-01
8.099347949028015137e-01 5.370318889617919922e-01
8.109434247016906738e-01 5.485036373138427734e-01
8.119520545005798340e-01 5.508260130882263184e-01
8.129606842994689941e-01 5.536492466926574707e-01
8.139693140983581543e-01 5.620176792144775391e-01
8.149779438972473145e-01 5.660791397094726562e-01
8.159865736961364746e-01 5.600779056549072266e-01
8.169952034950256348e-01 5.544968843460083008e-01
8.180038928985595703e-01 5.702911615371704102e-01
8.190125226974487305e-01 5.762040615081787109e-01
8.200211524963378906e-01 5.751864910125732422e-01
8.210297822952270508e-01 5.758215188980102539e-01
8.220384120941162109e-01 5.825600624084472656e-01
8.230470418930053711e-01 5.594161748886108398e-01
8.240556716918945312e-01 5.750842094421386719e-01
8.250643014907836914e-01 5.781014561653137207e-01
8.260729312896728516e-01 5.835186839103698730e-01
8.270815610885620117e-01 5.895408391952514648e-01
8.280902504920959473e-01 5.802913308143615723e-01
8.290988802909851074e-01 5.828638076782226562e-01
8.301075100898742676e-01 5.893630385398864746e-01
8.311161398887634277e-01 5.797662138938903809e-01
8.321247696876525879e-01 5.962292551994323730e-01
8.331333994865417480e-01 5.925548672676086426e-01
8.341420292854309082e-01 5.952010750770568848e-01
8.351506590843200684e-01 6.069545149803161621e-01
8.361592888832092285e-01 5.974463820457458496e-01
8.371679782867431641e-01 6.037122011184692383e-01
8.381766080856323242e-01 5.897311568260192871e-01
8.391852378845214844e-01 5.887070298194885254e-01
8.401938676834106445e-01 6.058995723724365234e-01
8.412024974822998047e-01 5.966309905052185059e-01
8.422111272811889648e-01 5.931049585342407227e-01
8.432197570800781250e-01 5.975364446640014648e-01
8.442283868789672852e-01 5.981080532073974609e-01
8.452370166778564453e-01 5.977275371551513672e-01
8.462456464767456055e-01 6.001145839691162109e-01
8.472543358802795410e-01 6.308795809745788574e-01
8.482629656791687012e-01 6.211574673652648926e-01
8.492715954780578613e-01 6.404511332511901855e-01
8.502802252769470215e-01 6.609111428260803223e-01
8.512888550758361816e-01 6.639364957809448242e-01
8.522974848747253418e-01 6.746964454650878906e-01
8.533061146736145020e-01 6.800122261047363281e-01
8.543147444725036621e-01 6.822550296783447266e-01
8.553233742713928223e-01 6.820451617240905762e-01
8.563320636749267578e-01 7.005402445793151855e-01
8.573406934738159180e-01 6.810936331748962402e-01
8.583493232727050781e-01 6.996271014213562012e-01
8.593579530715942383e-01 7.042706012725830078e-01
8.603665828704833984e-01 6.865023970603942871e-01
8.613752126693725586e-01 7.162840366363525391e-01
8.623838424682617188e-01 7.114235758781433105e-01
8.633924722671508789e-01 7.140886783599853516e-01
8.644011020660400391e-01 7.160539031028747559e-01
8.654097318649291992e-01 7.235816717147827148e-01
8.664184212684631348e-01 7.172486186027526855e-01
8.674270510673522949e-01 7.445374727249145508e-01
8.684356808662414551e-01 7.303289175033569336e-01
8.694443106651306152e-01 7.243001461029052734e-01
8.704529404640197754e-01 7.396943569183349609e-01
8.714615702629089355e-01 7.201217412948608398e-01
8.724702000617980957e-01 7.155897021293640137e-01
8.734788298606872559e-01 7.282133698463439941e-01
8.744874596595764160e-01 7.164973616600036621e-01
8.754961490631103516e-01 7.339944839477539062e-01
8.765047788619995117e-01 7.361482977867126465e-01
8.775134086608886719e-01 7.183001041412353516e-01
8.785220384597778320e-01 7.350444793701171875e-01
8.795306682586669922e-01 7.376384735107421875e-01
8.805392980575561523e-01 7.399303317070007324e-01
8.815479278564453125e-01 7.291846275329589844e-01
8.825565576553344727e-01 7.380123138427734375e-01
8.835651874542236328e-01 7.255432605743408203e-01
8.845738172531127930e-01 7.391082048416137695e-01
8.855825066566467285e-01 7.281984686851501465e-01
8.865911364555358887e-01 7.358026504516601562e-01
8.875997662544250488e-01 7.310600280761718750e-01
8.886083960533142090e-01 7.554007172584533691e-01
8.896170258522033691e-01 7.772017121315002441e-01
8.906256556510925293e-01 7.419111132621765137e-01
8.916342854499816895e-01 7.437440156936645508e-01
8.926429152488708496e-01 7.677921056747436523e-01
8.936515450477600098e-01 7.622118592262268066e-01
8.946602344512939453e-01 7.704154253005981445e-01
8.956688642501831055e-01 7.583676576614379883e-01
8.966774940490722656e-01 7.483865022659301758e-01
8.976861238479614258e-01 7.799409627914428711e-01
8.986947536468505859e-01 7.843925356864929199e-01
8.997033834457397461e-01 7.486668229103088379e-01
9.007120132446289062e-01 7.558919191360473633e-01
9.017206430435180664e-01 7.686007022857666016e-01
9.027292728424072266e-01 7.706245183944702148e-01
9.037379026412963867e-01 7.815464735031127930e-01
9.047465920448303223e-01 7.686603665351867676e-01
9.057552218437194824e-01 7.788966298103332520e-01
9.067638516426086426e-01 8.044063448905944824e-01
9.077724814414978027e-01 7.912380695343017578e-01
9.087811112403869629e-01 7.847762703895568848e-01
9.097897410392761230e-01 8.120419383049011230e-01
9.107983708381652832e-01 8.242803812026977539e-01
9.118070006370544434e-01 8.289835453033447266e-01
9.128156304359436035e-01 8.192118406295776367e-01
9.138243198394775391e-01 8.209499120712280273e-01
9.148329496383666992e-01 8.144099712371826172e-01
9.158415794372558594e-01 8.273823261260986328e-01
9.168502092361450195e-01 8.173270225524902344e-01
9.178588390350341797e-01 8.249174952507019043e-01
9.188674688339233398e-01 8.294746875762939453e-01
9.198760986328125000e-01 8.289915919303894043e-01
9.208847284317016602e-01 8.089376091957092285e-01
9.218933582305908203e-01 8.217976093292236328e-01
9.229020476341247559e-01 8.486718535423278809e-01
9.239106774330139160e-01 8.208653926849365234e-01
9.249193072319030762e-01 8.396170735359191895e-01
9.259279370307922363e-01 8.522868156433105469e-01
9.269365668296813965e-01 8.646068572998046875e-01
9.279451966285705566e-01 8.622667193412780762e-01
9.289538264274597168e-01 8.554624915122985840e-01
9.299624562263488770e-01 8.730210661888122559e-01
9.309710860252380371e-01 8.655309677124023438e-01
9.319797158241271973e-01 8.798178434371948242e-01
9.329884052276611328e-01 8.977752327919006348e-01
9.339970350265502930e-01 8.698946833610534668e-01
9.350056648254394531e-01 8.802614212036132812e-01
9.360142946243286133e-01 8.958213329315185547e-01
9.370229244232177734e-01 8.848780393600463867e-01
9.380315542221069336e-01 8.942002058029174805e-01
9.390401840209960938e-01 8.754081726074218750e-01
9.400488138198852539e-01 9.150266051292419434e-01
9.410574436187744141e-01 9.109969735145568848e-01
9.420661330223083496e-01 9.052463769912719727e-01
9.430747628211975098e-01 8.821993470191955566e-01
9.440833926200866699e-01 9.100730419158935547e-01
9.450920224189758301e-01 8.990423679351806641e-01
9.461006522178649902e-01 9.027843475341796875e-01
9.471092820167541504e-01 9.226726293563842773e-01
9.481179118156433105e-01 9.357002973556518555e-01
9.491265416145324707e-01 9.169617295265197754e-01
9.501351714134216309e-01 9.077914357185363770e-01
9.511438012123107910e-01 9.393240809440612793e-01
9.521524906158447266e-01 9.201849699020385742e-01
9.531611204147338867e-01 9.366577267646789551e-01
9.541697502136230469e-01 9.791662693023681641e-01
9.551783800125122070e-01 9.634878635406494141e-01
9.561870098114013672e-01 9.560423493385314941e-01
9.571956396102905273e-01 9.332916736602783203e-01
9.582042694091796875e-01 9.648975133895874023e-01
9.592128992080688477e-01 9.693486094474792480e-01
9.602215290069580078e-01 9.782343506813049316e-01
9.612302184104919434e-01 9.763411879539489746e-01
9.622388482093811035e-01 9.567910432815551758e-01
9.632474780082702637e-01 9.643763303756713867e-01
9.642561078071594238e-01 9.750972986221313477e-01
9.652647376060485840e-01 9.877674579620361328e-01
9.662733674049377441e-01 1.020070672035217285e+00
9.672819972038269043e-01 1.024083852767944336e+00
9.682906270027160645e-01 9.980669021606445312e-01
9.692992568016052246e-01 1.024665117263793945e+00
9.703078866004943848e-01 1.043781995773315430e+00
9.713165760040283203e-01 1.042718172073364258e+00
9.723252058029174805e-01 1.006561040878295898e+00
9.733338356018066406e-01 1.011943578720092773e+00
9.743424654006958008e-01 1.076309561729431152e+00
9.753510951995849609e-01 1.069297432899475098e+00
9.763597249984741211e-01 1.126965880393981934e+00
9.773683547973632812e-01 1.090577721595764160e+00
9.783769845962524414e-01 1.032699108123779297e+00
9.793856143951416016e-01 1.061094403266906738e+00
9.803943037986755371e-01 1.085131645202636719e+00
9.814029335975646973e-01 1.039433717727661133e+00
9.824115633964538574e-01 1.124935269355773926e+00
9.834201931953430176e-01 1.122752070426940918e+00
9.844288229942321777e-01 1.105467557907104492e+00
9.854374527931213379e-01 1.120033621788024902e+00
9.864460825920104980e-01 1.135250091552734375e+00
9.874547123908996582e-01 1.106183528900146484e+00
9.884633421897888184e-01 1.173403739929199219e+00
9.894719719886779785e-01 1.117101073265075684e+00
9.904806613922119141e-01 1.119417190551757812e+00
9.914892911911010742e-01 1.129046201705932617e+00
9.924979209899902344e-01 1.114218115806579590e+00
9.935065507888793945e-01 1.163939237594604492e+00
9.945151805877685547e-01 1.200920820236206055e+00
9.955238103866577148e-01 1.196773052215576172e+00
9.965324401855468750e-01 1.175153374671936035e+00
9.975410699844360352e-01 1.157817363739013672e+00
9.985496997833251953e-01 1.218556761741638184e+00
9.995583891868591309e-01 1.185624122619628906e+00
1.000566959381103516e+00 1.224398612976074219e+00
1.001575589179992676e+00 1.180894017219543457e+00
1.002584218978881836e+00 1.218790054321289062e+00
1.003592848777770996e+00 1.243700146675109863e+00
1.004601597785949707e+00 1.239927887916564941e+00
1.005610227584838867e+00 1.221769213676452637e+00
1.006618857383728027e+00 1.282424688339233398e+00
1.007627487182617188e+00 1.283154010772705078e+00
1.008636116981506348e+00 1.329192161560058594e+00
1.009644746780395508e+00 1.319076061248779297e+00
1.010653376579284668e+00 1.332760691642761230e+00
1.011662006378173828e+00 1.281167149543762207e+00
1.012670636177062988e+00 1.336951494216918945e+00
1.013679265975952148e+00 1.276639580726623535e+00
1.014687895774841309e+00 1.270495414733886719e+00
1.015696525573730469e+00 1.350683689117431641e+00
1.016705155372619629e+00 1.347752451896667480e+00
1.017713785171508789e+00 1.325299739837646484e+00
1.018722414970397949e+00 1.300773382186889648e+00
1.019731044769287109e+00 1.354577064514160156e+00
1.020739674568176270e+00 1.342772126197814941e+00
1.021748304367065430e+00 1.365314364433288574e+00
1.022756934165954590e+00 1.310526371002197266e+00
1.023765683174133301e+00 1.298189520835876465e+00
1.024774312973022461e+00 1.280507802963256836e+00
1.025782942771911621e+00 1.390417575836181641e+00
1.026791572570800781e+00 1.337394952774047852e+00
1.027800202369689941e+00 1.322357654571533203e+00
1.028808832168579102e+00 1.360416293144226074e+00
1.029817461967468262e+00 1.365357279777526855e+00
1.030826091766357422e+00 1.410407781600952148e+00
1.031834721565246582e+00 1.322126030921936035e+00
1.032843351364135742e+00 1.373311996459960938e+00
1.033851981163024902e+00 1.351104021072387695e+00
1.034860610961914062e+00 1.378514766693115234e+00
1.035869240760803223e+00 1.338017106056213379e+00
1.036877870559692383e+00 1.353639602661132812e+00
1.037886500358581543e+00 1.363584399223327637e+00
1.038895130157470703e+00 1.413515567779541016e+00
1.039903759956359863e+00 1.426661849021911621e+00
1.040912389755249023e+00 1.391787886619567871e+00
1.041921019554138184e+00 1.437657833099365234e+00
1.042929768562316895e+00 1.406397700309753418e+00
1.043938398361206055e+00 1.385023713111877441e+00
1.044947028160095215e+00 1.440326213836669922e+00
1.045955657958984375e+00 1.402567267417907715e+00
1.046964287757873535e+00 1.421924948692321777e+00
1.047972917556762695e+00 1.413665652275085449e+00
1.048981547355651855e+00 1.381479382514953613e+00
1.049990177154541016e+00 1.360019564628601074e+00
1.050998806953430176e+00 1.396720886230468750e+00
1.052007436752319336e+00 1.465907692909240723e+00
1.053016066551208496e+00 1.473996996879577637e+00
1.054024696350097656e+00 1.478416085243225098e+00
1.055033326148986816e+00 1.498864173889160156e+00
1.056041955947875977e+00 1.398430585861206055e+00
1.057050585746765137e+00 1.454726457595825195e+00
1.058059215545654297e+00 1.444733738899230957e+00
1.059067845344543457e+00 1.492395401000976562e+00
1.060076475143432617e+00 1.484050989151000977e+00
1.061085104942321777e+00 1.448148727416992188e+00
1.062093853950500488e+00 1.462939620018005371e+00
1.063102483749389648e+00 1.464268803596496582e+00
1.064111113548278809e+00 1.418770432472229004e+00
1.065119743347167969e+00 1.508972167968750000e+00
1.066128373146057129e+00 1.555791497230529785e+00
1.067137002944946289e+00 1.539343833923339844e+00
1.068145632743835449e+00 1.503656506538391113e+00
1.069154262542724609e+00 1.577342271804809570e+00
1.070162892341613770e+00 1.512369155883789062e+00
1.071171522140502930e+00 1.562886714935302734e+00
1.072180151939392090e+00 1.489689826965332031e+00
1.073188781738281250e+00 1.457889080047607422e+00
1.074197411537170410e+00 1.484686732292175293e+00
1.075206041336059570e+00 1.499737977981567383e+00
1.076214671134948730e+00 1.466666817665100098e+00
1.077223300933837891e+00 1.536423206329345703e+00
1.078231930732727051e+00 1.483044505119323730e+00
1.079240560531616211e+00 1.518736243247985840e+00
1.080249190330505371e+00 1.537967801094055176e+00
1.081257939338684082e+00 1.561141967773437500e+00
1.082266569137573242e+00 1.555836200714111328e+00
1.083275198936462402e+00 1.562417149543762207e+00
1.084283828735351562e+00 1.612299919128417969e+00
1.085292458534240723e+00 1.576707601547241211e+00
1.086301088333129883e+00 1.523131251335144043e+00
1.087309718132019043e+00 1.463814854621887207e+00
1.088318347930908203e+00 1.512156367301940918e+00
1.089326977729797363e+00 1.583125948905944824e+00
1.090335607528686523e+00 1.628878951072692871e+00
1.091344237327575684e+00 1.555993556976318359e+00
1.092352867126464844e+00 1.564116716384887695e+00
1.093361496925354004e+00 1.514814257621765137e+00
1.094370126724243164e+00 1.611989498138427734e+00
1.095378756523132324e+00 1.568248629570007324e+00
1.096387386322021484e+00 1.610213041305541992e+00
1.097396016120910645e+00 1.606972813606262207e+00
1.098404645919799805e+00 1.694745302200317383e+00
1.099413275718688965e+00 1.621167302131652832e+00
1.100422024726867676e+00 1.606239676475524902e+00
1.101430654525756836e+00 1.629284620285034180e+00
1.102439284324645996e+00 1.626557111740112305e+00
1.103447914123535156e+00 1.571353673934936523e+00
1.104456543922424316e+00 1.660053849220275879e+00
1.105465173721313477e+00 1.551395177841186523e+00
1.106473803520202637e+00 1.631569266319274902e+00
1.107482433319091797e+00 1.665301561355590820e+00
1.108491063117980957e+00 1.625664949417114258e+00
1.109499692916870117e+00 1.574058413505554199e+00
1.110508322715759277e+00 1.665018320083618164e+00
1.111516952514648438e+00 1.703544735908508301e+00
1.112525582313537598e+00 1.712125420570373535e+00
1.113534212112426758e+00 1.749901771545410156e+00
1.114542841911315918e+00 1.685954451560974121e+00
1.115551471710205078e+00 1.664614200592041016e+00
1.116560101509094238e+00 1.720605611801147461e+00
1.117568731307983398e+00 1.674297928810119629e+00
1.118577361106872559e+00 1.671618580818176270e+00
1.119586110115051270e+00 1.734154462814331055e+00
1.120594739913940430e+00 1.729670763015747070e+00
1.121603369712829590e+00 1.768706321716308594e+00
1.122611999511718750e+00 1.663369059562683105e+00
1.123620629310607910e+00 1.773665308952331543e+00
1.124629259109497070e+00 1.682509660720825195e+00
1.125637888908386230e+00 1.612534403800964355e+00
1.126646518707275391e+00 1.688405156135559082e+00
1.127655148506164551e+00 1.709905505180358887e+00
1.128663778305053711e+00 1.754602193832397461e+00
1.129672408103942871e+00 1.729933142662048340e+00
1.130681037902832031e+00 1.751010060310363770e+00
1.131689667701721191e+00 1.779247403144836426e+00
1.132698297500610352e+00 1.804974794387817383e+00
1.133706927299499512e+00 1.759940266609191895e+00
1.134715557098388672e+00 1.745249748229980469e+00
1.135724186897277832e+00 1.744027376174926758e+00
1.136732816696166992e+00 1.830273389816284180e+00
1.137741446495056152e+00 1.802228212356567383e+00
1.138750195503234863e+00 1.692417144775390625e+00
1.139758825302124023e+00 1.693420648574829102e+00
1.140767455101013184e+00 1.730242967605590820e+00
1.141776084899902344e+00 1.919046998023986816e+00
1.142784714698791504e+00 1.841941952705383301e+00
1.143793344497680664e+00 1.739580035209655762e+00
1.144801974296569824e+00 1.802912950515747070e+00
1.145810604095458984e+00 1.799254894256591797e+00
1.146819233894348145e+00 1.827971577644348145e+00
1.147827863693237305e+00 1.837742924690246582e+00
1.148836493492126465e+00 1.801984786987304688e+00
1.149845123291015625e+00 1.930968046188354492e+00
1.150853753089904785e+00 1.832670688629150391e+00
1.151862382888793945e+00 1.885857462882995605e+00
1.152871012687683105e+00 1.932223677635192871e+00
1.153879642486572266e+00 1.821609020233154297e+00
1.154888272285461426e+00 1.756881356239318848e+00
1.155896902084350586e+00 1.736738443374633789e+00
1.156905531883239746e+00 1.675533652305603027e+00
1.157914280891418457e+00 1.910952210426330566e+00
1.158922910690307617e+00 1.943033933639526367e+00
1.159931540489196777e+00 1.839509844779968262e+00
1.160940170288085938e+00 1.816775918006896973e+00
1.161948800086975098e+00 1.841338038444519043e+00
1.162957429885864258e+00 1.789717793464660645e+00
1.163966059684753418e+00 1.738953351974487305e+00
1.164974689483642578e+00 1.797208428382873535e+00
1.165983319282531738e+00 1.824401855468750000e+00
1.166991949081420898e+00 1.650715470314025879e+00
1.168000578880310059e+00 1.834056735038757324e+00
1.169009208679199219e+00 1.913201093673706055e+00
1.170017838478088379e+00 1.787706255912780762e+00
1.171026468276977539e+00 1.842962622642517090e+00
1.172035098075866699e+00 1.676852107048034668e+00
1.173043727874755859e+00 1.797362327575683594e+00
1.174052357673645020e+00 1.806140065193176270e+00
1.175060987472534180e+00 1.871785521507263184e+00
1.176069617271423340e+00 1.854708790779113770e+00
1.177078366279602051e+00 1.897966265678405762e+00
1.178086996078491211e+00 1.848725795745849609e+00
1.179095625877380371e+00 1.955479621887207031e+00
1.180104255676269531e+00 1.858797907829284668e+00
1.181112885475158691e+00 2.076649427413940430e+00
1.182121515274047852e+00 2.020852565765380859e+00
1.183130145072937012e+00 1.976486086845397949e+00
1.184138774871826172e+00 1.914211392402648926e+00
1.185147404670715332e+00 1.831391811370849609e+00
1.186156034469604492e+00 1.981860876083374023e+00
1.187164664268493652e+00 1.933169722557067871e+00
1.188173294067382812e+00 1.867817401885986328e+00
1.189181923866271973e+00 1.887934207916259766e+00
1.190190553665161133e+00 1.933806538581848145e+00
1.191199183464050293e+00 1.872741937637329102e+00
1.192207813262939453e+00 1.973991870880126953e+00
1.193216443061828613e+00 1.723575949668884277e+00
1.194225072860717773e+00 1.774188518524169922e+00
1.195233702659606934e+00 1.889982700347900391e+00
1.196242451667785645e+00 2.141108512878417969e+00
1.197251081466674805e+00 2.096522569656372070e+00
1.198259711265563965e+00 1.914831757545471191e+00
1.199268341064453125e+00 1.804198026657104492e+00
1.200276970863342285e+00 1.824999332427978516e+00
1.201285600662231445e+00 2.296451091766357422e+00
1.202294230461120605e+00 1.983075022697448730e+00
1.203302860260009766e+00 1.729577302932739258e+00
1.204311490058898926e+00 1.720176458358764648e+00
1.205320119857788086e+00 2.236276149749755859e+00
1.206328749656677246e+00 2.310580730438232422e+00
1.207337379455566406e+00 2.031040430068969727e+00
1.208346009254455566e+00 2.008306741714477539e+00
1.209354639053344727e+00 1.651891708374023438e+00
