0.000000000000000000e+00 7.342663574218750000e+02
1.008636085316538811e-03 5.641153564453125000e+02
2.017272170633077621e-03 4.706401977539062500e+02
3.025908255949616432e-03 3.555747375488281250e+02
4.034544341266155243e-03 2.883974609375000000e+02
5.043180659413337708e-03 2.346159820556640625e+02
6.051816511899232864e-03 1.883508605957031250e+02
7.060452364385128021e-03 1.573709869384765625e+02
8.069088682532310486e-03 1.301775054931640625e+02
9.077725000679492950e-03 1.118739547729492188e+02
1.008636131882667542e-02 9.527744293212890625e+01
1.109499670565128326e-02 8.196862792968750000e+01
1.210363302379846573e-02 7.134248352050781250e+01
1.311226934194564819e-02 6.185270309448242188e+01
1.412090472877025604e-02 5.554166793823242188e+01
1.512954104691743851e-02 4.973831939697265625e+01
1.613817736506462097e-02 4.463548660278320312e+01
1.714681275188922882e-02 4.013838958740234375e+01
1.815545000135898590e-02 3.627689361572265625e+01
1.916408538818359375e-02 3.265546798706054688e+01
2.017272263765335083e-02 2.979531478881835938e+01
2.118135802447795868e-02 2.692294502258300781e+01
2.218999341130256653e-02 2.501294898986816406e+01
2.319863066077232361e-02 2.276673507690429688e+01
2.420726604759693146e-02 2.075653457641601562e+01
2.521590143442153931e-02 1.913068199157714844e+01
2.622453868389129639e-02 1.809295654296875000e+01
2.723317407071590424e-02 1.678192138671875000e+01
2.824180945754051208e-02 1.536693096160888672e+01
2.925044670701026917e-02 1.423783206939697266e+01
3.025908209383487701e-02 1.359177970886230469e+01
3.126771748065948486e-02 1.266548442840576172e+01
3.227635473012924194e-02 1.203344249725341797e+01
3.328499197959899902e-02 1.114972496032714844e+01
3.429362550377845764e-02 1.069358539581298828e+01
3.530226275324821472e-02 1.013277626037597656e+01
3.631090000271797180e-02 9.427338600158691406e+00
3.731953352689743042e-02 8.846418380737304688e+00
3.832817077636718750e-02 8.485115051269531250e+00
3.933680802583694458e-02 8.201666831970214844e+00
4.034544527530670166e-02 7.779988765716552734e+00
4.135407879948616028e-02 7.358654022216796875e+00
4.236271604895591736e-02 6.896663188934326172e+00
4.337135329842567444e-02 6.716798305511474609e+00
4.437998682260513306e-02 6.332165718078613281e+00
4.538862407207489014e-02 6.004786014556884766e+00
4.639726132154464722e-02 5.836851119995117188e+00
4.740589484572410583e-02 5.762130260467529297e+00
4.841453209519386292e-02 5.226865768432617188e+00
4.942316934466362000e-02 5.250290870666503906e+00
5.043180286884307861e-02 4.973777770996093750e+00
5.144044011831283569e-02 4.831953048706054688e+00
5.244907736778259277e-02 4.590926170349121094e+00
5.345771089196205139e-02 4.560242176055908203e+00
5.446634814143180847e-02 4.425336360931396484e+00
5.547498539090156555e-02 4.327736854553222656e+00
5.648361891508102417e-02 4.212099075317382812e+00
5.749225616455078125e-02 4.042492866516113281e+00
5.850089341402053833e-02 3.848530054092407227e+00
5.950953066349029541e-02 3.744438409805297852e+00
6.051816418766975403e-02 3.709336280822753906e+00
6.152680143713951111e-02 3.546230316162109375e+00
6.253543496131896973e-02 3.539527654647827148e+00
6.354407221078872681e-02 3.480872869491577148e+00
6.455270946025848389e-02 3.360882282257080078e+00
6.556134670972824097e-02 3.297655582427978516e+00
6.656998395919799805e-02 3.213670969009399414e+00
6.757862120866775513e-02 3.126711845397949219e+00
6.858725100755691528e-02 3.094496250152587891e+00
6.959588825702667236e-02 3.076565504074096680e+00
7.060452550649642944e-02 2.910098791122436523e+00
7.161316275596618652e-02 2.926025390625000000e+00
7.262180000543594360e-02 2.930323123931884766e+00
7.363043725490570068e-02 2.795536041259765625e+00
7.463906705379486084e-02 2.835325956344604492e+00
7.564770430326461792e-02 2.759106159210205078e+00
7.665634155273437500e-02 2.759924650192260742e+00
7.766497880220413208e-02 2.703465938568115234e+00
7.867361605167388916e-02 2.724277257919311523e+00
7.968225330114364624e-02 2.667915582656860352e+00
8.069089055061340332e-02 2.605487585067749023e+00
8.169952034950256348e-02 2.535949945449829102e+00
8.270815759897232056e-02 2.522702932357788086e+00
8.371679484844207764e-02 2.513754606246948242e+00
8.472543209791183472e-02 2.468234062194824219e+00
8.573406934738159180e-02 2.496616601943969727e+00
8.674270659685134888e-02 2.433826446533203125e+00
8.775133639574050903e-02 2.394256591796875000e+00
8.875997364521026611e-02 2.434809446334838867e+00
8.976861089468002319e-02 2.343340873718261719e+00
9.077724814414978027e-02 2.309455871582031250e+00
9.178588539361953735e-02 2.334551811218261719e+00
9.279452264308929443e-02 2.354410648345947266e+00
9.380315244197845459e-02 2.336419582366943359e+00
9.481178969144821167e-02 2.283792734146118164e+00
9.582042694091796875e-02 2.278599023818969727e+00
9.682906419038772583e-02 2.289402246475219727e+00
9.783770143985748291e-02 2.273551702499389648e+00
9.884633868932723999e-02 2.234121322631835938e+00
9.985497593879699707e-02 2.225667715072631836e+00
1.008636057376861572e-01 2.218794822692871094e+00
1.018722429871559143e-01 2.155570507049560547e+00
1.028808802366256714e-01 2.135413169860839844e+00
1.038895174860954285e-01 2.185756206512451172e+00
1.048981547355651855e-01 2.116330862045288086e+00
1.059067919850349426e-01 2.148385763168334961e+00
1.069154217839241028e-01 2.158949136734008789e+00
1.079240590333938599e-01 2.088839769363403320e+00
1.089326962828636169e-01 2.099968671798706055e+00
1.099413335323333740e-01 2.143442392349243164e+00
1.109499707818031311e-01 2.116572141647338867e+00
1.119586080312728882e-01 2.060049295425415039e+00
1.129672378301620483e-01 2.084389448165893555e+00
1.139758750796318054e-01 2.112514019012451172e+00
1.149845123291015625e-01 2.104916095733642578e+00
1.159931495785713196e-01 2.102179765701293945e+00
1.170017868280410767e-01 2.073509931564331055e+00
1.180104240775108337e-01 2.052839040756225586e+00
1.190190613269805908e-01 2.066507816314697266e+00
1.200276911258697510e-01 1.965155959129333496e+00
1.210363283753395081e-01 2.057947874069213867e+00
1.220449656248092651e-01 2.077834367752075195e+00
1.230536028742790222e-01 2.076924562454223633e+00
1.240622401237487793e-01 2.053612470626831055e+00
1.250708699226379395e-01 2.046926975250244141e+00
1.260795146226882935e-01 2.048984766006469727e+00
1.270881444215774536e-01 2.018932104110717773e+00
1.280967891216278076e-01 2.020347595214843750e+00
1.291054189205169678e-01 2.014568090438842773e+00
1.301140487194061279e-01 2.008838653564453125e+00
1.311226934194564819e-01 2.008928060531616211e+00
1.321313232183456421e-01 2.027615785598754883e+00
1.331399679183959961e-01 1.997239232063293457e+00
1.341485977172851562e-01 2.056017398834228516e+00
1.351572424173355103e-01 2.019954204559326172e+00
1.361658722162246704e-01 1.982555508613586426e+00
1.371745020151138306e-01 1.997940778732299805e+00
1.381831467151641846e-01 2.001194477081298828e+00
1.391917765140533447e-01 1.979899048805236816e+00
1.402004212141036987e-01 1.976450324058532715e+00
1.412090510129928589e-01 1.987251520156860352e+00
1.422176808118820190e-01 1.942972064018249512e+00
1.432263255119323730e-01 1.930352926254272461e+00
1.442349553108215332e-01 1.990434169769287109e+00
1.452436000108718872e-01 1.998222827911376953e+00
1.462522298097610474e-01 1.928429007530212402e+00
1.472608745098114014e-01 1.941032171249389648e+00
1.482695043087005615e-01 1.961672902107238770e+00
1.492781341075897217e-01 1.954285144805908203e+00
1.502867788076400757e-01 1.993695855140686035e+00
1.512954086065292358e-01 1.995144724845886230e+00
1.523040533065795898e-01 1.977250456809997559e+00
1.533126831054687500e-01 2.002755641937255859e+00
1.543213278055191040e-01 1.995143413543701172e+00
1.553299576044082642e-01 1.965053081512451172e+00
1.563385874032974243e-01 1.965799689292907715e+00
1.573472321033477783e-01 1.961096405982971191e+00
1.583558619022369385e-01 1.976727485656738281e+00
1.593645066022872925e-01 1.972282052040100098e+00
1.603731364011764526e-01 1.974650502204895020e+00
1.613817811012268066e-01 1.900300741195678711e+00
1.623904109001159668e-01 1.920003533363342285e+00
1.633990406990051270e-01 1.941644906997680664e+00
1.644076853990554810e-01 1.983206391334533691e+00
1.654163151979446411e-01 1.961474180221557617e+00
1.664249598979949951e-01 2.026741027832031250e+00
1.674335896968841553e-01 2.005915880203247070e+00
1.684422194957733154e-01 1.949571251869201660e+00
1.694508641958236694e-01 1.941926479339599609e+00
1.704594939947128296e-01 2.021687030792236328e+00
1.714681386947631836e-01 1.949723482131958008e+00
1.724767684936523438e-01 1.985632896423339844e+00
1.734854131937026978e-01 1.984189152717590332e+00
1.744940429925918579e-01 1.966578960418701172e+00
1.755026727914810181e-01 2.027329921722412109e+00
1.765113174915313721e-01 1.971644163131713867e+00
1.775199472904205322e-01 1.923037528991699219e+00
1.785285919904708862e-01 2.012343883514404297e+00
1.795372217893600464e-01 1.972700953483581543e+00
1.805458664894104004e-01 1.994023442268371582e+00
1.815544962882995605e-01 1.906541824340820312e+00
1.825631260871887207e-01 2.002805709838867188e+00
1.835717707872390747e-01 1.928670167922973633e+00
1.845804005861282349e-01 1.951648116111755371e+00
1.855890452861785889e-01 1.951305270195007324e+00
1.865976750850677490e-01 1.978890895843505859e+00
1.876063048839569092e-01 1.952766299247741699e+00
1.886149495840072632e-01 1.952396750450134277e+00
1.896235793828964233e-01 1.907426953315734863e+00
1.906322240829467773e-01 1.966420888900756836e+00
1.916408538818359375e-01 1.986279487609863281e+00
1.926494985818862915e-01 1.987082004547119141e+00
1.936581283807754517e-01 2.012709140777587891e+00
1.946667581796646118e-01 1.931478381156921387e+00
1.956754028797149658e-01 1.943666934967041016e+00
1.966840326786041260e-01 1.980387210845947266e+00
1.976926773786544800e-01 1.940145015716552734e+00
1.987013071775436401e-01 1.957456111907958984e+00
1.997099518775939941e-01 1.944914698600769043e+00
2.007185816764831543e-01 2.005223512649536133e+00
2.017272114753723145e-01 1.972725272178649902e+00
2.027358561754226685e-01 1.993111491203308105e+00
2.037444859743118286e-01 1.962853789329528809e+00
2.047531306743621826e-01 1.933865427970886230e+00
2.057617604732513428e-01 1.916610240936279297e+00
2.067703902721405029e-01 1.946769118309020996e+00
2.077790349721908569e-01 1.931035757064819336e+00
2.087876647710800171e-01 1.954386353492736816e+00
2.097963094711303711e-01 1.939045548439025879e+00
2.108049392700195312e-01 1.982973694801330566e+00
2.118135839700698853e-01 2.001030921936035156e+00
2.128222137689590454e-01 2.003217458724975586e+00
2.138308435678482056e-01 1.966946005821228027e+00
2.148394882678985596e-01 1.972841024398803711e+00
2.158481180667877197e-01 1.964589476585388184e+00
2.168567627668380737e-01 1.994765996932983398e+00
2.178653925657272339e-01 1.978620886802673340e+00
2.188740372657775879e-01 1.992295503616333008e+00
2.198826670646667480e-01 1.991876363754272461e+00
2.208912968635559082e-01 1.968490004539489746e+00
2.218999415636062622e-01 2.013772010803222656e+00
2.229085713624954224e-01 2.007080078125000000e+00
2.239172160625457764e-01 1.977987766265869141e+00
2.249258458614349365e-01 2.002801895141601562e+00
2.259344756603240967e-01 2.011844635009765625e+00
2.269431203603744507e-01 2.024130582809448242e+00
2.279517501592636108e-01 2.012108564376831055e+00
2.289603948593139648e-01 2.003560781478881836e+00
2.299690246582031250e-01 2.020808696746826172e+00
2.309776693582534790e-01 2.016365528106689453e+00
2.319862991571426392e-01 2.033970355987548828e+00
2.329949289560317993e-01 2.031162261962890625e+00
2.340035736560821533e-01 2.045896291732788086e+00
2.350122034549713135e-01 2.011368989944458008e+00
2.360208481550216675e-01 2.010175228118896484e+00
2.370294779539108276e-01 2.029197454452514648e+00
2.380381226539611816e-01 2.026566982269287109e+00
2.390467524528503418e-01 2.026477575302124023e+00
2.400553822517395020e-01 2.000483512878417969e+00
2.410640269517898560e-01 2.045688629150390625e+00
2.420726567506790161e-01 2.093420267105102539e+00
2.430813014507293701e-01 2.193541049957275391e+00
2.440899312496185303e-01 2.063827991485595703e+00
2.450985759496688843e-01 2.040897130966186523e+00
2.461072057485580444e-01 2.022747278213500977e+00
2.471158355474472046e-01 2.036823987960815430e+00
2.481244802474975586e-01 2.073149204254150391e+00
2.491331100463867188e-01 2.017976045608520508e+00
2.501417398452758789e-01 2.065471172332763672e+00
2.511503994464874268e-01 2.047199964523315430e+00
2.521590292453765869e-01 2.033954858779907227e+00
2.531676590442657471e-01 2.032714843750000000e+00
2.541762888431549072e-01 2.063908338546752930e+00
2.551849186420440674e-01 2.075830459594726562e+00
2.561935782432556152e-01 2.079276084899902344e+00
2.572022080421447754e-01 2.063265562057495117e+00
2.582108378410339355e-01 2.054870605468750000e+00
2.592194676399230957e-01 2.066686868667602539e+00
2.602280974388122559e-01 2.065127372741699219e+00
2.612367570400238037e-01 2.074099779129028320e+00
2.622453868389129639e-01 2.061182022094726562e+00
2.632540166378021240e-01 2.064763545989990234e+00
2.642626464366912842e-01 2.052616357803344727e+00
2.652712762355804443e-01 2.099803924560546875e+00
2.662799358367919922e-01 2.068919420242309570e+00
2.672885656356811523e-01 2.092406034469604492e+00
2.682971954345703125e-01 2.105442762374877930e+00
2.693058252334594727e-01 2.074541091918945312e+00
2.703144848346710205e-01 2.070162773132324219e+00
2.713231146335601807e-01 2.078527927398681641e+00
2.723317444324493408e-01 2.091618299484252930e+00
2.733403742313385010e-01 2.117180109024047852e+00
2.743490040302276611e-01 2.078431367874145508e+00
2.753576636314392090e-01 2.090142011642456055e+00
2.763662934303283691e-01 2.079850435256958008e+00
2.773749232292175293e-01 2.101152420043945312e+00
2.783835530281066895e-01 2.139973878860473633e+00
2.793921828269958496e-01 2.089556455612182617e+00
2.804008424282073975e-01 2.129887342453002930e+00
2.814094722270965576e-01 2.095300912857055664e+00
2.824181020259857178e-01 2.134132862091064453e+00
2.834267318248748779e-01 2.112519979476928711e+00
2.844353616237640381e-01 2.129082202911376953e+00
2.854440212249755859e-01 2.147004127502441406e+00
2.864526510238647461e-01 2.126438856124877930e+00
2.874612808227539062e-01 2.139312982559204102e+00
2.884699106216430664e-01 2.138483762741088867e+00
2.894785702228546143e-01 2.129026651382446289e+00
2.904872000217437744e-01 2.134223937988281250e+00
2.914958298206329346e-01 2.173903942108154297e+00
2.925044596195220947e-01 2.176218032836914062e+00
2.935130894184112549e-01 2.159151554107666016e+00
2.945217490196228027e-01 2.136617183685302734e+00
2.955303788185119629e-01 2.168351888656616211e+00
2.965390086174011230e-01 2.168669223785400391e+00
2.975476384162902832e-01 2.161815404891967773e+00
2.985562682151794434e-01 2.177028894424438477e+00
2.995649278163909912e-01 2.168653249740600586e+00
3.005735576152801514e-01 2.161193370819091797e+00
3.015821874141693115e-01 2.207825183868408203e+00
3.025908172130584717e-01 2.176223754882812500e+00
3.035994470119476318e-01 2.161327838897705078e+00
3.046081066131591797e-01 2.168430089950561523e+00
3.056167364120483398e-01 2.198938846588134766e+00
3.066253662109375000e-01 2.181642770767211914e+00
3.076339960098266602e-01 2.169108867645263672e+00
3.086426556110382080e-01 2.211439371109008789e+00
3.096512854099273682e-01 2.219775438308715820e+00
3.106599152088165283e-01 2.171142339706420898e+00
3.116685450077056885e-01 2.217184066772460938e+00
3.126771748065948486e-01 2.206508636474609375e+00
3.136858344078063965e-01 2.176622390747070312e+00
3.146944642066955566e-01 2.195240259170532227e+00
3.157030940055847168e-01 2.180560350418090820e+00
3.167117238044738770e-01 2.239708423614501953e+00
3.177203536033630371e-01 2.215585708618164062e+00
3.187290132045745850e-01 2.228277206420898438e+00
3.197376430034637451e-01 2.234199523925781250e+00
3.207462728023529053e-01 2.217961311340332031e+00
3.217549026012420654e-01 2.273659467697143555e+00
3.227635622024536133e-01 2.292562484741210938e+00
3.237721920013427734e-01 2.264920234680175781e+00
3.247808218002319336e-01 2.231673240661621094e+00
3.257894515991210938e-01 2.297804355621337891e+00
3.267980813980102539e-01 2.243652105331420898e+00
3.278067409992218018e-01 2.274417400360107422e+00
3.288153707981109619e-01 2.241076469421386719e+00
3.298240005970001221e-01 2.227644681930541992e+00
3.308326303958892822e-01 2.245908737182617188e+00
3.318412601947784424e-01 2.278478145599365234e+00
3.328499197959899902e-01 2.234383106231689453e+00
3.338585495948791504e-01 2.258292675018310547e+00
3.348671793937683105e-01 2.274510383605957031e+00
3.358758091926574707e-01 2.283521890640258789e+00
3.368844389915466309e-01 2.276486873626708984e+00
3.378930985927581787e-01 2.255663633346557617e+00
3.389017283916473389e-01 2.280797243118286133e+00
3.399103581905364990e-01 2.288396835327148438e+00
3.409189879894256592e-01 2.301721096038818359e+00
3.419276475906372070e-01 2.286787033081054688e+00
3.429362773895263672e-01 2.289116382598876953e+00
3.439449071884155273e-01 2.290227651596069336e+00
3.449535369873046875e-01 2.321605443954467773e+00
3.459621667861938477e-01 2.282021522521972656e+00
3.469708263874053955e-01 2.268091201782226562e+00
3.479794561862945557e-01 2.284626007080078125e+00
3.489880859851837158e-01 2.272653579711914062e+00
3.499967157840728760e-01 2.311534643173217773e+00
3.510053455829620361e-01 2.356149435043334961e+00
3.520140051841735840e-01 2.284430742263793945e+00
3.530226349830627441e-01 2.298059940338134766e+00
3.540312647819519043e-01 2.359017610549926758e+00
3.550398945808410645e-01 2.337577104568481445e+00
3.560485243797302246e-01 2.337184190750122070e+00
3.570571839809417725e-01 2.321172952651977539e+00
3.580658137798309326e-01 2.274430036544799805e+00
3.590744435787200928e-01 2.330177068710327148e+00
3.600830733776092529e-01 2.312798738479614258e+00
3.610917329788208008e-01 2.316986560821533203e+00
3.621003627777099609e-01 2.304372072219848633e+00
3.631089925765991211e-01 2.363881587982177734e+00
3.641176223754882812e-01 2.331757545471191406e+00
3.651262521743774414e-01 2.345590829849243164e+00
3.661349117755889893e-01 2.342096328735351562e+00
3.671435415744781494e-01 2.300094842910766602e+00
3.681521713733673096e-01 2.312346935272216797e+00
3.691608011722564697e-01 2.306118249893188477e+00
3.701694309711456299e-01 2.319674253463745117e+00
3.711780905723571777e-01 2.329092502593994141e+00
3.721867203712463379e-01 2.310727357864379883e+00
3.731953501701354980e-01 2.323350667953491211e+00
3.742039799690246582e-01 2.335499048233032227e+00
3.752126097679138184e-01 2.327286958694458008e+00
3.762212693691253662e-01 2.353176593780517578e+00
3.772298991680145264e-01 2.340158462524414062e+00
3.782385289669036865e-01 2.332036018371582031e+00
3.792471587657928467e-01 2.352043151855468750e+00
3.802558183670043945e-01 2.350179672241210938e+00
3.812644481658935547e-01 2.362048149108886719e+00
3.822730779647827148e-01 2.346644639968872070e+00
3.832817077636718750e-01 2.363010644912719727e+00
3.842903375625610352e-01 2.349459409713745117e+00
3.852989971637725830e-01 2.381644010543823242e+00
3.863076269626617432e-01 2.334206342697143555e+00
3.873162567615509033e-01 2.352426528930664062e+00
3.883248865604400635e-01 2.348247051239013672e+00
3.893335163593292236e-01 2.347373962402343750e+00
3.903421759605407715e-01 2.344497680664062500e+00
3.913508057594299316e-01 2.383023738861083984e+00
3.923594355583190918e-01 2.342388153076171875e+00
3.933680653572082520e-01 2.400172233581542969e+00
3.943766951560974121e-01 2.392911434173583984e+00
3.953853547573089600e-01 2.378275394439697266e+00
3.963939845561981201e-01 2.368165016174316406e+00
3.974026143550872803e-01 2.326954364776611328e+00
3.984112441539764404e-01 2.371202230453491211e+00
3.994199037551879883e-01 2.395140647888183594e+00
4.004285335540771484e-01 2.374765157699584961e+00
4.014371633529663086e-01 2.348614692687988281e+00
4.024457931518554688e-01 2.372882127761840820e+00
4.034544229507446289e-01 2.367429494857788086e+00
4.044630825519561768e-01 2.342620134353637695e+00
4.054717123508453369e-01 2.357423305511474609e+00
4.064803421497344971e-01 2.394627571105957031e+00
4.074889719486236572e-01 2.388470888137817383e+00
4.084976017475128174e-01 2.373025417327880859e+00
4.095062613487243652e-01 2.365024089813232422e+00
4.105148911476135254e-01 2.399296760559082031e+00
4.115235209465026855e-01 2.386616230010986328e+00
4.125321507453918457e-01 2.365237712860107422e+00
4.135407805442810059e-01 2.356847286224365234e+00
4.145494401454925537e-01 2.370843172073364258e+00
4.155580699443817139e-01 2.369193553924560547e+00
4.165666997432708740e-01 2.392317533493041992e+00
4.175753295421600342e-01 2.382639884948730469e+00
4.185839891433715820e-01 2.359542608261108398e+00
4.195926189422607422e-01 2.361075401306152344e+00
4.206012487411499023e-01 2.349207639694213867e+00
4.216098785400390625e-01 2.322909116744995117e+00
4.226185083389282227e-01 2.346500635147094727e+00
4.236271679401397705e-01 2.339769840240478516e+00
4.246357977390289307e-01 2.392596483230590820e+00
4.256444275379180908e-01 2.383152246475219727e+00
4.266530573368072510e-01 2.375670194625854492e+00
4.276616871356964111e-01 2.356537342071533203e+00
4.286703467369079590e-01 2.344747304916381836e+00
4.296789765357971191e-01 2.349083900451660156e+00
4.306876063346862793e-01 2.340854644775390625e+00
4.316962361335754395e-01 2.361370563507080078e+00
4.327048659324645996e-01 2.318876981735229492e+00
4.337135255336761475e-01 2.338278293609619141e+00
4.347221553325653076e-01 2.351459741592407227e+00
4.357307851314544678e-01 2.377666473388671875e+00
4.367394149303436279e-01 2.366189241409301758e+00
4.377480745315551758e-01 2.357322454452514648e+00
4.387567043304443359e-01 2.323725461959838867e+00
4.397653341293334961e-01 2.356466293334960938e+00
4.407739639282226562e-01 2.340300559997558594e+00
4.417825937271118164e-01 2.356205224990844727e+00
4.427912533283233643e-01 2.318537950515747070e+00
4.437998831272125244e-01 2.327847242355346680e+00
4.448085129261016846e-01 2.325343608856201172e+00
4.458171427249908447e-01 2.313506126403808594e+00
4.468257725238800049e-01 2.296005487442016602e+00
4.478344321250915527e-01 2.315190553665161133e+00
4.488430619239807129e-01 2.310623884201049805e+00
4.498516917228698730e-01 2.313360929489135742e+00
4.508603215217590332e-01 2.313371419906616211e+00
4.518689513206481934e-01 2.335737943649291992e+00
4.528776109218597412e-01 2.356164455413818359e+00
4.538862407207489014e-01 2.319511175155639648e+00
4.548948705196380615e-01 2.315002441406250000e+00
4.559035003185272217e-01 2.287921428680419922e+00
4.569121599197387695e-01 2.319592714309692383e+00
4.579207897186279297e-01 2.313687324523925781e+00
4.589294195175170898e-01 2.248339891433715820e+00
4.599380493164062500e-01 2.297826051712036133e+00
4.609466791152954102e-01 2.320433855056762695e+00
4.619553387165069580e-01 2.260650157928466797e+00
4.629639685153961182e-01 2.305855751037597656e+00
4.639725983142852783e-01 2.290826082229614258e+00
4.649812281131744385e-01 2.301305055618286133e+00
4.659898579120635986e-01 2.282713413238525391e+00
4.669985175132751465e-01 2.290244340896606445e+00
4.680071473121643066e-01 2.275868415832519531e+00
4.690157771110534668e-01 2.269310235977172852e+00
4.700244069099426270e-01 2.305586099624633789e+00
4.710330665111541748e-01 2.291674137115478516e+00
4.720416963100433350e-01 2.300605535507202148e+00
4.730503261089324951e-01 2.255982398986816406e+00
4.740589559078216553e-01 2.280724763870239258e+00
4.750675857067108154e-01 2.279219150543212891e+00
4.760762453079223633e-01 2.275910854339599609e+00
4.770848751068115234e-01 2.249924659729003906e+00
4.780935049057006836e-01 2.253264427185058594e+00
4.791021347045898438e-01 2.263146877288818359e+00
4.801107645034790039e-01 2.270067214965820312e+00
4.811194241046905518e-01 2.287314414978027344e+00
4.821280539035797119e-01 2.269677400588989258e+00
4.831366837024688721e-01 2.257798910140991211e+00
4.841453135013580322e-01 2.259300947189331055e+00
4.851539433002471924e-01 2.242020845413208008e+00
4.861626029014587402e-01 2.257628679275512695e+00
4.871712327003479004e-01 2.246507883071899414e+00
4.881798624992370605e-01 2.231183767318725586e+00
4.891884922981262207e-01 2.225501298904418945e+00
4.901971518993377686e-01 2.238778352737426758e+00
4.912057816982269287e-01 2.217959403991699219e+00
4.922144114971160889e-01 2.221251487731933594e+00
4.932230412960052490e-01 2.221415996551513672e+00
4.942316710948944092e-01 2.236236333847045898e+00
4.952403306961059570e-01 2.258338928222656250e+00
4.962489604949951172e-01 2.243721723556518555e+00
4.972575902938842773e-01 2.245043754577636719e+00
4.982662200927734375e-01 2.210821151733398438e+00
4.992748498916625977e-01 2.246285676956176758e+00
5.002834796905517578e-01 2.230364084243774414e+00
5.012921094894409180e-01 2.222260236740112305e+00
5.023007988929748535e-01 2.238213539123535156e+00
5.033094286918640137e-01 2.249113321304321289e+00
5.043180584907531738e-01 2.280481576919555664e+00
5.053266882896423340e-01 2.230887413024902344e+00
5.063353180885314941e-01 2.202510833740234375e+00
5.073439478874206543e-01 2.249890804290771484e+00
5.083525776863098145e-01 2.195575237274169922e+00
5.093612074851989746e-01 2.194323062896728516e+00
5.103698372840881348e-01 2.212069511413574219e+00
5.113784670829772949e-01 2.205603599548339844e+00
5.123871564865112305e-01 2.206152439117431641e+00
5.133957862854003906e-01 2.215446949005126953e+00
5.144044160842895508e-01 2.214258670806884766e+00
5.154130458831787109e-01 2.212860107421875000e+00
5.164216756820678711e-01 2.197483301162719727e+00
5.174303054809570312e-01 2.197789669036865234e+00
5.184389352798461914e-01 2.203788757324218750e+00
5.194475650787353516e-01 2.230425834655761719e+00
5.204561948776245117e-01 2.235274314880371094e+00
5.214648842811584473e-01 2.205948114395141602e+00
5.224735140800476074e-01 2.257965087890625000e+00
5.234821438789367676e-01 2.212693929672241211e+00
5.244907736778259277e-01 2.206107139587402344e+00
5.254994034767150879e-01 2.213321924209594727e+00
5.265080332756042480e-01 2.223831415176391602e+00
5.275166630744934082e-01 2.220846176147460938e+00
5.285252928733825684e-01 2.224144935607910156e+00
5.295339226722717285e-01 2.237814188003540039e+00
5.305425524711608887e-01 2.243555784225463867e+00
5.315512418746948242e-01 2.243642330169677734e+00
5.325598716735839844e-01 2.220503568649291992e+00
5.335685014724731445e-01 2.219146728515625000e+00
5.345771312713623047e-01 2.194398403167724609e+00
5.355857610702514648e-01 2.184666633605957031e+00
5.365943908691406250e-01 2.176511287689208984e+00
5.376030206680297852e-01 2.195937156677246094e+00
5.386116504669189453e-01 2.189177036285400391e+00
5.396202802658081055e-01 2.162193059921264648e+00
5.406289696693420410e-01 2.160394906997680664e+00
5.416375994682312012e-01 2.174862861633300781e+00
5.426462292671203613e-01 2.174114704132080078e+00
5.436548590660095215e-01 2.151026248931884766e+00
5.446634888648986816e-01 2.168042182922363281e+00
5.456721186637878418e-01 2.191576242446899414e+00
5.466807484626770020e-01 2.153248786926269531e+00
5.476893782615661621e-01 2.156573534011840820e+00
5.486980080604553223e-01 2.154326677322387695e+00
5.497066378593444824e-01 2.159786939620971680e+00
5.507153272628784180e-01 2.149210929870605469e+00
5.517239570617675781e-01 2.161828994750976562e+00
5.527325868606567383e-01 2.164827823638916016e+00
5.537412166595458984e-01 2.142932176589965820e+00
5.547498464584350586e-01 2.162886381149291992e+00
5.557584762573242188e-01 2.149297475814819336e+00
5.567671060562133789e-01 2.119931936264038086e+00
5.577757358551025391e-01 2.123224496841430664e+00
5.587843656539916992e-01 2.152462005615234375e+00
5.597930550575256348e-01 2.146117210388183594e+00
5.608016848564147949e-01 2.161186695098876953e+00
5.618103146553039551e-01 2.142227411270141602e+00
5.628189444541931152e-01 2.151000499725341797e+00
5.638275742530822754e-01 2.164907455444335938e+00
5.648362040519714355e-01 2.116502285003662109e+00
5.658448338508605957e-01 2.103132724761962891e+00
5.668534636497497559e-01 2.136288404464721680e+00
5.678620934486389160e-01 2.160792350769042969e+00
5.688707232475280762e-01 2.133528709411621094e+00
5.698794126510620117e-01 2.121761322021484375e+00
5.708880424499511719e-01 2.136655092239379883e+00
5.718966722488403320e-01 2.123232364654541016e+00
5.729053020477294922e-01 2.126828670501708984e+00
5.739139318466186523e-01 2.127859354019165039e+00
5.749225616455078125e-01 2.102467298507690430e+00
5.759311914443969727e-01 2.110243558883666992e+00
5.769398212432861328e-01 2.133809804916381836e+00
5.779484510421752930e-01 2.113794088363647461e+00
5.789571404457092285e-01 2.106226682662963867e+00
5.799657702445983887e-01 2.089092493057250977e+00
5.809744000434875488e-01 2.102876901626586914e+00
5.819830298423767090e-01 2.095204114913940430e+00
5.829916596412658691e-01 2.113810539245605469e+00
5.840002894401550293e-01 2.094399452209472656e+00
5.850089192390441895e-01 2.118529796600341797e+00
5.860175490379333496e-01 2.104425191879272461e+00
5.870261788368225098e-01 2.079031705856323242e+00
5.880348086357116699e-01 2.080580949783325195e+00
5.890434980392456055e-01 2.093663692474365234e+00
5.900521278381347656e-01 2.085907936096191406e+00
5.910607576370239258e-01 2.110822439193725586e+00
5.920693874359130859e-01 2.108802556991577148e+00
5.930780172348022461e-01 2.124981641769409180e+00
5.940866470336914062e-01 2.084054470062255859e+00
5.950952768325805664e-01 2.117043733596801758e+00
5.961039066314697266e-01 2.109589815139770508e+00
5.971125364303588867e-01 2.093591451644897461e+00
5.981212258338928223e-01 2.078782558441162109e+00
5.991298556327819824e-01 2.082584142684936523e+00
6.001384854316711426e-01 2.092058897018432617e+00
6.011471152305603027e-01 2.090607404708862305e+00
6.021557450294494629e-01 2.071579217910766602e+00
6.031643748283386230e-01 2.072679996490478516e+00
6.041730046272277832e-01 2.088697671890258789e+00
6.051816344261169434e-01 2.100340604782104492e+00
6.061902642250061035e-01 2.053636074066162109e+00
6.071988940238952637e-01 2.068749427795410156e+00
6.082075834274291992e-01 2.075466632843017578e+00
6.092162132263183594e-01 2.089184999465942383e+00
6.102248430252075195e-01 2.090017557144165039e+00
6.112334728240966797e-01 2.096792697906494141e+00
6.122421026229858398e-01 2.068192720413208008e+00
6.132507324218750000e-01 2.042994260787963867e+00
6.142593622207641602e-01 2.035910844802856445e+00
6.152679920196533203e-01 2.022599458694458008e+00
6.162766218185424805e-01 2.069447517395019531e+00
6.172853112220764160e-01 2.039712429046630859e+00
6.182939410209655762e-01 2.042972803115844727e+00
6.193025708198547363e-01 2.053615570068359375e+00
6.203112006187438965e-01 2.044934272766113281e+00
6.213198304176330566e-01 2.058018922805786133e+00
6.223284602165222168e-01 2.047605991363525391e+00
6.233370900154113770e-01 2.038418769836425781e+00
6.243457198143005371e-01 2.065071105957031250e+00
6.253543496131896973e-01 2.060929536819458008e+00
6.263629794120788574e-01 2.044149160385131836e+00
6.273716688156127930e-01 2.048321723937988281e+00
6.283802986145019531e-01 2.054898262023925781e+00
6.293889284133911133e-01 2.012737512588500977e+00
6.303975582122802734e-01 2.050135135650634766e+00
6.314061880111694336e-01 2.053202390670776367e+00
6.324148178100585938e-01 2.022578716278076172e+00
6.334234476089477539e-01 2.005908250808715820e+00
6.344320774078369141e-01 2.034284114837646484e+00
6.354407072067260742e-01 2.027428150177001953e+00
6.364493966102600098e-01 2.075370311737060547e+00
6.374580264091491699e-01 2.066602945327758789e+00
6.384666562080383301e-01 2.033772468566894531e+00
6.394752860069274902e-01 2.032830238342285156e+00
6.404839158058166504e-01 2.033075332641601562e+00
6.414925456047058105e-01 2.061697244644165039e+00
6.425011754035949707e-01 2.025351285934448242e+00
6.435098052024841309e-01 2.051086425781250000e+00
6.445184350013732910e-01 2.040203094482421875e+00
6.455271244049072266e-01 2.045125961303710938e+00
6.465357542037963867e-01 2.026815891265869141e+00
6.475443840026855469e-01 2.027728319168090820e+00
6.485530138015747070e-01 2.036366939544677734e+00
6.495616436004638672e-01 2.057277917861938477e+00
6.505702733993530273e-01 2.013363361358642578e+00
6.515789031982421875e-01 2.025111913681030273e+00
6.525875329971313477e-01 2.009750843048095703e+00
6.535961627960205078e-01 2.018107414245605469e+00
6.546047925949096680e-01 2.056302785873413086e+00
6.556134819984436035e-01 2.029344320297241211e+00
6.566221117973327637e-01 2.019765853881835938e+00
6.576307415962219238e-01 2.018163681030273438e+00
6.586393713951110840e-01 2.019414663314819336e+00
6.596480011940002441e-01 2.011765480041503906e+00
6.606566309928894043e-01 2.044747352600097656e+00
6.616652607917785645e-01 2.015895843505859375e+00
6.626738905906677246e-01 2.026124238967895508e+00
6.636825203895568848e-01 2.021294593811035156e+00
6.646912097930908203e-01 2.026941537857055664e+00
6.656998395919799805e-01 2.025990486145019531e+00
6.667084693908691406e-01 2.015960216522216797e+00
6.677170991897583008e-01 2.009105443954467773e+00
6.687257289886474609e-01 2.019032955169677734e+00
6.697343587875366211e-01 2.020084142684936523e+00
6.707429885864257812e-01 2.055930614471435547e+00
6.717516183853149414e-01 2.050366640090942383e+00
6.727602481842041016e-01 2.044980525970458984e+00
6.737688779830932617e-01 2.053111076354980469e+00
6.747775673866271973e-01 1.999130129814147949e+00
6.757861971855163574e-01 2.023166418075561523e+00
6.767948269844055176e-01 2.026955127716064453e+00
6.778034567832946777e-01 2.024702310562133789e+00
6.788120865821838379e-01 2.008512735366821289e+00
6.798207163810729980e-01 2.013445615768432617e+00
6.808293461799621582e-01 2.004301071166992188e+00
6.818379759788513184e-01 2.025188207626342773e+00
6.828466057777404785e-01 1.999849796295166016e+00
6.838552951812744141e-01 2.017449855804443359e+00
6.848639249801635742e-01 2.006625413894653320e+00
6.858725547790527344e-01 2.020929336547851562e+00
6.868811845779418945e-01 2.040149211883544922e+00
6.878898143768310547e-01 2.021993875503540039e+00
6.888984441757202148e-01 2.003503561019897461e+00
6.899070739746093750e-01 1.987575888633728027e+00
6.909157037734985352e-01 2.005352497100830078e+00
6.919243335723876953e-01 1.999965786933898926e+00
6.929329633712768555e-01 2.011418342590332031e+00
6.939416527748107910e-01 2.015216588973999023e+00
6.949502825736999512e-01 1.998669147491455078e+00
6.959589123725891113e-01 2.001399755477905273e+00
6.969675421714782715e-01 2.015915155410766602e+00
6.979761719703674316e-01 2.030377149581909180e+00
6.989848017692565918e-01 2.031432628631591797e+00
6.999934315681457520e-01 2.032506942749023438e+00
7.010020613670349121e-01 2.031707048416137695e+00
7.020106911659240723e-01 2.013278007507324219e+00
7.030193805694580078e-01 2.022490739822387695e+00
7.040280103683471680e-01 2.034006118774414062e+00
7.050366401672363281e-01 2.043488740921020508e+00
7.060452699661254883e-01 2.054997444152832031e+00
7.070538997650146484e-01 2.040305852890014648e+00
7.080625295639038086e-01 2.032126903533935547e+00
7.090711593627929688e-01 2.035303592681884766e+00
7.100797891616821289e-01 2.029648065567016602e+00
7.110884189605712891e-01 2.016758918762207031e+00
7.120970487594604492e-01 2.026959896087646484e+00
7.131057381629943848e-01 2.042264223098754883e+00
7.141143679618835449e-01 2.029479265213012695e+00
7.151229977607727051e-01 2.036215543746948242e+00
7.161316275596618652e-01 2.054667472839355469e+00
7.171402573585510254e-01 2.044898271560668945e+00
7.181488871574401855e-01 2.055739641189575195e+00
7.191575169563293457e-01 2.019363641738891602e+00
7.201661467552185059e-01 2.044762611389160156e+00
7.211747765541076660e-01 2.027011871337890625e+00
7.221834659576416016e-01 2.028358936309814453e+00
7.231920957565307617e-01 2.051125049591064453e+00
7.242007255554199219e-01 2.066819667816162109e+00
7.252093553543090820e-01 2.029641389846801758e+00
7.262179851531982422e-01 2.041607618331909180e+00
7.272266149520874023e-01 2.049411296844482422e+00
7.282352447509765625e-01 2.027333974838256836e+00
7.292438745498657227e-01 2.053815603256225586e+00
7.302525043487548828e-01 2.024645805358886719e+00
7.312611341476440430e-01 2.059813737869262695e+00
7.322698235511779785e-01 2.049289703369140625e+00
7.332784533500671387e-01 2.020175695419311523e+00
7.342870831489562988e-01 2.042594194412231445e+00
7.352957129478454590e-01 2.052071094512939453e+00
7.363043427467346191e-01 2.066608428955078125e+00
7.373129725456237793e-01 2.013962268829345703e+00
7.383216023445129395e-01 2.040317535400390625e+00
7.393302321434020996e-01 2.058146238327026367e+00
7.403388619422912598e-01 2.038549184799194336e+00
7.413475513458251953e-01 2.046750545501708984e+00
7.423561811447143555e-01 2.059316158294677734e+00
7.433648109436035156e-01 2.039771080017089844e+00
7.443734407424926758e-01 2.028387308120727539e+00
7.453820705413818359e-01 2.051908254623413086e+00
7.463907003402709961e-01 2.028645038604736328e+00
7.473993301391601562e-01 2.056845664978027344e+00
7.484079599380493164e-01 2.054117202758789062e+00
7.494165897369384766e-01 2.049230575561523438e+00
7.504252195358276367e-01 2.040289640426635742e+00
7.514339089393615723e-01 2.055380105972290039e+00
7.524425387382507324e-01 2.099433660507202148e+00
7.534511685371398926e-01 2.120944023132324219e+00
7.544597983360290527e-01 2.072166919708251953e+00
7.554684281349182129e-01 2.064797401428222656e+00
7.564770579338073730e-01 2.052374362945556641e+00
7.574856877326965332e-01 2.043835401535034180e+00
7.584943175315856934e-01 2.048636198043823242e+00
7.595029473304748535e-01 2.067148208618164062e+00
7.605116367340087891e-01 2.084840059280395508e+00
7.615202665328979492e-01 2.062459230422973633e+00
7.625288963317871094e-01 2.078352928161621094e+00
7.635375261306762695e-01 2.060298204421997070e+00
7.645461559295654297e-01 2.078881263732910156e+00
7.655547857284545898e-01 2.098706245422363281e+00
7.665634155273437500e-01 2.080510139465332031e+00
7.675720453262329102e-01 2.062251091003417969e+00
7.685806751251220703e-01 2.039473772048950195e+00
7.695893049240112305e-01 2.088876008987426758e+00
7.705979943275451660e-01 2.097959041595458984e+00
7.716066241264343262e-01 2.086336374282836914e+00
7.726152539253234863e-01 2.087221622467041016e+00
7.736238837242126465e-01 2.083173274993896484e+00
7.746325135231018066e-01 2.105426788330078125e+00
7.756411433219909668e-01 2.077038049697875977e+00
7.766497731208801270e-01 2.082191705703735352e+00
7.776584029197692871e-01 2.112827539443969727e+00
7.786670327186584473e-01 2.111573457717895508e+00
7.796757221221923828e-01 2.089640378952026367e+00
7.806843519210815430e-01 2.078478574752807617e+00
7.816929817199707031e-01 2.089875221252441406e+00
7.827016115188598633e-01 2.105884075164794922e+00
7.837102413177490234e-01 2.103517532348632812e+00
7.847188711166381836e-01 2.084811925888061523e+00
7.857275009155273438e-01 2.105873346328735352e+00
7.867361307144165039e-01 2.095194816589355469e+00
7.877447605133056641e-01 2.101888895034790039e+00
7.887533903121948242e-01 2.089554548263549805e+00
7.897620797157287598e-01 2.117250919342041016e+00
7.907707095146179199e-01 2.115137577056884766e+00
7.917793393135070801e-01 2.144523859024047852e+00
7.927879691123962402e-01 2.105451107025146484e+00
7.937965989112854004e-01 2.096898078918457031e+00
7.948052287101745605e-01 2.134091138839721680e+00
7.958138585090637207e-01 2.123024463653564453e+00
7.968224883079528809e-01 2.106351375579833984e+00
7.978311181068420410e-01 2.110212087631225586e+00
7.988398075103759766e-01 2.107087373733520508e+00
7.998484373092651367e-01 2.104071617126464844e+00
8.008570671081542969e-01 2.115461826324462891e+00
8.018656969070434570e-01 2.143167972564697266e+00
8.028743267059326172e-01 2.116485595703125000e+00
8.038829565048217773e-01 2.134785413742065430e+00
8.048915863037109375e-01 2.175363063812255859e+00
8.059002161026000977e-01 2.172285079956054688e+00
8.069088459014892578e-01 2.151324987411499023e+00
8.079174757003784180e-01 2.103082895278930664e+00
8.089261651039123535e-01 2.106590747833251953e+00
8.099347949028015137e-01 2.146207809448242188e+00
8.109434247016906738e-01 2.166591882705688477e+00
8.119520545005798340e-01 2.131883382797241211e+00
8.129606842994689941e-01 2.152590751647949219e+00
8.139693140983581543e-01 2.159943580627441406e+00
8.149779438972473145e-01 2.162796497344970703e+00
8.159865736961364746e-01 2.145062208175659180e+00
8.169952034950256348e-01 2.184955120086669922e+00
8.180038928985595703e-01 2.193102359771728516e+00
8.190125226974487305e-01 2.163626670837402344e+00
8.200211524963378906e-01 2.184764385223388672e+00
8.210297822952270508e-01 2.208956003189086914e+00
8.220384120941162109e-01 2.170251131057739258e+00
8.230470418930053711e-01 2.163446664810180664e+00
8.240556716918945312e-01 2.158724308013916016e+00
8.250643014907836914e-01 2.184739828109741211e+00
8.260729312896728516e-01 2.214710950851440430e+00
8.270815610885620117e-01 2.176049232482910156e+00
8.280902504920959473e-01 2.132587671279907227e+00
8.290988802909851074e-01 2.164982318878173828e+00
8.301075100898742676e-01 2.189762830734252930e+00
8.311161398887634277e-01 2.174382448196411133e+00
8.321247696876525879e-01 2.211024045944213867e+00
8.331333994865417480e-01 2.198809862136840820e+00
8.341420292854309082e-01 2.180687904357910156e+00
8.351506590843200684e-01 2.191345691680908203e+00
8.361592888832092285e-01 2.224838733673095703e+00
8.371679782867431641e-01 2.204588174819946289e+00
8.381766080856323242e-01 2.191668748855590820e+00
8.391852378845214844e-01 2.195891141891479492e+00
8.401938676834106445e-01 2.216444492340087891e+00
8.412024974822998047e-01 2.208649396896362305e+00
8.422111272811889648e-01 2.216163396835327148e+00
8.432197570800781250e-01 2.252293348312377930e+00
8.442283868789672852e-01 2.202506065368652344e+00
8.452370166778564453e-01 2.206576824188232422e+00
8.462456464767456055e-01 2.259539127349853516e+00
8.472543358802795410e-01 2.252843379974365234e+00
8.482629656791687012e-01 2.185677528381347656e+00
8.492715954780578613e-01 2.200699806213378906e+00
8.502802252769470215e-01 2.197962999343872070e+00
8.512888550758361816e-01 2.207108974456787109e+00
8.522974848747253418e-01 2.218612194061279297e+00
8.533061146736145020e-01 2.244779109954833984e+00
8.543147444725036621e-01 2.205597877502441406e+00
8.553233742713928223e-01 2.185702323913574219e+00
8.563320636749267578e-01 2.203237533569335938e+00
8.573406934738159180e-01 2.183756351470947266e+00
8.583493232727050781e-01 2.173155069351196289e+00
8.593579530715942383e-01 2.173443555831909180e+00
8.603665828704833984e-01 2.206530332565307617e+00
8.613752126693725586e-01 2.193478584289550781e+00
8.623838424682617188e-01 2.198173284530639648e+00
8.633924722671508789e-01 2.196361064910888672e+00
8.644011020660400391e-01 2.197669982910156250e+00
8.654097318649291992e-01 2.209947824478149414e+00
8.664184212684631348e-01 2.208896160125732422e+00
8.674270510673522949e-01 2.208084821701049805e+00
8.684356808662414551e-01 2.200126886367797852e+00
8.694443106651306152e-01 2.192915201187133789e+00
8.704529404640197754e-01 2.223155021667480469e+00
8.714615702629089355e-01 2.187322378158569336e+00
8.724702000617980957e-01 2.198502302169799805e+00
8.734788298606872559e-01 2.226091861724853516e+00
8.744874596595764160e-01 2.255099058151245117e+00
8.754961490631103516e-01 2.215082883834838867e+00
8.765047788619995117e-01 2.259831905364990234e+00
8.775134086608886719e-01 2.218054533004760742e+00
8.785220384597778320e-01 2.212816476821899414e+00
8.795306682586669922e-01 2.240172386169433594e+00
8.805392980575561523e-01 2.244482994079589844e+00
8.815479278564453125e-01 2.238139629364013672e+00
8.825565576553344727e-01 2.251048326492309570e+00
8.835651874542236328e-01 2.236308336257934570e+00
8.845738172531127930e-01 2.278931379318237305e+00
8.855825066566467285e-01 2.292174339294433594e+00
8.865911364555358887e-01 2.284085035324096680e+00
8.875997662544250488e-01 2.276295423507690430e+00
8.886083960533142090e-01 2.264975786209106445e+00
8.896170258522033691e-01 2.299796819686889648e+00
8.906256556510925293e-01 2.269935369491577148e+00
8.916342854499816895e-01 2.243162631988525391e+00
8.926429152488708496e-01 2.282285451889038086e+00
8.936515450477600098e-01 2.286124944686889648e+00
8.946602344512939453e-01 2.305511951446533203e+00
8.956688642501831055e-01 2.339192867279052734e+00
8.966774940490722656e-01 2.287861824035644531e+00
8.976861238479614258e-01 2.342478036880493164e+00
8.986947536468505859e-01 2.314612150192260742e+00
8.997033834457397461e-01 2.272299289703369141e+00
9.007120132446289062e-01 2.287225961685180664e+00
9.017206430435180664e-01 2.297237634658813477e+00
9.027292728424072266e-01 2.327906847000122070e+00
9.037379026412963867e-01 2.310518980026245117e+00
9.047465920448303223e-01 2.297028779983520508e+00
9.057552218437194824e-01 2.310378551483154297e+00
9.067638516426086426e-01 2.295125484466552734e+00
9.077724814414978027e-01 2.292019367218017578e+00
9.087811112403869629e-01 2.289541959762573242e+00
9.097897410392761230e-01 2.292889595031738281e+00
9.107983708381652832e-01 2.306647777557373047e+00
9.118070006370544434e-01 2.303379058837890625e+00
9.128156304359436035e-01 2.289190053939819336e+00
9.138243198394775391e-01 2.339041471481323242e+00
9.148329496383666992e-01 2.342094421386718750e+00
9.158415794372558594e-01 2.320523738861083984e+00
9.168502092361450195e-01 2.346829891204833984e+00
9.178588390350341797e-01 2.369292020797729492e+00
9.188674688339233398e-01 2.314161777496337891e+00
9.198760986328125000e-01 2.325995922088623047e+00
9.208847284317016602e-01 2.361536741256713867e+00
9.218933582305908203e-01 2.368857145309448242e+00
9.229020476341247559e-01 2.352572917938232422e+00
9.239106774330139160e-01 2.326451301574707031e+00
9.249193072319030762e-01 2.342430114746093750e+00
9.259279370307922363e-01 2.382122039794921875e+00
9.269365668296813965e-01 2.373916625976562500e+00
9.279451966285705566e-01 2.318995714187622070e+00
9.289538264274597168e-01 2.345724344253540039e+00
9.299624562263488770e-01 2.327697753906250000e+00
9.309710860252380371e-01 2.359497070312500000e+00
9.319797158241271973e-01 2.341528177261352539e+00
9.329884052276611328e-01 2.350237607955932617e+00
9.339970350265502930e-01 2.362514257431030273e+00
9.350056648254394531e-01 2.403766870498657227e+00
9.360142946243286133e-01 2.368294477462768555e+00
9.370229244232177734e-01 2.373923301696777344e+00
9.380315542221069336e-01 2.360861301422119141e+00
9.390401840209960938e-01 2.394067287445068359e+00
9.400488138198852539e-01 2.350014686584472656e+00
9.410574436187744141e-01 2.414567470550537109e+00
9.420661330223083496e-01 2.383246183395385742e+00
9.430747628211975098e-01 2.383529663085937500e+00
9.440833926200866699e-01 2.412004470825195312e+00
9.450920224189758301e-01 2.389911651611328125e+00
9.461006522178649902e-01 2.391847610473632812e+00
9.471092820167541504e-01 2.397707223892211914e+00
9.481179118156433105e-01 2.388530015945434570e+00
9.491265416145324707e-01 2.324393987655639648e+00
9.501351714134216309e-01 2.397196054458618164e+00
9.511438012123107910e-01 2.386895179748535156e+00
9.521524906158447266e-01 2.373207092285156250e+00
9.531611204147338867e-01 2.433125257492065430e+00
9.541697502136230469e-01 2.397578001022338867e+00
9.551783800125122070e-01 2.350714206695556641e+00
9.561870098114013672e-01 2.363449335098266602e+00
9.571956396102905273e-01 2.340645551681518555e+00
9.582042694091796875e-01 2.359615564346313477e+00
9.592128992080688477e-01 2.409035921096801758e+00
9.602215290069580078e-01 2.384422779083251953e+00
9.612302184104919434e-01 2.428074836730957031e+00
9.622388482093811035e-01 2.430807590484619141e+00
9.632474780082702637e-01 2.376450061798095703e+00
9.642561078071594238e-01 2.401561021804809570e+00
9.652647376060485840e-01 2.398375034332275391e+00
9.662733674049377441e-01 2.393950939178466797e+00
9.672819972038269043e-01 2.388913631439208984e+00
9.682906270027160645e-01 2.436644554138183594e+00
9.692992568016052246e-01 2.398611307144165039e+00
9.703078866004943848e-01 2.361419200897216797e+00
9.713165760040283203e-01 2.334451913833618164e+00
9.723252058029174805e-01 2.405890941619873047e+00
9.733338356018066406e-01 2.425702571868896484e+00
9.743424654006958008e-01 2.371025800704956055e+00
9.753510951995849609e-01 2.334572553634643555e+00
9.763597249984741211e-01 2.389001369476318359e+00
9.773683547973632812e-01 2.422610759735107422e+00
9.783769845962524414e-01 2.381653785705566406e+00
9.793856143951416016e-01 2.429450988769531250e+00
9.803943037986755371e-01 2.346600532531738281e+00
9.814029335975646973e-01 2.402977466583251953e+00
9.824115633964538574e-01 2.380526065826416016e+00
9.834201931953430176e-01 2.403680086135864258e+00
9.844288229942321777e-01 2.437925577163696289e+00
9.854374527931213379e-01 2.390504598617553711e+00
9.864460825920104980e-01 2.419031620025634766e+00
9.874547123908996582e-01 2.395198822021484375e+00
9.884633421897888184e-01 2.380514144897460938e+00
9.894719719886779785e-01 2.402412414550781250e+00
9.904806613922119141e-01 2.397263050079345703e+00
9.914892911911010742e-01 2.436993122100830078e+00
9.924979209899902344e-01 2.451324939727783203e+00
9.935065507888793945e-01 2.404765129089355469e+00
9.945151805877685547e-01 2.367023468017578125e+00
9.955238103866577148e-01 2.326536178588867188e+00
9.965324401855468750e-01 2.378932952880859375e+00
9.975410699844360352e-01 2.425044298171997070e+00
9.985496997833251953e-01 2.358222246170043945e+00
9.995583891868591309e-01 2.390359640121459961e+00
1.000566959381103516e+00 2.376626491546630859e+00
1.001575589179992676e+00 2.391679048538208008e+00
1.002584218978881836e+00 2.395877599716186523e+00
1.003592848777770996e+00 2.429888486862182617e+00
1.004601597785949707e+00 2.408368587493896484e+00
1.005610227584838867e+00 2.406998634338378906e+00
1.006618857383728027e+00 2.402413845062255859e+00
1.007627487182617188e+00 2.354183912277221680e+00
1.008636116981506348e+00 2.309122323989868164e+00
1.009644746780395508e+00 2.387536048889160156e+00
1.010653376579284668e+00 2.401419162750244141e+00
1.011662006378173828e+00 2.359878778457641602e+00
1.012670636177062988e+00 2.403936862945556641e+00
1.013679265975952148e+00 2.381474971771240234e+00
1.014687895774841309e+00 2.343691825866699219e+00
1.015696525573730469e+00 2.408725738525390625e+00
1.016705155372619629e+00 2.341871023178100586e+00
1.017713785171508789e+00 2.375185012817382812e+00
1.018722414970397949e+00 2.421077013015747070e+00
1.019731044769287109e+00 2.392131805419921875e+00
1.020739674568176270e+00 2.351682662963867188e+00
1.021748304367065430e+00 2.377478122711181641e+00
1.022756934165954590e+00 2.397494792938232422e+00
1.023765683174133301e+00 2.338194608688354492e+00
1.024774312973022461e+00 2.338616609573364258e+00
1.025782942771911621e+00 2.349540472030639648e+00
1.026791572570800781e+00 2.405950307846069336e+00
1.027800202369689941e+00 2.427548646926879883e+00
1.028808832168579102e+00 2.421801567077636719e+00
1.029817461967468262e+00 2.449244976043701172e+00
1.030826091766357422e+00 2.413537025451660156e+00
1.031834721565246582e+00 2.394031763076782227e+00
1.032843351364135742e+00 2.403435945510864258e+00
1.033851981163024902e+00 2.398661613464355469e+00
1.034860610961914062e+00 2.357562541961669922e+00
1.035869240760803223e+00 2.383992195129394531e+00
1.036877870559692383e+00 2.420460939407348633e+00
1.037886500358581543e+00 2.504810810089111328e+00
1.038895130157470703e+00 2.500695466995239258e+00
1.039903759956359863e+00 2.382482290267944336e+00
1.040912389755249023e+00 2.386256217956542969e+00
1.041921019554138184e+00 2.447667598724365234e+00
1.042929768562316895e+00 2.438912868499755859e+00
1.043938398361206055e+00 2.411793708801269531e+00
1.044947028160095215e+00 2.471234560012817383e+00
1.045955657958984375e+00 2.425350904464721680e+00
1.046964287757873535e+00 2.359011888504028320e+00
1.047972917556762695e+00 2.408149719238281250e+00
1.048981547355651855e+00 2.483824014663696289e+00
1.049990177154541016e+00 2.494275093078613281e+00
1.050998806953430176e+00 2.471218347549438477e+00
1.052007436752319336e+00 2.469921588897705078e+00
1.053016066551208496e+00 2.404629707336425781e+00
1.054024696350097656e+00 2.464797019958496094e+00
1.055033326148986816e+00 2.502398490905761719e+00
1.056041955947875977e+00 2.497376203536987305e+00
1.057050585746765137e+00 2.425311803817749023e+00
1.058059215545654297e+00 2.489536285400390625e+00
1.059067845344543457e+00 2.510443687438964844e+00
1.060076475143432617e+00 2.440029144287109375e+00
1.061085104942321777e+00 2.453054189682006836e+00
1.062093853950500488e+00 2.429318428039550781e+00
1.063102483749389648e+00 2.398168087005615234e+00
1.064111113548278809e+00 2.534145593643188477e+00
1.065119743347167969e+00 2.543248653411865234e+00
1.066128373146057129e+00 2.512345552444458008e+00
1.067137002944946289e+00 2.387958288192749023e+00
1.068145632743835449e+00 2.423861026763916016e+00
1.069154262542724609e+00 2.524240732192993164e+00
1.070162892341613770e+00 2.466135740280151367e+00
1.071171522140502930e+00 2.428604841232299805e+00
1.072180151939392090e+00 2.567889451980590820e+00
1.073188781738281250e+00 2.584750175476074219e+00
1.074197411537170410e+00 2.531350135803222656e+00
1.075206041336059570e+00 2.485221385955810547e+00
1.076214671134948730e+00 2.539183378219604492e+00
1.077223300933837891e+00 2.465996265411376953e+00
1.078231930732727051e+00 2.517908334732055664e+00
1.079240560531616211e+00 2.488281488418579102e+00
1.080249190330505371e+00 2.533731222152709961e+00
1.081257939338684082e+00 2.508517265319824219e+00
1.082266569137573242e+00 2.541864871978759766e+00
1.083275198936462402e+00 2.504873514175415039e+00
1.084283828735351562e+00 2.578281641006469727e+00
1.085292458534240723e+00 2.548630475997924805e+00
1.086301088333129883e+00 2.500111818313598633e+00
1.087309718132019043e+00 2.488458871841430664e+00
1.088318347930908203e+00 2.544720411300659180e+00
1.089326977729797363e+00 2.598983526229858398e+00
1.090335607528686523e+00 2.643953800201416016e+00
1.091344237327575684e+00 2.768802165985107422e+00
1.092352867126464844e+00 2.674371242523193359e+00
1.093361496925354004e+00 2.644745349884033203e+00
1.094370126724243164e+00 2.541909694671630859e+00
1.095378756523132324e+00 2.598305225372314453e+00
1.096387386322021484e+00 2.722712755203247070e+00
1.097396016120910645e+00 2.608305215835571289e+00
1.098404645919799805e+00 2.653162717819213867e+00
1.099413275718688965e+00 2.602533578872680664e+00
1.100422024726867676e+00 2.506319522857666016e+00
1.101430654525756836e+00 2.621232032775878906e+00
1.102439284324645996e+00 2.639219999313354492e+00
1.103447914123535156e+00 2.520724296569824219e+00
1.104456543922424316e+00 2.651572942733764648e+00
1.105465173721313477e+00 2.548731565475463867e+00
1.106473803520202637e+00 2.735172986984252930e+00
1.107482433319091797e+00 2.633270263671875000e+00
1.108491063117980957e+00 2.681396722793579102e+00
1.109499692916870117e+00 2.491367816925048828e+00
1.110508322715759277e+00 2.628516435623168945e+00
1.111516952514648438e+00 2.726389884948730469e+00
1.112525582313537598e+00 2.699000835418701172e+00
1.113534212112426758e+00 2.688875436782836914e+00
1.114542841911315918e+00 2.643966197967529297e+00
1.115551471710205078e+00 2.696674585342407227e+00
1.116560101509094238e+00 2.750570774078369141e+00
1.117568731307983398e+00 2.680093765258789062e+00
1.118577361106872559e+00 2.716125965118408203e+00
1.119586110115051270e+00 2.646691560745239258e+00
1.120594739913940430e+00 2.594133853912353516e+00
1.121603369712829590e+00 2.536554098129272461e+00
1.122611999511718750e+00 2.748739242553710938e+00
1.123620629310607910e+00 2.753019571304321289e+00
1.124629259109497070e+00 2.741390705108642578e+00
1.125637888908386230e+00 2.622763633728027344e+00
1.126646518707275391e+00 2.707402229309082031e+00
1.127655148506164551e+00 2.746825933456420898e+00
1.128663778305053711e+00 2.704768419265747070e+00
1.129672408103942871e+00 2.816733121871948242e+00
1.130681037902832031e+00 2.694196701049804688e+00
1.131689667701721191e+00 2.819421768188476562e+00
1.132698297500610352e+00 2.782919883728027344e+00
1.133706927299499512e+00 2.716192960739135742e+00
1.134715557098388672e+00 2.736183166503906250e+00
1.135724186897277832e+00 2.753683090209960938e+00
1.136732816696166992e+00 2.761019706726074219e+00
1.137741446495056152e+00 2.727306127548217773e+00
1.138750195503234863e+00 2.698115110397338867e+00
1.139758825302124023e+00 2.671997785568237305e+00
1.140767455101013184e+00 2.718715906143188477e+00
1.141776084899902344e+00 2.680559873580932617e+00
1.142784714698791504e+00 2.788878679275512695e+00
1.143793344497680664e+00 2.799257516860961914e+00
1.144801974296569824e+00 2.935894489288330078e+00
1.145810604095458984e+00 2.713912248611450195e+00
1.146819233894348145e+00 2.850940227508544922e+00
1.147827863693237305e+00 2.980354547500610352e+00
1.148836493492126465e+00 2.771340847015380859e+00
1.149845123291015625e+00 2.748067378997802734e+00
1.150853753089904785e+00 3.009548425674438477e+00
1.151862382888793945e+00 3.013940334320068359e+00
1.152871012687683105e+00 2.768973112106323242e+00
1.153879642486572266e+00 2.751647710800170898e+00
1.154888272285461426e+00 2.880065202713012695e+00
1.155896902084350586e+00 2.944250345230102539e+00
1.156905531883239746e+00 2.889690876007080078e+00
1.157914280891418457e+00 2.936162233352661133e+00
1.158922910690307617e+00 2.894376516342163086e+00
1.159931540489196777e+00 2.868553876876831055e+00
1.160940170288085938e+00 2.776514530181884766e+00
1.161948800086975098e+00 2.795767784118652344e+00
1.162957429885864258e+00 2.852555036544799805e+00
1.163966059684753418e+00 2.778326988220214844e+00
1.164974689483642578e+00 2.856283903121948242e+00
1.165983319282531738e+00 2.851060152053833008e+00
1.166991949081420898e+00 2.747103691101074219e+00
1.168000578880310059e+00 2.721412658691406250e+00
1.169009208679199219e+00 2.971552371978759766e+00
1.170017838478088379e+00 3.091009378433227539e+00
1.171026468276977539e+00 2.907841920852661133e+00
1.172035098075866699e+00 2.857160806655883789e+00
1.173043727874755859e+00 2.836266279220581055e+00
1.174052357673645020e+00 2.940456151962280273e+00
1.175060987472534180e+00 2.920287847518920898e+00
1.176069617271423340e+00 2.902658224105834961e+00
1.177078366279602051e+00 2.901421785354614258e+00
1.178086996078491211e+00 2.806996583938598633e+00
1.179095625877380371e+00 3.001749515533447266e+00
1.180104255676269531e+00 3.087268114089965820e+00
1.181112885475158691e+00 2.908526659011840820e+00
1.182121515274047852e+00 2.941449165344238281e+00
1.183130145072937012e+00 2.839417219161987305e+00
1.184138774871826172e+00 2.895891904830932617e+00
1.185147404670715332e+00 3.061203718185424805e+00
1.186156034469604492e+00 2.938542604446411133e+00
1.187164664268493652e+00 2.917133569717407227e+00
1.188173294067382812e+00 2.880766868591308594e+00
1.189181923866271973e+00 2.945300579071044922e+00
1.190190553665161133e+00 3.159574270248413086e+00
1.191199183464050293e+00 2.792020082473754883e+00
1.192207813262939453e+00 2.942767858505249023e+00
1.193216443061828613e+00 3.021468877792358398e+00
1.194225072860717773e+00 2.998957633972167969e+00
1.195233702659606934e+00 2.946543455123901367e+00
1.196242451667785645e+00 3.081148624420166016e+00
1.197251081466674805e+00 3.073134660720825195e+00
1.198259711265563965e+00 2.877465009689331055e+00
1.199268341064453125e+00 3.075918912887573242e+00
1.200276970863342285e+00 3.207821130752563477e+00
1.201285600662231445e+00 3.233359098434448242e+00
1.202294230461120605e+00 2.895587205886840820e+00
1.203302860260009766e+00 3.513146400451660156e+00
1.204311490058898926e+00 3.263611555099487305e+00
1.205320119857788086e+00 2.865318059921264648e+00
1.206328749656677246e+00 2.953548192977905273e+00
1.207337379455566406e+00 2.808341264724731445e+00
1.208346009254455566e+00 2.432789564132690430e+00
1.209354639053344727e+00 2.863856792449951172e+00
