0.000000000000000000e+00 3.329453617334365845e-02
1.000000000000000000e+00 2.335861511528491974e-02
2.000000000000000000e+00 4.356699064373970032e-02
3.000000000000000000e+00 3.006260991096496582e-01
4.000000000000000000e+00 8.585532307624816895e-01
5.000000000000000000e+00 7.156121134757995605e-01
6.000000000000000000e+00 7.993674278259277344e-01
7.000000000000000000e+00 8.655650019645690918e-01
8.000000000000000000e+00 7.462090253829956055e-01
9.000000000000000000e+00 6.573398709297180176e-01
1.000000000000000000e+01 6.721867322921752930e-01
1.100000000000000000e+01 7.931191325187683105e-01
1.200000000000000000e+01 6.076605319976806641e-01
1.300000000000000000e+01 7.283018231391906738e-01
1.400000000000000000e+01 5.342817306518554688e-01
1.500000000000000000e+01 4.777121841907501221e-01
1.600000000000000000e+01 5.330640077590942383e-01
1.700000000000000000e+01 4.924216568470001221e-01
1.800000000000000000e+01 7.799672484397888184e-01
1.900000000000000000e+01 5.122682452201843262e-01
2.000000000000000000e+01 4.110981822013854980e-01
2.100000000000000000e+01 4.587838053703308105e-01
2.200000000000000000e+01 5.703908801078796387e-01
2.300000000000000000e+01 6.666335463523864746e-01
2.400000000000000000e+01 5.941978096961975098e-01
2.500000000000000000e+01 6.499264836311340332e-01
2.600000000000000000e+01 6.414427757263183594e-01
2.700000000000000000e+01 6.266082525253295898e-01
2.800000000000000000e+01 5.951623916625976562e-01
2.900000000000000000e+01 5.057327151298522949e-01
3.000000000000000000e+01 5.520718693733215332e-01
3.100000000000000000e+01 6.643945574760437012e-01
3.200000000000000000e+01 7.122599482536315918e-01
3.300000000000000000e+01 7.518517374992370605e-01
3.400000000000000000e+01 6.631384491920471191e-01
3.500000000000000000e+01 5.693758130073547363e-01
3.600000000000000000e+01 6.224254369735717773e-01
3.700000000000000000e+01 7.722173929214477539e-01
3.800000000000000000e+01 9.223411083221435547e-01
3.900000000000000000e+01 7.329074144363403320e-01
4.000000000000000000e+01 8.386386036872863770e-01
4.100000000000000000e+01 9.491284489631652832e-01
4.200000000000000000e+01 1.155453562736511230e+00
4.300000000000000000e+01 1.046497464179992676e+00
4.400000000000000000e+01 8.949570059776306152e-01
4.500000000000000000e+01 6.706091761589050293e-01
4.600000000000000000e+01 6.798743605613708496e-01
4.700000000000000000e+01 7.260539531707763672e-01
4.800000000000000000e+01 6.912476420402526855e-01
4.900000000000000000e+01 6.803479790687561035e-01
5.000000000000000000e+01 6.615936756134033203e-01
5.100000000000000000e+01 6.550121307373046875e-01
5.200000000000000000e+01 5.857532620429992676e-01
5.300000000000000000e+01 5.399124026298522949e-01
5.400000000000000000e+01 5.301045179367065430e-01
5.500000000000000000e+01 5.275168418884277344e-01
5.600000000000000000e+01 5.424541831016540527e-01
5.700000000000000000e+01 5.888439416885375977e-01
5.800000000000000000e+01 5.902247428894042969e-01
5.900000000000000000e+01 5.523249506950378418e-01
6.000000000000000000e+01 5.443326234817504883e-01
6.100000000000000000e+01 5.474694371223449707e-01
6.200000000000000000e+01 6.035078167915344238e-01
6.300000000000000000e+01 5.766556859016418457e-01
6.400000000000000000e+01 5.591825246810913086e-01
6.500000000000000000e+01 5.568827390670776367e-01
6.600000000000000000e+01 5.309862494468688965e-01
6.700000000000000000e+01 5.331469178199768066e-01
6.800000000000000000e+01 5.424008965492248535e-01
6.900000000000000000e+01 5.169638395309448242e-01
7.000000000000000000e+01 6.179615855216979980e-01
7.100000000000000000e+01 7.155269384384155273e-01
7.200000000000000000e+01 8.674579858779907227e-01
7.300000000000000000e+01 8.279277682304382324e-01
7.400000000000000000e+01 4.131794571876525879e-01
7.500000000000000000e+01 3.742097020149230957e-01
7.600000000000000000e+01 3.103955984115600586e-01
7.700000000000000000e+01 2.796232700347900391e-01
7.800000000000000000e+01 2.742895185947418213e-01
7.900000000000000000e+01 2.711747288703918457e-01
8.000000000000000000e+01 2.385621517896652222e-01
8.100000000000000000e+01 2.110690474510192871e-01
8.200000000000000000e+01 2.067825049161911011e-01
8.300000000000000000e+01 1.762688010931015015e-01
8.400000000000000000e+01 1.484254300594329834e-01
8.500000000000000000e+01 1.272195726633071899e-01
8.600000000000000000e+01 1.182793304324150085e-01
8.700000000000000000e+01 8.856102079153060913e-02
8.800000000000000000e+01 7.858151942491531372e-02
8.900000000000000000e+01 6.515956670045852661e-02
9.000000000000000000e+01 6.305462121963500977e-02
9.100000000000000000e+01 4.542089998722076416e-02
9.200000000000000000e+01 3.740162402391433716e-02
9.300000000000000000e+01 2.118651382625102997e-02
9.400000000000000000e+01 1.965929940342903137e-02
9.500000000000000000e+01 1.512281317263841629e-02
9.600000000000000000e+01 8.114483207464218140e-03
9.700000000000000000e+01 2.357319695875048637e-03
9.800000000000000000e+01 2.867586212232708931e-03
9.900000000000000000e+01 1.463421504013240337e-03
1.000000000000000000e+02 2.464136341586709023e-03
1.010000000000000000e+02 3.465097770094871521e-02
1.020000000000000000e+02 6.005352735519409180e-02
1.030000000000000000e+02 6.872979402542114258e-01
1.040000000000000000e+02 8.660073280334472656e-01
1.050000000000000000e+02 9.590560793876647949e-01
1.060000000000000000e+02 7.223825454711914062e-01
1.070000000000000000e+02 7.628808021545410156e-01
1.080000000000000000e+02 7.705136537551879883e-01
1.090000000000000000e+02 6.443897485733032227e-01
1.100000000000000000e+02 6.545112729072570801e-01
1.110000000000000000e+02 6.219171285629272461e-01
1.120000000000000000e+02 5.254710316658020020e-01
1.130000000000000000e+02 4.754873514175415039e-01
1.140000000000000000e+02 4.475997388362884521e-01
1.150000000000000000e+02 3.888272047042846680e-01
1.160000000000000000e+02 4.285069108009338379e-01
1.170000000000000000e+02 4.423992037773132324e-01
1.180000000000000000e+02 4.324548542499542236e-01
1.190000000000000000e+02 5.733464360237121582e-01
1.200000000000000000e+02 4.328994452953338623e-01
1.210000000000000000e+02 3.967569768428802490e-01
1.220000000000000000e+02 4.114610552787780762e-01
1.230000000000000000e+02 5.081338286399841309e-01
1.240000000000000000e+02 5.833044052124023438e-01
1.250000000000000000e+02 6.333752274513244629e-01
1.260000000000000000e+02 5.744214653968811035e-01
1.270000000000000000e+02 5.592156052589416504e-01
1.280000000000000000e+02 5.363472104072570801e-01
1.290000000000000000e+02 5.537738204002380371e-01
1.300000000000000000e+02 6.694954633712768555e-01
1.310000000000000000e+02 5.477885603904724121e-01
1.320000000000000000e+02 6.059039831161499023e-01
1.330000000000000000e+02 5.373250246047973633e-01
1.340000000000000000e+02 5.305044651031494141e-01
1.350000000000000000e+02 5.827769637107849121e-01
1.360000000000000000e+02 6.363521814346313477e-01
1.370000000000000000e+02 8.099161386489868164e-01
1.380000000000000000e+02 7.977855801582336426e-01
1.390000000000000000e+02 7.077082395553588867e-01
1.400000000000000000e+02 6.246609091758728027e-01
1.410000000000000000e+02 6.904174089431762695e-01
1.420000000000000000e+02 7.222629189491271973e-01
1.430000000000000000e+02 5.391690135002136230e-01
1.440000000000000000e+02 6.186872720718383789e-01
1.450000000000000000e+02 6.262403726577758789e-01
1.460000000000000000e+02 5.445831418037414551e-01
1.470000000000000000e+02 6.457710862159729004e-01
1.480000000000000000e+02 6.016781330108642578e-01
1.490000000000000000e+02 5.637808442115783691e-01
1.500000000000000000e+02 5.308146476745605469e-01
1.510000000000000000e+02 5.274956822395324707e-01
1.520000000000000000e+02 5.144873857498168945e-01
1.530000000000000000e+02 4.856751263141632080e-01
1.540000000000000000e+02 4.367892444133758545e-01
1.550000000000000000e+02 5.003675222396850586e-01
1.560000000000000000e+02 5.131871104240417480e-01
1.570000000000000000e+02 4.822120964527130127e-01
1.580000000000000000e+02 4.716212749481201172e-01
1.590000000000000000e+02 4.739986956119537354e-01
1.600000000000000000e+02 4.562792479991912842e-01
1.610000000000000000e+02 5.139120221138000488e-01
1.620000000000000000e+02 5.314795374870300293e-01
1.630000000000000000e+02 4.845067262649536133e-01
1.640000000000000000e+02 4.939982593059539795e-01
1.650000000000000000e+02 4.197018146514892578e-01
1.660000000000000000e+02 4.798953235149383545e-01
1.670000000000000000e+02 4.291749000549316406e-01
1.680000000000000000e+02 4.671744704246520996e-01
1.690000000000000000e+02 5.257778167724609375e-01
1.700000000000000000e+02 5.347992777824401855e-01
1.710000000000000000e+02 5.457279682159423828e-01
1.720000000000000000e+02 6.168745160102844238e-01
1.730000000000000000e+02 7.275865674018859863e-01
1.740000000000000000e+02 3.211846053600311279e-01
1.750000000000000000e+02 3.080657720565795898e-01
1.760000000000000000e+02 2.583404481410980225e-01
1.770000000000000000e+02 2.687661349773406982e-01
1.780000000000000000e+02 2.223616242408752441e-01
1.790000000000000000e+02 2.120553851127624512e-01
1.800000000000000000e+02 2.051860839128494263e-01
1.810000000000000000e+02 1.794195175170898438e-01
1.820000000000000000e+02 1.720159500837326050e-01
1.830000000000000000e+02 1.477066725492477417e-01
1.840000000000000000e+02 1.427854895591735840e-01
1.850000000000000000e+02 1.233861893415451050e-01
1.860000000000000000e+02 9.819603711366653442e-02
1.870000000000000000e+02 9.862445294857025146e-02
1.880000000000000000e+02 7.606603950262069702e-02
1.890000000000000000e+02 6.579535454511642456e-02
1.900000000000000000e+02 5.106928199529647827e-02
1.910000000000000000e+02 3.714807704091072083e-02
1.920000000000000000e+02 3.230431675910949707e-02
1.930000000000000000e+02 2.792592532932758331e-02
1.940000000000000000e+02 2.088620327413082123e-02
1.950000000000000000e+02 8.056567050516605377e-03
1.960000000000000000e+02 7.847077213227748871e-03
1.970000000000000000e+02 5.525573156774044037e-03
1.980000000000000000e+02 4.636636469513177872e-03
1.990000000000000000e+02 3.003276418894529343e-03
2.000000000000000000e+02 3.668013960123062134e-03
2.010000000000000000e+02 4.928853828459978104e-03
2.020000000000000000e+02 4.406447336077690125e-02
2.030000000000000000e+02 3.849107325077056885e-01
2.040000000000000000e+02 6.395090222358703613e-01
2.050000000000000000e+02 4.798558354377746582e-01
2.060000000000000000e+02 4.425127506256103516e-01
2.070000000000000000e+02 6.050950884819030762e-01
2.080000000000000000e+02 4.700330495834350586e-01
2.090000000000000000e+02 4.604851305484771729e-01
2.100000000000000000e+02 5.260961055755615234e-01
2.110000000000000000e+02 5.025613903999328613e-01
2.120000000000000000e+02 4.918464422225952148e-01
2.130000000000000000e+02 4.484441578388214111e-01
2.140000000000000000e+02 4.770149886608123779e-01
2.150000000000000000e+02 4.339122772216796875e-01
2.160000000000000000e+02 3.643387556076049805e-01
2.170000000000000000e+02 3.500030040740966797e-01
2.180000000000000000e+02 3.459197282791137695e-01
2.190000000000000000e+02 3.123967647552490234e-01
2.200000000000000000e+02 3.721718192100524902e-01
2.210000000000000000e+02 4.152743220329284668e-01
2.220000000000000000e+02 4.929319322109222412e-01
2.230000000000000000e+02 3.907088935375213623e-01
2.240000000000000000e+02 4.134013354778289795e-01
2.250000000000000000e+02 3.730861544609069824e-01
2.260000000000000000e+02 6.062654852867126465e-01
2.270000000000000000e+02 6.037386655807495117e-01
2.280000000000000000e+02 5.876660943031311035e-01
2.290000000000000000e+02 5.428375601768493652e-01
2.300000000000000000e+02 5.313561558723449707e-01
2.310000000000000000e+02 6.423391103744506836e-01
2.320000000000000000e+02 5.961400866508483887e-01
2.330000000000000000e+02 6.135748028755187988e-01
2.340000000000000000e+02 7.161870002746582031e-01
2.350000000000000000e+02 6.249399781227111816e-01
2.360000000000000000e+02 6.812745928764343262e-01
2.370000000000000000e+02 6.847444772720336914e-01
2.380000000000000000e+02 7.008543610572814941e-01
2.390000000000000000e+02 7.508553266525268555e-01
2.400000000000000000e+02 8.058118224143981934e-01
2.410000000000000000e+02 8.269767165184020996e-01
2.420000000000000000e+02 8.443526625633239746e-01
2.430000000000000000e+02 8.421876430511474609e-01
2.440000000000000000e+02 8.911861181259155273e-01
2.450000000000000000e+02 7.956565022468566895e-01
2.460000000000000000e+02 7.013424038887023926e-01
2.470000000000000000e+02 7.066687345504760742e-01
2.480000000000000000e+02 6.328753829002380371e-01
2.490000000000000000e+02 5.840549468994140625e-01
2.500000000000000000e+02 5.489675998687744141e-01
2.510000000000000000e+02 5.709688067436218262e-01
2.520000000000000000e+02 5.450269579887390137e-01
2.530000000000000000e+02 5.673314929008483887e-01
2.540000000000000000e+02 4.909263551235198975e-01
2.550000000000000000e+02 4.790034890174865723e-01
2.560000000000000000e+02 4.667354524135589600e-01
2.570000000000000000e+02 4.688349962234497070e-01
2.580000000000000000e+02 4.098587036132812500e-01
2.590000000000000000e+02 4.144955575466156006e-01
2.600000000000000000e+02 4.133312106132507324e-01
2.610000000000000000e+02 4.341883063316345215e-01
2.620000000000000000e+02 4.766274690628051758e-01
2.630000000000000000e+02 4.323142468929290771e-01
2.640000000000000000e+02 4.156132638454437256e-01
2.650000000000000000e+02 4.125480353832244873e-01
2.660000000000000000e+02 3.895693719387054443e-01
2.670000000000000000e+02 4.198789894580841064e-01
2.680000000000000000e+02 4.200275540351867676e-01
2.690000000000000000e+02 3.574360609054565430e-01
2.700000000000000000e+02 4.101588726043701172e-01
2.710000000000000000e+02 4.808184802532196045e-01
2.720000000000000000e+02 5.236465930938720703e-01
2.730000000000000000e+02 5.727633237838745117e-01
2.740000000000000000e+02 4.223349392414093018e-01
2.750000000000000000e+02 3.227731287479400635e-01
2.760000000000000000e+02 2.964703142642974854e-01
2.770000000000000000e+02 2.665973603725433350e-01
2.780000000000000000e+02 2.183582037687301636e-01
2.790000000000000000e+02 1.939888000488281250e-01
2.800000000000000000e+02 1.883444488048553467e-01
2.810000000000000000e+02 1.792002022266387939e-01
2.820000000000000000e+02 1.554028540849685669e-01
2.830000000000000000e+02 1.474244743585586548e-01
2.840000000000000000e+02 1.442081332206726074e-01
2.850000000000000000e+02 1.298061758279800415e-01
2.860000000000000000e+02 1.121904477477073669e-01
2.870000000000000000e+02 1.000555083155632019e-01
2.880000000000000000e+02 1.027955338358879089e-01
2.890000000000000000e+02 8.154524862766265869e-02
2.900000000000000000e+02 6.860434263944625854e-02
2.910000000000000000e+02 4.379756003618240356e-02
2.920000000000000000e+02 4.540060460567474365e-02
2.930000000000000000e+02 4.132587090134620667e-02
2.940000000000000000e+02 2.941066212952136993e-02
2.950000000000000000e+02 1.955345273017883301e-02
2.960000000000000000e+02 1.665583439171314240e-02
2.970000000000000000e+02 6.550119258463382721e-03
2.980000000000000000e+02 1.750714262016117573e-03
2.990000000000000000e+02 3.776715369895100594e-03
3.000000000000000000e+02 2.483139280229806900e-03
3.010000000000000000e+02 6.695101968944072723e-03
3.020000000000000000e+02 4.390990827232599258e-03
3.030000000000000000e+02 3.942967653274536133e-01
3.040000000000000000e+02 7.658606767654418945e-01
3.050000000000000000e+02 6.117336750030517578e-01
3.060000000000000000e+02 6.585332751274108887e-01
3.070000000000000000e+02 6.747347712516784668e-01
3.080000000000000000e+02 7.118111252784729004e-01
3.090000000000000000e+02 6.699127554893493652e-01
3.100000000000000000e+02 6.377637386322021484e-01
3.110000000000000000e+02 8.163856863975524902e-01
3.120000000000000000e+02 1.094974756240844727e+00
3.130000000000000000e+02 8.183767795562744141e-01
3.140000000000000000e+02 8.289264440536499023e-01
3.150000000000000000e+02 7.642854452133178711e-01
3.160000000000000000e+02 7.506532073020935059e-01
3.170000000000000000e+02 7.031987905502319336e-01
3.180000000000000000e+02 6.445431113243103027e-01
3.190000000000000000e+02 5.137504935264587402e-01
3.200000000000000000e+02 6.452704071998596191e-01
3.210000000000000000e+02 6.200429201126098633e-01
3.220000000000000000e+02 4.482327401638031006e-01
3.230000000000000000e+02 3.805728554725646973e-01
3.240000000000000000e+02 4.562856256961822510e-01
3.250000000000000000e+02 6.188094615936279297e-01
3.260000000000000000e+02 5.555099248886108398e-01
3.270000000000000000e+02 4.525644481182098389e-01
3.280000000000000000e+02 4.854465723037719727e-01
3.290000000000000000e+02 3.751757442951202393e-01
3.300000000000000000e+02 4.720878005027770996e-01
3.310000000000000000e+02 3.846543729305267334e-01
3.320000000000000000e+02 3.936345875263214111e-01
3.330000000000000000e+02 3.788805007934570312e-01
3.340000000000000000e+02 3.418953418731689453e-01
3.350000000000000000e+02 3.461499512195587158e-01
3.360000000000000000e+02 3.804562091827392578e-01
3.370000000000000000e+02 4.166782796382904053e-01
3.380000000000000000e+02 6.608955860137939453e-01
3.390000000000000000e+02 7.603586316108703613e-01
3.400000000000000000e+02 8.241778612136840820e-01
3.410000000000000000e+02 8.686968088150024414e-01
3.420000000000000000e+02 7.578979134559631348e-01
3.430000000000000000e+02 8.171174526214599609e-01
3.440000000000000000e+02 7.904973626136779785e-01
3.450000000000000000e+02 7.798623442649841309e-01
3.460000000000000000e+02 6.749640107154846191e-01
3.470000000000000000e+02 6.283767819404602051e-01
3.480000000000000000e+02 6.761293411254882812e-01
3.490000000000000000e+02 7.030997872352600098e-01
3.500000000000000000e+02 7.299302816390991211e-01
3.510000000000000000e+02 6.471478939056396484e-01
3.520000000000000000e+02 5.410006642341613770e-01
3.530000000000000000e+02 5.555977821350097656e-01
3.540000000000000000e+02 5.405955314636230469e-01
3.550000000000000000e+02 4.995822310447692871e-01
3.560000000000000000e+02 4.590487480163574219e-01
3.570000000000000000e+02 4.815705120563507080e-01
3.580000000000000000e+02 5.086424350738525391e-01
3.590000000000000000e+02 5.244003534317016602e-01
3.600000000000000000e+02 5.654321312904357910e-01
3.610000000000000000e+02 5.678936839103698730e-01
3.620000000000000000e+02 5.081027150154113770e-01
3.630000000000000000e+02 5.322771072387695312e-01
3.640000000000000000e+02 5.413914322853088379e-01
3.650000000000000000e+02 4.558645784854888916e-01
3.660000000000000000e+02 4.122544527053833008e-01
3.670000000000000000e+02 4.139637053012847900e-01
3.680000000000000000e+02 4.341827332973480225e-01
3.690000000000000000e+02 4.517479538917541504e-01
3.700000000000000000e+02 4.327337741851806641e-01
3.710000000000000000e+02 3.914507627487182617e-01
3.720000000000000000e+02 4.025076925754547119e-01
3.730000000000000000e+02 4.098154306411743164e-01
3.740000000000000000e+02 5.068941712379455566e-01
3.750000000000000000e+02 3.849641680717468262e-01
3.760000000000000000e+02 3.238233029842376709e-01
3.770000000000000000e+02 2.898101806640625000e-01
3.780000000000000000e+02 2.422934919595718384e-01
3.790000000000000000e+02 2.581215798854827881e-01
3.800000000000000000e+02 2.074670940637588501e-01
3.810000000000000000e+02 1.862549036741256714e-01
3.820000000000000000e+02 1.819018721580505371e-01
3.830000000000000000e+02 1.495790779590606689e-01
3.840000000000000000e+02 1.443538516759872437e-01
3.850000000000000000e+02 1.344528794288635254e-01
3.860000000000000000e+02 1.395055204629898071e-01
3.870000000000000000e+02 1.140487417578697205e-01
3.880000000000000000e+02 1.100531071424484253e-01
3.890000000000000000e+02 1.028820350766181946e-01
3.900000000000000000e+02 8.997776359319686890e-02
3.910000000000000000e+02 7.078135013580322266e-02
3.920000000000000000e+02 5.398778244853019714e-02
3.930000000000000000e+02 4.723852127790451050e-02
3.940000000000000000e+02 2.380906045436859131e-02
3.950000000000000000e+02 1.563007198274135590e-02
3.960000000000000000e+02 7.990826852619647980e-03
3.970000000000000000e+02 6.049026735126972198e-03
3.980000000000000000e+02 4.815997555851936340e-03
3.990000000000000000e+02 2.813875908032059669e-03
4.000000000000000000e+02 3.291543573141098022e-03
4.010000000000000000e+02 2.942690392956137657e-03
4.020000000000000000e+02 1.942663919180631638e-03
4.030000000000000000e+02 1.949857338331639767e-03
4.040000000000000000e+02 5.708482265472412109e-01
4.050000000000000000e+02 6.714859604835510254e-01
4.060000000000000000e+02 5.730654597282409668e-01
4.070000000000000000e+02 4.935506284236907959e-01
4.080000000000000000e+02 4.199319183826446533e-01
4.090000000000000000e+02 3.431728482246398926e-01
4.100000000000000000e+02 3.892241716384887695e-01
4.110000000000000000e+02 6.733654141426086426e-01
4.120000000000000000e+02 7.189593911170959473e-01
4.130000000000000000e+02 4.844475686550140381e-01
4.140000000000000000e+02 4.257269203662872314e-01
4.150000000000000000e+02 5.841964483261108398e-01
4.160000000000000000e+02 6.859290003776550293e-01
4.170000000000000000e+02 5.518918037414550781e-01
4.180000000000000000e+02 7.071958184242248535e-01
4.190000000000000000e+02 6.035608649253845215e-01
4.200000000000000000e+02 5.516424179077148438e-01
4.210000000000000000e+02 6.378877758979797363e-01
4.220000000000000000e+02 5.905695557594299316e-01
4.230000000000000000e+02 5.498234033584594727e-01
4.240000000000000000e+02 4.072831273078918457e-01
4.250000000000000000e+02 4.618520736694335938e-01
4.260000000000000000e+02 4.508247077465057373e-01
4.270000000000000000e+02 4.780269861221313477e-01
4.280000000000000000e+02 4.656154513359069824e-01
4.290000000000000000e+02 4.860254526138305664e-01
4.300000000000000000e+02 4.733588993549346924e-01
4.310000000000000000e+02 4.640097618103027344e-01
4.320000000000000000e+02 7.140163183212280273e-01
4.330000000000000000e+02 5.786158442497253418e-01
4.340000000000000000e+02 4.171048104763031006e-01
4.350000000000000000e+02 3.152238130569458008e-01
4.360000000000000000e+02 3.140004575252532959e-01
4.370000000000000000e+02 4.054387211799621582e-01
4.380000000000000000e+02 4.036611318588256836e-01
4.390000000000000000e+02 4.955817162990570068e-01
4.400000000000000000e+02 6.048538684844970703e-01
4.410000000000000000e+02 6.736682057380676270e-01
4.420000000000000000e+02 6.477555036544799805e-01
4.430000000000000000e+02 6.776939630508422852e-01
4.440000000000000000e+02 8.638197779655456543e-01
4.450000000000000000e+02 7.404906749725341797e-01
4.460000000000000000e+02 8.161690831184387207e-01
4.470000000000000000e+02 7.818331718444824219e-01
4.480000000000000000e+02 8.657598495483398438e-01
4.490000000000000000e+02 8.678601384162902832e-01
4.500000000000000000e+02 9.433838129043579102e-01
4.510000000000000000e+02 9.623576998710632324e-01
4.520000000000000000e+02 8.514590263366699219e-01
4.530000000000000000e+02 7.399540543556213379e-01
4.540000000000000000e+02 8.117009997367858887e-01
4.550000000000000000e+02 8.007437586784362793e-01
4.560000000000000000e+02 6.900870800018310547e-01
4.570000000000000000e+02 5.821706652641296387e-01
4.580000000000000000e+02 5.616784691810607910e-01
4.590000000000000000e+02 5.280255079269409180e-01
4.600000000000000000e+02 5.006690621376037598e-01
4.610000000000000000e+02 4.626741409301757812e-01
4.620000000000000000e+02 4.727706015110015869e-01
4.630000000000000000e+02 5.266474485397338867e-01
4.640000000000000000e+02 5.281927585601806641e-01
4.650000000000000000e+02 5.282289981842041016e-01
4.660000000000000000e+02 4.952446222305297852e-01
4.670000000000000000e+02 4.509972035884857178e-01
4.680000000000000000e+02 4.313842654228210449e-01
4.690000000000000000e+02 4.348021745681762695e-01
4.700000000000000000e+02 3.919818401336669922e-01
4.710000000000000000e+02 3.818255364894866943e-01
4.720000000000000000e+02 4.075086414813995361e-01
4.730000000000000000e+02 4.232628941535949707e-01
4.740000000000000000e+02 4.496869742870330811e-01
4.750000000000000000e+02 4.572503268718719482e-01
4.760000000000000000e+02 3.966364264488220215e-01
4.770000000000000000e+02 3.184047341346740723e-01
4.780000000000000000e+02 2.855950891971588135e-01
4.790000000000000000e+02 2.715475261211395264e-01
4.800000000000000000e+02 2.528150975704193115e-01
4.810000000000000000e+02 2.335025817155838013e-01
4.820000000000000000e+02 1.944410204887390137e-01
4.830000000000000000e+02 2.033020853996276855e-01
4.840000000000000000e+02 1.668161600828170776e-01
4.850000000000000000e+02 1.622126847505569458e-01
4.860000000000000000e+02 1.343465894460678101e-01
4.870000000000000000e+02 1.193223968148231506e-01
4.880000000000000000e+02 9.910773485898971558e-02
4.890000000000000000e+02 9.374112635850906372e-02
4.900000000000000000e+02 7.736182957887649536e-02
4.910000000000000000e+02 6.502801924943923950e-02
4.920000000000000000e+02 5.243910849094390869e-02
4.930000000000000000e+02 3.366393223404884338e-02
4.940000000000000000e+02 2.838389761745929718e-02
4.950000000000000000e+02 2.392215467989444733e-02
4.960000000000000000e+02 1.806597411632537842e-02
4.970000000000000000e+02 1.310868933796882629e-02
4.980000000000000000e+02 1.214187312871217728e-02
4.990000000000000000e+02 7.628621999174356461e-03
5.000000000000000000e+02 5.192677490413188934e-03
5.010000000000000000e+02 3.521414007991552353e-03
5.020000000000000000e+02 2.088733250275254250e-03
5.030000000000000000e+02 2.433439716696739197e-03
5.040000000000000000e+02 3.412859980016946793e-03
