0.000000000000000000e+00 1.327011260986328125e+02
1.000000000000000000e+00 1.345736694335937500e+02
2.000000000000000000e+00 1.913461151123046875e+02
3.000000000000000000e+00 2.331224670410156250e+02
4.000000000000000000e+00 2.680145263671875000e+02
5.000000000000000000e+00 3.264032287597656250e+02
6.000000000000000000e+00 3.623176574707031250e+02
7.000000000000000000e+00 4.669812316894531250e+02
8.000000000000000000e+00 5.031196899414062500e+02
9.000000000000000000e+00 5.966832275390625000e+02
1.000000000000000000e+01 6.629229736328125000e+02
1.100000000000000000e+01 6.233197021484375000e+02
1.200000000000000000e+01 5.726419067382812500e+02
1.300000000000000000e+01 6.814061279296875000e+02
1.400000000000000000e+01 7.363769531250000000e+02
1.500000000000000000e+01 7.433613891601562500e+02
1.600000000000000000e+01 7.307667236328125000e+02
1.700000000000000000e+01 7.727766113281250000e+02
1.800000000000000000e+01 7.469625854492187500e+02
1.900000000000000000e+01 7.216346435546875000e+02
2.000000000000000000e+01 6.668922729492187500e+02
2.100000000000000000e+01 6.227539672851562500e+02
2.200000000000000000e+01 6.073775634765625000e+02
2.300000000000000000e+01 6.213949584960937500e+02
2.400000000000000000e+01 5.444519653320312500e+02
2.500000000000000000e+01 4.556965942382812500e+02
2.600000000000000000e+01 4.146924438476562500e+02
2.700000000000000000e+01 3.682629089355468750e+02
2.800000000000000000e+01 3.276991577148437500e+02
2.900000000000000000e+01 2.996221923828125000e+02
3.000000000000000000e+01 2.774476928710937500e+02
3.100000000000000000e+01 2.939948120117187500e+02
3.200000000000000000e+01 2.707147521972656250e+02
3.300000000000000000e+01 2.570308837890625000e+02
3.400000000000000000e+01 2.351093139648437500e+02
3.500000000000000000e+01 2.523930206298828125e+02
3.600000000000000000e+01 3.427247924804687500e+02
3.700000000000000000e+01 3.084605102539062500e+02
3.800000000000000000e+01 3.091621704101562500e+02
3.900000000000000000e+01 3.277586059570312500e+02
4.000000000000000000e+01 3.185389404296875000e+02
4.100000000000000000e+01 3.137937011718750000e+02
4.200000000000000000e+01 3.075689697265625000e+02
4.300000000000000000e+01 2.692523193359375000e+02
4.400000000000000000e+01 2.191096801757812500e+02
4.500000000000000000e+01 2.444305725097656250e+02
4.600000000000000000e+01 2.526944580078125000e+02
4.700000000000000000e+01 2.414057922363281250e+02
4.800000000000000000e+01 2.395757751464843750e+02
4.900000000000000000e+01 2.276165771484375000e+02
5.000000000000000000e+01 2.335969696044921875e+02
5.100000000000000000e+01 2.862480773925781250e+02
5.200000000000000000e+01 3.293262634277343750e+02
5.300000000000000000e+01 3.548096313476562500e+02
5.400000000000000000e+01 3.694772644042968750e+02
5.500000000000000000e+01 3.975951843261718750e+02
5.600000000000000000e+01 4.016105041503906250e+02
5.700000000000000000e+01 3.940132446289062500e+02
5.800000000000000000e+01 4.075736999511718750e+02
5.900000000000000000e+01 4.489369812011718750e+02
6.000000000000000000e+01 4.228498229980468750e+02
6.100000000000000000e+01 4.636725158691406250e+02
6.200000000000000000e+01 5.414357910156250000e+02
6.300000000000000000e+01 5.365758666992187500e+02
6.400000000000000000e+01 4.849002990722656250e+02
6.500000000000000000e+01 4.241658325195312500e+02
6.600000000000000000e+01 4.094276123046875000e+02
6.700000000000000000e+01 4.226677551269531250e+02
6.800000000000000000e+01 4.719407653808593750e+02
6.900000000000000000e+01 5.231851806640625000e+02
7.000000000000000000e+01 5.852634277343750000e+02
7.100000000000000000e+01 5.549901123046875000e+02
7.200000000000000000e+01 5.963723754882812500e+02
7.300000000000000000e+01 6.044558105468750000e+02
7.400000000000000000e+01 5.893226928710937500e+02
7.500000000000000000e+01 6.188931274414062500e+02
7.600000000000000000e+01 6.120490112304687500e+02
7.700000000000000000e+01 5.869887695312500000e+02
7.800000000000000000e+01 6.109655761718750000e+02
7.900000000000000000e+01 6.074608154296875000e+02
8.000000000000000000e+01 6.268190307617187500e+02
8.100000000000000000e+01 6.387048950195312500e+02
8.200000000000000000e+01 6.465628051757812500e+02
8.300000000000000000e+01 6.173128662109375000e+02
8.400000000000000000e+01 5.942400512695312500e+02
8.500000000000000000e+01 4.880547485351562500e+02
8.600000000000000000e+01 5.182811889648437500e+02
8.700000000000000000e+01 6.034681396484375000e+02
8.800000000000000000e+01 5.770742797851562500e+02
8.900000000000000000e+01 5.604171752929687500e+02
9.000000000000000000e+01 6.028079833984375000e+02
9.100000000000000000e+01 6.105895996093750000e+02
9.200000000000000000e+01 6.108933715820312500e+02
9.300000000000000000e+01 5.359036865234375000e+02
9.400000000000000000e+01 3.910356140136718750e+02
9.500000000000000000e+01 4.848288574218750000e+02
9.600000000000000000e+01 5.894512939453125000e+02
9.700000000000000000e+01 5.124863281250000000e+02
9.800000000000000000e+01 5.175313720703125000e+02
9.900000000000000000e+01 5.166460571289062500e+02
1.000000000000000000e+02 4.886978149414062500e+02
