0.000000000000000000e+00 1.695862650871276855e+00
1.000000000000000000e+00 1.730233430862426758e+00
2.000000000000000000e+00 1.772276639938354492e+00
3.000000000000000000e+00 1.736711144447326660e+00
4.000000000000000000e+00 1.790510177612304688e+00
5.000000000000000000e+00 1.867634057998657227e+00
6.000000000000000000e+00 1.911388278007507324e+00
7.000000000000000000e+00 1.921665430068969727e+00
8.000000000000000000e+00 1.954523086547851562e+00
9.000000000000000000e+00 2.054690599441528320e+00
1.000000000000000000e+01 2.069338798522949219e+00
1.100000000000000000e+01 2.148641586303710938e+00
1.200000000000000000e+01 2.143658638000488281e+00
1.300000000000000000e+01 2.231396436691284180e+00
1.400000000000000000e+01 2.215375900268554688e+00
1.500000000000000000e+01 2.208216190338134766e+00
1.600000000000000000e+01 2.235150575637817383e+00
1.700000000000000000e+01 2.199014902114868164e+00
1.800000000000000000e+01 2.249322652816772461e+00
1.900000000000000000e+01 2.211848258972167969e+00
2.000000000000000000e+01 2.230828762054443359e+00
2.100000000000000000e+01 2.233456134796142578e+00
2.200000000000000000e+01 2.258826971054077148e+00
2.300000000000000000e+01 2.254869699478149414e+00
2.400000000000000000e+01 2.295883417129516602e+00
2.500000000000000000e+01 2.333699703216552734e+00
2.600000000000000000e+01 2.340584516525268555e+00
2.700000000000000000e+01 2.336794376373291016e+00
2.800000000000000000e+01 2.355648040771484375e+00
2.900000000000000000e+01 2.380574464797973633e+00
3.000000000000000000e+01 2.374765157699584961e+00
3.100000000000000000e+01 2.392877101898193359e+00
3.200000000000000000e+01 2.380382061004638672e+00
3.300000000000000000e+01 2.361193895339965820e+00
3.400000000000000000e+01 2.376413345336914062e+00
3.500000000000000000e+01 2.387822628021240234e+00
3.600000000000000000e+01 2.366026639938354492e+00
3.700000000000000000e+01 2.413687705993652344e+00
3.800000000000000000e+01 2.383208513259887695e+00
3.900000000000000000e+01 2.380619764328002930e+00
4.000000000000000000e+01 2.417342185974121094e+00
4.100000000000000000e+01 2.381498813629150391e+00
4.200000000000000000e+01 2.402519941329956055e+00
4.300000000000000000e+01 2.401690244674682617e+00
4.400000000000000000e+01 2.413306951522827148e+00
4.500000000000000000e+01 2.383736848831176758e+00
4.600000000000000000e+01 2.426783323287963867e+00
4.700000000000000000e+01 2.427170753479003906e+00
4.800000000000000000e+01 2.429034233093261719e+00
4.900000000000000000e+01 2.432933092117309570e+00
5.000000000000000000e+01 2.219217061996459961e+00
5.100000000000000000e+01 2.375900506973266602e+00
5.200000000000000000e+01 2.444582700729370117e+00
5.300000000000000000e+01 2.412516593933105469e+00
5.400000000000000000e+01 2.425824642181396484e+00
5.500000000000000000e+01 2.456412315368652344e+00
5.600000000000000000e+01 2.414437294006347656e+00
5.700000000000000000e+01 2.449213981628417969e+00
5.800000000000000000e+01 2.440444231033325195e+00
5.900000000000000000e+01 2.439421176910400391e+00
6.000000000000000000e+01 2.413965940475463867e+00
6.100000000000000000e+01 2.440495729446411133e+00
6.200000000000000000e+01 2.432106256484985352e+00
6.300000000000000000e+01 2.448146581649780273e+00
6.400000000000000000e+01 2.467607975006103516e+00
6.500000000000000000e+01 2.428850889205932617e+00
6.600000000000000000e+01 2.471153497695922852e+00
6.700000000000000000e+01 2.436178684234619141e+00
6.800000000000000000e+01 2.444352388381958008e+00
6.900000000000000000e+01 2.446964502334594727e+00
7.000000000000000000e+01 2.470952987670898438e+00
7.100000000000000000e+01 2.424954891204833984e+00
7.200000000000000000e+01 2.378204584121704102e+00
7.300000000000000000e+01 2.441909313201904297e+00
7.400000000000000000e+01 2.444238424301147461e+00
7.500000000000000000e+01 2.433335781097412109e+00
7.600000000000000000e+01 2.477895259857177734e+00
7.700000000000000000e+01 2.449924945831298828e+00
7.800000000000000000e+01 2.436274528503417969e+00
7.900000000000000000e+01 2.468786001205444336e+00
8.000000000000000000e+01 2.473683834075927734e+00
8.100000000000000000e+01 2.406135797500610352e+00
8.200000000000000000e+01 2.481106758117675781e+00
8.300000000000000000e+01 2.461060285568237305e+00
8.400000000000000000e+01 2.420258045196533203e+00
8.500000000000000000e+01 2.488141059875488281e+00
8.600000000000000000e+01 2.496769666671752930e+00
8.700000000000000000e+01 2.453416585922241211e+00
8.800000000000000000e+01 2.503387928009033203e+00
8.900000000000000000e+01 2.519290924072265625e+00
9.000000000000000000e+01 2.496413707733154297e+00
9.100000000000000000e+01 2.466718196868896484e+00
9.200000000000000000e+01 2.493351459503173828e+00
9.300000000000000000e+01 2.460625886917114258e+00
9.400000000000000000e+01 2.459037065505981445e+00
9.500000000000000000e+01 2.476607084274291992e+00
9.600000000000000000e+01 2.486557245254516602e+00
9.700000000000000000e+01 2.420152425765991211e+00
9.800000000000000000e+01 2.473360538482666016e+00
9.900000000000000000e+01 2.423637151718139648e+00
1.000000000000000000e+02 2.450045108795166016e+00
1.010000000000000000e+02 1.487891197204589844e+00
1.020000000000000000e+02 1.527453422546386719e+00
1.030000000000000000e+02 1.616637587547302246e+00
1.040000000000000000e+02 1.618786454200744629e+00
1.050000000000000000e+02 1.675433397293090820e+00
1.060000000000000000e+02 1.723333597183227539e+00
1.070000000000000000e+02 1.727365732192993164e+00
1.080000000000000000e+02 1.795745491981506348e+00
1.090000000000000000e+02 1.841067075729370117e+00
1.100000000000000000e+02 1.889651298522949219e+00
1.110000000000000000e+02 1.933823466300964355e+00
1.120000000000000000e+02 1.994774103164672852e+00
1.130000000000000000e+02 2.053143739700317383e+00
1.140000000000000000e+02 2.105886459350585938e+00
1.150000000000000000e+02 2.179182767868041992e+00
1.160000000000000000e+02 2.163569211959838867e+00
1.170000000000000000e+02 2.225720643997192383e+00
1.180000000000000000e+02 2.163181543350219727e+00
1.190000000000000000e+02 2.019070386886596680e+00
1.200000000000000000e+02 2.163430213928222656e+00
1.210000000000000000e+02 2.174144029617309570e+00
1.220000000000000000e+02 2.216989994049072266e+00
1.230000000000000000e+02 2.236309528350830078e+00
1.240000000000000000e+02 2.260666608810424805e+00
1.250000000000000000e+02 2.232117176055908203e+00
1.260000000000000000e+02 2.319848060607910156e+00
1.270000000000000000e+02 2.262148141860961914e+00
1.280000000000000000e+02 2.294345617294311523e+00
1.290000000000000000e+02 2.298360586166381836e+00
1.300000000000000000e+02 2.341472625732421875e+00
1.310000000000000000e+02 2.331657648086547852e+00
1.320000000000000000e+02 2.313593387603759766e+00
1.330000000000000000e+02 2.332712411880493164e+00
1.340000000000000000e+02 2.286823511123657227e+00
1.350000000000000000e+02 2.315957784652709961e+00
1.360000000000000000e+02 2.309304952621459961e+00
1.370000000000000000e+02 2.329948902130126953e+00
1.380000000000000000e+02 2.350733041763305664e+00
1.390000000000000000e+02 2.311275720596313477e+00
1.400000000000000000e+02 2.348738908767700195e+00
1.410000000000000000e+02 2.321500062942504883e+00
1.420000000000000000e+02 2.362383365631103516e+00
1.430000000000000000e+02 2.349619150161743164e+00
1.440000000000000000e+02 2.350154399871826172e+00
1.450000000000000000e+02 2.336804628372192383e+00
1.460000000000000000e+02 2.350365638732910156e+00
1.470000000000000000e+02 2.307947635650634766e+00
1.480000000000000000e+02 2.352727174758911133e+00
1.490000000000000000e+02 2.319758415222167969e+00
1.500000000000000000e+02 2.385929822921752930e+00
1.510000000000000000e+02 2.345606088638305664e+00
1.520000000000000000e+02 2.394057512283325195e+00
1.530000000000000000e+02 2.345781326293945312e+00
1.540000000000000000e+02 2.384016513824462891e+00
1.550000000000000000e+02 2.351668596267700195e+00
1.560000000000000000e+02 2.368494033813476562e+00
1.570000000000000000e+02 2.353745937347412109e+00
1.580000000000000000e+02 2.366926908493041992e+00
1.590000000000000000e+02 2.362003087997436523e+00
1.600000000000000000e+02 2.367810010910034180e+00
1.610000000000000000e+02 2.367103338241577148e+00
1.620000000000000000e+02 2.357867717742919922e+00
1.630000000000000000e+02 2.376972913742065430e+00
1.640000000000000000e+02 2.332516431808471680e+00
1.650000000000000000e+02 2.356686592102050781e+00
1.660000000000000000e+02 2.347678899765014648e+00
1.670000000000000000e+02 2.358338832855224609e+00
1.680000000000000000e+02 2.354646921157836914e+00
1.690000000000000000e+02 2.336467504501342773e+00
1.700000000000000000e+02 2.346062660217285156e+00
1.710000000000000000e+02 2.380929231643676758e+00
1.720000000000000000e+02 2.364339828491210938e+00
1.730000000000000000e+02 2.391410350799560547e+00
1.740000000000000000e+02 2.415523529052734375e+00
1.750000000000000000e+02 2.381056070327758789e+00
1.760000000000000000e+02 2.428949832916259766e+00
1.770000000000000000e+02 2.366293430328369141e+00
1.780000000000000000e+02 2.384260177612304688e+00
1.790000000000000000e+02 2.395962715148925781e+00
1.800000000000000000e+02 2.403996467590332031e+00
1.810000000000000000e+02 2.394582748413085938e+00
1.820000000000000000e+02 2.401421070098876953e+00
1.830000000000000000e+02 2.407740592956542969e+00
1.840000000000000000e+02 2.449824571609497070e+00
1.850000000000000000e+02 2.424676179885864258e+00
1.860000000000000000e+02 2.445963144302368164e+00
1.870000000000000000e+02 2.451766967773437500e+00
1.880000000000000000e+02 2.452680110931396484e+00
1.890000000000000000e+02 2.414126396179199219e+00
1.900000000000000000e+02 2.436655044555664062e+00
1.910000000000000000e+02 2.433732032775878906e+00
1.920000000000000000e+02 2.459851264953613281e+00
1.930000000000000000e+02 2.414592742919921875e+00
1.940000000000000000e+02 2.388929843902587891e+00
1.950000000000000000e+02 2.407177686691284180e+00
1.960000000000000000e+02 2.461670637130737305e+00
1.970000000000000000e+02 2.460858106613159180e+00
1.980000000000000000e+02 2.503252506256103516e+00
1.990000000000000000e+02 2.489441871643066406e+00
2.000000000000000000e+02 2.488547325134277344e+00
2.010000000000000000e+02 2.477584362030029297e+00
2.020000000000000000e+02 1.450890421867370605e+00
2.030000000000000000e+02 1.495694637298583984e+00
2.040000000000000000e+02 1.533339738845825195e+00
2.050000000000000000e+02 1.548639178276062012e+00
2.060000000000000000e+02 1.569246768951416016e+00
2.070000000000000000e+02 1.461310863494873047e+00
2.080000000000000000e+02 1.642319917678833008e+00
2.090000000000000000e+02 1.699162006378173828e+00
2.100000000000000000e+02 1.728792071342468262e+00
2.110000000000000000e+02 1.786162972450256348e+00
2.120000000000000000e+02 1.823304772377014160e+00
2.130000000000000000e+02 1.885341048240661621e+00
2.140000000000000000e+02 1.924729943275451660e+00
2.150000000000000000e+02 1.982762575149536133e+00
2.160000000000000000e+02 2.021851301193237305e+00
2.170000000000000000e+02 2.049243688583374023e+00
2.180000000000000000e+02 2.047778367996215820e+00
2.190000000000000000e+02 2.040310621261596680e+00
2.200000000000000000e+02 2.029522418975830078e+00
2.210000000000000000e+02 2.055170297622680664e+00
2.220000000000000000e+02 2.025081157684326172e+00
2.230000000000000000e+02 2.041756629943847656e+00
2.240000000000000000e+02 2.057315349578857422e+00
2.250000000000000000e+02 2.022312164306640625e+00
2.260000000000000000e+02 2.035380125045776367e+00
2.270000000000000000e+02 2.031564712524414062e+00
2.280000000000000000e+02 2.038213014602661133e+00
2.290000000000000000e+02 2.086891651153564453e+00
2.300000000000000000e+02 2.066257476806640625e+00
2.310000000000000000e+02 2.103972673416137695e+00
2.320000000000000000e+02 2.102859258651733398e+00
2.330000000000000000e+02 2.131537914276123047e+00
2.340000000000000000e+02 2.123527526855468750e+00
2.350000000000000000e+02 2.157657623291015625e+00
2.360000000000000000e+02 2.118396997451782227e+00
2.370000000000000000e+02 2.154189586639404297e+00
2.380000000000000000e+02 2.132829427719116211e+00
2.390000000000000000e+02 2.142588376998901367e+00
2.400000000000000000e+02 2.174587965011596680e+00
2.410000000000000000e+02 2.168497562408447266e+00
2.420000000000000000e+02 2.193588256835937500e+00
2.430000000000000000e+02 2.222077369689941406e+00
2.440000000000000000e+02 2.068852424621582031e+00
2.450000000000000000e+02 1.933080911636352539e+00
2.460000000000000000e+02 2.132675647735595703e+00
2.470000000000000000e+02 1.986370444297790527e+00
2.480000000000000000e+02 1.872301220893859863e+00
2.490000000000000000e+02 2.150944471359252930e+00
2.500000000000000000e+02 2.234330177307128906e+00
2.510000000000000000e+02 2.275558471679687500e+00
2.520000000000000000e+02 2.273448467254638672e+00
2.530000000000000000e+02 2.284561634063720703e+00
2.540000000000000000e+02 2.280212640762329102e+00
2.550000000000000000e+02 2.308337688446044922e+00
2.560000000000000000e+02 2.299252271652221680e+00
2.570000000000000000e+02 2.289944410324096680e+00
2.580000000000000000e+02 2.279922723770141602e+00
2.590000000000000000e+02 2.289550542831420898e+00
2.600000000000000000e+02 2.266196727752685547e+00
2.610000000000000000e+02 2.291488409042358398e+00
2.620000000000000000e+02 2.320489883422851562e+00
2.630000000000000000e+02 2.288196325302124023e+00
2.640000000000000000e+02 2.290592908859252930e+00
2.650000000000000000e+02 2.280137777328491211e+00
2.660000000000000000e+02 2.280247449874877930e+00
2.670000000000000000e+02 2.268952846527099609e+00
2.680000000000000000e+02 2.299318552017211914e+00
2.690000000000000000e+02 2.248970031738281250e+00
2.700000000000000000e+02 2.272560358047485352e+00
2.710000000000000000e+02 2.269837379455566406e+00
2.720000000000000000e+02 2.275077819824218750e+00
2.730000000000000000e+02 2.300481081008911133e+00
2.740000000000000000e+02 2.283177375793457031e+00
2.750000000000000000e+02 2.314503669738769531e+00
2.760000000000000000e+02 2.302038431167602539e+00
2.770000000000000000e+02 2.345157384872436523e+00
2.780000000000000000e+02 2.340457677841186523e+00
2.790000000000000000e+02 2.329328060150146484e+00
2.800000000000000000e+02 2.350665092468261719e+00
2.810000000000000000e+02 2.372293710708618164e+00
2.820000000000000000e+02 2.358417034149169922e+00
2.830000000000000000e+02 2.342609882354736328e+00
2.840000000000000000e+02 2.383221149444580078e+00
2.850000000000000000e+02 2.394007682800292969e+00
2.860000000000000000e+02 2.347429990768432617e+00
2.870000000000000000e+02 2.373776197433471680e+00
2.880000000000000000e+02 2.360216617584228516e+00
2.890000000000000000e+02 2.381863832473754883e+00
2.900000000000000000e+02 2.344645977020263672e+00
2.910000000000000000e+02 2.379287958145141602e+00
2.920000000000000000e+02 2.388881683349609375e+00
2.930000000000000000e+02 2.378157615661621094e+00
2.940000000000000000e+02 2.447992563247680664e+00
2.950000000000000000e+02 2.429833650588989258e+00
2.960000000000000000e+02 2.410115480422973633e+00
2.970000000000000000e+02 2.431077718734741211e+00
2.980000000000000000e+02 2.428503513336181641e+00
2.990000000000000000e+02 2.418313980102539062e+00
3.000000000000000000e+02 2.426459312438964844e+00
3.010000000000000000e+02 2.401809692382812500e+00
3.020000000000000000e+02 2.437200546264648438e+00
3.030000000000000000e+02 1.448026299476623535e+00
3.040000000000000000e+02 1.511223435401916504e+00
3.050000000000000000e+02 1.537169814109802246e+00
3.060000000000000000e+02 1.547733902931213379e+00
3.070000000000000000e+02 1.387072205543518066e+00
3.080000000000000000e+02 1.396857023239135742e+00
3.090000000000000000e+02 1.575529694557189941e+00
3.100000000000000000e+02 1.589375853538513184e+00
3.110000000000000000e+02 1.607561469078063965e+00
3.120000000000000000e+02 1.677900552749633789e+00
3.130000000000000000e+02 1.587905526161193848e+00
3.140000000000000000e+02 1.324575424194335938e+00
3.150000000000000000e+02 1.524737238883972168e+00
3.160000000000000000e+02 1.751891732215881348e+00
3.170000000000000000e+02 1.725678563117980957e+00
3.180000000000000000e+02 1.770972371101379395e+00
3.190000000000000000e+02 1.788142919540405273e+00
3.200000000000000000e+02 1.774637699127197266e+00
3.210000000000000000e+02 1.789317369461059570e+00
3.220000000000000000e+02 1.784015655517578125e+00
3.230000000000000000e+02 1.800105452537536621e+00
3.240000000000000000e+02 1.761427760124206543e+00
3.250000000000000000e+02 1.765156507492065430e+00
3.260000000000000000e+02 1.774644374847412109e+00
3.270000000000000000e+02 1.784022331237792969e+00
3.280000000000000000e+02 1.794984936714172363e+00
3.290000000000000000e+02 1.773117303848266602e+00
3.300000000000000000e+02 1.770557045936584473e+00
3.310000000000000000e+02 1.773041844367980957e+00
3.320000000000000000e+02 1.793621897697448730e+00
3.330000000000000000e+02 1.778052926063537598e+00
3.340000000000000000e+02 1.784066677093505859e+00
3.350000000000000000e+02 1.768580555915832520e+00
3.360000000000000000e+02 1.808672785758972168e+00
3.370000000000000000e+02 1.796882271766662598e+00
3.380000000000000000e+02 1.820054769515991211e+00
3.390000000000000000e+02 1.787391543388366699e+00
3.400000000000000000e+02 1.806580781936645508e+00
3.410000000000000000e+02 1.791404962539672852e+00
3.420000000000000000e+02 1.653651833534240723e+00
3.430000000000000000e+02 1.513433098793029785e+00
3.440000000000000000e+02 1.761491179466247559e+00
3.450000000000000000e+02 1.767914652824401855e+00
3.460000000000000000e+02 1.812345862388610840e+00
3.470000000000000000e+02 1.796793222427368164e+00
3.480000000000000000e+02 1.782237410545349121e+00
3.490000000000000000e+02 1.687175512313842773e+00
3.500000000000000000e+02 1.810985803604125977e+00
3.510000000000000000e+02 1.800154685974121094e+00
3.520000000000000000e+02 1.798853874206542969e+00
3.530000000000000000e+02 1.844324946403503418e+00
3.540000000000000000e+02 1.790602803230285645e+00
3.550000000000000000e+02 1.799071788787841797e+00
3.560000000000000000e+02 1.794289112091064453e+00
3.570000000000000000e+02 1.776326537132263184e+00
3.580000000000000000e+02 1.802329540252685547e+00
3.590000000000000000e+02 1.852017998695373535e+00
3.600000000000000000e+02 1.842609882354736328e+00
3.610000000000000000e+02 1.822146177291870117e+00
3.620000000000000000e+02 1.831395745277404785e+00
3.630000000000000000e+02 1.829196810722351074e+00
3.640000000000000000e+02 1.831775784492492676e+00
3.650000000000000000e+02 1.844837427139282227e+00
3.660000000000000000e+02 1.808061480522155762e+00
3.670000000000000000e+02 1.808422923088073730e+00
3.680000000000000000e+02 1.802400112152099609e+00
3.690000000000000000e+02 1.859134554862976074e+00
3.700000000000000000e+02 1.823397040367126465e+00
3.710000000000000000e+02 1.856566309928894043e+00
3.720000000000000000e+02 1.862113714218139648e+00
3.730000000000000000e+02 1.916636466979980469e+00
3.740000000000000000e+02 1.877609133720397949e+00
3.750000000000000000e+02 1.903923869132995605e+00
3.760000000000000000e+02 1.890540122985839844e+00
3.770000000000000000e+02 1.897081732749938965e+00
3.780000000000000000e+02 1.893654108047485352e+00
3.790000000000000000e+02 1.910124063491821289e+00
3.800000000000000000e+02 1.898322343826293945e+00
3.810000000000000000e+02 1.924004316329956055e+00
3.820000000000000000e+02 1.909356713294982910e+00
3.830000000000000000e+02 1.940890550613403320e+00
3.840000000000000000e+02 1.899341464042663574e+00
3.850000000000000000e+02 1.906009912490844727e+00
3.860000000000000000e+02 1.919348120689392090e+00
3.870000000000000000e+02 1.914092183113098145e+00
3.880000000000000000e+02 1.923219203948974609e+00
3.890000000000000000e+02 1.895900964736938477e+00
3.900000000000000000e+02 1.923797845840454102e+00
3.910000000000000000e+02 1.903328180313110352e+00
3.920000000000000000e+02 1.887527704238891602e+00
3.930000000000000000e+02 1.888024926185607910e+00
3.940000000000000000e+02 1.910390973091125488e+00
3.950000000000000000e+02 1.917161822319030762e+00
3.960000000000000000e+02 1.899752736091613770e+00
3.970000000000000000e+02 1.863275766372680664e+00
3.980000000000000000e+02 1.904804348945617676e+00
3.990000000000000000e+02 1.873913288116455078e+00
4.000000000000000000e+02 1.884736776351928711e+00
4.010000000000000000e+02 1.902243375778198242e+00
4.020000000000000000e+02 1.967330455780029297e+00
4.030000000000000000e+02 1.950038909912109375e+00
4.040000000000000000e+02 1.424291610717773438e+00
4.050000000000000000e+02 1.286778092384338379e+00
4.060000000000000000e+02 1.435931921005249023e+00
4.070000000000000000e+02 1.535683155059814453e+00
4.080000000000000000e+02 1.505242109298706055e+00
4.090000000000000000e+02 1.588811397552490234e+00
4.100000000000000000e+02 1.594159364700317383e+00
4.110000000000000000e+02 1.633021235466003418e+00
4.120000000000000000e+02 1.625699281692504883e+00
4.130000000000000000e+02 1.682804465293884277e+00
4.140000000000000000e+02 1.722071886062622070e+00
4.150000000000000000e+02 1.479071736335754395e+00
4.160000000000000000e+02 1.402329683303833008e+00
4.170000000000000000e+02 1.637276530265808105e+00
4.180000000000000000e+02 1.746342062950134277e+00
4.190000000000000000e+02 1.742393970489501953e+00
4.200000000000000000e+02 1.742204308509826660e+00
4.210000000000000000e+02 1.765694379806518555e+00
4.220000000000000000e+02 1.759062170982360840e+00
4.230000000000000000e+02 1.732861280441284180e+00
4.240000000000000000e+02 1.779894232749938965e+00
4.250000000000000000e+02 1.797975301742553711e+00
4.260000000000000000e+02 1.795604944229125977e+00
4.270000000000000000e+02 1.781483530998229980e+00
4.280000000000000000e+02 1.774733424186706543e+00
4.290000000000000000e+02 1.656605124473571777e+00
4.300000000000000000e+02 1.795031189918518066e+00
4.310000000000000000e+02 1.711449980735778809e+00
4.320000000000000000e+02 1.761439085006713867e+00
4.330000000000000000e+02 1.751923680305480957e+00
4.340000000000000000e+02 1.728651046752929688e+00
4.350000000000000000e+02 1.740111470222473145e+00
4.360000000000000000e+02 1.742378830909729004e+00
4.370000000000000000e+02 1.782341957092285156e+00
4.380000000000000000e+02 1.740158319473266602e+00
4.390000000000000000e+02 1.737211585044860840e+00
4.400000000000000000e+02 1.761435151100158691e+00
4.410000000000000000e+02 1.770044565200805664e+00
4.420000000000000000e+02 1.777258396148681641e+00
4.430000000000000000e+02 1.787941455841064453e+00
4.440000000000000000e+02 1.795892477035522461e+00
4.450000000000000000e+02 1.790155291557312012e+00
4.460000000000000000e+02 1.792548418045043945e+00
4.470000000000000000e+02 1.803585410118103027e+00
4.480000000000000000e+02 1.809802770614624023e+00
4.490000000000000000e+02 1.807784914970397949e+00
4.500000000000000000e+02 1.824433922767639160e+00
4.510000000000000000e+02 1.786274194717407227e+00
4.520000000000000000e+02 1.820122599601745605e+00
4.530000000000000000e+02 1.809614419937133789e+00
4.540000000000000000e+02 1.769425511360168457e+00
4.550000000000000000e+02 1.779227733612060547e+00
4.560000000000000000e+02 1.761090397834777832e+00
4.570000000000000000e+02 1.761867880821228027e+00
4.580000000000000000e+02 1.747004628181457520e+00
4.590000000000000000e+02 1.739125847816467285e+00
4.600000000000000000e+02 1.740998148918151855e+00
4.610000000000000000e+02 1.705505251884460449e+00
4.620000000000000000e+02 1.754475593566894531e+00
4.630000000000000000e+02 1.736686229705810547e+00
4.640000000000000000e+02 1.747577905654907227e+00
4.650000000000000000e+02 1.698029041290283203e+00
4.660000000000000000e+02 1.750639081001281738e+00
4.670000000000000000e+02 1.758171081542968750e+00
4.680000000000000000e+02 1.660595536231994629e+00
4.690000000000000000e+02 1.552904129028320312e+00
4.700000000000000000e+02 1.562211394309997559e+00
4.710000000000000000e+02 1.563750863075256348e+00
4.720000000000000000e+02 1.664723277091979980e+00
4.730000000000000000e+02 1.781944274902343750e+00
4.740000000000000000e+02 1.770421147346496582e+00
4.750000000000000000e+02 1.779602646827697754e+00
4.760000000000000000e+02 1.771670699119567871e+00
4.770000000000000000e+02 1.764223575592041016e+00
4.780000000000000000e+02 1.780633807182312012e+00
4.790000000000000000e+02 1.753826498985290527e+00
4.800000000000000000e+02 1.774567484855651855e+00
4.810000000000000000e+02 1.806738138198852539e+00
4.820000000000000000e+02 1.737836480140686035e+00
4.830000000000000000e+02 1.743916392326354980e+00
4.840000000000000000e+02 1.802774071693420410e+00
4.850000000000000000e+02 1.747002601623535156e+00
4.860000000000000000e+02 1.766558647155761719e+00
4.870000000000000000e+02 1.772313475608825684e+00
4.880000000000000000e+02 1.743706107139587402e+00
4.890000000000000000e+02 1.767324209213256836e+00
4.900000000000000000e+02 1.744341135025024414e+00
4.910000000000000000e+02 1.743325352668762207e+00
4.920000000000000000e+02 1.683804869651794434e+00
4.930000000000000000e+02 1.659198760986328125e+00
4.940000000000000000e+02 1.732363343238830566e+00
4.950000000000000000e+02 1.668054580688476562e+00
4.960000000000000000e+02 1.702624678611755371e+00
4.970000000000000000e+02 1.448594093322753906e+00
4.980000000000000000e+02 1.088294863700866699e+00
4.990000000000000000e+02 1.264479875564575195e+00
5.000000000000000000e+02 1.681965708732604980e+00
5.010000000000000000e+02 1.597912669181823730e+00
5.020000000000000000e+02 1.664081096649169922e+00
5.030000000000000000e+02 1.653502345085144043e+00
5.040000000000000000e+02 1.492548227310180664e+00
