0.000000000000000000e+00 8.977074218750000000e+03
1.008636085316538811e-03 6.661807617187500000e+03
2.017272170633077621e-03 4.933092285156250000e+03
3.025908255949616432e-03 3.640672119140625000e+03
4.034544341266155243e-03 2.788454101562500000e+03
5.043180659413337708e-03 2.245686767578125000e+03
6.051816511899232864e-03 1.807785400390625000e+03
7.060452364385128021e-03 1.443050292968750000e+03
8.069088682532310486e-03 1.185603515625000000e+03
9.077725000679492950e-03 9.824500732421875000e+02
1.008636131882667542e-02 8.171719360351562500e+02
1.109499670565128326e-02 6.785690307617187500e+02
1.210363302379846573e-02 5.766968383789062500e+02
1.311226934194564819e-02 4.869808959960937500e+02
1.412090472877025604e-02 4.278738403320312500e+02
1.512954104691743851e-02 3.737113952636718750e+02
1.613817736506462097e-02 3.276076354980468750e+02
1.714681275188922882e-02 2.900768127441406250e+02
1.815545000135898590e-02 2.567844238281250000e+02
1.916408538818359375e-02 2.248284912109375000e+02
2.017272263765335083e-02 1.988547515869140625e+02
2.118135802447795868e-02 1.781244812011718750e+02
2.218999341130256653e-02 1.589564056396484375e+02
2.319863066077232361e-02 1.432501373291015625e+02
2.420726604759693146e-02 1.302305908203125000e+02
2.521590143442153931e-02 1.175701446533203125e+02
2.622453868389129639e-02 1.064499435424804688e+02
2.723317407071590424e-02 9.781029510498046875e+01
2.824180945754051208e-02 8.907439422607421875e+01
2.925044670701026917e-02 8.129869079589843750e+01
3.025908209383487701e-02 7.474036407470703125e+01
3.126771748065948486e-02 6.907240295410156250e+01
3.227635473012924194e-02 6.328074645996093750e+01
3.328499197959899902e-02 5.896917724609375000e+01
3.429362550377845764e-02 5.401342391967773438e+01
3.530226275324821472e-02 5.017456436157226562e+01
3.631090000271797180e-02 4.676018524169921875e+01
3.731953352689743042e-02 4.330588531494140625e+01
3.832817077636718750e-02 4.080796051025390625e+01
3.933680802583694458e-02 3.785174942016601562e+01
4.034544527530670166e-02 3.518466949462890625e+01
4.135407879948616028e-02 3.315654373168945312e+01
4.236271604895591736e-02 3.124130821228027344e+01
4.337135329842567444e-02 2.919055747985839844e+01
4.437998682260513306e-02 2.723004531860351562e+01
4.538862407207489014e-02 2.559940338134765625e+01
4.639726132154464722e-02 2.430240631103515625e+01
4.740589484572410583e-02 2.295121765136718750e+01
4.841453209519386292e-02 2.187276077270507812e+01
4.942316934466362000e-02 2.053141784667968750e+01
5.043180286884307861e-02 1.965921020507812500e+01
5.144044011831283569e-02 1.838269615173339844e+01
5.244907736778259277e-02 1.755339622497558594e+01
5.345771089196205139e-02 1.665006828308105469e+01
5.446634814143180847e-02 1.570635604858398438e+01
5.547498539090156555e-02 1.510706710815429688e+01
5.648361891508102417e-02 1.441318225860595703e+01
5.749225616455078125e-02 1.370064544677734375e+01
5.850089341402053833e-02 1.316362190246582031e+01
5.950953066349029541e-02 1.257901000976562500e+01
6.051816418766975403e-02 1.193695163726806641e+01
6.152680143713951111e-02 1.127311134338378906e+01
6.253543496131896973e-02 1.108404254913330078e+01
6.354407221078872681e-02 1.058882427215576172e+01
6.455270946025848389e-02 1.025776290893554688e+01
6.556134670972824097e-02 9.801606178283691406e+00
6.656998395919799805e-02 9.343193054199218750e+00
6.757862120866775513e-02 9.012024879455566406e+00
6.858725100755691528e-02 8.673053741455078125e+00
6.959588825702667236e-02 8.405544281005859375e+00
7.060452550649642944e-02 8.037410736083984375e+00
7.161316275596618652e-02 7.812957286834716797e+00
7.262180000543594360e-02 7.608683109283447266e+00
7.363043725490570068e-02 7.254505634307861328e+00
7.463906705379486084e-02 7.036000728607177734e+00
7.564770430326461792e-02 6.752182483673095703e+00
7.665634155273437500e-02 6.642984390258789062e+00
7.766497880220413208e-02 6.421322345733642578e+00
7.867361605167388916e-02 6.177817344665527344e+00
7.968225330114364624e-02 6.085713863372802734e+00
8.069089055061340332e-02 5.865388393402099609e+00
8.169952034950256348e-02 5.814114093780517578e+00
8.270815759897232056e-02 5.639292240142822266e+00
8.371679484844207764e-02 5.452888965606689453e+00
8.472543209791183472e-02 5.238037109375000000e+00
8.573406934738159180e-02 5.083580017089843750e+00
8.674270659685134888e-02 5.009455204010009766e+00
8.775133639574050903e-02 4.923838138580322266e+00
8.875997364521026611e-02 4.689967632293701172e+00
8.976861089468002319e-02 4.687046051025390625e+00
9.077724814414978027e-02 4.563394069671630859e+00
9.178588539361953735e-02 4.533915996551513672e+00
9.279452264308929443e-02 4.444787025451660156e+00
9.380315244197845459e-02 4.288599491119384766e+00
9.481178969144821167e-02 4.279300212860107422e+00
9.582042694091796875e-02 4.172747135162353516e+00
9.682906419038772583e-02 4.087765693664550781e+00
9.783770143985748291e-02 4.053694725036621094e+00
9.884633868932723999e-02 3.865642070770263672e+00
9.985497593879699707e-02 3.937706947326660156e+00
1.008636057376861572e-01 3.739341974258422852e+00
1.018722429871559143e-01 3.740592241287231445e+00
1.028808802366256714e-01 3.640796422958374023e+00
1.038895174860954285e-01 3.637723922729492188e+00
1.048981547355651855e-01 3.555642127990722656e+00
1.059067919850349426e-01 3.520670890808105469e+00
1.069154217839241028e-01 3.485891342163085938e+00
1.079240590333938599e-01 3.413927555084228516e+00
1.089326962828636169e-01 3.318302869796752930e+00
1.099413335323333740e-01 3.281858444213867188e+00
1.109499707818031311e-01 3.266205310821533203e+00
1.119586080312728882e-01 3.117919206619262695e+00
1.129672378301620483e-01 3.131277561187744141e+00
1.139758750796318054e-01 3.061372280120849609e+00
1.149845123291015625e-01 3.075766324996948242e+00
1.159931495785713196e-01 3.003749370574951172e+00
1.170017868280410767e-01 2.997514247894287109e+00
1.180104240775108337e-01 3.021851062774658203e+00
1.190190613269805908e-01 2.968657732009887695e+00
1.200276911258697510e-01 2.892678260803222656e+00
1.210363283753395081e-01 2.867466449737548828e+00
1.220449656248092651e-01 2.796517133712768555e+00
1.230536028742790222e-01 2.755749464035034180e+00
1.240622401237487793e-01 2.743274211883544922e+00
1.250708699226379395e-01 2.752595424652099609e+00
1.260795146226882935e-01 2.724241018295288086e+00
1.270881444215774536e-01 2.722310066223144531e+00
1.280967891216278076e-01 2.667277097702026367e+00
1.291054189205169678e-01 2.641464233398437500e+00
1.301140487194061279e-01 2.687840223312377930e+00
1.311226934194564819e-01 2.600677251815795898e+00
1.321313232183456421e-01 2.636263847351074219e+00
1.331399679183959961e-01 2.595771074295043945e+00
1.341485977172851562e-01 2.610527992248535156e+00
1.351572424173355103e-01 2.487039089202880859e+00
1.361658722162246704e-01 2.538823604583740234e+00
1.371745020151138306e-01 2.524039268493652344e+00
1.381831467151641846e-01 2.483527898788452148e+00
1.391917765140533447e-01 2.503834247589111328e+00
1.402004212141036987e-01 2.522884607315063477e+00
1.412090510129928589e-01 2.432327985763549805e+00
1.422176808118820190e-01 2.445535182952880859e+00
1.432263255119323730e-01 2.412564039230346680e+00
1.442349553108215332e-01 2.343111038208007812e+00
1.452436000108718872e-01 2.388270378112792969e+00
1.462522298097610474e-01 2.335229396820068359e+00
1.472608745098114014e-01 2.324484586715698242e+00
1.482695043087005615e-01 2.316651582717895508e+00
1.492781341075897217e-01 2.218905448913574219e+00
1.502867788076400757e-01 2.276397466659545898e+00
1.512954086065292358e-01 2.229207515716552734e+00
1.523040533065795898e-01 2.270452737808227539e+00
1.533126831054687500e-01 2.302026748657226562e+00
1.543213278055191040e-01 2.264671087265014648e+00
1.553299576044082642e-01 2.168459892272949219e+00
1.563385874032974243e-01 2.214250802993774414e+00
1.573472321033477783e-01 2.192094564437866211e+00
1.583558619022369385e-01 2.186536073684692383e+00
1.593645066022872925e-01 2.162665605545043945e+00
1.603731364011764526e-01 2.189918518066406250e+00
1.613817811012268066e-01 2.145639896392822266e+00
1.623904109001159668e-01 2.133373498916625977e+00
1.633990406990051270e-01 2.161005496978759766e+00
1.644076853990554810e-01 2.121771574020385742e+00
1.654163151979446411e-01 2.100460052490234375e+00
1.664249598979949951e-01 2.118682622909545898e+00
1.674335896968841553e-01 2.080024003982543945e+00
1.684422194957733154e-01 2.064286947250366211e+00
1.694508641958236694e-01 2.116961479187011719e+00
1.704594939947128296e-01 2.127927780151367188e+00
1.714681386947631836e-01 2.081677675247192383e+00
1.724767684936523438e-01 2.061465501785278320e+00
1.734854131937026978e-01 2.043153285980224609e+00
1.744940429925918579e-01 2.033150672912597656e+00
1.755026727914810181e-01 2.026867866516113281e+00
1.765113174915313721e-01 2.047686100006103516e+00
1.775199472904205322e-01 2.054927587509155273e+00
1.785285919904708862e-01 2.020349264144897461e+00
1.795372217893600464e-01 2.068050146102905273e+00
1.805458664894104004e-01 2.032917261123657227e+00
1.815544962882995605e-01 2.057257652282714844e+00
1.825631260871887207e-01 2.031926870346069336e+00
1.835717707872390747e-01 2.008493423461914062e+00
1.845804005861282349e-01 1.997000217437744141e+00
1.855890452861785889e-01 1.989822149276733398e+00
1.865976750850677490e-01 1.975177049636840820e+00
1.876063048839569092e-01 1.954893708229064941e+00
1.886149495840072632e-01 1.948309302330017090e+00
1.896235793828964233e-01 1.953543782234191895e+00
1.906322240829467773e-01 1.992115855216979980e+00
1.916408538818359375e-01 2.025613307952880859e+00
1.926494985818862915e-01 2.022213697433471680e+00
1.936581283807754517e-01 1.957077860832214355e+00
1.946667581796646118e-01 1.932205915451049805e+00
1.956754028797149658e-01 1.973342061042785645e+00
1.966840326786041260e-01 1.962445378303527832e+00
1.976926773786544800e-01 1.949856877326965332e+00
1.987013071775436401e-01 1.956671357154846191e+00
1.997099518775939941e-01 1.931664705276489258e+00
2.007185816764831543e-01 1.938962101936340332e+00
2.017272114753723145e-01 1.991659879684448242e+00
2.027358561754226685e-01 1.957911252975463867e+00
2.037444859743118286e-01 1.985108375549316406e+00
2.047531306743621826e-01 1.938214659690856934e+00
2.057617604732513428e-01 1.967582345008850098e+00
2.067703902721405029e-01 1.920449614524841309e+00
2.077790349721908569e-01 1.895355105400085449e+00
2.087876647710800171e-01 1.919721484184265137e+00
2.097963094711303711e-01 1.914001941680908203e+00
2.108049392700195312e-01 1.914687633514404297e+00
2.118135839700698853e-01 1.895295739173889160e+00
2.128222137689590454e-01 1.868797898292541504e+00
2.138308435678482056e-01 1.848470449447631836e+00
2.148394882678985596e-01 1.883897781372070312e+00
2.158481180667877197e-01 1.913381218910217285e+00
2.168567627668380737e-01 1.867475509643554688e+00
2.178653925657272339e-01 1.878307580947875977e+00
2.188740372657775879e-01 1.901344180107116699e+00
2.198826670646667480e-01 1.868876934051513672e+00
2.208912968635559082e-01 1.889391899108886719e+00
2.218999415636062622e-01 1.877747654914855957e+00
2.229085713624954224e-01 1.865341901779174805e+00
2.239172160625457764e-01 1.867979884147644043e+00
2.249258458614349365e-01 1.812384724617004395e+00
2.259344756603240967e-01 1.861861348152160645e+00
2.269431203603744507e-01 1.890918493270874023e+00
2.279517501592636108e-01 1.838922262191772461e+00
2.289603948593139648e-01 1.835566759109497070e+00
2.299690246582031250e-01 1.796913266181945801e+00
2.309776693582534790e-01 1.833251476287841797e+00
2.319862991571426392e-01 1.837331891059875488e+00
2.329949289560317993e-01 1.830333948135375977e+00
2.340035736560821533e-01 1.835330724716186523e+00
2.350122034549713135e-01 1.829146504402160645e+00
2.360208481550216675e-01 1.811798095703125000e+00
2.370294779539108276e-01 1.840856552124023438e+00
2.380381226539611816e-01 1.802214503288269043e+00
2.390467524528503418e-01 1.825655579566955566e+00
2.400553822517395020e-01 1.800937414169311523e+00
2.410640269517898560e-01 1.795467972755432129e+00
2.420726567506790161e-01 1.795894622802734375e+00
2.430813014507293701e-01 1.957784652709960938e+00
2.440899312496185303e-01 1.788157343864440918e+00
2.450985759496688843e-01 1.766976952552795410e+00
2.461072057485580444e-01 1.787859439849853516e+00
2.471158355474472046e-01 1.774756789207458496e+00
2.481244802474975586e-01 1.762805342674255371e+00
2.491331100463867188e-01 1.782921075820922852e+00
2.501417398452758789e-01 1.778241872787475586e+00
2.511503994464874268e-01 1.798826694488525391e+00
2.521590292453765869e-01 1.754301190376281738e+00
2.531676590442657471e-01 1.790954828262329102e+00
2.541762888431549072e-01 1.758841156959533691e+00
2.551849186420440674e-01 1.741476178169250488e+00
2.561935782432556152e-01 1.761769056320190430e+00
2.572022080421447754e-01 1.749523162841796875e+00
2.582108378410339355e-01 1.734961867332458496e+00
2.592194676399230957e-01 1.725718975067138672e+00
2.602280974388122559e-01 1.728732585906982422e+00
2.612367570400238037e-01 1.754745483398437500e+00
2.622453868389129639e-01 1.718853473663330078e+00
2.632540166378021240e-01 1.713323593139648438e+00
2.642626464366912842e-01 1.714919567108154297e+00
2.652712762355804443e-01 1.726838827133178711e+00
2.662799358367919922e-01 1.733397006988525391e+00
2.672885656356811523e-01 1.707267999649047852e+00
2.682971954345703125e-01 1.695911884307861328e+00
2.693058252334594727e-01 1.695870161056518555e+00
2.703144848346710205e-01 1.723768830299377441e+00
2.713231146335601807e-01 1.723855614662170410e+00
2.723317444324493408e-01 1.705140113830566406e+00
2.733403742313385010e-01 1.711390137672424316e+00
2.743490040302276611e-01 1.715260744094848633e+00
2.753576636314392090e-01 1.696301102638244629e+00
2.763662934303283691e-01 1.719012856483459473e+00
2.773749232292175293e-01 1.685878515243530273e+00
2.783835530281066895e-01 1.691302776336669922e+00
2.793921828269958496e-01 1.711414098739624023e+00
2.804008424282073975e-01 1.690512657165527344e+00
2.814094722270965576e-01 1.709863543510437012e+00
2.824181020259857178e-01 1.699901580810546875e+00
2.834267318248748779e-01 1.698732018470764160e+00
2.844353616237640381e-01 1.666381835937500000e+00
2.854440212249755859e-01 1.696758985519409180e+00
2.864526510238647461e-01 1.688433885574340820e+00
2.874612808227539062e-01 1.701171875000000000e+00
2.884699106216430664e-01 1.687634110450744629e+00
2.894785702228546143e-01 1.692911863327026367e+00
2.904872000217437744e-01 1.675622344017028809e+00
2.914958298206329346e-01 1.688462734222412109e+00
2.925044596195220947e-01 1.658278703689575195e+00
2.935130894184112549e-01 1.628149867057800293e+00
2.945217490196228027e-01 1.662812829017639160e+00
2.955303788185119629e-01 1.641698002815246582e+00
2.965390086174011230e-01 1.623948216438293457e+00
2.975476384162902832e-01 1.632045865058898926e+00
2.985562682151794434e-01 1.657801151275634766e+00
2.995649278163909912e-01 1.645387530326843262e+00
3.005735576152801514e-01 1.621784210205078125e+00
3.015821874141693115e-01 1.659891128540039062e+00
3.025908172130584717e-01 1.637496352195739746e+00
3.035994470119476318e-01 1.634235024452209473e+00
3.046081066131591797e-01 1.646235823631286621e+00
3.056167364120483398e-01 1.618348956108093262e+00
3.066253662109375000e-01 1.626827836036682129e+00
3.076339960098266602e-01 1.637566208839416504e+00
3.086426556110382080e-01 1.641879916191101074e+00
3.096512854099273682e-01 1.608742475509643555e+00
3.106599152088165283e-01 1.625878095626831055e+00
3.116685450077056885e-01 1.611803889274597168e+00
3.126771748065948486e-01 1.608639717102050781e+00
3.136858344078063965e-01 1.646830439567565918e+00
3.146944642066955566e-01 1.613777637481689453e+00
3.157030940055847168e-01 1.581992745399475098e+00
3.167117238044738770e-01 1.605680823326110840e+00
3.177203536033630371e-01 1.621109843254089355e+00
3.187290132045745850e-01 1.639659047126770020e+00
3.197376430034637451e-01 1.583399772644042969e+00
3.207462728023529053e-01 1.632034301757812500e+00
3.217549026012420654e-01 1.620760440826416016e+00
3.227635622024536133e-01 1.627492547035217285e+00
3.237721920013427734e-01 1.588694930076599121e+00
3.247808218002319336e-01 1.591750264167785645e+00
3.257894515991210938e-01 1.586881995201110840e+00
3.267980813980102539e-01 1.568391442298889160e+00
3.278067409992218018e-01 1.592514395713806152e+00
3.288153707981109619e-01 1.589138388633728027e+00
3.298240005970001221e-01 1.607898831367492676e+00
3.308326303958892822e-01 1.589671134948730469e+00
3.318412601947784424e-01 1.592309117317199707e+00
3.328499197959899902e-01 1.591793894767761230e+00
3.338585495948791504e-01 1.593261241912841797e+00
3.348671793937683105e-01 1.592677593231201172e+00
3.358758091926574707e-01 1.608996748924255371e+00
3.368844389915466309e-01 1.567632675170898438e+00
3.378930985927581787e-01 1.576147556304931641e+00
3.389017283916473389e-01 1.580458998680114746e+00
3.399103581905364990e-01 1.598741769790649414e+00
3.409189879894256592e-01 1.601823687553405762e+00
3.419276475906372070e-01 1.614015102386474609e+00
3.429362773895263672e-01 1.601151943206787109e+00
3.439449071884155273e-01 1.597771763801574707e+00
3.449535369873046875e-01 1.591451644897460938e+00
3.459621667861938477e-01 1.581121802330017090e+00
3.469708263874053955e-01 1.563311457633972168e+00
3.479794561862945557e-01 1.580459475517272949e+00
3.489880859851837158e-01 1.594747900962829590e+00
3.499967157840728760e-01 1.574983119964599609e+00
3.510053455829620361e-01 1.568700909614562988e+00
3.520140051841735840e-01 1.556581377983093262e+00
3.530226349830627441e-01 1.555084824562072754e+00
3.540312647819519043e-01 1.569853305816650391e+00
3.550398945808410645e-01 1.560198426246643066e+00
3.560485243797302246e-01 1.580283761024475098e+00
3.570571839809417725e-01 1.563540697097778320e+00
3.580658137798309326e-01 1.579716444015502930e+00
3.590744435787200928e-01 1.558921337127685547e+00
3.600830733776092529e-01 1.582600235939025879e+00
3.610917329788208008e-01 1.558835983276367188e+00
3.621003627777099609e-01 1.588944673538208008e+00
3.631089925765991211e-01 1.587212324142456055e+00
3.641176223754882812e-01 1.564863443374633789e+00
3.651262521743774414e-01 1.578112602233886719e+00
3.661349117755889893e-01 1.555212616920471191e+00
3.671435415744781494e-01 1.572199344635009766e+00
3.681521713733673096e-01 1.555551886558532715e+00
3.691608011722564697e-01 1.565958380699157715e+00
3.701694309711456299e-01 1.570474147796630859e+00
3.711780905723571777e-01 1.535349249839782715e+00
3.721867203712463379e-01 1.543793201446533203e+00
3.731953501701354980e-01 1.538632988929748535e+00
3.742039799690246582e-01 1.536104798316955566e+00
3.752126097679138184e-01 1.546053051948547363e+00
3.762212693691253662e-01 1.543659210205078125e+00
3.772298991680145264e-01 1.559443950653076172e+00
3.782385289669036865e-01 1.553811430931091309e+00
3.792471587657928467e-01 1.538025140762329102e+00
3.802558183670043945e-01 1.524037003517150879e+00
3.812644481658935547e-01 1.538934230804443359e+00
3.822730779647827148e-01 1.524774312973022461e+00
3.832817077636718750e-01 1.533762693405151367e+00
3.842903375625610352e-01 1.526478886604309082e+00
3.852989971637725830e-01 1.537580966949462891e+00
3.863076269626617432e-01 1.528768777847290039e+00
3.873162567615509033e-01 1.555445790290832520e+00
3.883248865604400635e-01 1.550047874450683594e+00
3.893335163593292236e-01 1.559337973594665527e+00
3.903421759605407715e-01 1.541669368743896484e+00
3.913508057594299316e-01 1.553011775016784668e+00
3.923594355583190918e-01 1.526397466659545898e+00
3.933680653572082520e-01 1.523964285850524902e+00
3.943766951560974121e-01 1.528285503387451172e+00
3.953853547573089600e-01 1.558959603309631348e+00
3.963939845561981201e-01 1.538437128067016602e+00
3.974026143550872803e-01 1.519127726554870605e+00
3.984112441539764404e-01 1.533405065536499023e+00
3.994199037551879883e-01 1.542899966239929199e+00
4.004285335540771484e-01 1.551176548004150391e+00
4.014371633529663086e-01 1.554601192474365234e+00
4.024457931518554688e-01 1.538600802421569824e+00
4.034544229507446289e-01 1.531023979187011719e+00
4.044630825519561768e-01 1.529379963874816895e+00
4.054717123508453369e-01 1.520239472389221191e+00
4.064803421497344971e-01 1.522921562194824219e+00
4.074889719486236572e-01 1.523071408271789551e+00
4.084976017475128174e-01 1.534252882003784180e+00
4.095062613487243652e-01 1.515465021133422852e+00
4.105148911476135254e-01 1.524263978004455566e+00
4.115235209465026855e-01 1.509004592895507812e+00
4.125321507453918457e-01 1.490775942802429199e+00
4.135407805442810059e-01 1.507931590080261230e+00
4.145494401454925537e-01 1.520190954208374023e+00
4.155580699443817139e-01 1.520516872406005859e+00
4.165666997432708740e-01 1.519257426261901855e+00
4.175753295421600342e-01 1.507174134254455566e+00
4.185839891433715820e-01 1.501757860183715820e+00
4.195926189422607422e-01 1.494611382484436035e+00
4.206012487411499023e-01 1.512791633605957031e+00
4.216098785400390625e-01 1.527377605438232422e+00
4.226185083389282227e-01 1.496278882026672363e+00
4.236271679401397705e-01 1.494022488594055176e+00
4.246357977390289307e-01 1.531660079956054688e+00
4.256444275379180908e-01 1.506348371505737305e+00
4.266530573368072510e-01 1.500825762748718262e+00
4.276616871356964111e-01 1.481053352355957031e+00
4.286703467369079590e-01 1.490961790084838867e+00
4.296789765357971191e-01 1.505395412445068359e+00
4.306876063346862793e-01 1.502688407897949219e+00
4.316962361335754395e-01 1.507907748222351074e+00
4.327048659324645996e-01 1.477297782897949219e+00
4.337135255336761475e-01 1.494742989540100098e+00
4.347221553325653076e-01 1.489150524139404297e+00
4.357307851314544678e-01 1.482787966728210449e+00
4.367394149303436279e-01 1.475873589515686035e+00
4.377480745315551758e-01 1.473745346069335938e+00
4.387567043304443359e-01 1.500190734863281250e+00
4.397653341293334961e-01 1.497128605842590332e+00
4.407739639282226562e-01 1.480223059654235840e+00
4.417825937271118164e-01 1.477680206298828125e+00
4.427912533283233643e-01 1.463494539260864258e+00
4.437998831272125244e-01 1.483352541923522949e+00
4.448085129261016846e-01 1.468285441398620605e+00
4.458171427249908447e-01 1.478449583053588867e+00
4.468257725238800049e-01 1.455814719200134277e+00
4.478344321250915527e-01 1.451657772064208984e+00
4.488430619239807129e-01 1.500242710113525391e+00
4.498516917228698730e-01 1.470065593719482422e+00
4.508603215217590332e-01 1.486611604690551758e+00
4.518689513206481934e-01 1.471815586090087891e+00
4.528776109218597412e-01 1.487894177436828613e+00
4.538862407207489014e-01 1.455009818077087402e+00
4.548948705196380615e-01 1.459121942520141602e+00
4.559035003185272217e-01 1.462641954421997070e+00
4.569121599197387695e-01 1.462974548339843750e+00
4.579207897186279297e-01 1.458404183387756348e+00
4.589294195175170898e-01 1.487814068794250488e+00
4.599380493164062500e-01 1.427600264549255371e+00
4.609466791152954102e-01 1.454936981201171875e+00
4.619553387165069580e-01 1.434889078140258789e+00
4.629639685153961182e-01 1.431611180305480957e+00
4.639725983142852783e-01 1.440686225891113281e+00
4.649812281131744385e-01 1.461308956146240234e+00
4.659898579120635986e-01 1.461415052413940430e+00
4.669985175132751465e-01 1.452000975608825684e+00
4.680071473121643066e-01 1.427364587783813477e+00
4.690157771110534668e-01 1.434426903724670410e+00
4.700244069099426270e-01 1.450844049453735352e+00
4.710330665111541748e-01 1.455058813095092773e+00
4.720416963100433350e-01 1.437299609184265137e+00
4.730503261089324951e-01 1.428107142448425293e+00
4.740589559078216553e-01 1.440961480140686035e+00
4.750675857067108154e-01 1.457732677459716797e+00
4.760762453079223633e-01 1.438238024711608887e+00
4.770848751068115234e-01 1.432818412780761719e+00
4.780935049057006836e-01 1.432012796401977539e+00
4.791021347045898438e-01 1.425984144210815430e+00
4.801107645034790039e-01 1.437779307365417480e+00
4.811194241046905518e-01 1.433284997940063477e+00
4.821280539035797119e-01 1.400784969329833984e+00
4.831366837024688721e-01 1.428049564361572266e+00
4.841453135013580322e-01 1.438435077667236328e+00
4.851539433002471924e-01 1.432194709777832031e+00
4.861626029014587402e-01 1.423105001449584961e+00
4.871712327003479004e-01 1.427841544151306152e+00
4.881798624992370605e-01 1.434782624244689941e+00
4.891884922981262207e-01 1.429390907287597656e+00
4.901971518993377686e-01 1.419543147087097168e+00
4.912057816982269287e-01 1.409378290176391602e+00
4.922144114971160889e-01 1.424863815307617188e+00
4.932230412960052490e-01 1.422821164131164551e+00
4.942316710948944092e-01 1.407993555068969727e+00
4.952403306961059570e-01 1.418721437454223633e+00
4.962489604949951172e-01 1.418660283088684082e+00
4.972575902938842773e-01 1.398196101188659668e+00
4.982662200927734375e-01 1.404966473579406738e+00
4.992748498916625977e-01 1.412309288978576660e+00
5.002834796905517578e-01 1.414789199829101562e+00
5.012921094894409180e-01 1.408614635467529297e+00
5.023007988929748535e-01 1.397176861763000488e+00
5.033094286918640137e-01 1.406533598899841309e+00
5.043180584907531738e-01 1.456224799156188965e+00
5.053266882896423340e-01 1.427057504653930664e+00
5.063353180885314941e-01 1.423320174217224121e+00
5.073439478874206543e-01 1.409562230110168457e+00
5.083525776863098145e-01 1.440495610237121582e+00
5.093612074851989746e-01 1.414780855178833008e+00
5.103698372840881348e-01 1.414709568023681641e+00
5.113784670829772949e-01 1.392960309982299805e+00
5.123871564865112305e-01 1.411901473999023438e+00
5.133957862854003906e-01 1.423989892005920410e+00
5.144044160842895508e-01 1.390936255455017090e+00
5.154130458831787109e-01 1.388846158981323242e+00
5.164216756820678711e-01 1.384011149406433105e+00
5.174303054809570312e-01 1.404326438903808594e+00
5.184389352798461914e-01 1.409039258956909180e+00
5.194475650787353516e-01 1.388450264930725098e+00
5.204561948776245117e-01 1.380102038383483887e+00
5.214648842811584473e-01 1.404423236846923828e+00
5.224735140800476074e-01 1.399379968643188477e+00
5.234821438789367676e-01 1.391052007675170898e+00
5.244907736778259277e-01 1.404208660125732422e+00
5.254994034767150879e-01 1.386358737945556641e+00
5.265080332756042480e-01 1.354899406433105469e+00
5.275166630744934082e-01 1.366062879562377930e+00
5.285252928733825684e-01 1.382893681526184082e+00
5.295339226722717285e-01 1.361619710922241211e+00
5.305425524711608887e-01 1.340807557106018066e+00
5.315512418746948242e-01 1.373621821403503418e+00
5.325598716735839844e-01 1.373795986175537109e+00
5.335685014724731445e-01 1.371841549873352051e+00
5.345771312713623047e-01 1.368773221969604492e+00
5.355857610702514648e-01 1.376492857933044434e+00
5.365943908691406250e-01 1.366920709609985352e+00
5.376030206680297852e-01 1.358458280563354492e+00
5.386116504669189453e-01 1.353251099586486816e+00
5.396202802658081055e-01 1.360606193542480469e+00
5.406289696693420410e-01 1.372014641761779785e+00
5.416375994682312012e-01 1.363163828849792480e+00
5.426462292671203613e-01 1.365151882171630859e+00
5.436548590660095215e-01 1.369359374046325684e+00
5.446634888648986816e-01 1.374756217002868652e+00
5.456721186637878418e-01 1.343912482261657715e+00
5.466807484626770020e-01 1.373880863189697266e+00
5.476893782615661621e-01 1.332674980163574219e+00
5.486980080604553223e-01 1.338953852653503418e+00
5.497066378593444824e-01 1.376525640487670898e+00
5.507153272628784180e-01 1.376429080963134766e+00
5.517239570617675781e-01 1.343587398529052734e+00
5.527325868606567383e-01 1.369627594947814941e+00
5.537412166595458984e-01 1.357807040214538574e+00
5.547498464584350586e-01 1.348752975463867188e+00
5.557584762573242188e-01 1.351488471031188965e+00
5.567671060562133789e-01 1.356125354766845703e+00
5.577757358551025391e-01 1.372347593307495117e+00
5.587843656539916992e-01 1.361847281455993652e+00
5.597930550575256348e-01 1.345635771751403809e+00
5.608016848564147949e-01 1.369455695152282715e+00
5.618103146553039551e-01 1.353330254554748535e+00
5.628189444541931152e-01 1.350756525993347168e+00
5.638275742530822754e-01 1.376382946968078613e+00
5.648362040519714355e-01 1.337942838668823242e+00
5.658448338508605957e-01 1.332837462425231934e+00
5.668534636497497559e-01 1.366739034652709961e+00
5.678620934486389160e-01 1.360436081886291504e+00
5.688707232475280762e-01 1.372549891471862793e+00
5.698794126510620117e-01 1.364923238754272461e+00
5.708880424499511719e-01 1.337284922599792480e+00
5.718966722488403320e-01 1.356522202491760254e+00
5.729053020477294922e-01 1.349829316139221191e+00
5.739139318466186523e-01 1.374216794967651367e+00
5.749225616455078125e-01 1.362781286239624023e+00
5.759311914443969727e-01 1.340956687927246094e+00
5.769398212432861328e-01 1.363215565681457520e+00
5.779484510421752930e-01 1.371931910514831543e+00
5.789571404457092285e-01 1.372066378593444824e+00
5.799657702445983887e-01 1.358471035957336426e+00
5.809744000434875488e-01 1.363983035087585449e+00
5.819830298423767090e-01 1.329720020294189453e+00
5.829916596412658691e-01 1.360542893409729004e+00
5.840002894401550293e-01 1.357764720916748047e+00
5.850089192390441895e-01 1.362561106681823730e+00
5.860175490379333496e-01 1.331233143806457520e+00
5.870261788368225098e-01 1.357423663139343262e+00
5.880348086357116699e-01 1.344836235046386719e+00
5.890434980392456055e-01 1.330870747566223145e+00
5.900521278381347656e-01 1.370909333229064941e+00
5.910607576370239258e-01 1.348417997360229492e+00
5.920693874359130859e-01 1.344454288482666016e+00
5.930780172348022461e-01 1.362649679183959961e+00
5.940866470336914062e-01 1.352365732192993164e+00
5.950952768325805664e-01 1.360735535621643066e+00
5.961039066314697266e-01 1.360916972160339355e+00
5.971125364303588867e-01 1.352250337600708008e+00
5.981212258338928223e-01 1.344803214073181152e+00
5.991298556327819824e-01 1.406387686729431152e+00
6.001384854316711426e-01 1.395686149597167969e+00
6.011471152305603027e-01 1.343097209930419922e+00
6.021557450294494629e-01 1.372786760330200195e+00
6.031643748283386230e-01 1.360666155815124512e+00
6.041730046272277832e-01 1.368660449981689453e+00
6.051816344261169434e-01 1.371153712272644043e+00
6.061902642250061035e-01 1.347983598709106445e+00
6.071988940238952637e-01 1.349856972694396973e+00
6.082075834274291992e-01 1.366868734359741211e+00
6.092162132263183594e-01 1.358740806579589844e+00
6.102248430252075195e-01 1.351527929306030273e+00
6.112334728240966797e-01 1.329471826553344727e+00
6.122421026229858398e-01 1.333634853363037109e+00
6.132507324218750000e-01 1.342110872268676758e+00
6.142593622207641602e-01 1.331881284713745117e+00
6.152679920196533203e-01 1.363659024238586426e+00
6.162766218185424805e-01 1.333688378334045410e+00
6.172853112220764160e-01 1.333643794059753418e+00
6.182939410209655762e-01 1.336979627609252930e+00
6.193025708198547363e-01 1.367074728012084961e+00
6.203112006187438965e-01 1.342814326286315918e+00
6.213198304176330566e-01 1.367130637168884277e+00
6.223284602165222168e-01 1.374029040336608887e+00
6.233370900154113770e-01 1.349186778068542480e+00
6.243457198143005371e-01 1.335538983345031738e+00
6.253543496131896973e-01 1.349683523178100586e+00
6.263629794120788574e-01 1.340175509452819824e+00
6.273716688156127930e-01 1.344510436058044434e+00
6.283802986145019531e-01 1.354601263999938965e+00
6.293889284133911133e-01 1.363551616668701172e+00
6.303975582122802734e-01 1.357741594314575195e+00
6.314061880111694336e-01 1.380246162414550781e+00
6.324148178100585938e-01 1.360512971878051758e+00
6.334234476089477539e-01 1.366804838180541992e+00
6.344320774078369141e-01 1.361081361770629883e+00
6.354407072067260742e-01 1.359863519668579102e+00
6.364493966102600098e-01 1.355343461036682129e+00
6.374580264091491699e-01 1.335717082023620605e+00
6.384666562080383301e-01 1.345385074615478516e+00
6.394752860069274902e-01 1.346417427062988281e+00
6.404839158058166504e-01 1.365462303161621094e+00
6.414925456047058105e-01 1.364911198616027832e+00
6.425011754035949707e-01 1.364593505859375000e+00
6.435098052024841309e-01 1.332018971443176270e+00
6.445184350013732910e-01 1.341449379920959473e+00
6.455271244049072266e-01 1.353778004646301270e+00
6.465357542037963867e-01 1.350909829139709473e+00
6.475443840026855469e-01 1.351571321487426758e+00
6.485530138015747070e-01 1.366020560264587402e+00
6.495616436004638672e-01 1.356072306632995605e+00
6.505702733993530273e-01 1.367371916770935059e+00
6.515789031982421875e-01 1.390097737312316895e+00
6.525875329971313477e-01 1.376101255416870117e+00
6.535961627960205078e-01 1.366179823875427246e+00
6.546047925949096680e-01 1.344770312309265137e+00
6.556134819984436035e-01 1.363528013229370117e+00
6.566221117973327637e-01 1.374065637588500977e+00
6.576307415962219238e-01 1.383370995521545410e+00
6.586393713951110840e-01 1.364710569381713867e+00
6.596480011940002441e-01 1.373898506164550781e+00
6.606566309928894043e-01 1.350642800331115723e+00
6.616652607917785645e-01 1.352686047554016113e+00
6.626738905906677246e-01 1.338324546813964844e+00
6.636825203895568848e-01 1.354861974716186523e+00
6.646912097930908203e-01 1.354582428932189941e+00
6.656998395919799805e-01 1.357800722122192383e+00
6.667084693908691406e-01 1.325992703437805176e+00
6.677170991897583008e-01 1.362633109092712402e+00
6.687257289886474609e-01 1.354938864707946777e+00
6.697343587875366211e-01 1.377687215805053711e+00
6.707429885864257812e-01 1.362272977828979492e+00
6.717516183853149414e-01 1.361101746559143066e+00
6.727602481842041016e-01 1.377029299736022949e+00
6.737688779830932617e-01 1.375424742698669434e+00
6.747775673866271973e-01 1.348290681838989258e+00
6.757861971855163574e-01 1.363256335258483887e+00
6.767948269844055176e-01 1.365330815315246582e+00
6.778034567832946777e-01 1.373803973197937012e+00
6.788120865821838379e-01 1.369115352630615234e+00
6.798207163810729980e-01 1.378035068511962891e+00
6.808293461799621582e-01 1.374778032302856445e+00
6.818379759788513184e-01 1.350609540939331055e+00
6.828466057777404785e-01 1.388688206672668457e+00
6.838552951812744141e-01 1.383873343467712402e+00
6.848639249801635742e-01 1.389731764793395996e+00
6.858725547790527344e-01 1.349766492843627930e+00
6.868811845779418945e-01 1.350477933883666992e+00
6.878898143768310547e-01 1.343331217765808105e+00
6.888984441757202148e-01 1.382922410964965820e+00
6.899070739746093750e-01 1.365478754043579102e+00
6.909157037734985352e-01 1.360494136810302734e+00
6.919243335723876953e-01 1.368931412696838379e+00
6.929329633712768555e-01 1.397893428802490234e+00
6.939416527748107910e-01 1.378545880317687988e+00
6.949502825736999512e-01 1.369032144546508789e+00
6.959589123725891113e-01 1.351455688476562500e+00
6.969675421714782715e-01 1.364400625228881836e+00
6.979761719703674316e-01 1.384440183639526367e+00
6.989848017692565918e-01 1.359293937683105469e+00
6.999934315681457520e-01 1.362934350967407227e+00
7.010020613670349121e-01 1.380921602249145508e+00
7.020106911659240723e-01 1.362403512001037598e+00
7.030193805694580078e-01 1.379824876785278320e+00
7.040280103683471680e-01 1.374552369117736816e+00
7.050366401672363281e-01 1.393537640571594238e+00
7.060452699661254883e-01 1.376070022583007812e+00
7.070538997650146484e-01 1.380677700042724609e+00
7.080625295639038086e-01 1.369825243949890137e+00
7.090711593627929688e-01 1.382373452186584473e+00
7.100797891616821289e-01 1.400365591049194336e+00
7.110884189605712891e-01 1.366274237632751465e+00
7.120970487594604492e-01 1.398132562637329102e+00
7.131057381629943848e-01 1.398046970367431641e+00
7.141143679618835449e-01 1.389635801315307617e+00
7.151229977607727051e-01 1.370098352432250977e+00
7.161316275596618652e-01 1.420684456825256348e+00
7.171402573585510254e-01 1.385799765586853027e+00
7.181488871574401855e-01 1.418534636497497559e+00
7.191575169563293457e-01 1.413262963294982910e+00
7.201661467552185059e-01 1.426789164543151855e+00
7.211747765541076660e-01 1.409292221069335938e+00
7.221834659576416016e-01 1.414904952049255371e+00
7.231920957565307617e-01 1.381387829780578613e+00
7.242007255554199219e-01 1.379150986671447754e+00
7.252093553543090820e-01 1.415479660034179688e+00
7.262179851531982422e-01 1.416039586067199707e+00
7.272266149520874023e-01 1.430512785911560059e+00
7.282352447509765625e-01 1.414524435997009277e+00
7.292438745498657227e-01 1.415135860443115234e+00
7.302525043487548828e-01 1.393353104591369629e+00
7.312611341476440430e-01 1.413503050804138184e+00
7.322698235511779785e-01 1.415447354316711426e+00
7.332784533500671387e-01 1.418490767478942871e+00
7.342870831489562988e-01 1.398259282112121582e+00
7.352957129478454590e-01 1.405706286430358887e+00
7.363043427467346191e-01 1.402254939079284668e+00
7.373129725456237793e-01 1.425046324729919434e+00
7.383216023445129395e-01 1.420599818229675293e+00
7.393302321434020996e-01 1.401752710342407227e+00
7.403388619422912598e-01 1.389261245727539062e+00
7.413475513458251953e-01 1.405564785003662109e+00
7.423561811447143555e-01 1.423985362052917480e+00
7.433648109436035156e-01 1.417172193527221680e+00
7.443734407424926758e-01 1.407563805580139160e+00
7.453820705413818359e-01 1.414809703826904297e+00
7.463907003402709961e-01 1.427325606346130371e+00
7.473993301391601562e-01 1.427197098731994629e+00
7.484079599380493164e-01 1.428888678550720215e+00
7.494165897369384766e-01 1.414797067642211914e+00
7.504252195358276367e-01 1.412841558456420898e+00
7.514339089393615723e-01 1.428699970245361328e+00
7.524425387382507324e-01 1.448641300201416016e+00
7.534511685371398926e-01 1.480479359626770020e+00
7.544597983360290527e-01 1.434803247451782227e+00
7.554684281349182129e-01 1.427244663238525391e+00
7.564770579338073730e-01 1.428300023078918457e+00
7.574856877326965332e-01 1.436709284782409668e+00
7.584943175315856934e-01 1.415706038475036621e+00
7.595029473304748535e-01 1.421359419822692871e+00
7.605116367340087891e-01 1.429818868637084961e+00
7.615202665328979492e-01 1.423570632934570312e+00
7.625288963317871094e-01 1.430393218994140625e+00
7.635375261306762695e-01 1.446650385856628418e+00
7.645461559295654297e-01 1.468674421310424805e+00
7.655547857284545898e-01 1.458160042762756348e+00
7.665634155273437500e-01 1.460932135581970215e+00
7.675720453262329102e-01 1.454406738281250000e+00
7.685806751251220703e-01 1.463198542594909668e+00
7.695893049240112305e-01 1.419433832168579102e+00
7.705979943275451660e-01 1.448163390159606934e+00
7.716066241264343262e-01 1.449303746223449707e+00
7.726152539253234863e-01 1.468270897865295410e+00
7.736238837242126465e-01 1.440623641014099121e+00
7.746325135231018066e-01 1.413256645202636719e+00
7.756411433219909668e-01 1.441824913024902344e+00
7.766497731208801270e-01 1.453925848007202148e+00
7.776584029197692871e-01 1.457076311111450195e+00
7.786670327186584473e-01 1.444909453392028809e+00
7.796757221221923828e-01 1.450430274009704590e+00
7.806843519210815430e-01 1.444449901580810547e+00
7.816929817199707031e-01 1.483381986618041992e+00
7.827016115188598633e-01 1.432088851928710938e+00
7.837102413177490234e-01 1.449338555335998535e+00
7.847188711166381836e-01 1.429408073425292969e+00
7.857275009155273438e-01 1.453561186790466309e+00
7.867361307144165039e-01 1.470080971717834473e+00
7.877447605133056641e-01 1.485869169235229492e+00
7.887533903121948242e-01 1.488348603248596191e+00
7.897620797157287598e-01 1.478224754333496094e+00
7.907707095146179199e-01 1.496339201927185059e+00
7.917793393135070801e-01 1.454410910606384277e+00
7.927879691123962402e-01 1.446979522705078125e+00
7.937965989112854004e-01 1.472015500068664551e+00
7.948052287101745605e-01 1.494683146476745605e+00
7.958138585090637207e-01 1.482970118522644043e+00
7.968224883079528809e-01 1.492447018623352051e+00
7.978311181068420410e-01 1.471885800361633301e+00
7.988398075103759766e-01 1.481129407882690430e+00
7.998484373092651367e-01 1.473066806793212891e+00
8.008570671081542969e-01 1.482182145118713379e+00
8.018656969070434570e-01 1.489468812942504883e+00
8.028743267059326172e-01 1.492265939712524414e+00
8.038829565048217773e-01 1.475306510925292969e+00
8.048915863037109375e-01 1.484842181205749512e+00
8.059002161026000977e-01 1.471734285354614258e+00
8.069088459014892578e-01 1.490363478660583496e+00
8.079174757003784180e-01 1.481171250343322754e+00
8.089261651039123535e-01 1.481481075286865234e+00
8.099347949028015137e-01 1.494985938072204590e+00
8.109434247016906738e-01 1.478104114532470703e+00
8.119520545005798340e-01 1.476550579071044922e+00
8.129606842994689941e-01 1.465481996536254883e+00
8.139693140983581543e-01 1.497906327247619629e+00
8.149779438972473145e-01 1.497532367706298828e+00
8.159865736961364746e-01 1.494824647903442383e+00
8.169952034950256348e-01 1.487817645072937012e+00
8.180038928985595703e-01 1.493284821510314941e+00
8.190125226974487305e-01 1.501103997230529785e+00
8.200211524963378906e-01 1.504241585731506348e+00
8.210297822952270508e-01 1.496279478073120117e+00
8.220384120941162109e-01 1.520530581474304199e+00
8.230470418930053711e-01 1.525857329368591309e+00
8.240556716918945312e-01 1.507417917251586914e+00
8.250643014907836914e-01 1.509766101837158203e+00
8.260729312896728516e-01 1.495450496673583984e+00
8.270815610885620117e-01 1.517381191253662109e+00
8.280902504920959473e-01 1.477480292320251465e+00
8.290988802909851074e-01 1.519378900527954102e+00
8.301075100898742676e-01 1.501409888267517090e+00
8.311161398887634277e-01 1.536151766777038574e+00
8.321247696876525879e-01 1.512862563133239746e+00
8.331333994865417480e-01 1.530892848968505859e+00
8.341420292854309082e-01 1.536151170730590820e+00
8.351506590843200684e-01 1.491152882575988770e+00
8.361592888832092285e-01 1.491055250167846680e+00
8.371679782867431641e-01 1.509326696395874023e+00
8.381766080856323242e-01 1.524945616722106934e+00
8.391852378845214844e-01 1.529920816421508789e+00
8.401938676834106445e-01 1.512714147567749023e+00
8.412024974822998047e-01 1.494912266731262207e+00
8.422111272811889648e-01 1.537271261215209961e+00
8.432197570800781250e-01 1.519013524055480957e+00
8.442283868789672852e-01 1.511433959007263184e+00
8.452370166778564453e-01 1.513893365859985352e+00
8.462456464767456055e-01 1.547513365745544434e+00
8.472543358802795410e-01 1.521368384361267090e+00
8.482629656791687012e-01 1.503085613250732422e+00
8.492715954780578613e-01 1.485682487487792969e+00
8.502802252769470215e-01 1.502142906188964844e+00
8.512888550758361816e-01 1.497986316680908203e+00
8.522974848747253418e-01 1.520597934722900391e+00
8.533061146736145020e-01 1.495049476623535156e+00
8.543147444725036621e-01 1.488222122192382812e+00
8.553233742713928223e-01 1.486818194389343262e+00
8.563320636749267578e-01 1.518884658813476562e+00
8.573406934738159180e-01 1.484483361244201660e+00
8.583493232727050781e-01 1.480974793434143066e+00
8.593579530715942383e-01 1.462047100067138672e+00
8.603665828704833984e-01 1.494338154792785645e+00
8.613752126693725586e-01 1.530446767807006836e+00
8.623838424682617188e-01 1.519537568092346191e+00
8.633924722671508789e-01 1.503790855407714844e+00
8.644011020660400391e-01 1.508253574371337891e+00
8.654097318649291992e-01 1.517960429191589355e+00
8.664184212684631348e-01 1.510470628738403320e+00
8.674270510673522949e-01 1.466146111488342285e+00
8.684356808662414551e-01 1.505062818527221680e+00
8.694443106651306152e-01 1.502886652946472168e+00
8.704529404640197754e-01 1.499975085258483887e+00
8.714615702629089355e-01 1.492715835571289062e+00
8.724702000617980957e-01 1.511687994003295898e+00
8.734788298606872559e-01 1.519154906272888184e+00
8.744874596595764160e-01 1.481132388114929199e+00
8.754961490631103516e-01 1.508329391479492188e+00
8.765047788619995117e-01 1.488578796386718750e+00
8.775134086608886719e-01 1.481032609939575195e+00
8.785220384597778320e-01 1.483487725257873535e+00
8.795306682586669922e-01 1.510537028312683105e+00
8.805392980575561523e-01 1.512024402618408203e+00
8.815479278564453125e-01 1.473704814910888672e+00
8.825565576553344727e-01 1.476311326026916504e+00
8.835651874542236328e-01 1.492354393005371094e+00
8.845738172531127930e-01 1.496492147445678711e+00
8.855825066566467285e-01 1.494856476783752441e+00
8.865911364555358887e-01 1.472893953323364258e+00
8.875997662544250488e-01 1.508946061134338379e+00
8.886083960533142090e-01 1.514080643653869629e+00
8.896170258522033691e-01 1.490261673927307129e+00
8.906256556510925293e-01 1.533709526062011719e+00
8.916342854499816895e-01 1.525882005691528320e+00
8.926429152488708496e-01 1.499736547470092773e+00
8.936515450477600098e-01 1.472668886184692383e+00
8.946602344512939453e-01 1.504927635192871094e+00
8.956688642501831055e-01 1.513365983963012695e+00
8.966774940490722656e-01 1.510595202445983887e+00
8.976861238479614258e-01 1.504659533500671387e+00
8.986947536468505859e-01 1.523659944534301758e+00
8.997033834457397461e-01 1.498759031295776367e+00
9.007120132446289062e-01 1.520987629890441895e+00
9.017206430435180664e-01 1.513538360595703125e+00
9.027292728424072266e-01 1.502263069152832031e+00
9.037379026412963867e-01 1.519286990165710449e+00
9.047465920448303223e-01 1.529637098312377930e+00
9.057552218437194824e-01 1.534594297409057617e+00
9.067638516426086426e-01 1.526163816452026367e+00
9.077724814414978027e-01 1.537962436676025391e+00
9.087811112403869629e-01 1.536160826683044434e+00
9.097897410392761230e-01 1.523091673851013184e+00
9.107983708381652832e-01 1.532465696334838867e+00
9.118070006370544434e-01 1.537979602813720703e+00
9.128156304359436035e-01 1.499163746833801270e+00
9.138243198394775391e-01 1.515276908874511719e+00
9.148329496383666992e-01 1.526190400123596191e+00
9.158415794372558594e-01 1.522809743881225586e+00
9.168502092361450195e-01 1.528506636619567871e+00
9.178588390350341797e-01 1.523275375366210938e+00
9.188674688339233398e-01 1.533120632171630859e+00
9.198760986328125000e-01 1.553572535514831543e+00
9.208847284317016602e-01 1.553658604621887207e+00
9.218933582305908203e-01 1.558459281921386719e+00
9.229020476341247559e-01 1.535846710205078125e+00
9.239106774330139160e-01 1.543083906173706055e+00
9.249193072319030762e-01 1.545722126960754395e+00
9.259279370307922363e-01 1.556764841079711914e+00
9.269365668296813965e-01 1.526207089424133301e+00
9.279451966285705566e-01 1.531745672225952148e+00
9.289538264274597168e-01 1.527065396308898926e+00
9.299624562263488770e-01 1.563905835151672363e+00
9.309710860252380371e-01 1.580694794654846191e+00
9.319797158241271973e-01 1.537719964981079102e+00
9.329884052276611328e-01 1.535689592361450195e+00
9.339970350265502930e-01 1.581777095794677734e+00
9.350056648254394531e-01 1.551370382308959961e+00
9.360142946243286133e-01 1.564476490020751953e+00
9.370229244232177734e-01 1.580013751983642578e+00
9.380315542221069336e-01 1.558856844902038574e+00
9.390401840209960938e-01 1.578246235847473145e+00
9.400488138198852539e-01 1.558392882347106934e+00
9.410574436187744141e-01 1.517639994621276855e+00
9.420661330223083496e-01 1.542701721191406250e+00
9.430747628211975098e-01 1.519894123077392578e+00
9.440833926200866699e-01 1.544670462608337402e+00
9.450920224189758301e-01 1.559045672416687012e+00
9.461006522178649902e-01 1.572036027908325195e+00
9.471092820167541504e-01 1.513844847679138184e+00
9.481179118156433105e-01 1.585298418998718262e+00
9.491265416145324707e-01 1.590482234954833984e+00
9.501351714134216309e-01 1.590585827827453613e+00
9.511438012123107910e-01 1.573443889617919922e+00
9.521524906158447266e-01 1.606625676155090332e+00
9.531611204147338867e-01 1.621934652328491211e+00
9.541697502136230469e-01 1.586008071899414062e+00
9.551783800125122070e-01 1.563055157661437988e+00
9.561870098114013672e-01 1.574628949165344238e+00
9.571956396102905273e-01 1.598465681076049805e+00
9.582042694091796875e-01 1.607641100883483887e+00
9.592128992080688477e-01 1.551725983619689941e+00
9.602215290069580078e-01 1.605824232101440430e+00
9.612302184104919434e-01 1.610294222831726074e+00
9.622388482093811035e-01 1.635139107704162598e+00
9.632474780082702637e-01 1.604108214378356934e+00
9.642561078071594238e-01 1.608809351921081543e+00
9.652647376060485840e-01 1.593287944793701172e+00
9.662733674049377441e-01 1.552213311195373535e+00
9.672819972038269043e-01 1.600249528884887695e+00
9.682906270027160645e-01 1.586035609245300293e+00
9.692992568016052246e-01 1.592498302459716797e+00
9.703078866004943848e-01 1.551305651664733887e+00
9.713165760040283203e-01 1.600717663764953613e+00
9.723252058029174805e-01 1.601142406463623047e+00
9.733338356018066406e-01 1.594215512275695801e+00
9.743424654006958008e-01 1.622573018074035645e+00
9.753510951995849609e-01 1.613842844963073730e+00
9.763597249984741211e-01 1.585116028785705566e+00
9.773683547973632812e-01 1.652976393699645996e+00
9.783769845962524414e-01 1.634826660156250000e+00
9.793856143951416016e-01 1.630364894866943359e+00
9.803943037986755371e-01 1.627632975578308105e+00
9.814029335975646973e-01 1.646544337272644043e+00
9.824115633964538574e-01 1.619679570198059082e+00
9.834201931953430176e-01 1.640739321708679199e+00
9.844288229942321777e-01 1.617107510566711426e+00
9.854374527931213379e-01 1.636035203933715820e+00
9.864460825920104980e-01 1.653926849365234375e+00
9.874547123908996582e-01 1.619281411170959473e+00
9.884633421897888184e-01 1.624229192733764648e+00
9.894719719886779785e-01 1.620843052864074707e+00
9.904806613922119141e-01 1.637584567070007324e+00
9.914892911911010742e-01 1.637586355209350586e+00
9.924979209899902344e-01 1.637640595436096191e+00
9.935065507888793945e-01 1.715946674346923828e+00
9.945151805877685547e-01 1.674451828002929688e+00
9.955238103866577148e-01 1.662345528602600098e+00
9.965324401855468750e-01 1.657463312149047852e+00
9.975410699844360352e-01 1.668418526649475098e+00
9.985496997833251953e-01 1.635519027709960938e+00
9.995583891868591309e-01 1.628545045852661133e+00
1.000566959381103516e+00 1.624878644943237305e+00
1.001575589179992676e+00 1.674562335014343262e+00
1.002584218978881836e+00 1.639030575752258301e+00
1.003592848777770996e+00 1.615958571434020996e+00
1.004601597785949707e+00 1.691742181777954102e+00
1.005610227584838867e+00 1.662087798118591309e+00
1.006618857383728027e+00 1.672031879425048828e+00
1.007627487182617188e+00 1.681279778480529785e+00
1.008636116981506348e+00 1.659501671791076660e+00
1.009644746780395508e+00 1.636654734611511230e+00
1.010653376579284668e+00 1.655888080596923828e+00
1.011662006378173828e+00 1.656848907470703125e+00
1.012670636177062988e+00 1.706852674484252930e+00
1.013679265975952148e+00 1.615743160247802734e+00
1.014687895774841309e+00 1.685664296150207520e+00
1.015696525573730469e+00 1.654170513153076172e+00
1.016705155372619629e+00 1.625904321670532227e+00
1.017713785171508789e+00 1.708795309066772461e+00
1.018722414970397949e+00 1.718747019767761230e+00
1.019731044769287109e+00 1.730239391326904297e+00
1.020739674568176270e+00 1.714245796203613281e+00
1.021748304367065430e+00 1.719898223876953125e+00
1.022756934165954590e+00 1.681961536407470703e+00
1.023765683174133301e+00 1.643113136291503906e+00
1.024774312973022461e+00 1.720787763595581055e+00
1.025782942771911621e+00 1.745291590690612793e+00
1.026791572570800781e+00 1.654279232025146484e+00
1.027800202369689941e+00 1.691618800163269043e+00
1.028808832168579102e+00 1.671694993972778320e+00
1.029817461967468262e+00 1.687528491020202637e+00
1.030826091766357422e+00 1.696811914443969727e+00
1.031834721565246582e+00 1.680195212364196777e+00
1.032843351364135742e+00 1.766058683395385742e+00
1.033851981163024902e+00 1.763243436813354492e+00
1.034860610961914062e+00 1.726290225982666016e+00
1.035869240760803223e+00 1.753276586532592773e+00
1.036877870559692383e+00 1.770038604736328125e+00
1.037886500358581543e+00 1.726986408233642578e+00
1.038895130157470703e+00 1.732473373413085938e+00
1.039903759956359863e+00 1.702587246894836426e+00
1.040912389755249023e+00 1.738751173019409180e+00
1.041921019554138184e+00 1.731776952743530273e+00
1.042929768562316895e+00 1.753296732902526855e+00
1.043938398361206055e+00 1.682994484901428223e+00
1.044947028160095215e+00 1.777663826942443848e+00
1.045955657958984375e+00 1.815830826759338379e+00
1.046964287757873535e+00 1.781217217445373535e+00
1.047972917556762695e+00 1.713846325874328613e+00
1.048981547355651855e+00 1.777848005294799805e+00
1.049990177154541016e+00 1.751194477081298828e+00
1.050998806953430176e+00 1.702590227127075195e+00
1.052007436752319336e+00 1.706788778305053711e+00
1.053016066551208496e+00 1.762337446212768555e+00
1.054024696350097656e+00 1.825316309928894043e+00
1.055033326148986816e+00 1.830646514892578125e+00
1.056041955947875977e+00 1.796887874603271484e+00
1.057050585746765137e+00 1.767872452735900879e+00
1.058059215545654297e+00 1.795369148254394531e+00
1.059067845344543457e+00 1.818539738655090332e+00
1.060076475143432617e+00 1.742094397544860840e+00
1.061085104942321777e+00 1.788895010948181152e+00
1.062093853950500488e+00 1.781465768814086914e+00
1.063102483749389648e+00 1.833040356636047363e+00
1.064111113548278809e+00 1.793746352195739746e+00
1.065119743347167969e+00 1.818327665328979492e+00
1.066128373146057129e+00 1.777742385864257812e+00
1.067137002944946289e+00 1.802446246147155762e+00
1.068145632743835449e+00 1.824598193168640137e+00
1.069154262542724609e+00 1.801711678504943848e+00
1.070162892341613770e+00 1.803808569908142090e+00
1.071171522140502930e+00 1.798257946968078613e+00
1.072180151939392090e+00 1.729612588882446289e+00
1.073188781738281250e+00 1.717454195022583008e+00
1.074197411537170410e+00 1.812556624412536621e+00
1.075206041336059570e+00 1.784199595451354980e+00
1.076214671134948730e+00 1.848999142646789551e+00
1.077223300933837891e+00 1.769691586494445801e+00
1.078231930732727051e+00 1.778720855712890625e+00
1.079240560531616211e+00 1.822533011436462402e+00
1.080249190330505371e+00 1.887356996536254883e+00
1.081257939338684082e+00 1.785818338394165039e+00
1.082266569137573242e+00 1.780318975448608398e+00
1.083275198936462402e+00 1.815606355667114258e+00
1.084283828735351562e+00 1.805850028991699219e+00
1.085292458534240723e+00 1.804566621780395508e+00
1.086301088333129883e+00 1.908445119857788086e+00
1.087309718132019043e+00 1.833302736282348633e+00
1.088318347930908203e+00 1.803988575935363770e+00
1.089326977729797363e+00 1.845449209213256836e+00
1.090335607528686523e+00 1.900302648544311523e+00
1.091344237327575684e+00 1.862490415573120117e+00
1.092352867126464844e+00 1.801736354827880859e+00
1.093361496925354004e+00 1.800102710723876953e+00
1.094370126724243164e+00 1.817987799644470215e+00
1.095378756523132324e+00 1.881095409393310547e+00
1.096387386322021484e+00 1.953645467758178711e+00
1.097396016120910645e+00 1.946338415145874023e+00
1.098404645919799805e+00 1.891348361968994141e+00
1.099413275718688965e+00 1.810482382774353027e+00
1.100422024726867676e+00 1.839199781417846680e+00
1.101430654525756836e+00 1.928930997848510742e+00
1.102439284324645996e+00 1.851472616195678711e+00
1.103447914123535156e+00 1.951102375984191895e+00
1.104456543922424316e+00 1.932506918907165527e+00
1.105465173721313477e+00 1.806410551071166992e+00
1.106473803520202637e+00 1.886163115501403809e+00
1.107482433319091797e+00 1.854233384132385254e+00
1.108491063117980957e+00 1.886765956878662109e+00
1.109499692916870117e+00 2.016367197036743164e+00
1.110508322715759277e+00 1.940092921257019043e+00
1.111516952514648438e+00 1.938057184219360352e+00
1.112525582313537598e+00 2.002295970916748047e+00
1.113534212112426758e+00 1.971944332122802734e+00
1.114542841911315918e+00 1.896306037902832031e+00
1.115551471710205078e+00 1.938777208328247070e+00
1.116560101509094238e+00 1.851812005043029785e+00
1.117568731307983398e+00 1.782348513603210449e+00
1.118577361106872559e+00 2.028083801269531250e+00
1.119586110115051270e+00 1.942556738853454590e+00
1.120594739913940430e+00 1.899263739585876465e+00
1.121603369712829590e+00 1.979648590087890625e+00
1.122611999511718750e+00 1.961750507354736328e+00
1.123620629310607910e+00 1.940563321113586426e+00
1.124629259109497070e+00 2.011549949645996094e+00
1.125637888908386230e+00 1.962112188339233398e+00
1.126646518707275391e+00 1.918893098831176758e+00
1.127655148506164551e+00 1.912101745605468750e+00
1.128663778305053711e+00 2.038707494735717773e+00
1.129672408103942871e+00 1.981509566307067871e+00
1.130681037902832031e+00 1.979090094566345215e+00
1.131689667701721191e+00 2.112396240234375000e+00
1.132698297500610352e+00 1.956528782844543457e+00
1.133706927299499512e+00 1.920635581016540527e+00
1.134715557098388672e+00 2.032439470291137695e+00
1.135724186897277832e+00 1.972764849662780762e+00
1.136732816696166992e+00 2.012985944747924805e+00
1.137741446495056152e+00 1.848254084587097168e+00
1.138750195503234863e+00 2.012644529342651367e+00
1.139758825302124023e+00 2.145975351333618164e+00
1.140767455101013184e+00 2.122954607009887695e+00
1.141776084899902344e+00 2.013400316238403320e+00
1.142784714698791504e+00 1.996425271034240723e+00
1.143793344497680664e+00 2.022669553756713867e+00
1.144801974296569824e+00 2.064343929290771484e+00
1.145810604095458984e+00 1.945437073707580566e+00
1.146819233894348145e+00 1.849048852920532227e+00
1.147827863693237305e+00 1.947914242744445801e+00
1.148836493492126465e+00 1.991525769233703613e+00
1.149845123291015625e+00 1.935651183128356934e+00
1.150853753089904785e+00 1.973284602165222168e+00
1.151862382888793945e+00 1.955428242683410645e+00
1.152871012687683105e+00 2.108339548110961914e+00
1.153879642486572266e+00 2.113982677459716797e+00
1.154888272285461426e+00 2.005998611450195312e+00
1.155896902084350586e+00 2.111994266510009766e+00
1.156905531883239746e+00 1.965338110923767090e+00
1.157914280891418457e+00 2.095260381698608398e+00
1.158922910690307617e+00 2.201417207717895508e+00
1.159931540489196777e+00 2.065057754516601562e+00
1.160940170288085938e+00 2.142491579055786133e+00
1.161948800086975098e+00 2.116549253463745117e+00
1.162957429885864258e+00 2.047706604003906250e+00
1.163966059684753418e+00 1.976234912872314453e+00
1.164974689483642578e+00 2.035381078720092773e+00
1.165983319282531738e+00 2.050678014755249023e+00
1.166991949081420898e+00 2.122577905654907227e+00
1.168000578880310059e+00 1.963051199913024902e+00
1.169009208679199219e+00 2.121212244033813477e+00
1.170017838478088379e+00 2.137029409408569336e+00
1.171026468276977539e+00 2.093261241912841797e+00
1.172035098075866699e+00 2.096608400344848633e+00
1.173043727874755859e+00 2.279555320739746094e+00
1.174052357673645020e+00 2.216020584106445312e+00
1.175060987472534180e+00 2.157304286956787109e+00
1.176069617271423340e+00 2.175588369369506836e+00
1.177078366279602051e+00 2.032162189483642578e+00
1.178086996078491211e+00 2.029243469238281250e+00
1.179095625877380371e+00 2.283328056335449219e+00
1.180104255676269531e+00 2.222736120223999023e+00
1.181112885475158691e+00 2.194666385650634766e+00
1.182121515274047852e+00 2.207408428192138672e+00
1.183130145072937012e+00 2.247700452804565430e+00
1.184138774871826172e+00 2.119648933410644531e+00
1.185147404670715332e+00 2.416668653488159180e+00
1.186156034469604492e+00 2.119021654129028320e+00
1.187164664268493652e+00 2.075082540512084961e+00
1.188173294067382812e+00 1.982488155364990234e+00
1.189181923866271973e+00 2.092567920684814453e+00
1.190190553665161133e+00 1.982998490333557129e+00
1.191199183464050293e+00 2.067140340805053711e+00
1.192207813262939453e+00 2.236093282699584961e+00
1.193216443061828613e+00 2.213433265686035156e+00
1.194225072860717773e+00 2.499795198440551758e+00
1.195233702659606934e+00 2.278607845306396484e+00
1.196242451667785645e+00 2.049935579299926758e+00
1.197251081466674805e+00 2.253816604614257812e+00
1.198259711265563965e+00 2.175244808197021484e+00
1.199268341064453125e+00 2.310915470123291016e+00
1.200276970863342285e+00 2.304435014724731445e+00
1.201285600662231445e+00 2.406300783157348633e+00
1.202294230461120605e+00 2.370542764663696289e+00
1.203302860260009766e+00 2.436685323715209961e+00
1.204311490058898926e+00 2.582557678222656250e+00
1.205320119857788086e+00 2.516993999481201172e+00
1.206328749656677246e+00 2.264654636383056641e+00
1.207337379455566406e+00 2.123986244201660156e+00
1.208346009254455566e+00 1.708844900131225586e+00
1.209354639053344727e+00 1.068742275238037109e+00
