0.000000000000000000e+00 3.455697998046875000e+03
1.008636085316538811e-03 2.496800292968750000e+03
2.017272170633077621e-03 1.787677368164062500e+03
3.025908255949616432e-03 1.302436645507812500e+03
4.034544341266155243e-03 1.005186950683593750e+03
5.043180659413337708e-03 8.130440063476562500e+02
6.051816511899232864e-03 6.710928344726562500e+02
7.060452364385128021e-03 5.460204467773437500e+02
8.069088682532310486e-03 4.553310241699218750e+02
9.077725000679492950e-03 3.826262817382812500e+02
1.008636131882667542e-02 3.219211425781250000e+02
1.109499670565128326e-02 2.722756958007812500e+02
1.210363302379846573e-02 2.355557098388671875e+02
1.311226934194564819e-02 2.013941497802734375e+02
1.412090472877025604e-02 1.742553863525390625e+02
1.512954104691743851e-02 1.497497100830078125e+02
1.613817736506462097e-02 1.296324462890625000e+02
1.714681275188922882e-02 1.130822601318359375e+02
1.815545000135898590e-02 9.965651702880859375e+01
1.916408538818359375e-02 8.783127593994140625e+01
2.017272263765335083e-02 7.815253448486328125e+01
2.118135802447795868e-02 6.908755493164062500e+01
2.218999341130256653e-02 6.212540054321289062e+01
2.319863066077232361e-02 5.536128616333007812e+01
2.420726604759693146e-02 5.016089248657226562e+01
2.521590143442153931e-02 4.478749847412109375e+01
2.622453868389129639e-02 4.040816497802734375e+01
2.723317407071590424e-02 3.692582702636718750e+01
2.824180945754051208e-02 3.361159133911132812e+01
2.925044670701026917e-02 3.039925193786621094e+01
3.025908209383487701e-02 2.808534812927246094e+01
3.126771748065948486e-02 2.592275047302246094e+01
3.227635473012924194e-02 2.377915000915527344e+01
3.328499197959899902e-02 2.224533843994140625e+01
3.429362550377845764e-02 2.071722412109375000e+01
3.530226275324821472e-02 1.893827438354492188e+01
3.631090000271797180e-02 1.753815841674804688e+01
3.731953352689743042e-02 1.648199462890625000e+01
3.832817077636718750e-02 1.557046508789062500e+01
3.933680802583694458e-02 1.471693801879882812e+01
4.034544527530670166e-02 1.360815048217773438e+01
4.135407879948616028e-02 1.271796703338623047e+01
4.236271604895591736e-02 1.198655986785888672e+01
4.337135329842567444e-02 1.137802410125732422e+01
4.437998682260513306e-02 1.082023143768310547e+01
4.538862407207489014e-02 1.020146274566650391e+01
4.639726132154464722e-02 9.568468093872070312e+00
4.740589484572410583e-02 9.051701545715332031e+00
4.841453209519386292e-02 8.644533157348632812e+00
4.942316934466362000e-02 8.279074668884277344e+00
5.043180286884307861e-02 7.681041240692138672e+00
5.144044011831283569e-02 7.381866455078125000e+00
5.244907736778259277e-02 7.018096446990966797e+00
5.345771089196205139e-02 6.813975811004638672e+00
5.446634814143180847e-02 6.543380260467529297e+00
5.547498539090156555e-02 6.183115959167480469e+00
5.648361891508102417e-02 5.977025508880615234e+00
5.749225616455078125e-02 5.719538688659667969e+00
5.850089341402053833e-02 5.511875152587890625e+00
5.950953066349029541e-02 5.282089710235595703e+00
6.051816418766975403e-02 5.010023593902587891e+00
6.152680143713951111e-02 4.888411998748779297e+00
6.253543496131896973e-02 4.686042785644531250e+00
6.354407221078872681e-02 4.508240699768066406e+00
6.455270946025848389e-02 4.373884677886962891e+00
6.556134670972824097e-02 4.283596038818359375e+00
6.656998395919799805e-02 4.039433956146240234e+00
6.757862120866775513e-02 3.890517711639404297e+00
6.858725100755691528e-02 3.694169282913208008e+00
6.959588825702667236e-02 3.624670982360839844e+00
7.060452550649642944e-02 3.447378635406494141e+00
7.161316275596618652e-02 3.395980834960937500e+00
7.262180000543594360e-02 3.156933069229125977e+00
7.363043725490570068e-02 3.162705183029174805e+00
7.463906705379486084e-02 2.950580596923828125e+00
7.564770430326461792e-02 2.904665708541870117e+00
7.665634155273437500e-02 2.833599328994750977e+00
7.766497880220413208e-02 2.793392896652221680e+00
7.867361605167388916e-02 2.708302736282348633e+00
7.968225330114364624e-02 2.624307155609130859e+00
8.069089055061340332e-02 2.627003192901611328e+00
8.169952034950256348e-02 2.521227836608886719e+00
8.270815759897232056e-02 2.458781719207763672e+00
8.371679484844207764e-02 2.428380250930786133e+00
8.472543209791183472e-02 2.354059219360351562e+00
8.573406934738159180e-02 2.244276523590087891e+00
8.674270659685134888e-02 2.247144699096679688e+00
8.775133639574050903e-02 2.221026182174682617e+00
8.875997364521026611e-02 2.114763736724853516e+00
8.976861089468002319e-02 2.105521440505981445e+00
9.077724814414978027e-02 2.100488901138305664e+00
9.178588539361953735e-02 2.058241605758666992e+00
9.279452264308929443e-02 1.992363691329956055e+00
9.380315244197845459e-02 1.959490180015563965e+00
9.481178969144821167e-02 1.940385937690734863e+00
9.582042694091796875e-02 1.924355864524841309e+00
9.682906419038772583e-02 1.892840981483459473e+00
9.783770143985748291e-02 1.894739389419555664e+00
9.884633868932723999e-02 1.831059336662292480e+00
9.985497593879699707e-02 1.835437536239624023e+00
1.008636057376861572e-01 1.794633865356445312e+00
1.018722429871559143e-01 1.812073469161987305e+00
1.028808802366256714e-01 1.732394814491271973e+00
1.038895174860954285e-01 1.717755675315856934e+00
1.048981547355651855e-01 1.708119988441467285e+00
1.059067919850349426e-01 1.699755072593688965e+00
1.069154217839241028e-01 1.670014500617980957e+00
1.079240590333938599e-01 1.620422601699829102e+00
1.089326962828636169e-01 1.624521374702453613e+00
1.099413335323333740e-01 1.632106542587280273e+00
1.109499707818031311e-01 1.581518530845642090e+00
1.119586080312728882e-01 1.603757143020629883e+00
1.129672378301620483e-01 1.587448477745056152e+00
1.139758750796318054e-01 1.557194709777832031e+00
1.149845123291015625e-01 1.525799989700317383e+00
1.159931495785713196e-01 1.514305114746093750e+00
1.170017868280410767e-01 1.518223404884338379e+00
1.180104240775108337e-01 1.496644854545593262e+00
1.190190613269805908e-01 1.474021911621093750e+00
1.200276911258697510e-01 1.472867727279663086e+00
1.210363283753395081e-01 1.453695774078369141e+00
1.220449656248092651e-01 1.479714989662170410e+00
1.230536028742790222e-01 1.444490075111389160e+00
1.240622401237487793e-01 1.435462713241577148e+00
1.250708699226379395e-01 1.449806571006774902e+00
1.260795146226882935e-01 1.430443286895751953e+00
1.270881444215774536e-01 1.369448423385620117e+00
1.280967891216278076e-01 1.396074414253234863e+00
1.291054189205169678e-01 1.372662186622619629e+00
1.301140487194061279e-01 1.332421541213989258e+00
1.311226934194564819e-01 1.319120287895202637e+00
1.321313232183456421e-01 1.318387031555175781e+00
1.331399679183959961e-01 1.361474275588989258e+00
1.341485977172851562e-01 1.317002415657043457e+00
1.351572424173355103e-01 1.336865186691284180e+00
1.361658722162246704e-01 1.295238971710205078e+00
1.371745020151138306e-01 1.336914658546447754e+00
1.381831467151641846e-01 1.295773029327392578e+00
1.391917765140533447e-01 1.259265899658203125e+00
1.402004212141036987e-01 1.296299099922180176e+00
1.412090510129928589e-01 1.319955468177795410e+00
1.422176808118820190e-01 1.281170845031738281e+00
1.432263255119323730e-01 1.268090844154357910e+00
1.442349553108215332e-01 1.228010058403015137e+00
1.452436000108718872e-01 1.203146100044250488e+00
1.462522298097610474e-01 1.177521109580993652e+00
1.472608745098114014e-01 1.177828669548034668e+00
1.482695043087005615e-01 1.193805813789367676e+00
1.492781341075897217e-01 1.182013988494873047e+00
1.502867788076400757e-01 1.171829223632812500e+00
1.512954086065292358e-01 1.129299759864807129e+00
1.523040533065795898e-01 1.152884960174560547e+00
1.533126831054687500e-01 1.145793676376342773e+00
1.543213278055191040e-01 1.160477519035339355e+00
1.553299576044082642e-01 1.112551212310791016e+00
1.563385874032974243e-01 1.137831330299377441e+00
1.573472321033477783e-01 1.128120660781860352e+00
1.583558619022369385e-01 1.069591283798217773e+00
1.593645066022872925e-01 1.083661079406738281e+00
1.603731364011764526e-01 1.108728170394897461e+00
1.613817811012268066e-01 1.108574867248535156e+00
1.623904109001159668e-01 1.065253019332885742e+00
1.633990406990051270e-01 1.068325042724609375e+00
1.644076853990554810e-01 1.073367953300476074e+00
1.654163151979446411e-01 1.108190536499023438e+00
1.664249598979949951e-01 1.093245983123779297e+00
1.674335896968841553e-01 1.112716078758239746e+00
1.684422194957733154e-01 1.150362968444824219e+00
1.694508641958236694e-01 1.129179954528808594e+00
1.704594939947128296e-01 1.070172667503356934e+00
1.714681386947631836e-01 1.088343381881713867e+00
1.724767684936523438e-01 1.068339347839355469e+00
1.734854131937026978e-01 1.074551224708557129e+00
1.744940429925918579e-01 1.058799624443054199e+00
1.755026727914810181e-01 1.048921346664428711e+00
1.765113174915313721e-01 1.047098398208618164e+00
1.775199472904205322e-01 1.049803733825683594e+00
1.785285919904708862e-01 1.040363907814025879e+00
1.795372217893600464e-01 1.038966417312622070e+00
1.805458664894104004e-01 1.056777596473693848e+00
1.815544962882995605e-01 1.063779830932617188e+00
1.825631260871887207e-01 1.051643252372741699e+00
1.835717707872390747e-01 1.068980097770690918e+00
1.845804005861282349e-01 1.063760757446289062e+00
1.855890452861785889e-01 1.056692242622375488e+00
1.865976750850677490e-01 1.069805502891540527e+00
1.876063048839569092e-01 1.048773884773254395e+00
1.886149495840072632e-01 1.070631146430969238e+00
1.896235793828964233e-01 1.061097145080566406e+00
1.906322240829467773e-01 1.040506482124328613e+00
1.916408538818359375e-01 1.060067772865295410e+00
1.926494985818862915e-01 1.055398344993591309e+00
1.936581283807754517e-01 1.039732694625854492e+00
1.946667581796646118e-01 1.055961370468139648e+00
1.956754028797149658e-01 1.033266186714172363e+00
1.966840326786041260e-01 1.022503614425659180e+00
1.976926773786544800e-01 1.051371335983276367e+00
1.987013071775436401e-01 1.059790730476379395e+00
1.997099518775939941e-01 1.007175922393798828e+00
2.007185816764831543e-01 1.009000301361083984e+00
2.017272114753723145e-01 1.036736845970153809e+00
2.027358561754226685e-01 1.037266135215759277e+00
2.037444859743118286e-01 1.012788653373718262e+00
2.047531306743621826e-01 1.008259773254394531e+00
2.057617604732513428e-01 1.004167675971984863e+00
2.067703902721405029e-01 1.011554002761840820e+00
2.077790349721908569e-01 1.027669906616210938e+00
2.087876647710800171e-01 1.018852829933166504e+00
2.097963094711303711e-01 9.856973290443420410e-01
2.108049392700195312e-01 1.005878210067749023e+00
2.118135839700698853e-01 1.003618478775024414e+00
2.128222137689590454e-01 9.928831458091735840e-01
2.138308435678482056e-01 9.872724413871765137e-01
2.148394882678985596e-01 9.819623827934265137e-01
2.158481180667877197e-01 1.019728422164916992e+00
2.168567627668380737e-01 1.009089112281799316e+00
2.178653925657272339e-01 9.950470924377441406e-01
2.188740372657775879e-01 9.780266880989074707e-01
2.198826670646667480e-01 1.009149432182312012e+00
2.208912968635559082e-01 9.629796147346496582e-01
2.218999415636062622e-01 9.527529478073120117e-01
2.229085713624954224e-01 9.460163116455078125e-01
2.239172160625457764e-01 9.819639921188354492e-01
2.249258458614349365e-01 9.603292346000671387e-01
2.259344756603240967e-01 9.571025967597961426e-01
2.269431203603744507e-01 9.722571372985839844e-01
2.279517501592636108e-01 9.566106796264648438e-01
2.289603948593139648e-01 9.509807825088500977e-01
2.299690246582031250e-01 9.351633191108703613e-01
2.309776693582534790e-01 9.530707001686096191e-01
2.319862991571426392e-01 9.631853103637695312e-01
2.329949289560317993e-01 9.566943049430847168e-01
2.340035736560821533e-01 9.575441479682922363e-01
2.350122034549713135e-01 9.405794739723205566e-01
2.360208481550216675e-01 9.382947087287902832e-01
2.370294779539108276e-01 9.446771144866943359e-01
2.380381226539611816e-01 9.319137930870056152e-01
2.390467524528503418e-01 9.188855290412902832e-01
2.400553822517395020e-01 9.633161425590515137e-01
2.410640269517898560e-01 9.747573137283325195e-01
2.420726567506790161e-01 9.958549141883850098e-01
2.430813014507293701e-01 1.059697747230529785e+00
2.440899312496185303e-01 9.761794209480285645e-01
2.450985759496688843e-01 9.307407736778259277e-01
2.461072057485580444e-01 9.579041004180908203e-01
2.471158355474472046e-01 9.487226009368896484e-01
2.481244802474975586e-01 9.012395739555358887e-01
2.491331100463867188e-01 9.134687781333923340e-01
2.501417398452758789e-01 9.208236336708068848e-01
2.511503994464874268e-01 9.092375636100769043e-01
2.521590292453765869e-01 8.925492763519287109e-01
2.531676590442657471e-01 9.325127005577087402e-01
2.541762888431549072e-01 9.114608168601989746e-01
2.551849186420440674e-01 9.108933210372924805e-01
2.561935782432556152e-01 9.213078618049621582e-01
2.572022080421447754e-01 9.131652712821960449e-01
2.582108378410339355e-01 9.125621318817138672e-01
2.592194676399230957e-01 9.017042517662048340e-01
2.602280974388122559e-01 9.250245094299316406e-01
2.612367570400238037e-01 9.148283004760742188e-01
2.622453868389129639e-01 9.070971012115478516e-01
2.632540166378021240e-01 8.883280754089355469e-01
2.642626464366912842e-01 8.789914250373840332e-01
2.652712762355804443e-01 9.035905003547668457e-01
2.662799358367919922e-01 8.873287439346313477e-01
2.672885656356811523e-01 8.978679180145263672e-01
2.682971954345703125e-01 9.064582586288452148e-01
2.693058252334594727e-01 8.818127512931823730e-01
2.703144848346710205e-01 8.942091464996337891e-01
2.713231146335601807e-01 8.915847539901733398e-01
2.723317444324493408e-01 8.724064826965332031e-01
2.733403742313385010e-01 8.964643478393554688e-01
2.743490040302276611e-01 8.850287199020385742e-01
2.753576636314392090e-01 8.975116610527038574e-01
2.763662934303283691e-01 8.779835700988769531e-01
2.773749232292175293e-01 8.912582397460937500e-01
2.783835530281066895e-01 8.725211620330810547e-01
2.793921828269958496e-01 8.587067723274230957e-01
2.804008424282073975e-01 8.820647597312927246e-01
2.814094722270965576e-01 8.556921482086181641e-01
2.824181020259857178e-01 8.782584071159362793e-01
2.834267318248748779e-01 8.735612630844116211e-01
2.844353616237640381e-01 8.745926618576049805e-01
2.854440212249755859e-01 8.727512359619140625e-01
2.864526510238647461e-01 9.025737643241882324e-01
2.874612808227539062e-01 8.960302472114562988e-01
2.884699106216430664e-01 8.845347166061401367e-01
2.894785702228546143e-01 8.914372920989990234e-01
2.904872000217437744e-01 8.726413846015930176e-01
2.914958298206329346e-01 8.591052889823913574e-01
2.925044596195220947e-01 8.852513432502746582e-01
2.935130894184112549e-01 8.754038214683532715e-01
2.945217490196228027e-01 8.555199503898620605e-01
2.955303788185119629e-01 8.678623437881469727e-01
2.965390086174011230e-01 8.485280871391296387e-01
2.975476384162902832e-01 8.354396820068359375e-01
2.985562682151794434e-01 8.565400242805480957e-01
2.995649278163909912e-01 8.549913763999938965e-01
3.005735576152801514e-01 8.510456681251525879e-01
3.015821874141693115e-01 8.586362004280090332e-01
3.025908172130584717e-01 8.558858633041381836e-01
3.035994470119476318e-01 8.501932621002197266e-01
3.046081066131591797e-01 8.557161092758178711e-01
3.056167364120483398e-01 8.630243539810180664e-01
3.066253662109375000e-01 8.784450888633728027e-01
3.076339960098266602e-01 8.842732310295104980e-01
3.086426556110382080e-01 8.681086301803588867e-01
3.096512854099273682e-01 8.460780382156372070e-01
3.106599152088165283e-01 8.426632285118103027e-01
3.116685450077056885e-01 8.662422895431518555e-01
3.126771748065948486e-01 8.523981571197509766e-01
3.136858344078063965e-01 8.503282070159912109e-01
3.146944642066955566e-01 8.326749801635742188e-01
3.157030940055847168e-01 8.441505432128906250e-01
3.167117238044738770e-01 8.676055669784545898e-01
3.177203536033630371e-01 8.453963398933410645e-01
3.187290132045745850e-01 8.281975388526916504e-01
3.197376430034637451e-01 8.364923000335693359e-01
3.207462728023529053e-01 8.561570048332214355e-01
3.217549026012420654e-01 8.423039317131042480e-01
3.227635622024536133e-01 8.410117030143737793e-01
3.237721920013427734e-01 8.606159687042236328e-01
3.247808218002319336e-01 8.436701297760009766e-01
3.257894515991210938e-01 8.435056209564208984e-01
3.267980813980102539e-01 8.662650585174560547e-01
3.278067409992218018e-01 8.652700781822204590e-01
3.288153707981109619e-01 8.640725016593933105e-01
3.298240005970001221e-01 8.365806937217712402e-01
3.308326303958892822e-01 8.386800289154052734e-01
3.318412601947784424e-01 8.397736549377441406e-01
3.328499197959899902e-01 8.465722799301147461e-01
3.338585495948791504e-01 8.381291031837463379e-01
3.348671793937683105e-01 8.413642048835754395e-01
3.358758091926574707e-01 8.497347831726074219e-01
3.368844389915466309e-01 8.550859689712524414e-01
3.378930985927581787e-01 8.523288369178771973e-01
3.389017283916473389e-01 8.532011508941650391e-01
3.399103581905364990e-01 8.552488684654235840e-01
3.409189879894256592e-01 8.559812307357788086e-01
3.419276475906372070e-01 8.496994376182556152e-01
3.429362773895263672e-01 8.367046713829040527e-01
3.439449071884155273e-01 8.361690640449523926e-01
3.449535369873046875e-01 8.328549861907958984e-01
3.459621667861938477e-01 8.386979103088378906e-01
3.469708263874053955e-01 8.358922600746154785e-01
3.479794561862945557e-01 8.463472127914428711e-01
3.489880859851837158e-01 8.406937122344970703e-01
3.499967157840728760e-01 8.325057625770568848e-01
3.510053455829620361e-01 8.262630105018615723e-01
3.520140051841735840e-01 8.548637628555297852e-01
3.530226349830627441e-01 8.395150303840637207e-01
3.540312647819519043e-01 8.545097112655639648e-01
3.550398945808410645e-01 8.407011628150939941e-01
3.560485243797302246e-01 8.287521004676818848e-01
3.570571839809417725e-01 8.364514708518981934e-01
3.580658137798309326e-01 8.336299657821655273e-01
3.590744435787200928e-01 8.375898003578186035e-01
3.600830733776092529e-01 8.411186933517456055e-01
3.610917329788208008e-01 8.540323376655578613e-01
3.621003627777099609e-01 8.366674184799194336e-01
3.631089925765991211e-01 8.255484104156494141e-01
3.641176223754882812e-01 8.340458273887634277e-01
3.651262521743774414e-01 8.460497260093688965e-01
3.661349117755889893e-01 8.614637255668640137e-01
3.671435415744781494e-01 8.376520276069641113e-01
3.681521713733673096e-01 8.428781032562255859e-01
3.691608011722564697e-01 8.527553677558898926e-01
3.701694309711456299e-01 8.334460854530334473e-01
3.711780905723571777e-01 8.297901749610900879e-01
3.721867203712463379e-01 8.305354714393615723e-01
3.731953501701354980e-01 8.359894156455993652e-01
3.742039799690246582e-01 8.407748341560363770e-01
3.752126097679138184e-01 8.466212749481201172e-01
3.762212693691253662e-01 8.604081273078918457e-01
3.772298991680145264e-01 8.420708179473876953e-01
3.782385289669036865e-01 8.390823006629943848e-01
3.792471587657928467e-01 8.334698677062988281e-01
3.802558183670043945e-01 8.277235031127929688e-01
3.812644481658935547e-01 8.192234635353088379e-01
3.822730779647827148e-01 8.293619751930236816e-01
3.832817077636718750e-01 8.185541629791259766e-01
3.842903375625610352e-01 8.110467195510864258e-01
3.852989971637725830e-01 8.409713506698608398e-01
3.863076269626617432e-01 8.352962732315063477e-01
3.873162567615509033e-01 8.391920328140258789e-01
3.883248865604400635e-01 8.296186327934265137e-01
3.893335163593292236e-01 8.302988409996032715e-01
3.903421759605407715e-01 8.359465599060058594e-01
3.913508057594299316e-01 8.374528884887695312e-01
3.923594355583190918e-01 8.405237197875976562e-01
3.933680653572082520e-01 8.406934738159179688e-01
3.943766951560974121e-01 8.342280387878417969e-01
3.953853547573089600e-01 8.370872139930725098e-01
3.963939845561981201e-01 8.454196453094482422e-01
3.974026143550872803e-01 8.370050191879272461e-01
3.984112441539764404e-01 8.130012154579162598e-01
3.994199037551879883e-01 8.212502598762512207e-01
4.004285335540771484e-01 8.395559787750244141e-01
4.014371633529663086e-01 8.438095450401306152e-01
4.024457931518554688e-01 8.390275239944458008e-01
4.034544229507446289e-01 8.014435172080993652e-01
4.044630825519561768e-01 8.114122748374938965e-01
4.054717123508453369e-01 8.261929154396057129e-01
4.064803421497344971e-01 8.231171369552612305e-01
4.074889719486236572e-01 8.363906741142272949e-01
4.084976017475128174e-01 8.531331419944763184e-01
4.095062613487243652e-01 8.273018598556518555e-01
4.105148911476135254e-01 8.384895324707031250e-01
4.115235209465026855e-01 8.425260186195373535e-01
4.125321507453918457e-01 8.326252698898315430e-01
4.135407805442810059e-01 8.191939592361450195e-01
4.145494401454925537e-01 8.311676383018493652e-01
4.155580699443817139e-01 8.297086358070373535e-01
4.165666997432708740e-01 8.256311416625976562e-01
4.175753295421600342e-01 8.268612623214721680e-01
4.185839891433715820e-01 8.348609805107116699e-01
4.195926189422607422e-01 8.294162154197692871e-01
4.206012487411499023e-01 8.271993994712829590e-01
4.216098785400390625e-01 8.327021002769470215e-01
4.226185083389282227e-01 8.357543349266052246e-01
4.236271679401397705e-01 8.415876030921936035e-01
4.246357977390289307e-01 8.295280337333679199e-01
4.256444275379180908e-01 8.364067077636718750e-01
4.266530573368072510e-01 8.506096601486206055e-01
4.276616871356964111e-01 8.207234144210815430e-01
4.286703467369079590e-01 8.232858777046203613e-01
4.296789765357971191e-01 8.227425217628479004e-01
4.306876063346862793e-01 8.221534490585327148e-01
4.316962361335754395e-01 8.164294958114624023e-01
4.327048659324645996e-01 8.214218616485595703e-01
4.337135255336761475e-01 8.044280409812927246e-01
4.347221553325653076e-01 8.184319734573364258e-01
4.357307851314544678e-01 8.196493387222290039e-01
4.367394149303436279e-01 8.077894449234008789e-01
4.377480745315551758e-01 8.065726161003112793e-01
4.387567043304443359e-01 8.119681477546691895e-01
4.397653341293334961e-01 8.261144757270812988e-01
4.407739639282226562e-01 8.205711841583251953e-01
4.417825937271118164e-01 8.208329081535339355e-01
4.427912533283233643e-01 8.198158740997314453e-01
4.437998831272125244e-01 8.066982626914978027e-01
4.448085129261016846e-01 8.249043822288513184e-01
4.458171427249908447e-01 8.256709575653076172e-01
4.468257725238800049e-01 8.242344260215759277e-01
4.478344321250915527e-01 8.127760291099548340e-01
4.488430619239807129e-01 8.127467632293701172e-01
4.498516917228698730e-01 8.241674900054931641e-01
4.508603215217590332e-01 8.130264282226562500e-01
4.518689513206481934e-01 8.245722055435180664e-01
4.528776109218597412e-01 8.397999405860900879e-01
4.538862407207489014e-01 8.188025355339050293e-01
4.548948705196380615e-01 8.247203826904296875e-01
4.559035003185272217e-01 8.260891437530517578e-01
4.569121599197387695e-01 8.319236636161804199e-01
4.579207897186279297e-01 8.158054351806640625e-01
4.589294195175170898e-01 8.060621023178100586e-01
4.599380493164062500e-01 8.048804402351379395e-01
4.609466791152954102e-01 8.298269510269165039e-01
4.619553387165069580e-01 8.211897015571594238e-01
4.629639685153961182e-01 8.177967071533203125e-01
4.639725983142852783e-01 8.145238757133483887e-01
4.649812281131744385e-01 8.056684136390686035e-01
4.659898579120635986e-01 8.138224482536315918e-01
4.669985175132751465e-01 8.188169002532958984e-01
4.680071473121643066e-01 8.071917295455932617e-01
4.690157771110534668e-01 8.014045953750610352e-01
4.700244069099426270e-01 8.032358884811401367e-01
4.710330665111541748e-01 8.224987387657165527e-01
4.720416963100433350e-01 8.106550574302673340e-01
4.730503261089324951e-01 8.154205083847045898e-01
4.740589559078216553e-01 8.146882653236389160e-01
4.750675857067108154e-01 8.053892850875854492e-01
4.760762453079223633e-01 8.194930553436279297e-01
4.770848751068115234e-01 8.168228268623352051e-01
4.780935049057006836e-01 8.121742606163024902e-01
4.791021347045898438e-01 8.059149384498596191e-01
4.801107645034790039e-01 8.140883445739746094e-01
4.811194241046905518e-01 8.184354305267333984e-01
4.821280539035797119e-01 8.170840144157409668e-01
4.831366837024688721e-01 8.214049339294433594e-01
4.841453135013580322e-01 8.254244923591613770e-01
4.851539433002471924e-01 8.005730509757995605e-01
4.861626029014587402e-01 8.052376508712768555e-01
4.871712327003479004e-01 8.187193274497985840e-01
4.881798624992370605e-01 8.236852288246154785e-01
4.891884922981262207e-01 7.961487770080566406e-01
4.901971518993377686e-01 8.006184697151184082e-01
4.912057816982269287e-01 8.117123842239379883e-01
4.922144114971160889e-01 8.060015439987182617e-01
4.932230412960052490e-01 8.172055482864379883e-01
4.942316710948944092e-01 8.211341500282287598e-01
4.952403306961059570e-01 7.942884564399719238e-01
4.962489604949951172e-01 7.993359565734863281e-01
4.972575902938842773e-01 8.025591969490051270e-01
4.982662200927734375e-01 8.060660362243652344e-01
4.992748498916625977e-01 8.090606927871704102e-01
5.002834796905517578e-01 8.091139197349548340e-01
5.012921094894409180e-01 8.114510178565979004e-01
5.023007988929748535e-01 8.093419671058654785e-01
5.033094286918640137e-01 8.109828829765319824e-01
5.043180584907531738e-01 8.689128160476684570e-01
5.053266882896423340e-01 8.369134068489074707e-01
5.063353180885314941e-01 8.002291321754455566e-01
5.073439478874206543e-01 8.111053109169006348e-01
5.083525776863098145e-01 7.975888252258300781e-01
5.093612074851989746e-01 8.073490262031555176e-01
5.103698372840881348e-01 7.877398729324340820e-01
5.113784670829772949e-01 7.804229855537414551e-01
5.123871564865112305e-01 7.873009443283081055e-01
5.133957862854003906e-01 7.737479805946350098e-01
5.144044160842895508e-01 7.798985838890075684e-01
5.154130458831787109e-01 7.854635715484619141e-01
5.164216756820678711e-01 8.112195730209350586e-01
5.174303054809570312e-01 7.980488538742065430e-01
5.184389352798461914e-01 7.917142510414123535e-01
5.194475650787353516e-01 7.921017408370971680e-01
5.204561948776245117e-01 7.854364514350891113e-01
5.214648842811584473e-01 7.819780111312866211e-01
5.224735140800476074e-01 7.921772599220275879e-01
5.234821438789367676e-01 7.826631069183349609e-01
5.244907736778259277e-01 7.857685089111328125e-01
5.254994034767150879e-01 7.946481704711914062e-01
5.265080332756042480e-01 7.953602075576782227e-01
5.275166630744934082e-01 7.616120576858520508e-01
5.285252928733825684e-01 7.848405838012695312e-01
5.295339226722717285e-01 7.755786776542663574e-01
5.305425524711608887e-01 7.886360287666320801e-01
5.315512418746948242e-01 7.854225635528564453e-01
5.325598716735839844e-01 7.915315032005310059e-01
5.335685014724731445e-01 7.982674837112426758e-01
5.345771312713623047e-01 7.871847748756408691e-01
5.355857610702514648e-01 7.991448640823364258e-01
5.365943908691406250e-01 7.849333286285400391e-01
5.376030206680297852e-01 8.062309622764587402e-01
5.386116504669189453e-01 7.987133860588073730e-01
5.396202802658081055e-01 7.867317199707031250e-01
5.406289696693420410e-01 7.859065532684326172e-01
5.416375994682312012e-01 7.658264040946960449e-01
5.426462292671203613e-01 7.906760573387145996e-01
5.436548590660095215e-01 7.931091189384460449e-01
5.446634888648986816e-01 7.791939377784729004e-01
5.456721186637878418e-01 7.951296567916870117e-01
5.466807484626770020e-01 7.825759649276733398e-01
5.476893782615661621e-01 7.953159809112548828e-01
5.486980080604553223e-01 7.751277089118957520e-01
5.497066378593444824e-01 7.914226055145263672e-01
5.507153272628784180e-01 7.970643043518066406e-01
5.517239570617675781e-01 7.926045060157775879e-01
5.527325868606567383e-01 7.894455194473266602e-01
5.537412166595458984e-01 7.958776950836181641e-01
5.547498464584350586e-01 7.952121496200561523e-01
5.557584762573242188e-01 8.044674992561340332e-01
5.567671060562133789e-01 7.950095534324645996e-01
5.577757358551025391e-01 8.025282621383666992e-01
5.587843656539916992e-01 7.981393337249755859e-01
5.597930550575256348e-01 7.986782193183898926e-01
5.608016848564147949e-01 8.109549880027770996e-01
5.618103146553039551e-01 8.005830645561218262e-01
5.628189444541931152e-01 7.887765169143676758e-01
5.638275742530822754e-01 8.000363707542419434e-01
5.648362040519714355e-01 8.049306869506835938e-01
5.658448338508605957e-01 8.156237006187438965e-01
5.668534636497497559e-01 8.212999701499938965e-01
5.678620934486389160e-01 8.107448816299438477e-01
5.688707232475280762e-01 7.967475652694702148e-01
5.698794126510620117e-01 8.014400005340576172e-01
5.708880424499511719e-01 8.078355193138122559e-01
5.718966722488403320e-01 8.025056123733520508e-01
5.729053020477294922e-01 8.079802393913269043e-01
5.739139318466186523e-01 8.140874505043029785e-01
5.749225616455078125e-01 8.235476016998291016e-01
5.759311914443969727e-01 8.006185293197631836e-01
5.769398212432861328e-01 8.082138299942016602e-01
5.779484510421752930e-01 8.045659065246582031e-01
5.789571404457092285e-01 8.007348775863647461e-01
5.799657702445983887e-01 8.265120387077331543e-01
5.809744000434875488e-01 8.071187734603881836e-01
5.819830298423767090e-01 7.912929058074951172e-01
5.829916596412658691e-01 8.191340565681457520e-01
5.840002894401550293e-01 8.387047648429870605e-01
5.850089192390441895e-01 8.118752837181091309e-01
5.860175490379333496e-01 8.193185329437255859e-01
5.870261788368225098e-01 8.180130720138549805e-01
5.880348086357116699e-01 8.185426592826843262e-01
5.890434980392456055e-01 8.178394436836242676e-01
5.900521278381347656e-01 8.133360743522644043e-01
5.910607576370239258e-01 8.247435092926025391e-01
5.920693874359130859e-01 8.166159987449645996e-01
5.930780172348022461e-01 8.179418444633483887e-01
5.940866470336914062e-01 8.231734633445739746e-01
5.950952768325805664e-01 8.281614780426025391e-01
5.961039066314697266e-01 8.179047703742980957e-01
5.971125364303588867e-01 8.057234883308410645e-01
5.981212258338928223e-01 8.090994358062744141e-01
5.991298556327819824e-01 8.176808953285217285e-01
6.001384854316711426e-01 8.195775151252746582e-01
6.011471152305603027e-01 8.232912421226501465e-01
6.021557450294494629e-01 8.133518695831298828e-01
6.031643748283386230e-01 8.089343309402465820e-01
6.041730046272277832e-01 7.874203920364379883e-01
6.051816344261169434e-01 8.063741922378540039e-01
6.061902642250061035e-01 8.309653401374816895e-01
6.071988940238952637e-01 8.155170083045959473e-01
6.082075834274291992e-01 8.037039637565612793e-01
6.092162132263183594e-01 8.080861568450927734e-01
6.102248430252075195e-01 8.186058998107910156e-01
6.112334728240966797e-01 8.069114089012145996e-01
6.122421026229858398e-01 8.119829297065734863e-01
6.132507324218750000e-01 8.134334087371826172e-01
6.142593622207641602e-01 8.240035176277160645e-01
6.152679920196533203e-01 8.226488232612609863e-01
6.162766218185424805e-01 8.058876991271972656e-01
6.172853112220764160e-01 8.320140838623046875e-01
6.182939410209655762e-01 8.044639825820922852e-01
6.193025708198547363e-01 8.266306519508361816e-01
6.203112006187438965e-01 8.184122443199157715e-01
6.213198304176330566e-01 7.991889715194702148e-01
6.223284602165222168e-01 8.087002038955688477e-01
6.233370900154113770e-01 8.138027787208557129e-01
6.243457198143005371e-01 7.942955493927001953e-01
6.253543496131896973e-01 8.182372450828552246e-01
6.263629794120788574e-01 8.047956824302673340e-01
6.273716688156127930e-01 8.088394999504089355e-01
6.283802986145019531e-01 8.123185634613037109e-01
6.293889284133911133e-01 8.188094496726989746e-01
6.303975582122802734e-01 8.163498640060424805e-01
6.314061880111694336e-01 8.139717578887939453e-01
6.324148178100585938e-01 8.097199797630310059e-01
6.334234476089477539e-01 8.180711865425109863e-01
6.344320774078369141e-01 8.178552389144897461e-01
6.354407072067260742e-01 8.000394105911254883e-01
6.364493966102600098e-01 8.110538721084594727e-01
6.374580264091491699e-01 8.101245760917663574e-01
6.384666562080383301e-01 7.991991639137268066e-01
6.394752860069274902e-01 8.143920898437500000e-01
6.404839158058166504e-01 8.270326256752014160e-01
6.414925456047058105e-01 8.096683025360107422e-01
6.425011754035949707e-01 8.122968673706054688e-01
6.435098052024841309e-01 8.266971707344055176e-01
6.445184350013732910e-01 8.292218446731567383e-01
6.455271244049072266e-01 8.013342022895812988e-01
6.465357542037963867e-01 7.892825603485107422e-01
6.475443840026855469e-01 7.926860451698303223e-01
6.485530138015747070e-01 8.173483610153198242e-01
6.495616436004638672e-01 7.973334789276123047e-01
6.505702733993530273e-01 7.901108264923095703e-01
6.515789031982421875e-01 8.026732206344604492e-01
6.525875329971313477e-01 8.120778203010559082e-01
6.535961627960205078e-01 8.033928275108337402e-01
6.546047925949096680e-01 7.957186102867126465e-01
6.556134819984436035e-01 8.024617433547973633e-01
6.566221117973327637e-01 7.956710457801818848e-01
6.576307415962219238e-01 8.055760264396667480e-01
6.586393713951110840e-01 7.890440225601196289e-01
6.596480011940002441e-01 8.061598539352416992e-01
6.606566309928894043e-01 7.907335162162780762e-01
6.616652607917785645e-01 7.987779974937438965e-01
6.626738905906677246e-01 7.966071367263793945e-01
6.636825203895568848e-01 8.119767308235168457e-01
6.646912097930908203e-01 8.009140491485595703e-01
6.656998395919799805e-01 8.277559280395507812e-01
6.667084693908691406e-01 7.951490283012390137e-01
6.677170991897583008e-01 7.946196198463439941e-01
6.687257289886474609e-01 8.077165484428405762e-01
6.697343587875366211e-01 7.981082201004028320e-01
6.707429885864257812e-01 8.005197048187255859e-01
6.717516183853149414e-01 8.083290457725524902e-01
6.727602481842041016e-01 8.045710921287536621e-01
6.737688779830932617e-01 8.082183003425598145e-01
6.747775673866271973e-01 8.078007102012634277e-01
6.757861971855163574e-01 8.050271272659301758e-01
6.767948269844055176e-01 8.196914792060852051e-01
6.778034567832946777e-01 8.064533472061157227e-01
6.788120865821838379e-01 8.001001477241516113e-01
6.798207163810729980e-01 7.962482571601867676e-01
6.808293461799621582e-01 7.931315898895263672e-01
6.818379759788513184e-01 7.837387919425964355e-01
6.828466057777404785e-01 7.939830422401428223e-01
6.838552951812744141e-01 7.915999889373779297e-01
6.848639249801635742e-01 8.083044886589050293e-01
6.858725547790527344e-01 8.090625405311584473e-01
6.868811845779418945e-01 7.923653125762939453e-01
6.878898143768310547e-01 8.047938346862792969e-01
6.888984441757202148e-01 7.971619367599487305e-01
6.899070739746093750e-01 8.009501695632934570e-01
6.909157037734985352e-01 7.881376743316650391e-01
6.919243335723876953e-01 7.970048785209655762e-01
6.929329633712768555e-01 7.787089943885803223e-01
6.939416527748107910e-01 7.912883758544921875e-01
6.949502825736999512e-01 8.187065720558166504e-01
6.959589123725891113e-01 8.160191178321838379e-01
6.969675421714782715e-01 7.982333898544311523e-01
6.979761719703674316e-01 7.754940986633300781e-01
6.989848017692565918e-01 7.767376899719238281e-01
6.999934315681457520e-01 8.091381788253784180e-01
7.010020613670349121e-01 8.042401671409606934e-01
7.020106911659240723e-01 8.017683029174804688e-01
7.030193805694580078e-01 8.073169589042663574e-01
7.040280103683471680e-01 7.913959622383117676e-01
7.050366401672363281e-01 7.930145263671875000e-01
7.060452699661254883e-01 7.879651188850402832e-01
7.070538997650146484e-01 8.047212958335876465e-01
7.080625295639038086e-01 7.867860794067382812e-01
7.090711593627929688e-01 7.903449535369873047e-01
7.100797891616821289e-01 8.082478046417236328e-01
7.110884189605712891e-01 7.991998195648193359e-01
7.120970487594604492e-01 7.826566100120544434e-01
7.131057381629943848e-01 8.122009038925170898e-01
7.141143679618835449e-01 8.011399507522583008e-01
7.151229977607727051e-01 8.083636164665222168e-01
7.161316275596618652e-01 8.002648949623107910e-01
7.171402573585510254e-01 8.010419011116027832e-01
7.181488871574401855e-01 7.943530678749084473e-01
7.191575169563293457e-01 7.855315208435058594e-01
7.201661467552185059e-01 7.935838699340820312e-01
7.211747765541076660e-01 7.861213088035583496e-01
7.221834659576416016e-01 8.014304041862487793e-01
7.231920957565307617e-01 8.005967140197753906e-01
7.242007255554199219e-01 7.860627174377441406e-01
7.252093553543090820e-01 7.865217328071594238e-01
7.262179851531982422e-01 8.061010241508483887e-01
7.272266149520874023e-01 7.911421656608581543e-01
7.282352447509765625e-01 7.894828915596008301e-01
7.292438745498657227e-01 7.982639074325561523e-01
7.302525043487548828e-01 8.084050416946411133e-01
7.312611341476440430e-01 8.035229444503784180e-01
7.322698235511779785e-01 7.965350151062011719e-01
7.332784533500671387e-01 7.935140132904052734e-01
7.342870831489562988e-01 8.117406368255615234e-01
7.352957129478454590e-01 7.978606224060058594e-01
7.363043427467346191e-01 8.041030168533325195e-01
7.373129725456237793e-01 7.978542447090148926e-01
7.383216023445129395e-01 7.913059592247009277e-01
7.393302321434020996e-01 8.086978197097778320e-01
7.403388619422912598e-01 7.848625779151916504e-01
7.413475513458251953e-01 7.899925112724304199e-01
7.423561811447143555e-01 7.739910483360290527e-01
7.433648109436035156e-01 8.070697784423828125e-01
7.443734407424926758e-01 8.011120557785034180e-01
7.453820705413818359e-01 7.831662297248840332e-01
7.463907003402709961e-01 7.930657863616943359e-01
7.473993301391601562e-01 7.844464182853698730e-01
7.484079599380493164e-01 8.008520007133483887e-01
7.494165897369384766e-01 8.028432726860046387e-01
7.504252195358276367e-01 8.176200389862060547e-01
7.514339089393615723e-01 7.759691476821899414e-01
7.524425387382507324e-01 8.269819021224975586e-01
7.534511685371398926e-01 8.577791452407836914e-01
7.544597983360290527e-01 7.878140211105346680e-01
7.554684281349182129e-01 8.177497386932373047e-01
7.564770579338073730e-01 8.053888678550720215e-01
7.574856877326965332e-01 8.047455549240112305e-01
7.584943175315856934e-01 8.054392337799072266e-01
7.595029473304748535e-01 8.104937672615051270e-01
7.605116367340087891e-01 7.977047562599182129e-01
7.615202665328979492e-01 7.968299388885498047e-01
7.625288963317871094e-01 8.075426816940307617e-01
7.635375261306762695e-01 7.925464510917663574e-01
7.645461559295654297e-01 7.767525315284729004e-01
7.655547857284545898e-01 7.894303202629089355e-01
7.665634155273437500e-01 8.097003698348999023e-01
7.675720453262329102e-01 7.729728221893310547e-01
7.685806751251220703e-01 7.904068827629089355e-01
7.695893049240112305e-01 8.007616996765136719e-01
7.705979943275451660e-01 7.977575659751892090e-01
7.716066241264343262e-01 7.893517613410949707e-01
7.726152539253234863e-01 7.939186692237854004e-01
7.736238837242126465e-01 8.066290020942687988e-01
7.746325135231018066e-01 7.958098053932189941e-01
7.756411433219909668e-01 7.866635322570800781e-01
7.766497731208801270e-01 7.915085554122924805e-01
7.776584029197692871e-01 7.916926741600036621e-01
7.786670327186584473e-01 7.907621860504150391e-01
7.796757221221923828e-01 8.148263692855834961e-01
7.806843519210815430e-01 8.178102374076843262e-01
7.816929817199707031e-01 7.940382957458496094e-01
7.827016115188598633e-01 7.941766381263732910e-01
7.837102413177490234e-01 7.995693683624267578e-01
7.847188711166381836e-01 8.026861548423767090e-01
7.857275009155273438e-01 7.918362021446228027e-01
7.867361307144165039e-01 8.044517040252685547e-01
7.877447605133056641e-01 8.264464735984802246e-01
7.887533903121948242e-01 8.172166943550109863e-01
7.897620797157287598e-01 7.963433861732482910e-01
7.907707095146179199e-01 7.986452579498291016e-01
7.917793393135070801e-01 8.170924186706542969e-01
7.927879691123962402e-01 7.999634146690368652e-01
7.937965989112854004e-01 7.940209507942199707e-01
7.948052287101745605e-01 8.025596737861633301e-01
7.958138585090637207e-01 7.885714173316955566e-01
7.968224883079528809e-01 7.992491126060485840e-01
7.978311181068420410e-01 7.999548912048339844e-01
7.988398075103759766e-01 7.992678284645080566e-01
7.998484373092651367e-01 7.928138375282287598e-01
8.008570671081542969e-01 7.902022600173950195e-01
8.018656969070434570e-01 8.106292486190795898e-01
8.028743267059326172e-01 7.911849617958068848e-01
8.038829565048217773e-01 7.952448725700378418e-01
8.048915863037109375e-01 8.093237876892089844e-01
8.059002161026000977e-01 8.211870789527893066e-01
8.069088459014892578e-01 8.134562373161315918e-01
8.079174757003784180e-01 8.076635599136352539e-01
8.089261651039123535e-01 7.865690588951110840e-01
8.099347949028015137e-01 7.929233312606811523e-01
8.109434247016906738e-01 8.104085326194763184e-01
8.119520545005798340e-01 8.095756173133850098e-01
8.129606842994689941e-01 8.128444552421569824e-01
8.139693140983581543e-01 8.095201253890991211e-01
8.149779438972473145e-01 7.929328680038452148e-01
8.159865736961364746e-01 8.026112914085388184e-01
8.169952034950256348e-01 7.876292467117309570e-01
8.180038928985595703e-01 8.044705390930175781e-01
8.190125226974487305e-01 8.149889707565307617e-01
8.200211524963378906e-01 8.169510364532470703e-01
8.210297822952270508e-01 7.938061356544494629e-01
8.220384120941162109e-01 8.237748146057128906e-01
8.230470418930053711e-01 7.953339815139770508e-01
8.240556716918945312e-01 8.234741091728210449e-01
8.250643014907836914e-01 8.179168701171875000e-01
8.260729312896728516e-01 8.262944221496582031e-01
8.270815610885620117e-01 8.135133981704711914e-01
8.280902504920959473e-01 8.183344006538391113e-01
8.290988802909851074e-01 8.061243295669555664e-01
8.301075100898742676e-01 8.177988529205322266e-01
8.311161398887634277e-01 8.062213063240051270e-01
8.321247696876525879e-01 8.025765419006347656e-01
8.331333994865417480e-01 8.131441473960876465e-01
8.341420292854309082e-01 8.024552464485168457e-01
8.351506590843200684e-01 7.982384562492370605e-01
8.361592888832092285e-01 8.063128590583801270e-01
8.371679782867431641e-01 8.265404105186462402e-01
8.381766080856323242e-01 8.140692114830017090e-01
8.391852378845214844e-01 8.233520388603210449e-01
8.401938676834106445e-01 8.162997364997863770e-01
8.412024974822998047e-01 8.234800696372985840e-01
8.422111272811889648e-01 8.176945447921752930e-01
8.432197570800781250e-01 7.998395562171936035e-01
8.442283868789672852e-01 8.324266672134399414e-01
8.452370166778564453e-01 8.300318717956542969e-01
8.462456464767456055e-01 8.180497884750366211e-01
8.472543358802795410e-01 7.992118597030639648e-01
8.482629656791687012e-01 8.164368867874145508e-01
8.492715954780578613e-01 8.238006234169006348e-01
8.502802252769470215e-01 8.173313140869140625e-01
8.512888550758361816e-01 8.258218169212341309e-01
8.522974848747253418e-01 8.234144449234008789e-01
8.533061146736145020e-01 8.251456022262573242e-01
8.543147444725036621e-01 8.275687098503112793e-01
8.553233742713928223e-01 8.173321485519409180e-01
8.563320636749267578e-01 8.270394206047058105e-01
8.573406934738159180e-01 8.371202349662780762e-01
8.583493232727050781e-01 8.258207440376281738e-01
8.593579530715942383e-01 8.273891806602478027e-01
8.603665828704833984e-01 8.135421872138977051e-01
8.613752126693725586e-01 8.438729047775268555e-01
8.623838424682617188e-01 8.577470779418945312e-01
8.633924722671508789e-01 8.338196873664855957e-01
8.644011020660400391e-01 8.606066703796386719e-01
8.654097318649291992e-01 8.321818113327026367e-01
8.664184212684631348e-01 8.327456712722778320e-01
8.674270510673522949e-01 8.355844616889953613e-01
8.684356808662414551e-01 8.274226188659667969e-01
8.694443106651306152e-01 8.417499661445617676e-01
8.704529404640197754e-01 8.449066281318664551e-01
8.714615702629089355e-01 8.675175905227661133e-01
8.724702000617980957e-01 8.580974340438842773e-01
8.734788298606872559e-01 8.466058969497680664e-01
8.744874596595764160e-01 8.627259135246276855e-01
8.754961490631103516e-01 8.464187979698181152e-01
8.765047788619995117e-01 8.575391769409179688e-01
8.775134086608886719e-01 8.604504466056823730e-01
8.785220384597778320e-01 8.569670915603637695e-01
8.795306682586669922e-01 8.684278726577758789e-01
8.805392980575561523e-01 8.602667450904846191e-01
8.815479278564453125e-01 8.417648077011108398e-01
8.825565576553344727e-01 8.437739014625549316e-01
8.835651874542236328e-01 8.562160730361938477e-01
8.845738172531127930e-01 8.727197051048278809e-01
8.855825066566467285e-01 8.818559050559997559e-01
8.865911364555358887e-01 8.776102066040039062e-01
8.875997662544250488e-01 8.688809871673583984e-01
8.886083960533142090e-01 8.701294064521789551e-01
8.896170258522033691e-01 8.664386272430419922e-01
8.906256556510925293e-01 8.831720948219299316e-01
8.916342854499816895e-01 8.864584565162658691e-01
8.926429152488708496e-01 8.740293383598327637e-01
8.936515450477600098e-01 8.664395213127136230e-01
8.946602344512939453e-01 9.027822017669677734e-01
8.956688642501831055e-01 8.956054449081420898e-01
8.966774940490722656e-01 8.837999701499938965e-01
8.976861238479614258e-01 8.522042036056518555e-01
8.986947536468505859e-01 8.640750050544738770e-01
8.997033834457397461e-01 8.973343372344970703e-01
9.007120132446289062e-01 8.643570542335510254e-01
9.017206430435180664e-01 8.756430149078369141e-01
9.027292728424072266e-01 8.842586874961853027e-01
9.037379026412963867e-01 8.867833018302917480e-01
9.047465920448303223e-01 8.913650512695312500e-01
9.057552218437194824e-01 8.719114661216735840e-01
9.067638516426086426e-01 9.060842394828796387e-01
9.077724814414978027e-01 8.699636459350585938e-01
9.087811112403869629e-01 8.799095153808593750e-01
9.097897410392761230e-01 8.776171207427978516e-01
9.107983708381652832e-01 8.789682388305664062e-01
9.118070006370544434e-01 8.644431233406066895e-01
9.128156304359436035e-01 8.840036392211914062e-01
9.138243198394775391e-01 8.930003046989440918e-01
9.148329496383666992e-01 8.896638154983520508e-01
9.158415794372558594e-01 8.962132930755615234e-01
9.168502092361450195e-01 8.720501065254211426e-01
9.178588390350341797e-01 8.852682113647460938e-01
9.188674688339233398e-01 9.104926586151123047e-01
9.198760986328125000e-01 8.793684840202331543e-01
9.208847284317016602e-01 8.922920823097229004e-01
9.218933582305908203e-01 8.988238573074340820e-01
9.229020476341247559e-01 8.987879157066345215e-01
9.239106774330139160e-01 8.995373845100402832e-01
9.249193072319030762e-01 9.101819992065429688e-01
9.259279370307922363e-01 8.943287730216979980e-01
9.269365668296813965e-01 8.912873864173889160e-01
9.279451966285705566e-01 9.097274541854858398e-01
9.289538264274597168e-01 9.093186259269714355e-01
9.299624562263488770e-01 8.720272779464721680e-01
9.309710860252380371e-01 9.235372543334960938e-01
9.319797158241271973e-01 9.401742219924926758e-01
9.329884052276611328e-01 9.324743151664733887e-01
9.339970350265502930e-01 8.928236961364746094e-01
9.350056648254394531e-01 9.052952527999877930e-01
9.360142946243286133e-01 9.153085947036743164e-01
9.370229244232177734e-01 9.290682673454284668e-01
9.380315542221069336e-01 8.986545801162719727e-01
9.390401840209960938e-01 9.120934009552001953e-01
9.400488138198852539e-01 9.214523434638977051e-01
9.410574436187744141e-01 9.164174199104309082e-01
9.420661330223083496e-01 9.101644158363342285e-01
9.430747628211975098e-01 9.019402861595153809e-01
9.440833926200866699e-01 9.190473556518554688e-01
9.450920224189758301e-01 9.243654608726501465e-01
9.461006522178649902e-01 9.316869378089904785e-01
9.471092820167541504e-01 9.350010156631469727e-01
9.481179118156433105e-01 9.134019017219543457e-01
9.491265416145324707e-01 9.228395819664001465e-01
9.501351714134216309e-01 9.297339320182800293e-01
9.511438012123107910e-01 9.583903551101684570e-01
9.521524906158447266e-01 9.276299476623535156e-01
9.531611204147338867e-01 9.440634250640869141e-01
9.541697502136230469e-01 9.580209255218505859e-01
9.551783800125122070e-01 9.398590326309204102e-01
9.561870098114013672e-01 9.664521813392639160e-01
9.571956396102905273e-01 9.567575454711914062e-01
9.582042694091796875e-01 9.083221554756164551e-01
9.592128992080688477e-01 9.012303948402404785e-01
9.602215290069580078e-01 9.216083884239196777e-01
9.612302184104919434e-01 9.323087930679321289e-01
9.622388482093811035e-01 9.551624655723571777e-01
9.632474780082702637e-01 9.329200387001037598e-01
9.642561078071594238e-01 9.350986480712890625e-01
9.652647376060485840e-01 9.426394701004028320e-01
9.662733674049377441e-01 9.262619018554687500e-01
9.672819972038269043e-01 8.987576961517333984e-01
9.682906270027160645e-01 9.461252689361572266e-01
9.692992568016052246e-01 9.659333229064941406e-01
9.703078866004943848e-01 9.417409300804138184e-01
9.713165760040283203e-01 9.283360242843627930e-01
9.723252058029174805e-01 9.436861872673034668e-01
9.733338356018066406e-01 9.487709403038024902e-01
9.743424654006958008e-01 9.540854096412658691e-01
9.753510951995849609e-01 1.004686832427978516e+00
9.763597249984741211e-01 9.586365222930908203e-01
9.773683547973632812e-01 9.476844072341918945e-01
9.783769845962524414e-01 9.348531365394592285e-01
9.793856143951416016e-01 9.476810097694396973e-01
9.803943037986755371e-01 9.505788683891296387e-01
9.814029335975646973e-01 9.866539835929870605e-01
9.824115633964538574e-01 9.746840596199035645e-01
9.834201931953430176e-01 9.434826970100402832e-01
9.844288229942321777e-01 9.094228744506835938e-01
9.854374527931213379e-01 9.530269503593444824e-01
9.864460825920104980e-01 9.487699866294860840e-01
9.874547123908996582e-01 9.271793365478515625e-01
9.884633421897888184e-01 9.739725589752197266e-01
9.894719719886779785e-01 9.826904535293579102e-01
9.904806613922119141e-01 9.669803977012634277e-01
9.914892911911010742e-01 9.733420610427856445e-01
9.924979209899902344e-01 9.696391224861145020e-01
9.935065507888793945e-01 9.542587399482727051e-01
9.945151805877685547e-01 9.744883775711059570e-01
9.955238103866577148e-01 9.270533919334411621e-01
9.965324401855468750e-01 9.906455278396606445e-01
9.975410699844360352e-01 1.027003169059753418e+00
9.985496997833251953e-01 9.691262245178222656e-01
9.995583891868591309e-01 1.031316757202148438e+00
1.000566959381103516e+00 1.003962635993957520e+00
1.001575589179992676e+00 9.897142052650451660e-01
1.002584218978881836e+00 1.034214138984680176e+00
1.003592848777770996e+00 1.030247926712036133e+00
1.004601597785949707e+00 1.009263515472412109e+00
1.005610227584838867e+00 9.695720076560974121e-01
1.006618857383728027e+00 9.748946428298950195e-01
1.007627487182617188e+00 1.030904889106750488e+00
1.008636116981506348e+00 1.008375525474548340e+00
1.009644746780395508e+00 9.978730678558349609e-01
1.010653376579284668e+00 1.031191229820251465e+00
1.011662006378173828e+00 1.040357232093811035e+00
1.012670636177062988e+00 1.039839148521423340e+00
1.013679265975952148e+00 1.009755253791809082e+00
1.014687895774841309e+00 1.000222682952880859e+00
1.015696525573730469e+00 1.028619527816772461e+00
1.016705155372619629e+00 1.004140734672546387e+00
1.017713785171508789e+00 1.028194427490234375e+00
1.018722414970397949e+00 1.036303997039794922e+00
1.019731044769287109e+00 1.057941436767578125e+00
1.020739674568176270e+00 9.769546389579772949e-01
1.021748304367065430e+00 9.787619709968566895e-01
1.022756934165954590e+00 1.023766517639160156e+00
1.023765683174133301e+00 9.935183525085449219e-01
1.024774312973022461e+00 9.992048740386962891e-01
1.025782942771911621e+00 1.005197286605834961e+00
1.026791572570800781e+00 1.021822929382324219e+00
1.027800202369689941e+00 1.023887872695922852e+00
1.028808832168579102e+00 9.852874279022216797e-01
1.029817461967468262e+00 1.022479772567749023e+00
1.030826091766357422e+00 1.015878558158874512e+00
1.031834721565246582e+00 1.028440594673156738e+00
1.032843351364135742e+00 1.004896879196166992e+00
1.033851981163024902e+00 1.033477306365966797e+00
1.034860610961914062e+00 9.706435799598693848e-01
1.035869240760803223e+00 9.904171228408813477e-01
1.036877870559692383e+00 1.012408971786499023e+00
1.037886500358581543e+00 9.915395975112915039e-01
1.038895130157470703e+00 9.917168617248535156e-01
1.039903759956359863e+00 9.270805716514587402e-01
1.040912389755249023e+00 9.754226803779602051e-01
1.041921019554138184e+00 1.017714262008666992e+00
1.042929768562316895e+00 9.690035581588745117e-01
1.043938398361206055e+00 9.726790189743041992e-01
1.044947028160095215e+00 1.029296636581420898e+00
1.045955657958984375e+00 9.834158420562744141e-01
1.046964287757873535e+00 9.897180795669555664e-01
1.047972917556762695e+00 1.023719549179077148e+00
1.048981547355651855e+00 9.541113972663879395e-01
1.049990177154541016e+00 9.853702783584594727e-01
1.050998806953430176e+00 1.013157129287719727e+00
1.052007436752319336e+00 1.013268470764160156e+00
1.053016066551208496e+00 1.040553808212280273e+00
1.054024696350097656e+00 1.040292143821716309e+00
1.055033326148986816e+00 9.820729494094848633e-01
1.056041955947875977e+00 9.824815392494201660e-01
1.057050585746765137e+00 9.746312499046325684e-01
1.058059215545654297e+00 1.004624605178833008e+00
1.059067845344543457e+00 9.523072242736816406e-01
1.060076475143432617e+00 9.508696198463439941e-01
1.061085104942321777e+00 9.282010793685913086e-01
1.062093853950500488e+00 9.384307265281677246e-01
1.063102483749389648e+00 9.869941473007202148e-01
1.064111113548278809e+00 9.974607229232788086e-01
1.065119743347167969e+00 9.838191270828247070e-01
1.066128373146057129e+00 9.603183269500732422e-01
1.067137002944946289e+00 9.667755365371704102e-01
1.068145632743835449e+00 9.829817414283752441e-01
1.069154262542724609e+00 9.921491742134094238e-01
1.070162892341613770e+00 1.015262722969055176e+00
1.071171522140502930e+00 1.047341585159301758e+00
1.072180151939392090e+00 1.009196996688842773e+00
1.073188781738281250e+00 1.008939862251281738e+00
1.074197411537170410e+00 9.330022931098937988e-01
1.075206041336059570e+00 9.631400108337402344e-01
1.076214671134948730e+00 9.730017185211181641e-01
1.077223300933837891e+00 9.335494637489318848e-01
1.078231930732727051e+00 9.363631606101989746e-01
1.079240560531616211e+00 9.870616197586059570e-01
1.080249190330505371e+00 9.231316447257995605e-01
1.081257939338684082e+00 9.888854622840881348e-01
1.082266569137573242e+00 9.703747034072875977e-01
1.083275198936462402e+00 9.898127913475036621e-01
1.084283828735351562e+00 9.120540618896484375e-01
1.085292458534240723e+00 8.995108008384704590e-01
1.086301088333129883e+00 9.589921236038208008e-01
1.087309718132019043e+00 9.962566494941711426e-01
1.088318347930908203e+00 1.002698302268981934e+00
1.089326977729797363e+00 9.822878241539001465e-01
1.090335607528686523e+00 1.033405780792236328e+00
1.091344237327575684e+00 1.002855777740478516e+00
1.092352867126464844e+00 9.779208302497863770e-01
1.093361496925354004e+00 1.054048657417297363e+00
1.094370126724243164e+00 1.044190764427185059e+00
1.095378756523132324e+00 9.615638852119445801e-01
1.096387386322021484e+00 8.919404745101928711e-01
1.097396016120910645e+00 9.888033866882324219e-01
1.098404645919799805e+00 9.912560582160949707e-01
1.099413275718688965e+00 1.004173159599304199e+00
1.100422024726867676e+00 9.581432938575744629e-01
1.101430654525756836e+00 9.668145775794982910e-01
1.102439284324645996e+00 9.597980380058288574e-01
1.103447914123535156e+00 9.592878818511962891e-01
1.104456543922424316e+00 1.011158347129821777e+00
1.105465173721313477e+00 1.004380226135253906e+00
1.106473803520202637e+00 1.021116971969604492e+00
1.107482433319091797e+00 1.043955922126770020e+00
1.108491063117980957e+00 1.065884590148925781e+00
1.109499692916870117e+00 9.705198407173156738e-01
1.110508322715759277e+00 9.359499812126159668e-01
1.111516952514648438e+00 9.895469546318054199e-01
1.112525582313537598e+00 1.020259618759155273e+00
1.113534212112426758e+00 9.833053350448608398e-01
1.114542841911315918e+00 9.228760600090026855e-01
1.115551471710205078e+00 9.903063178062438965e-01
1.116560101509094238e+00 1.016745686531066895e+00
1.117568731307983398e+00 9.844789505004882812e-01
1.118577361106872559e+00 9.894063472747802734e-01
1.119586110115051270e+00 1.044606328010559082e+00
1.120594739913940430e+00 1.056386709213256836e+00
1.121603369712829590e+00 1.034179806709289551e+00
1.122611999511718750e+00 9.934467077255249023e-01
1.123620629310607910e+00 1.006693482398986816e+00
1.124629259109497070e+00 1.060606002807617188e+00
1.125637888908386230e+00 1.068430781364440918e+00
1.126646518707275391e+00 1.009018898010253906e+00
1.127655148506164551e+00 1.073714971542358398e+00
1.128663778305053711e+00 1.021299839019775391e+00
1.129672408103942871e+00 9.361778497695922852e-01
1.130681037902832031e+00 1.024321794509887695e+00
1.131689667701721191e+00 9.727428555488586426e-01
1.132698297500610352e+00 9.934202432632446289e-01
1.133706927299499512e+00 1.023057341575622559e+00
1.134715557098388672e+00 1.033034563064575195e+00
1.135724186897277832e+00 1.023222684860229492e+00
1.136732816696166992e+00 1.122683405876159668e+00
1.137741446495056152e+00 1.051393866539001465e+00
1.138750195503234863e+00 1.026217460632324219e+00
1.139758825302124023e+00 1.056165456771850586e+00
1.140767455101013184e+00 9.499550461769104004e-01
1.141776084899902344e+00 9.784598946571350098e-01
1.142784714698791504e+00 9.839302897453308105e-01
1.143793344497680664e+00 1.076341271400451660e+00
1.144801974296569824e+00 9.771925806999206543e-01
1.145810604095458984e+00 1.093530654907226562e+00
1.146819233894348145e+00 1.009750008583068848e+00
1.147827863693237305e+00 1.073369383811950684e+00
1.148836493492126465e+00 1.019784569740295410e+00
1.149845123291015625e+00 1.103931903839111328e+00
1.150853753089904785e+00 9.748001098632812500e-01
1.151862382888793945e+00 1.067971587181091309e+00
1.152871012687683105e+00 1.078151226043701172e+00
1.153879642486572266e+00 1.023241758346557617e+00
1.154888272285461426e+00 9.864436388015747070e-01
1.155896902084350586e+00 1.000790715217590332e+00
1.156905531883239746e+00 1.037525653839111328e+00
1.157914280891418457e+00 1.055194497108459473e+00
1.158922910690307617e+00 9.652996063232421875e-01
1.159931540489196777e+00 1.127308487892150879e+00
1.160940170288085938e+00 1.060384750366210938e+00
1.161948800086975098e+00 1.038534283638000488e+00
1.162957429885864258e+00 1.087738513946533203e+00
1.163966059684753418e+00 1.082957744598388672e+00
1.164974689483642578e+00 1.068200111389160156e+00
1.165983319282531738e+00 1.114351511001586914e+00
1.166991949081420898e+00 1.038335800170898438e+00
1.168000578880310059e+00 1.072903633117675781e+00
1.169009208679199219e+00 1.024450063705444336e+00
1.170017838478088379e+00 1.026073694229125977e+00
1.171026468276977539e+00 1.116177439689636230e+00
1.172035098075866699e+00 1.015721678733825684e+00
1.173043727874755859e+00 1.064455389976501465e+00
1.174052357673645020e+00 1.123902440071105957e+00
1.175060987472534180e+00 1.010992169380187988e+00
1.176069617271423340e+00 1.017794251441955566e+00
1.177078366279602051e+00 1.093325257301330566e+00
1.178086996078491211e+00 1.039865136146545410e+00
1.179095625877380371e+00 1.001994132995605469e+00
1.180104255676269531e+00 1.071387767791748047e+00
1.181112885475158691e+00 1.067144989967346191e+00
1.182121515274047852e+00 1.051172137260437012e+00
1.183130145072937012e+00 1.018068313598632812e+00
1.184138774871826172e+00 9.686117172241210938e-01
1.185147404670715332e+00 9.979237318038940430e-01
1.186156034469604492e+00 1.104804039001464844e+00
1.187164664268493652e+00 1.051181674003601074e+00
1.188173294067382812e+00 1.002149343490600586e+00
1.189181923866271973e+00 1.084298014640808105e+00
1.190190553665161133e+00 1.140489935874938965e+00
1.191199183464050293e+00 1.065959692001342773e+00
1.192207813262939453e+00 1.026726722717285156e+00
1.193216443061828613e+00 1.022926688194274902e+00
1.194225072860717773e+00 1.039480090141296387e+00
1.195233702659606934e+00 1.094251632690429688e+00
1.196242451667785645e+00 1.283028960227966309e+00
1.197251081466674805e+00 1.176777720451354980e+00
1.198259711265563965e+00 1.219346880912780762e+00
1.199268341064453125e+00 1.097538352012634277e+00
1.200276970863342285e+00 1.188936710357666016e+00
1.201285600662231445e+00 1.099709391593933105e+00
1.202294230461120605e+00 1.099467754364013672e+00
1.203302860260009766e+00 1.442468285560607910e+00
1.204311490058898926e+00 1.295151829719543457e+00
1.205320119857788086e+00 9.857032895088195801e-01
1.206328749656677246e+00 1.153665900230407715e+00
1.207337379455566406e+00 9.855729937553405762e-01
1.208346009254455566e+00 1.124538779258728027e+00
1.209354639053344727e+00 1.197718381881713867e+00
