0.000000000000000000e+00 3.786410937500000000e+04
1.008636085316538811e-03 2.908345898437500000e+04
2.017272170633077621e-03 2.098257226562500000e+04
3.025908255949616432e-03 1.585459179687500000e+04
4.034544341266155243e-03 1.198845605468750000e+04
5.043180659413337708e-03 9.495363281250000000e+03
6.051816511899232864e-03 7.640072265625000000e+03
7.060452364385128021e-03 6.073083984375000000e+03
8.069088682532310486e-03 5.000736816406250000e+03
9.077725000679492950e-03 4.097583984375000000e+03
1.008636131882667542e-02 3.389386962890625000e+03
1.109499670565128326e-02 2.847476806640625000e+03
1.210363302379846573e-02 2.397943603515625000e+03
1.311226934194564819e-02 1.991709594726562500e+03
1.412090472877025604e-02 1.704304443359375000e+03
1.512954104691743851e-02 1.472659667968750000e+03
1.613817736506462097e-02 1.268569702148437500e+03
1.714681275188922882e-02 1.104546752929687500e+03
1.815545000135898590e-02 9.593070068359375000e+02
1.916408538818359375e-02 8.381508178710937500e+02
2.017272263765335083e-02 7.533067016601562500e+02
2.118135802447795868e-02 6.629229736328125000e+02
2.218999341130256653e-02 5.834364013671875000e+02
2.319863066077232361e-02 5.214771118164062500e+02
2.420726604759693146e-02 4.698498840332031250e+02
2.521590143442153931e-02 4.199935607910156250e+02
2.622453868389129639e-02 3.785310974121093750e+02
2.723317407071590424e-02 3.422973327636718750e+02
2.824180945754051208e-02 3.116210327148437500e+02
2.925044670701026917e-02 2.802352600097656250e+02
3.025908209383487701e-02 2.557802734375000000e+02
3.126771748065948486e-02 2.336417083740234375e+02
3.227635473012924194e-02 2.135226287841796875e+02
3.328499197959899902e-02 1.962903747558593750e+02
3.429362550377845764e-02 1.804726715087890625e+02
3.530226275324821472e-02 1.656995391845703125e+02
3.631090000271797180e-02 1.528664093017578125e+02
3.731953352689743042e-02 1.408056335449218750e+02
3.832817077636718750e-02 1.294980926513671875e+02
3.933680802583694458e-02 1.206235961914062500e+02
4.034544527530670166e-02 1.115351715087890625e+02
4.135407879948616028e-02 1.038670806884765625e+02
4.236271604895591736e-02 9.658593750000000000e+01
4.337135329842567444e-02 8.991634368896484375e+01
4.437998682260513306e-02 8.343688201904296875e+01
4.538862407207489014e-02 7.835998535156250000e+01
4.639726132154464722e-02 7.323646545410156250e+01
4.740589484572410583e-02 6.902861022949218750e+01
4.841453209519386292e-02 6.461280059814453125e+01
4.942316934466362000e-02 6.025368881225585938e+01
5.043180286884307861e-02 5.669112014770507812e+01
5.144044011831283569e-02 5.351910781860351562e+01
5.244907736778259277e-02 5.030367660522460938e+01
5.345771089196205139e-02 4.729933929443359375e+01
5.446634814143180847e-02 4.444292449951171875e+01
5.547498539090156555e-02 4.238681793212890625e+01
5.648361891508102417e-02 3.989310455322265625e+01
5.749225616455078125e-02 3.800759506225585938e+01
5.850089341402053833e-02 3.616923141479492188e+01
5.950953066349029541e-02 3.441428756713867188e+01
6.051816418766975403e-02 3.277318954467773438e+01
6.152680143713951111e-02 3.070223236083984375e+01
6.253543496131896973e-02 2.962198066711425781e+01
6.354407221078872681e-02 2.794343566894531250e+01
6.455270946025848389e-02 2.707547569274902344e+01
6.556134670972824097e-02 2.572519874572753906e+01
6.656998395919799805e-02 2.485283088684082031e+01
6.757862120866775513e-02 2.348929405212402344e+01
6.858725100755691528e-02 2.256013679504394531e+01
6.959588825702667236e-02 2.141489791870117188e+01
7.060452550649642944e-02 2.074840736389160156e+01
7.161316275596618652e-02 1.992279815673828125e+01
7.262180000543594360e-02 1.911334991455078125e+01
7.363043725490570068e-02 1.824930953979492188e+01
7.463906705379486084e-02 1.753939819335937500e+01
7.564770430326461792e-02 1.668687057495117188e+01
7.665634155273437500e-02 1.627117347717285156e+01
7.766497880220413208e-02 1.564738750457763672e+01
7.867361605167388916e-02 1.511424732208251953e+01
7.968225330114364624e-02 1.469832229614257812e+01
8.069089055061340332e-02 1.406955814361572266e+01
8.169952034950256348e-02 1.349972248077392578e+01
8.270815759897232056e-02 1.314930343627929688e+01
8.371679484844207764e-02 1.267058181762695312e+01
8.472543209791183472e-02 1.228189277648925781e+01
8.573406934738159180e-02 1.184094524383544922e+01
8.674270659685134888e-02 1.163394546508789062e+01
8.775133639574050903e-02 1.114781665802001953e+01
8.875997364521026611e-02 1.089612388610839844e+01
8.976861089468002319e-02 1.055092525482177734e+01
9.077724814414978027e-02 1.031433010101318359e+01
9.178588539361953735e-02 1.008563423156738281e+01
9.279452264308929443e-02 9.760420799255371094e+00
9.380315244197845459e-02 9.532774925231933594e+00
9.481178969144821167e-02 9.272745132446289062e+00
9.582042694091796875e-02 9.068766593933105469e+00
9.682906419038772583e-02 8.780183792114257812e+00
9.783770143985748291e-02 8.523451805114746094e+00
9.884633868932723999e-02 8.314184188842773438e+00
9.985497593879699707e-02 8.198428153991699219e+00
1.008636057376861572e-01 8.000001907348632812e+00
1.018722429871559143e-01 7.789537429809570312e+00
1.028808802366256714e-01 7.677946567535400391e+00
1.038895174860954285e-01 7.456992626190185547e+00
1.048981547355651855e-01 7.275815963745117188e+00
1.059067919850349426e-01 7.043918609619140625e+00
1.069154217839241028e-01 6.992358684539794922e+00
1.079240590333938599e-01 6.813343048095703125e+00
1.089326962828636169e-01 6.699405670166015625e+00
1.099413335323333740e-01 6.489457607269287109e+00
1.109499707818031311e-01 6.480675220489501953e+00
1.119586080312728882e-01 6.336019515991210938e+00
1.129672378301620483e-01 6.173798084259033203e+00
1.139758750796318054e-01 6.017912864685058594e+00
1.149845123291015625e-01 5.957874298095703125e+00
1.159931495785713196e-01 5.742063999176025391e+00
1.170017868280410767e-01 5.718420028686523438e+00
1.180104240775108337e-01 5.656005382537841797e+00
1.190190613269805908e-01 5.587434291839599609e+00
1.200276911258697510e-01 5.508220195770263672e+00
1.210363283753395081e-01 5.529898166656494141e+00
1.220449656248092651e-01 5.338030815124511719e+00
1.230536028742790222e-01 5.178125381469726562e+00
1.240622401237487793e-01 5.195318222045898438e+00
1.250708699226379395e-01 5.122381210327148438e+00
1.260795146226882935e-01 5.013136863708496094e+00
1.270881444215774536e-01 5.027863502502441406e+00
1.280967891216278076e-01 4.941544055938720703e+00
1.291054189205169678e-01 4.907633781433105469e+00
1.301140487194061279e-01 4.842588901519775391e+00
1.311226934194564819e-01 4.707995414733886719e+00
1.321313232183456421e-01 4.616533756256103516e+00
1.331399679183959961e-01 4.532008171081542969e+00
1.341485977172851562e-01 4.553727149963378906e+00
1.351572424173355103e-01 4.536135196685791016e+00
1.361658722162246704e-01 4.435018539428710938e+00
1.371745020151138306e-01 4.324829101562500000e+00
1.381831467151641846e-01 4.334787368774414062e+00
1.391917765140533447e-01 4.237981796264648438e+00
1.402004212141036987e-01 4.227084159851074219e+00
1.412090510129928589e-01 4.127031326293945312e+00
1.422176808118820190e-01 4.141935348510742188e+00
1.432263255119323730e-01 4.084355831146240234e+00
1.442349553108215332e-01 4.089380264282226562e+00
1.452436000108718872e-01 3.972674608230590820e+00
1.462522298097610474e-01 3.941432237625122070e+00
1.472608745098114014e-01 3.914573192596435547e+00
1.482695043087005615e-01 3.936349868774414062e+00
1.492781341075897217e-01 3.829966783523559570e+00
1.502867788076400757e-01 3.862848997116088867e+00
1.512954086065292358e-01 3.766374588012695312e+00
1.523040533065795898e-01 3.710745573043823242e+00
1.533126831054687500e-01 3.701201915740966797e+00
1.543213278055191040e-01 3.604971408843994141e+00
1.553299576044082642e-01 3.594897031784057617e+00
1.563385874032974243e-01 3.566567420959472656e+00
1.573472321033477783e-01 3.580043792724609375e+00
1.583558619022369385e-01 3.580052375793457031e+00
1.593645066022872925e-01 3.532753229141235352e+00
1.603731364011764526e-01 3.468615293502807617e+00
1.613817811012268066e-01 3.498240709304809570e+00
1.623904109001159668e-01 3.420024394989013672e+00
1.633990406990051270e-01 3.373255491256713867e+00
1.644076853990554810e-01 3.334607839584350586e+00
1.654163151979446411e-01 3.381238937377929688e+00
1.664249598979949951e-01 3.390635490417480469e+00
1.674335896968841553e-01 3.349884510040283203e+00
1.684422194957733154e-01 3.329751968383789062e+00
1.694508641958236694e-01 3.334969758987426758e+00
1.704594939947128296e-01 3.256218194961547852e+00
1.714681386947631836e-01 3.306431293487548828e+00
1.724767684936523438e-01 3.209442615509033203e+00
1.734854131937026978e-01 3.228867053985595703e+00
1.744940429925918579e-01 3.216625690460205078e+00
1.755026727914810181e-01 3.168318986892700195e+00
1.765113174915313721e-01 3.158530950546264648e+00
1.775199472904205322e-01 3.203421831130981445e+00
1.785285919904708862e-01 3.101385116577148438e+00
1.795372217893600464e-01 3.072570800781250000e+00
1.805458664894104004e-01 3.065423488616943359e+00
1.815544962882995605e-01 3.056164264678955078e+00
1.825631260871887207e-01 3.035390138626098633e+00
1.835717707872390747e-01 2.975251913070678711e+00
1.845804005861282349e-01 2.935509920120239258e+00
1.855890452861785889e-01 2.973490238189697266e+00
1.865976750850677490e-01 2.975580453872680664e+00
1.876063048839569092e-01 2.960881710052490234e+00
1.886149495840072632e-01 2.894007205963134766e+00
1.896235793828964233e-01 2.912167310714721680e+00
1.906322240829467773e-01 2.901119470596313477e+00
1.916408538818359375e-01 2.922978401184082031e+00
1.926494985818862915e-01 2.893700838088989258e+00
1.936581283807754517e-01 2.831804990768432617e+00
1.946667581796646118e-01 2.829892635345458984e+00
1.956754028797149658e-01 2.804935455322265625e+00
1.966840326786041260e-01 2.812514305114746094e+00
1.976926773786544800e-01 2.814439535140991211e+00
1.987013071775436401e-01 2.751617431640625000e+00
1.997099518775939941e-01 2.721260786056518555e+00
2.007185816764831543e-01 2.690376281738281250e+00
2.017272114753723145e-01 2.697321891784667969e+00
2.027358561754226685e-01 2.686421155929565430e+00
2.037444859743118286e-01 2.633558273315429688e+00
2.047531306743621826e-01 2.666477203369140625e+00
2.057617604732513428e-01 2.624736785888671875e+00
2.067703902721405029e-01 2.685377359390258789e+00
2.077790349721908569e-01 2.624149084091186523e+00
2.087876647710800171e-01 2.654751777648925781e+00
2.097963094711303711e-01 2.600248336791992188e+00
2.108049392700195312e-01 2.611830711364746094e+00
2.118135839700698853e-01 2.589199066162109375e+00
2.128222137689590454e-01 2.562866687774658203e+00
2.138308435678482056e-01 2.540032863616943359e+00
2.148394882678985596e-01 2.562296390533447266e+00
2.158481180667877197e-01 2.638963937759399414e+00
2.168567627668380737e-01 2.535055398941040039e+00
2.178653925657272339e-01 2.473963975906372070e+00
2.188740372657775879e-01 2.548789262771606445e+00
2.198826670646667480e-01 2.537611246109008789e+00
2.208912968635559082e-01 2.504919052124023438e+00
2.218999415636062622e-01 2.492559194564819336e+00
2.229085713624954224e-01 2.484432935714721680e+00
2.239172160625457764e-01 2.456489801406860352e+00
2.249258458614349365e-01 2.465267896652221680e+00
2.259344756603240967e-01 2.465112924575805664e+00
2.269431203603744507e-01 2.456888675689697266e+00
2.279517501592636108e-01 2.432941675186157227e+00
2.289603948593139648e-01 2.432500600814819336e+00
2.299690246582031250e-01 2.415129184722900391e+00
2.309776693582534790e-01 2.393412828445434570e+00
2.319862991571426392e-01 2.377820014953613281e+00
2.329949289560317993e-01 2.398180961608886719e+00
2.340035736560821533e-01 2.369050025939941406e+00
2.350122034549713135e-01 2.349723100662231445e+00
2.360208481550216675e-01 2.375367641448974609e+00
2.370294779539108276e-01 2.344959497451782227e+00
2.380381226539611816e-01 2.305887222290039062e+00
2.390467524528503418e-01 2.302614927291870117e+00
2.400553822517395020e-01 2.305342674255371094e+00
2.410640269517898560e-01 2.306245565414428711e+00
2.420726567506790161e-01 2.312119245529174805e+00
2.430813014507293701e-01 2.428690910339355469e+00
2.440899312496185303e-01 2.276585817337036133e+00
2.450985759496688843e-01 2.265891551971435547e+00
2.461072057485580444e-01 2.263592958450317383e+00
2.471158355474472046e-01 2.223088979721069336e+00
2.481244802474975586e-01 2.271581172943115234e+00
2.491331100463867188e-01 2.252442121505737305e+00
2.501417398452758789e-01 2.216746568679809570e+00
2.511503994464874268e-01 2.244900226593017578e+00
2.521590292453765869e-01 2.256629705429077148e+00
2.531676590442657471e-01 2.239737510681152344e+00
2.541762888431549072e-01 2.219616174697875977e+00
2.551849186420440674e-01 2.213683366775512695e+00
2.561935782432556152e-01 2.202517509460449219e+00
2.572022080421447754e-01 2.211693286895751953e+00
2.582108378410339355e-01 2.160249710083007812e+00
2.592194676399230957e-01 2.171274662017822266e+00
2.602280974388122559e-01 2.195447444915771484e+00
2.612367570400238037e-01 2.152481794357299805e+00
2.622453868389129639e-01 2.166739702224731445e+00
2.632540166378021240e-01 2.184486389160156250e+00
2.642626464366912842e-01 2.142849206924438477e+00
2.652712762355804443e-01 2.113425731658935547e+00
2.662799358367919922e-01 2.114140510559082031e+00
2.672885656356811523e-01 2.073131799697875977e+00
2.682971954345703125e-01 2.123716831207275391e+00
2.693058252334594727e-01 2.109497308731079102e+00
2.703144848346710205e-01 2.071881055831909180e+00
2.713231146335601807e-01 2.090655803680419922e+00
2.723317444324493408e-01 2.074970006942749023e+00
2.733403742313385010e-01 2.092847347259521484e+00
2.743490040302276611e-01 2.087235689163208008e+00
2.753576636314392090e-01 2.070551633834838867e+00
2.763662934303283691e-01 2.033450603485107422e+00
2.773749232292175293e-01 2.049471139907836914e+00
2.783835530281066895e-01 2.057287216186523438e+00
2.793921828269958496e-01 2.022284030914306641e+00
2.804008424282073975e-01 2.050031423568725586e+00
2.814094722270965576e-01 2.025747060775756836e+00
2.824181020259857178e-01 2.027565240859985352e+00
2.834267318248748779e-01 1.995940208435058594e+00
2.844353616237640381e-01 2.007544517517089844e+00
2.854440212249755859e-01 2.059716939926147461e+00
2.864526510238647461e-01 2.013602733612060547e+00
2.874612808227539062e-01 2.012254714965820312e+00
2.884699106216430664e-01 1.998996853828430176e+00
2.894785702228546143e-01 2.005530834197998047e+00
2.904872000217437744e-01 1.990544795989990234e+00
2.914958298206329346e-01 1.967903375625610352e+00
2.925044596195220947e-01 1.989779949188232422e+00
2.935130894184112549e-01 1.962492227554321289e+00
2.945217490196228027e-01 1.983374357223510742e+00
2.955303788185119629e-01 1.962174415588378906e+00
2.965390086174011230e-01 1.990387797355651855e+00
2.975476384162902832e-01 1.974247932434082031e+00
2.985562682151794434e-01 1.978230476379394531e+00
2.995649278163909912e-01 1.922148227691650391e+00
3.005735576152801514e-01 1.960861682891845703e+00
3.015821874141693115e-01 1.963956713676452637e+00
3.025908172130584717e-01 1.956618309020996094e+00
3.035994470119476318e-01 1.944041609764099121e+00
3.046081066131591797e-01 1.934628009796142578e+00
3.056167364120483398e-01 1.932597517967224121e+00
3.066253662109375000e-01 1.934405922889709473e+00
3.076339960098266602e-01 1.949720025062561035e+00
3.086426556110382080e-01 1.911199450492858887e+00
3.096512854099273682e-01 1.926167726516723633e+00
3.106599152088165283e-01 1.898147821426391602e+00
3.116685450077056885e-01 1.920801281929016113e+00
3.126771748065948486e-01 1.909501910209655762e+00
3.136858344078063965e-01 1.892470002174377441e+00
3.146944642066955566e-01 1.917132973670959473e+00
3.157030940055847168e-01 1.903167486190795898e+00
3.167117238044738770e-01 1.884372234344482422e+00
3.177203536033630371e-01 1.900362253189086914e+00
3.187290132045745850e-01 1.903419256210327148e+00
3.197376430034637451e-01 1.869075655937194824e+00
3.207462728023529053e-01 1.861849308013916016e+00
3.217549026012420654e-01 1.858519434928894043e+00
3.227635622024536133e-01 1.883136153221130371e+00
3.237721920013427734e-01 1.849841356277465820e+00
3.247808218002319336e-01 1.890452384948730469e+00
3.257894515991210938e-01 1.863295912742614746e+00
3.267980813980102539e-01 1.846500873565673828e+00
3.278067409992218018e-01 1.846935629844665527e+00
3.288153707981109619e-01 1.866071224212646484e+00
3.298240005970001221e-01 1.860697746276855469e+00
3.308326303958892822e-01 1.816240906715393066e+00
3.318412601947784424e-01 1.835972666740417480e+00
3.328499197959899902e-01 1.835799694061279297e+00
3.338585495948791504e-01 1.815471887588500977e+00
3.348671793937683105e-01 1.845402717590332031e+00
3.358758091926574707e-01 1.808128595352172852e+00
3.368844389915466309e-01 1.842968702316284180e+00
3.378930985927581787e-01 1.846358656883239746e+00
3.389017283916473389e-01 1.821411490440368652e+00
3.399103581905364990e-01 1.837635636329650879e+00
3.409189879894256592e-01 1.807602524757385254e+00
3.419276475906372070e-01 1.804790019989013672e+00
3.429362773895263672e-01 1.834293007850646973e+00
3.439449071884155273e-01 1.835031509399414062e+00
3.449535369873046875e-01 1.832886338233947754e+00
3.459621667861938477e-01 1.801498651504516602e+00
3.469708263874053955e-01 1.804421544075012207e+00
3.479794561862945557e-01 1.825421929359436035e+00
3.489880859851837158e-01 1.823870062828063965e+00
3.499967157840728760e-01 1.804527044296264648e+00
3.510053455829620361e-01 1.796560883522033691e+00
3.520140051841735840e-01 1.771293878555297852e+00
3.530226349830627441e-01 1.807175636291503906e+00
3.540312647819519043e-01 1.779580116271972656e+00
3.550398945808410645e-01 1.752692937850952148e+00
3.560485243797302246e-01 1.775988936424255371e+00
3.570571839809417725e-01 1.777956843376159668e+00
3.580658137798309326e-01 1.806524038314819336e+00
3.590744435787200928e-01 1.771505713462829590e+00
3.600830733776092529e-01 1.771883010864257812e+00
3.610917329788208008e-01 1.793115258216857910e+00
3.621003627777099609e-01 1.766875028610229492e+00
3.631089925765991211e-01 1.772211670875549316e+00
3.641176223754882812e-01 1.774083375930786133e+00
3.651262521743774414e-01 1.764032483100891113e+00
3.661349117755889893e-01 1.788566112518310547e+00
3.671435415744781494e-01 1.754156708717346191e+00
3.681521713733673096e-01 1.765337705612182617e+00
3.691608011722564697e-01 1.760242819786071777e+00
3.701694309711456299e-01 1.767681837081909180e+00
3.711780905723571777e-01 1.753613948822021484e+00
3.721867203712463379e-01 1.769326925277709961e+00
3.731953501701354980e-01 1.775734066963195801e+00
3.742039799690246582e-01 1.737701773643493652e+00
3.752126097679138184e-01 1.750047087669372559e+00
3.762212693691253662e-01 1.743572235107421875e+00
3.772298991680145264e-01 1.755901694297790527e+00
3.782385289669036865e-01 1.720033526420593262e+00
3.792471587657928467e-01 1.743415832519531250e+00
3.802558183670043945e-01 1.745842099189758301e+00
3.812644481658935547e-01 1.745038986206054688e+00
3.822730779647827148e-01 1.736335635185241699e+00
3.832817077636718750e-01 1.734371423721313477e+00
3.842903375625610352e-01 1.727417349815368652e+00
3.852989971637725830e-01 1.739748358726501465e+00
3.863076269626617432e-01 1.720501184463500977e+00
3.873162567615509033e-01 1.761257886886596680e+00
3.883248865604400635e-01 1.757686257362365723e+00
3.893335163593292236e-01 1.737144708633422852e+00
3.903421759605407715e-01 1.726139545440673828e+00
3.913508057594299316e-01 1.721933126449584961e+00
3.923594355583190918e-01 1.710219502449035645e+00
3.933680653572082520e-01 1.713317990303039551e+00
3.943766951560974121e-01 1.721746444702148438e+00
3.953853547573089600e-01 1.688392162322998047e+00
3.963939845561981201e-01 1.718517899513244629e+00
3.974026143550872803e-01 1.742388486862182617e+00
3.984112441539764404e-01 1.704855203628540039e+00
3.994199037551879883e-01 1.735384702682495117e+00
4.004285335540771484e-01 1.722071886062622070e+00
4.014371633529663086e-01 1.699724078178405762e+00
4.024457931518554688e-01 1.690466642379760742e+00
4.034544229507446289e-01 1.710111379623413086e+00
4.044630825519561768e-01 1.728840112686157227e+00
4.054717123508453369e-01 1.742915272712707520e+00
4.064803421497344971e-01 1.679235577583312988e+00
4.074889719486236572e-01 1.694048523902893066e+00
4.084976017475128174e-01 1.694515705108642578e+00
4.095062613487243652e-01 1.720441937446594238e+00
4.105148911476135254e-01 1.729368209838867188e+00
4.115235209465026855e-01 1.723839998245239258e+00
4.125321507453918457e-01 1.712160944938659668e+00
4.135407805442810059e-01 1.706843614578247070e+00
4.145494401454925537e-01 1.720590829849243164e+00
4.155580699443817139e-01 1.702713727951049805e+00
4.165666997432708740e-01 1.698415756225585938e+00
4.175753295421600342e-01 1.702499389648437500e+00
4.185839891433715820e-01 1.715082168579101562e+00
4.195926189422607422e-01 1.693190217018127441e+00
4.206012487411499023e-01 1.703024387359619141e+00
4.216098785400390625e-01 1.687938690185546875e+00
4.226185083389282227e-01 1.672680497169494629e+00
4.236271679401397705e-01 1.702091932296752930e+00
4.246357977390289307e-01 1.696363806724548340e+00
4.256444275379180908e-01 1.681535005569458008e+00
4.266530573368072510e-01 1.711081147193908691e+00
4.276616871356964111e-01 1.674134850502014160e+00
4.286703467369079590e-01 1.693848609924316406e+00
4.296789765357971191e-01 1.669733405113220215e+00
4.306876063346862793e-01 1.692777276039123535e+00
4.316962361335754395e-01 1.696664333343505859e+00
4.327048659324645996e-01 1.685317516326904297e+00
4.337135255336761475e-01 1.670449256896972656e+00
4.347221553325653076e-01 1.675017476081848145e+00
4.357307851314544678e-01 1.657842516899108887e+00
4.367394149303436279e-01 1.653495669364929199e+00
4.377480745315551758e-01 1.686461329460144043e+00
4.387567043304443359e-01 1.696177005767822266e+00
4.397653341293334961e-01 1.681359171867370605e+00
4.407739639282226562e-01 1.665318369865417480e+00
4.417825937271118164e-01 1.674561500549316406e+00
4.427912533283233643e-01 1.674613714218139648e+00
4.437998831272125244e-01 1.660765528678894043e+00
4.448085129261016846e-01 1.661492586135864258e+00
4.458171427249908447e-01 1.685999155044555664e+00
4.468257725238800049e-01 1.655314803123474121e+00
4.478344321250915527e-01 1.660097241401672363e+00
4.488430619239807129e-01 1.656520366668701172e+00
4.498516917228698730e-01 1.657511234283447266e+00
4.508603215217590332e-01 1.631514668464660645e+00
4.518689513206481934e-01 1.679497599601745605e+00
4.528776109218597412e-01 1.648811459541320801e+00
4.538862407207489014e-01 1.640173435211181641e+00
4.548948705196380615e-01 1.689477443695068359e+00
4.559035003185272217e-01 1.666936397552490234e+00
4.569121599197387695e-01 1.669711589813232422e+00
4.579207897186279297e-01 1.657677292823791504e+00
4.589294195175170898e-01 1.669301390647888184e+00
4.599380493164062500e-01 1.674552917480468750e+00
4.609466791152954102e-01 1.646836400032043457e+00
4.619553387165069580e-01 1.646102547645568848e+00
4.629639685153961182e-01 1.679080367088317871e+00
4.639725983142852783e-01 1.668287754058837891e+00
4.649812281131744385e-01 1.656347751617431641e+00
4.659898579120635986e-01 1.657910227775573730e+00
4.669985175132751465e-01 1.629976153373718262e+00
4.680071473121643066e-01 1.635125994682312012e+00
4.690157771110534668e-01 1.648003935813903809e+00
4.700244069099426270e-01 1.645280957221984863e+00
4.710330665111541748e-01 1.630497932434082031e+00
4.720416963100433350e-01 1.661022067070007324e+00
4.730503261089324951e-01 1.648006558418273926e+00
4.740589559078216553e-01 1.663705348968505859e+00
4.750675857067108154e-01 1.635992527008056641e+00
4.760762453079223633e-01 1.628718256950378418e+00
4.770848751068115234e-01 1.625281095504760742e+00
4.780935049057006836e-01 1.651738643646240234e+00
4.791021347045898438e-01 1.649165749549865723e+00
4.801107645034790039e-01 1.634017825126647949e+00
4.811194241046905518e-01 1.649751901626586914e+00
4.821280539035797119e-01 1.651422739028930664e+00
4.831366837024688721e-01 1.639398097991943359e+00
4.841453135013580322e-01 1.607232451438903809e+00
4.851539433002471924e-01 1.622066736221313477e+00
4.861626029014587402e-01 1.620094299316406250e+00
4.871712327003479004e-01 1.630050659179687500e+00
4.881798624992370605e-01 1.635567307472229004e+00
4.891884922981262207e-01 1.648132205009460449e+00
4.901971518993377686e-01 1.618620753288269043e+00
4.912057816982269287e-01 1.649813294410705566e+00
4.922144114971160889e-01 1.631822943687438965e+00
4.932230412960052490e-01 1.624354124069213867e+00
4.942316710948944092e-01 1.614051103591918945e+00
4.952403306961059570e-01 1.618049621582031250e+00
4.962489604949951172e-01 1.603518962860107422e+00
4.972575902938842773e-01 1.614391922950744629e+00
4.982662200927734375e-01 1.627424478530883789e+00
4.992748498916625977e-01 1.629540920257568359e+00
5.002834796905517578e-01 1.583681464195251465e+00
5.012921094894409180e-01 1.627999901771545410e+00
5.023007988929748535e-01 1.621311545372009277e+00
5.033094286918640137e-01 1.606488585472106934e+00
5.043180584907531738e-01 1.656564950942993164e+00
5.053266882896423340e-01 1.645291924476623535e+00
5.063353180885314941e-01 1.599715113639831543e+00
5.073439478874206543e-01 1.620818972587585449e+00
5.083525776863098145e-01 1.610005378723144531e+00
5.093612074851989746e-01 1.623625755310058594e+00
5.103698372840881348e-01 1.622348666191101074e+00
5.113784670829772949e-01 1.631540298461914062e+00
5.123871564865112305e-01 1.638616919517517090e+00
5.133957862854003906e-01 1.615734457969665527e+00
5.144044160842895508e-01 1.589424729347229004e+00
5.154130458831787109e-01 1.614523887634277344e+00
5.164216756820678711e-01 1.633870840072631836e+00
5.174303054809570312e-01 1.638038158416748047e+00
5.184389352798461914e-01 1.597867965698242188e+00
5.194475650787353516e-01 1.614061713218688965e+00
5.204561948776245117e-01 1.627392530441284180e+00
5.214648842811584473e-01 1.605719447135925293e+00
5.224735140800476074e-01 1.632342338562011719e+00
5.234821438789367676e-01 1.647588253021240234e+00
5.244907736778259277e-01 1.616771817207336426e+00
5.254994034767150879e-01 1.631941437721252441e+00
5.265080332756042480e-01 1.626810669898986816e+00
5.275166630744934082e-01 1.639065265655517578e+00
5.285252928733825684e-01 1.618119597434997559e+00
5.295339226722717285e-01 1.592158675193786621e+00
5.305425524711608887e-01 1.615105271339416504e+00
5.315512418746948242e-01 1.617686390876770020e+00
5.325598716735839844e-01 1.594674110412597656e+00
5.335685014724731445e-01 1.610827803611755371e+00
5.345771312713623047e-01 1.591821551322937012e+00
5.355857610702514648e-01 1.595362305641174316e+00
5.365943908691406250e-01 1.586633682250976562e+00
5.376030206680297852e-01 1.617731571197509766e+00
5.386116504669189453e-01 1.595299243927001953e+00
5.396202802658081055e-01 1.585580468177795410e+00
5.406289696693420410e-01 1.586940646171569824e+00
5.416375994682312012e-01 1.586307525634765625e+00
5.426462292671203613e-01 1.589408755302429199e+00
5.436548590660095215e-01 1.554190635681152344e+00
5.446634888648986816e-01 1.594893455505371094e+00
5.456721186637878418e-01 1.586201190948486328e+00
5.466807484626770020e-01 1.608211278915405273e+00
5.476893782615661621e-01 1.571933627128601074e+00
5.486980080604553223e-01 1.581003069877624512e+00
5.497066378593444824e-01 1.565617799758911133e+00
5.507153272628784180e-01 1.583902239799499512e+00
5.517239570617675781e-01 1.590534329414367676e+00
5.527325868606567383e-01 1.565869331359863281e+00
5.537412166595458984e-01 1.566264033317565918e+00
5.547498464584350586e-01 1.566954851150512695e+00
5.557584762573242188e-01 1.543367624282836914e+00
5.567671060562133789e-01 1.527862548828125000e+00
5.577757358551025391e-01 1.523967862129211426e+00
5.587843656539916992e-01 1.526821851730346680e+00
5.597930550575256348e-01 1.545675635337829590e+00
5.608016848564147949e-01 1.536784529685974121e+00
5.618103146553039551e-01 1.556833267211914062e+00
5.628189444541931152e-01 1.553746223449707031e+00
5.638275742530822754e-01 1.545265555381774902e+00
5.648362040519714355e-01 1.530529379844665527e+00
5.658448338508605957e-01 1.534511327743530273e+00
5.668534636497497559e-01 1.542608618736267090e+00
5.678620934486389160e-01 1.531812310218811035e+00
5.688707232475280762e-01 1.535556674003601074e+00
5.698794126510620117e-01 1.535309433937072754e+00
5.708880424499511719e-01 1.528940439224243164e+00
5.718966722488403320e-01 1.532428264617919922e+00
5.729053020477294922e-01 1.537868022918701172e+00
5.739139318466186523e-01 1.522602081298828125e+00
5.749225616455078125e-01 1.503374934196472168e+00
5.759311914443969727e-01 1.508563518524169922e+00
5.769398212432861328e-01 1.531349301338195801e+00
5.779484510421752930e-01 1.516563057899475098e+00
5.789571404457092285e-01 1.510864019393920898e+00
5.799657702445983887e-01 1.507613182067871094e+00
5.809744000434875488e-01 1.519838452339172363e+00
5.819830298423767090e-01 1.529752492904663086e+00
5.829916596412658691e-01 1.522552490234375000e+00
5.840002894401550293e-01 1.496829390525817871e+00
5.850089192390441895e-01 1.498211622238159180e+00
5.860175490379333496e-01 1.504708409309387207e+00
5.870261788368225098e-01 1.498109698295593262e+00
5.880348086357116699e-01 1.495510339736938477e+00
5.890434980392456055e-01 1.506185412406921387e+00
5.900521278381347656e-01 1.511853694915771484e+00
5.910607576370239258e-01 1.485504388809204102e+00
5.920693874359130859e-01 1.484176993370056152e+00
5.930780172348022461e-01 1.512871980667114258e+00
5.940866470336914062e-01 1.490777254104614258e+00
5.950952768325805664e-01 1.460857748985290527e+00
5.961039066314697266e-01 1.484093189239501953e+00
5.971125364303588867e-01 1.495030522346496582e+00
5.981212258338928223e-01 1.498192548751831055e+00
5.991298556327819824e-01 1.491416215896606445e+00
6.001384854316711426e-01 1.497458577156066895e+00
6.011471152305603027e-01 1.488124966621398926e+00
6.021557450294494629e-01 1.495510220527648926e+00
6.031643748283386230e-01 1.502983689308166504e+00
6.041730046272277832e-01 1.500642776489257812e+00
6.051816344261169434e-01 1.475494027137756348e+00
6.061902642250061035e-01 1.474716424942016602e+00
6.071988940238952637e-01 1.471924304962158203e+00
6.082075834274291992e-01 1.482674002647399902e+00
6.092162132263183594e-01 1.483383178710937500e+00
6.102248430252075195e-01 1.507326483726501465e+00
6.112334728240966797e-01 1.494942426681518555e+00
6.122421026229858398e-01 1.475264430046081543e+00
6.132507324218750000e-01 1.504518270492553711e+00
6.142593622207641602e-01 1.477334856986999512e+00
6.152679920196533203e-01 1.467416405677795410e+00
6.162766218185424805e-01 1.482950687408447266e+00
6.172853112220764160e-01 1.469733357429504395e+00
6.182939410209655762e-01 1.460137605667114258e+00
6.193025708198547363e-01 1.479555368423461914e+00
6.203112006187438965e-01 1.497179746627807617e+00
6.213198304176330566e-01 1.485316634178161621e+00
6.223284602165222168e-01 1.446003675460815430e+00
6.233370900154113770e-01 1.458964109420776367e+00
6.243457198143005371e-01 1.463945627212524414e+00
6.253543496131896973e-01 1.461446404457092285e+00
6.263629794120788574e-01 1.464977979660034180e+00
6.273716688156127930e-01 1.465267777442932129e+00
6.283802986145019531e-01 1.445571899414062500e+00
6.293889284133911133e-01 1.461155295372009277e+00
6.303975582122802734e-01 1.456401824951171875e+00
6.314061880111694336e-01 1.453432559967041016e+00
6.324148178100585938e-01 1.464451074600219727e+00
6.334234476089477539e-01 1.449119567871093750e+00
6.344320774078369141e-01 1.456791639328002930e+00
6.354407072067260742e-01 1.459336519241333008e+00
6.364493966102600098e-01 1.455254197120666504e+00
6.374580264091491699e-01 1.466175913810729980e+00
6.384666562080383301e-01 1.451164722442626953e+00
6.394752860069274902e-01 1.460035204887390137e+00
6.404839158058166504e-01 1.458543062210083008e+00
6.414925456047058105e-01 1.476269483566284180e+00
6.425011754035949707e-01 1.469806671142578125e+00
6.435098052024841309e-01 1.443306088447570801e+00
6.445184350013732910e-01 1.437299728393554688e+00
6.455271244049072266e-01 1.426982879638671875e+00
6.465357542037963867e-01 1.454701900482177734e+00
6.475443840026855469e-01 1.433854818344116211e+00
6.485530138015747070e-01 1.433036923408508301e+00
6.495616436004638672e-01 1.429630160331726074e+00
6.505702733993530273e-01 1.441708922386169434e+00
6.515789031982421875e-01 1.445191502571105957e+00
6.525875329971313477e-01 1.450592279434204102e+00
6.535961627960205078e-01 1.442677855491638184e+00
6.546047925949096680e-01 1.443847775459289551e+00
6.556134819984436035e-01 1.457624316215515137e+00
6.566221117973327637e-01 1.444898843765258789e+00
6.576307415962219238e-01 1.448717713356018066e+00
6.586393713951110840e-01 1.450913429260253906e+00
6.596480011940002441e-01 1.444446802139282227e+00
6.606566309928894043e-01 1.417876005172729492e+00
6.616652607917785645e-01 1.435273528099060059e+00
6.626738905906677246e-01 1.415528774261474609e+00
6.636825203895568848e-01 1.448820710182189941e+00
6.646912097930908203e-01 1.468655586242675781e+00
6.656998395919799805e-01 1.435883998870849609e+00
6.667084693908691406e-01 1.424924731254577637e+00
6.677170991897583008e-01 1.432079792022705078e+00
6.687257289886474609e-01 1.436262130737304688e+00
6.697343587875366211e-01 1.477355957031250000e+00
6.707429885864257812e-01 1.443938970565795898e+00
6.717516183853149414e-01 1.417873620986938477e+00
6.727602481842041016e-01 1.430432558059692383e+00
6.737688779830932617e-01 1.448901057243347168e+00
6.747775673866271973e-01 1.430645346641540527e+00
6.757861971855163574e-01 1.439860701560974121e+00
6.767948269844055176e-01 1.401886820793151855e+00
6.778034567832946777e-01 1.423310279846191406e+00
6.788120865821838379e-01 1.434706807136535645e+00
6.798207163810729980e-01 1.425520062446594238e+00
6.808293461799621582e-01 1.396638393402099609e+00
6.818379759788513184e-01 1.448074936866760254e+00
6.828466057777404785e-01 1.483401894569396973e+00
6.838552951812744141e-01 1.426494240760803223e+00
6.848639249801635742e-01 1.416716694831848145e+00
6.858725547790527344e-01 1.445949912071228027e+00
6.868811845779418945e-01 1.417778968811035156e+00
6.878898143768310547e-01 1.436191558837890625e+00
6.888984441757202148e-01 1.430432081222534180e+00
6.899070739746093750e-01 1.423358440399169922e+00
6.909157037734985352e-01 1.438258290290832520e+00
6.919243335723876953e-01 1.413791894912719727e+00
6.929329633712768555e-01 1.414652466773986816e+00
6.939416527748107910e-01 1.442484974861145020e+00
6.949502825736999512e-01 1.439221262931823730e+00
6.959589123725891113e-01 1.427126646041870117e+00
6.969675421714782715e-01 1.436900734901428223e+00
6.979761719703674316e-01 1.434931755065917969e+00
6.989848017692565918e-01 1.420209169387817383e+00
6.999934315681457520e-01 1.414027810096740723e+00
7.010020613670349121e-01 1.405831694602966309e+00
7.020106911659240723e-01 1.442040085792541504e+00
7.030193805694580078e-01 1.436054587364196777e+00
7.040280103683471680e-01 1.439139366149902344e+00
7.050366401672363281e-01 1.425993323326110840e+00
7.060452699661254883e-01 1.421329498291015625e+00
7.070538997650146484e-01 1.425810694694519043e+00
7.080625295639038086e-01 1.454791188240051270e+00
7.090711593627929688e-01 1.446972966194152832e+00
7.100797891616821289e-01 1.440494298934936523e+00
7.110884189605712891e-01 1.430949330329895020e+00
7.120970487594604492e-01 1.452414035797119141e+00
7.131057381629943848e-01 1.438483953475952148e+00
7.141143679618835449e-01 1.419923424720764160e+00
7.151229977607727051e-01 1.404482245445251465e+00
7.161316275596618652e-01 1.424024462699890137e+00
7.171402573585510254e-01 1.427274227142333984e+00
7.181488871574401855e-01 1.421770572662353516e+00
7.191575169563293457e-01 1.425383210182189941e+00
7.201661467552185059e-01 1.440041542053222656e+00
7.211747765541076660e-01 1.432831048965454102e+00
7.221834659576416016e-01 1.448149800300598145e+00
7.231920957565307617e-01 1.411406159400939941e+00
7.242007255554199219e-01 1.445062756538391113e+00
7.252093553543090820e-01 1.429343938827514648e+00
7.262179851531982422e-01 1.413931727409362793e+00
7.272266149520874023e-01 1.412379384040832520e+00
7.282352447509765625e-01 1.446604847908020020e+00
7.292438745498657227e-01 1.414611220359802246e+00
7.302525043487548828e-01 1.420971632003784180e+00
7.312611341476440430e-01 1.427033782005310059e+00
7.322698235511779785e-01 1.436247944831848145e+00
7.332784533500671387e-01 1.429628968238830566e+00
7.342870831489562988e-01 1.418162345886230469e+00
7.352957129478454590e-01 1.418394565582275391e+00
7.363043427467346191e-01 1.425095438957214355e+00
7.373129725456237793e-01 1.420611619949340820e+00
7.383216023445129395e-01 1.443212866783142090e+00
7.393302321434020996e-01 1.414526104927062988e+00
7.403388619422912598e-01 1.436982154846191406e+00
7.413475513458251953e-01 1.409801721572875977e+00
7.423561811447143555e-01 1.438060522079467773e+00
7.433648109436035156e-01 1.442150712013244629e+00
7.443734407424926758e-01 1.433687686920166016e+00
7.453820705413818359e-01 1.450529932975769043e+00
7.463907003402709961e-01 1.433175563812255859e+00
7.473993301391601562e-01 1.427686452865600586e+00
7.484079599380493164e-01 1.463425874710083008e+00
7.494165897369384766e-01 1.457981467247009277e+00
7.504252195358276367e-01 1.446696043014526367e+00
7.514339089393615723e-01 1.440011978149414062e+00
7.524425387382507324e-01 1.472546696662902832e+00
7.534511685371398926e-01 1.483657956123352051e+00
7.544597983360290527e-01 1.442828536033630371e+00
7.554684281349182129e-01 1.450742006301879883e+00
7.564770579338073730e-01 1.440043330192565918e+00
7.574856877326965332e-01 1.423229575157165527e+00
7.584943175315856934e-01 1.438063621520996094e+00
7.595029473304748535e-01 1.451545834541320801e+00
7.605116367340087891e-01 1.458433032035827637e+00
7.615202665328979492e-01 1.429003953933715820e+00
7.625288963317871094e-01 1.414306998252868652e+00
7.635375261306762695e-01 1.453112363815307617e+00
7.645461559295654297e-01 1.433487892150878906e+00
7.655547857284545898e-01 1.450204849243164062e+00
7.665634155273437500e-01 1.451422214508056641e+00
7.675720453262329102e-01 1.453681588172912598e+00
7.685806751251220703e-01 1.437492012977600098e+00
7.695893049240112305e-01 1.468335270881652832e+00
7.705979943275451660e-01 1.454879164695739746e+00
7.716066241264343262e-01 1.461313009262084961e+00
7.726152539253234863e-01 1.475678682327270508e+00
7.736238837242126465e-01 1.451622009277343750e+00
7.746325135231018066e-01 1.458664536476135254e+00
7.756411433219909668e-01 1.439240574836730957e+00
7.766497731208801270e-01 1.462378501892089844e+00
7.776584029197692871e-01 1.465684771537780762e+00
7.786670327186584473e-01 1.460783720016479492e+00
7.796757221221923828e-01 1.461516141891479492e+00
7.806843519210815430e-01 1.461220622062683105e+00
7.816929817199707031e-01 1.454096674919128418e+00
7.827016115188598633e-01 1.437676906585693359e+00
7.837102413177490234e-01 1.436326861381530762e+00
7.847188711166381836e-01 1.453945398330688477e+00
7.857275009155273438e-01 1.441923618316650391e+00
7.867361307144165039e-01 1.444755911827087402e+00
7.877447605133056641e-01 1.458375453948974609e+00
7.887533903121948242e-01 1.467173814773559570e+00
7.897620797157287598e-01 1.489961147308349609e+00
7.907707095146179199e-01 1.471077442169189453e+00
7.917793393135070801e-01 1.471324920654296875e+00
7.927879691123962402e-01 1.483919858932495117e+00
7.937965989112854004e-01 1.499570727348327637e+00
7.948052287101745605e-01 1.486023783683776855e+00
7.958138585090637207e-01 1.472808957099914551e+00
7.968224883079528809e-01 1.468059778213500977e+00
7.978311181068420410e-01 1.482436776161193848e+00
7.988398075103759766e-01 1.478713035583496094e+00
7.998484373092651367e-01 1.491497635841369629e+00
8.008570671081542969e-01 1.467073202133178711e+00
8.018656969070434570e-01 1.466409802436828613e+00
8.028743267059326172e-01 1.485072016716003418e+00
8.038829565048217773e-01 1.460934638977050781e+00
8.048915863037109375e-01 1.463680982589721680e+00
8.059002161026000977e-01 1.485101819038391113e+00
8.069088459014892578e-01 1.485167026519775391e+00
8.079174757003784180e-01 1.498599767684936523e+00
8.089261651039123535e-01 1.478913068771362305e+00
8.099347949028015137e-01 1.471462488174438477e+00
8.109434247016906738e-01 1.485284447669982910e+00
8.119520545005798340e-01 1.492797970771789551e+00
8.129606842994689941e-01 1.497279286384582520e+00
8.139693140983581543e-01 1.498623490333557129e+00
8.149779438972473145e-01 1.476353645324707031e+00
8.159865736961364746e-01 1.482625842094421387e+00
8.169952034950256348e-01 1.468843817710876465e+00
8.180038928985595703e-01 1.489566802978515625e+00
8.190125226974487305e-01 1.479953169822692871e+00
8.200211524963378906e-01 1.490803003311157227e+00
8.210297822952270508e-01 1.498260974884033203e+00
8.220384120941162109e-01 1.477158784866333008e+00
8.230470418930053711e-01 1.489499926567077637e+00
8.240556716918945312e-01 1.475968360900878906e+00
8.250643014907836914e-01 1.490897417068481445e+00
8.260729312896728516e-01 1.516371488571166992e+00
8.270815610885620117e-01 1.516897678375244141e+00
8.280902504920959473e-01 1.516631484031677246e+00
8.290988802909851074e-01 1.504977107048034668e+00
8.301075100898742676e-01 1.485158324241638184e+00
8.311161398887634277e-01 1.505634665489196777e+00
8.321247696876525879e-01 1.499984145164489746e+00
8.331333994865417480e-01 1.523215532302856445e+00
8.341420292854309082e-01 1.537141203880310059e+00
8.351506590843200684e-01 1.511984825134277344e+00
8.361592888832092285e-01 1.510072231292724609e+00
8.371679782867431641e-01 1.509312748908996582e+00
8.381766080856323242e-01 1.513645529747009277e+00
8.391852378845214844e-01 1.512574434280395508e+00
8.401938676834106445e-01 1.503983139991760254e+00
8.412024974822998047e-01 1.521083831787109375e+00
8.422111272811889648e-01 1.515602588653564453e+00
8.432197570800781250e-01 1.519333839416503906e+00
8.442283868789672852e-01 1.528866171836853027e+00
8.452370166778564453e-01 1.534593701362609863e+00
8.462456464767456055e-01 1.527099370956420898e+00
8.472543358802795410e-01 1.500958323478698730e+00
8.482629656791687012e-01 1.504594683647155762e+00
8.492715954780578613e-01 1.495151162147521973e+00
8.502802252769470215e-01 1.515457272529602051e+00
8.512888550758361816e-01 1.485306143760681152e+00
8.522974848747253418e-01 1.485151886940002441e+00
8.533061146736145020e-01 1.463251113891601562e+00
8.543147444725036621e-01 1.478704452514648438e+00
8.553233742713928223e-01 1.473047971725463867e+00
8.563320636749267578e-01 1.471493482589721680e+00
8.573406934738159180e-01 1.474981784820556641e+00
8.583493232727050781e-01 1.464703798294067383e+00
8.593579530715942383e-01 1.512905001640319824e+00
8.603665828704833984e-01 1.482132792472839355e+00
8.613752126693725586e-01 1.504451274871826172e+00
8.623838424682617188e-01 1.512216687202453613e+00
8.633924722671508789e-01 1.473406076431274414e+00
8.644011020660400391e-01 1.478668451309204102e+00
8.654097318649291992e-01 1.479128360748291016e+00
8.664184212684631348e-01 1.460427761077880859e+00
8.674270510673522949e-01 1.448292493820190430e+00
8.684356808662414551e-01 1.476078987121582031e+00
8.694443106651306152e-01 1.480572104454040527e+00
8.704529404640197754e-01 1.473105549812316895e+00
8.714615702629089355e-01 1.481133460998535156e+00
8.724702000617980957e-01 1.449842095375061035e+00
8.734788298606872559e-01 1.474715828895568848e+00
8.744874596595764160e-01 1.498637557029724121e+00
8.754961490631103516e-01 1.464590787887573242e+00
8.765047788619995117e-01 1.479469537734985352e+00
8.775134086608886719e-01 1.490527749061584473e+00
8.785220384597778320e-01 1.492863655090332031e+00
8.795306682586669922e-01 1.487191557884216309e+00
8.805392980575561523e-01 1.470337629318237305e+00
8.815479278564453125e-01 1.483392477035522461e+00
8.825565576553344727e-01 1.514639616012573242e+00
8.835651874542236328e-01 1.509425163269042969e+00
8.845738172531127930e-01 1.498732447624206543e+00
8.855825066566467285e-01 1.513714432716369629e+00
8.865911364555358887e-01 1.473091959953308105e+00
8.875997662544250488e-01 1.502236485481262207e+00
8.886083960533142090e-01 1.490381717681884766e+00
8.896170258522033691e-01 1.484493851661682129e+00
8.906256556510925293e-01 1.523477315902709961e+00
8.916342854499816895e-01 1.509495735168457031e+00
8.926429152488708496e-01 1.521479368209838867e+00
8.936515450477600098e-01 1.492208003997802734e+00
8.946602344512939453e-01 1.502697825431823730e+00
8.956688642501831055e-01 1.562258362770080566e+00
8.966774940490722656e-01 1.491803407669067383e+00
8.976861238479614258e-01 1.517707586288452148e+00
8.986947536468505859e-01 1.487480878829956055e+00
8.997033834457397461e-01 1.492575287818908691e+00
9.007120132446289062e-01 1.501206517219543457e+00
9.017206430435180664e-01 1.510469555854797363e+00
9.027292728424072266e-01 1.476094484329223633e+00
9.037379026412963867e-01 1.506658434867858887e+00
9.047465920448303223e-01 1.499717831611633301e+00
9.057552218437194824e-01 1.523303866386413574e+00
9.067638516426086426e-01 1.516083002090454102e+00
9.077724814414978027e-01 1.519473433494567871e+00
9.087811112403869629e-01 1.508487820625305176e+00
9.097897410392761230e-01 1.517647027969360352e+00
9.107983708381652832e-01 1.519870638847351074e+00
9.118070006370544434e-01 1.484789729118347168e+00
9.128156304359436035e-01 1.484118819236755371e+00
9.138243198394775391e-01 1.514855504035949707e+00
9.148329496383666992e-01 1.539986729621887207e+00
9.158415794372558594e-01 1.548902153968811035e+00
9.168502092361450195e-01 1.518831849098205566e+00
9.178588390350341797e-01 1.514755606651306152e+00
9.188674688339233398e-01 1.555652379989624023e+00
9.198760986328125000e-01 1.523592591285705566e+00
9.208847284317016602e-01 1.511466860771179199e+00
9.218933582305908203e-01 1.551615357398986816e+00
9.229020476341247559e-01 1.567959308624267578e+00
9.239106774330139160e-01 1.531821727752685547e+00
9.249193072319030762e-01 1.486597418785095215e+00
9.259279370307922363e-01 1.526587486267089844e+00
9.269365668296813965e-01 1.516276717185974121e+00
9.279451966285705566e-01 1.509808182716369629e+00
9.289538264274597168e-01 1.548659205436706543e+00
9.299624562263488770e-01 1.499680995941162109e+00
9.309710860252380371e-01 1.540399551391601562e+00
9.319797158241271973e-01 1.551015973091125488e+00
9.329884052276611328e-01 1.506266355514526367e+00
9.339970350265502930e-01 1.498013973236083984e+00
9.350056648254394531e-01 1.529756069183349609e+00
9.360142946243286133e-01 1.566244959831237793e+00
9.370229244232177734e-01 1.534113287925720215e+00
9.380315542221069336e-01 1.515129446983337402e+00
9.390401840209960938e-01 1.547941088676452637e+00
9.400488138198852539e-01 1.553233742713928223e+00
9.410574436187744141e-01 1.553569197654724121e+00
9.420661330223083496e-01 1.579859614372253418e+00
9.430747628211975098e-01 1.510991334915161133e+00
9.440833926200866699e-01 1.560974955558776855e+00
9.450920224189758301e-01 1.510141134262084961e+00
9.461006522178649902e-01 1.529690504074096680e+00
9.471092820167541504e-01 1.544913649559020996e+00
9.481179118156433105e-01 1.535832643508911133e+00
9.491265416145324707e-01 1.548388481140136719e+00
9.501351714134216309e-01 1.544237732887268066e+00
9.511438012123107910e-01 1.524122714996337891e+00
9.521524906158447266e-01 1.553091764450073242e+00
9.531611204147338867e-01 1.591228127479553223e+00
9.541697502136230469e-01 1.557158112525939941e+00
9.551783800125122070e-01 1.541769623756408691e+00
9.561870098114013672e-01 1.547535777091979980e+00
9.571956396102905273e-01 1.513345956802368164e+00
9.582042694091796875e-01 1.538626790046691895e+00
9.592128992080688477e-01 1.585514783859252930e+00
9.602215290069580078e-01 1.512429475784301758e+00
9.612302184104919434e-01 1.532108068466186523e+00
9.622388482093811035e-01 1.565945863723754883e+00
9.632474780082702637e-01 1.503955006599426270e+00
9.642561078071594238e-01 1.476909756660461426e+00
9.652647376060485840e-01 1.565803170204162598e+00
9.662733674049377441e-01 1.560080647468566895e+00
9.672819972038269043e-01 1.558667540550231934e+00
9.682906270027160645e-01 1.555456161499023438e+00
9.692992568016052246e-01 1.553697586059570312e+00
9.703078866004943848e-01 1.532127976417541504e+00
9.713165760040283203e-01 1.535992383956909180e+00
9.723252058029174805e-01 1.517925262451171875e+00
9.733338356018066406e-01 1.525518298149108887e+00
9.743424654006958008e-01 1.554883718490600586e+00
9.753510951995849609e-01 1.498879909515380859e+00
9.763597249984741211e-01 1.549422740936279297e+00
9.773683547973632812e-01 1.576829552650451660e+00
9.783769845962524414e-01 1.578603267669677734e+00
9.793856143951416016e-01 1.526589393615722656e+00
9.803943037986755371e-01 1.565329551696777344e+00
9.814029335975646973e-01 1.565965414047241211e+00
9.824115633964538574e-01 1.571552157402038574e+00
9.834201931953430176e-01 1.562777638435363770e+00
9.844288229942321777e-01 1.529185414314270020e+00
9.854374527931213379e-01 1.519826292991638184e+00
9.864460825920104980e-01 1.525440692901611328e+00
9.874547123908996582e-01 1.494585633277893066e+00
9.884633421897888184e-01 1.507732748985290527e+00
9.894719719886779785e-01 1.464204788208007812e+00
9.904806613922119141e-01 1.502167582511901855e+00
9.914892911911010742e-01 1.468935370445251465e+00
9.924979209899902344e-01 1.511358737945556641e+00
9.935065507888793945e-01 1.472024083137512207e+00
9.945151805877685547e-01 1.511195063591003418e+00
9.955238103866577148e-01 1.496027231216430664e+00
9.965324401855468750e-01 1.494947791099548340e+00
9.975410699844360352e-01 1.477497577667236328e+00
9.985496997833251953e-01 1.465324759483337402e+00
9.995583891868591309e-01 1.506296157836914062e+00
1.000566959381103516e+00 1.548256516456604004e+00
1.001575589179992676e+00 1.481231451034545898e+00
1.002584218978881836e+00 1.507219314575195312e+00
1.003592848777770996e+00 1.509660720825195312e+00
1.004601597785949707e+00 1.440483093261718750e+00
1.005610227584838867e+00 1.475874543190002441e+00
1.006618857383728027e+00 1.493355512619018555e+00
1.007627487182617188e+00 1.489747285842895508e+00
1.008636116981506348e+00 1.466194152832031250e+00
1.009644746780395508e+00 1.446663260459899902e+00
1.010653376579284668e+00 1.476711630821228027e+00
1.011662006378173828e+00 1.448038101196289062e+00
1.012670636177062988e+00 1.493784785270690918e+00
1.013679265975952148e+00 1.461253166198730469e+00
1.014687895774841309e+00 1.463407993316650391e+00
1.015696525573730469e+00 1.499571561813354492e+00
1.016705155372619629e+00 1.480381250381469727e+00
1.017713785171508789e+00 1.480814695358276367e+00
1.018722414970397949e+00 1.462024331092834473e+00
1.019731044769287109e+00 1.462635636329650879e+00
1.020739674568176270e+00 1.512313008308410645e+00
1.021748304367065430e+00 1.489432334899902344e+00
1.022756934165954590e+00 1.508844017982482910e+00
1.023765683174133301e+00 1.491168379783630371e+00
1.024774312973022461e+00 1.443533420562744141e+00
1.025782942771911621e+00 1.435375332832336426e+00
1.026791572570800781e+00 1.457665681838989258e+00
1.027800202369689941e+00 1.465707898139953613e+00
1.028808832168579102e+00 1.454297780990600586e+00
1.029817461967468262e+00 1.518821716308593750e+00
1.030826091766357422e+00 1.526898503303527832e+00
1.031834721565246582e+00 1.514642238616943359e+00
1.032843351364135742e+00 1.477405071258544922e+00
1.033851981163024902e+00 1.513698935508728027e+00
1.034860610961914062e+00 1.498777389526367188e+00
1.035869240760803223e+00 1.480971455574035645e+00
1.036877870559692383e+00 1.519148349761962891e+00
1.037886500358581543e+00 1.524382472038269043e+00
1.038895130157470703e+00 1.458904623985290527e+00
1.039903759956359863e+00 1.445827841758728027e+00
1.040912389755249023e+00 1.496092319488525391e+00
1.041921019554138184e+00 1.576101064682006836e+00
1.042929768562316895e+00 1.538121938705444336e+00
1.043938398361206055e+00 1.548548460006713867e+00
1.044947028160095215e+00 1.521601676940917969e+00
1.045955657958984375e+00 1.495572209358215332e+00
1.046964287757873535e+00 1.475690245628356934e+00
1.047972917556762695e+00 1.532521128654479980e+00
1.048981547355651855e+00 1.515986084938049316e+00
1.049990177154541016e+00 1.528606891632080078e+00
1.050998806953430176e+00 1.569788098335266113e+00
1.052007436752319336e+00 1.512838721275329590e+00
1.053016066551208496e+00 1.564692139625549316e+00
1.054024696350097656e+00 1.548955440521240234e+00
1.055033326148986816e+00 1.613260030746459961e+00
1.056041955947875977e+00 1.529021024703979492e+00
1.057050585746765137e+00 1.532280087471008301e+00
1.058059215545654297e+00 1.530571937561035156e+00
1.059067845344543457e+00 1.558859348297119141e+00
1.060076475143432617e+00 1.617185115814208984e+00
1.061085104942321777e+00 1.532511949539184570e+00
1.062093853950500488e+00 1.544833898544311523e+00
1.063102483749389648e+00 1.527596950531005859e+00
1.064111113548278809e+00 1.525212287902832031e+00
1.065119743347167969e+00 1.464080214500427246e+00
1.066128373146057129e+00 1.570304274559020996e+00
1.067137002944946289e+00 1.560206770896911621e+00
1.068145632743835449e+00 1.616041779518127441e+00
1.069154262542724609e+00 1.625863194465637207e+00
1.070162892341613770e+00 1.586210846900939941e+00
1.071171522140502930e+00 1.553773880004882812e+00
1.072180151939392090e+00 1.522388935089111328e+00
1.073188781738281250e+00 1.598396182060241699e+00
1.074197411537170410e+00 1.542470574378967285e+00
1.075206041336059570e+00 1.577048778533935547e+00
1.076214671134948730e+00 1.568349480628967285e+00
1.077223300933837891e+00 1.600366950035095215e+00
1.078231930732727051e+00 1.556066751480102539e+00
1.079240560531616211e+00 1.540198564529418945e+00
1.080249190330505371e+00 1.555368185043334961e+00
1.081257939338684082e+00 1.569003701210021973e+00
1.082266569137573242e+00 1.597434163093566895e+00
1.083275198936462402e+00 1.549904823303222656e+00
1.084283828735351562e+00 1.553248047828674316e+00
1.085292458534240723e+00 1.533878326416015625e+00
1.086301088333129883e+00 1.569485902786254883e+00
1.087309718132019043e+00 1.605996131896972656e+00
1.088318347930908203e+00 1.592439055442810059e+00
1.089326977729797363e+00 1.591800332069396973e+00
1.090335607528686523e+00 1.661769270896911621e+00
1.091344237327575684e+00 1.727085590362548828e+00
1.092352867126464844e+00 1.629322290420532227e+00
1.093361496925354004e+00 1.620268106460571289e+00
1.094370126724243164e+00 1.682373642921447754e+00
1.095378756523132324e+00 1.609793186187744141e+00
1.096387386322021484e+00 1.678502440452575684e+00
1.097396016120910645e+00 1.661371827125549316e+00
1.098404645919799805e+00 1.703067660331726074e+00
1.099413275718688965e+00 1.701832890510559082e+00
1.100422024726867676e+00 1.611834764480590820e+00
1.101430654525756836e+00 1.610356092453002930e+00
1.102439284324645996e+00 1.527467131614685059e+00
1.103447914123535156e+00 1.635017037391662598e+00
1.104456543922424316e+00 1.701456546783447266e+00
1.105465173721313477e+00 1.676850795745849609e+00
1.106473803520202637e+00 1.635139942169189453e+00
1.107482433319091797e+00 1.736400485038757324e+00
1.108491063117980957e+00 1.671772241592407227e+00
1.109499692916870117e+00 1.656063556671142578e+00
1.110508322715759277e+00 1.604822516441345215e+00
1.111516952514648438e+00 1.596439123153686523e+00
1.112525582313537598e+00 1.635599493980407715e+00
1.113534212112426758e+00 1.699427247047424316e+00
1.114542841911315918e+00 1.650838732719421387e+00
1.115551471710205078e+00 1.609051227569580078e+00
1.116560101509094238e+00 1.635595321655273438e+00
1.117568731307983398e+00 1.720716476440429688e+00
1.118577361106872559e+00 1.657788038253784180e+00
1.119586110115051270e+00 1.643702268600463867e+00
1.120594739913940430e+00 1.701908111572265625e+00
1.121603369712829590e+00 1.583745837211608887e+00
1.122611999511718750e+00 1.620790243148803711e+00
1.123620629310607910e+00 1.675509095191955566e+00
1.124629259109497070e+00 1.723500490188598633e+00
1.125637888908386230e+00 1.767747640609741211e+00
1.126646518707275391e+00 1.663265347480773926e+00
1.127655148506164551e+00 1.706369042396545410e+00
1.128663778305053711e+00 1.708125352859497070e+00
1.129672408103942871e+00 1.804508566856384277e+00
1.130681037902832031e+00 1.648542881011962891e+00
1.131689667701721191e+00 1.704788565635681152e+00
1.132698297500610352e+00 1.772967219352722168e+00
1.133706927299499512e+00 1.778998494148254395e+00
1.134715557098388672e+00 1.797516226768493652e+00
1.135724186897277832e+00 1.800402879714965820e+00
1.136732816696166992e+00 1.807403683662414551e+00
1.137741446495056152e+00 1.728774785995483398e+00
1.138750195503234863e+00 1.716419339179992676e+00
1.139758825302124023e+00 1.721255660057067871e+00
1.140767455101013184e+00 1.741456389427185059e+00
1.141776084899902344e+00 1.784122228622436523e+00
1.142784714698791504e+00 1.803333640098571777e+00
1.143793344497680664e+00 1.842094898223876953e+00
1.144801974296569824e+00 1.762465119361877441e+00
1.145810604095458984e+00 1.845903754234313965e+00
1.146819233894348145e+00 1.773986101150512695e+00
1.147827863693237305e+00 1.799601674079895020e+00
1.148836493492126465e+00 1.714774608612060547e+00
1.149845123291015625e+00 1.756397843360900879e+00
1.150853753089904785e+00 1.802006959915161133e+00
1.151862382888793945e+00 1.726770281791687012e+00
1.152871012687683105e+00 1.764015913009643555e+00
1.153879642486572266e+00 1.830615878105163574e+00
1.154888272285461426e+00 1.697390794754028320e+00
1.155896902084350586e+00 1.844348073005676270e+00
1.156905531883239746e+00 1.824731111526489258e+00
1.157914280891418457e+00 1.774511098861694336e+00
1.158922910690307617e+00 1.723360061645507812e+00
1.159931540489196777e+00 1.866176962852478027e+00
1.160940170288085938e+00 1.934739708900451660e+00
1.161948800086975098e+00 1.755134820938110352e+00
1.162957429885864258e+00 1.747776150703430176e+00
1.163966059684753418e+00 1.787856578826904297e+00
1.164974689483642578e+00 1.785212755203247070e+00
1.165983319282531738e+00 1.663963913917541504e+00
1.166991949081420898e+00 1.797481298446655273e+00
1.168000578880310059e+00 1.835675001144409180e+00
1.169009208679199219e+00 1.759770035743713379e+00
1.170017838478088379e+00 1.806464791297912598e+00
1.171026468276977539e+00 1.815914630889892578e+00
1.172035098075866699e+00 1.732262253761291504e+00
1.173043727874755859e+00 1.812532544136047363e+00
1.174052357673645020e+00 1.777554750442504883e+00
1.175060987472534180e+00 1.793979525566101074e+00
1.176069617271423340e+00 1.870787620544433594e+00
1.177078366279602051e+00 2.004216909408569336e+00
1.178086996078491211e+00 1.743689060211181641e+00
1.179095625877380371e+00 1.664369463920593262e+00
1.180104255676269531e+00 1.730685114860534668e+00
1.181112885475158691e+00 1.813757777214050293e+00
1.182121515274047852e+00 1.846793651580810547e+00
1.183130145072937012e+00 1.936804652214050293e+00
1.184138774871826172e+00 1.950459599494934082e+00
1.185147404670715332e+00 1.934382557868957520e+00
1.186156034469604492e+00 1.861191153526306152e+00
1.187164664268493652e+00 1.890378713607788086e+00
1.188173294067382812e+00 1.699522614479064941e+00
1.189181923866271973e+00 1.836312890052795410e+00
1.190190553665161133e+00 1.813291668891906738e+00
1.191199183464050293e+00 1.694011926651000977e+00
1.192207813262939453e+00 1.853399157524108887e+00
1.193216443061828613e+00 2.009431123733520508e+00
1.194225072860717773e+00 1.834072709083557129e+00
1.195233702659606934e+00 1.677836656570434570e+00
1.196242451667785645e+00 1.921821117401123047e+00
1.197251081466674805e+00 1.582797169685363770e+00
1.198259711265563965e+00 2.025943517684936523e+00
1.199268341064453125e+00 2.224601745605468750e+00
1.200276970863342285e+00 1.938358664512634277e+00
1.201285600662231445e+00 1.767825603485107422e+00
1.202294230461120605e+00 1.774220228195190430e+00
1.203302860260009766e+00 1.585281729698181152e+00
1.204311490058898926e+00 1.755925059318542480e+00
1.205320119857788086e+00 1.709759116172790527e+00
1.206328749656677246e+00 2.132833480834960938e+00
1.207337379455566406e+00 1.708304643630981445e+00
1.208346009254455566e+00 1.429897546768188477e+00
1.209354639053344727e+00 2.027094602584838867e+00
