0.000000000000000000e+00 3.669147949218750000e+02
1.008636085316538811e-03 2.992785949707031250e+02
2.017272170633077621e-03 2.913874511718750000e+02
3.025908255949616432e-03 2.228172302246093750e+02
4.034544341266155243e-03 1.727698516845703125e+02
5.043180659413337708e-03 1.335209045410156250e+02
6.051816511899232864e-03 1.089519348144531250e+02
7.060452364385128021e-03 8.767627716064453125e+01
8.069088682532310486e-03 7.057689666748046875e+01
9.077725000679492950e-03 5.729314422607421875e+01
1.008636131882667542e-02 4.868946456909179688e+01
1.109499670565128326e-02 4.386002731323242188e+01
1.210363302379846573e-02 4.538022613525390625e+01
1.311226934194564819e-02 4.030014038085937500e+01
1.412090472877025604e-02 3.598466110229492188e+01
1.512954104691743851e-02 3.113671875000000000e+01
1.613817736506462097e-02 2.724157333374023438e+01
1.714681275188922882e-02 2.401387214660644531e+01
1.815545000135898590e-02 2.119083023071289062e+01
1.916408538818359375e-02 1.903531074523925781e+01
2.017272263765335083e-02 1.654929924011230469e+01
2.118135802447795868e-02 1.478750228881835938e+01
2.218999341130256653e-02 1.367147731781005859e+01
2.319863066077232361e-02 1.226278018951416016e+01
2.420726604759693146e-02 1.137264060974121094e+01
2.521590143442153931e-02 1.007632732391357422e+01
2.622453868389129639e-02 9.236881256103515625e+00
2.723317407071590424e-02 8.422999382019042969e+00
2.824180945754051208e-02 7.770266532897949219e+00
2.925044670701026917e-02 7.152766704559326172e+00
3.025908209383487701e-02 6.421854019165039062e+00
3.126771748065948486e-02 6.053396224975585938e+00
3.227635473012924194e-02 5.560631752014160156e+00
3.328499197959899902e-02 5.119491577148437500e+00
3.429362550377845764e-02 4.869750499725341797e+00
3.530226275324821472e-02 4.498337745666503906e+00
3.631090000271797180e-02 4.167028427124023438e+00
3.731953352689743042e-02 3.795260906219482422e+00
3.832817077636718750e-02 3.461250066757202148e+00
3.933680802583694458e-02 3.349724531173706055e+00
4.034544527530670166e-02 3.166754484176635742e+00
4.135407879948616028e-02 2.971944570541381836e+00
4.236271604895591736e-02 2.738586902618408203e+00
4.337135329842567444e-02 2.581004142761230469e+00
4.437998682260513306e-02 2.484972953796386719e+00
4.538862407207489014e-02 2.296273946762084961e+00
4.639726132154464722e-02 2.210250616073608398e+00
4.740589484572410583e-02 2.065183639526367188e+00
4.841453209519386292e-02 1.926970124244689941e+00
4.942316934466362000e-02 1.791659116744995117e+00
5.043180286884307861e-02 1.721590161323547363e+00
5.144044011831283569e-02 1.586698412895202637e+00
5.244907736778259277e-02 1.545559883117675781e+00
5.345771089196205139e-02 1.453049063682556152e+00
5.446634814143180847e-02 1.384686708450317383e+00
5.547498539090156555e-02 1.299131512641906738e+00
5.648361891508102417e-02 1.249800324440002441e+00
5.749225616455078125e-02 1.183265328407287598e+00
5.850089341402053833e-02 1.115354537963867188e+00
5.950953066349029541e-02 1.109356641769409180e+00
6.051816418766975403e-02 1.022442936897277832e+00
6.152680143713951111e-02 9.628821015357971191e-01
6.253543496131896973e-02 9.632040262222290039e-01
6.354407221078872681e-02 8.998844027519226074e-01
6.455270946025848389e-02 8.531191349029541016e-01
6.556134670972824097e-02 8.518975377082824707e-01
6.656998395919799805e-02 7.838868498802185059e-01
6.757862120866775513e-02 7.670864462852478027e-01
6.858725100755691528e-02 6.770991086959838867e-01
6.959588825702667236e-02 7.145637869834899902e-01
7.060452550649642944e-02 6.713621616363525391e-01
7.161316275596618652e-02 6.299704313278198242e-01
7.262180000543594360e-02 6.389824151992797852e-01
7.363043725490570068e-02 5.993693470954895020e-01
7.463906705379486084e-02 5.785216093063354492e-01
7.564770430326461792e-02 5.781286358833312988e-01
7.665634155273437500e-02 5.273842811584472656e-01
7.766497880220413208e-02 5.177545547485351562e-01
7.867361605167388916e-02 5.057589411735534668e-01
7.968225330114364624e-02 5.005448460578918457e-01
8.069089055061340332e-02 5.186380743980407715e-01
8.169952034950256348e-02 4.698269963264465332e-01
8.270815759897232056e-02 4.196751117706298828e-01
8.371679484844207764e-02 4.270279705524444580e-01
8.472543209791183472e-02 4.424733519554138184e-01
8.573406934738159180e-02 4.005050957202911377e-01
8.674270659685134888e-02 4.208739101886749268e-01
8.775133639574050903e-02 3.957993686199188232e-01
8.875997364521026611e-02 3.876148462295532227e-01
8.976861089468002319e-02 3.597435355186462402e-01
9.077724814414978027e-02 3.708042502403259277e-01
9.178588539361953735e-02 3.766504228115081787e-01
9.279452264308929443e-02 3.803634643554687500e-01
9.380315244197845459e-02 3.539965748786926270e-01
9.481178969144821167e-02 3.321137130260467529e-01
9.582042694091796875e-02 3.332270979881286621e-01
9.682906419038772583e-02 3.303249776363372803e-01
9.783770143985748291e-02 3.271283805370330811e-01
9.884633868932723999e-02 2.941197156906127930e-01
9.985497593879699707e-02 2.951352000236511230e-01
1.008636057376861572e-01 2.946639358997344971e-01
1.018722429871559143e-01 2.944353520870208740e-01
1.028808802366256714e-01 2.955878973007202148e-01
1.038895174860954285e-01 2.948687374591827393e-01
1.048981547355651855e-01 2.647071778774261475e-01
1.059067919850349426e-01 2.829776406288146973e-01
1.069154217839241028e-01 2.872084081172943115e-01
1.079240590333938599e-01 2.795219719409942627e-01
1.089326962828636169e-01 2.723404467105865479e-01
1.099413335323333740e-01 2.705612182617187500e-01
1.109499707818031311e-01 2.719400823116302490e-01
1.119586080312728882e-01 2.524322867393493652e-01
1.129672378301620483e-01 2.467673569917678833e-01
1.139758750796318054e-01 2.268160283565521240e-01
1.149845123291015625e-01 2.356118112802505493e-01
1.159931495785713196e-01 2.410525381565093994e-01
1.170017868280410767e-01 2.448742389678955078e-01
1.180104240775108337e-01 2.586266398429870605e-01
1.190190613269805908e-01 2.312335371971130371e-01
1.200276911258697510e-01 2.183983623981475830e-01
1.210363283753395081e-01 2.409078627824783325e-01
1.220449656248092651e-01 2.402103096246719360e-01
1.230536028742790222e-01 2.352488487958908081e-01
1.240622401237487793e-01 2.310461848974227905e-01
1.250708699226379395e-01 2.232091873884201050e-01
1.260795146226882935e-01 2.191567718982696533e-01
1.270881444215774536e-01 1.954076439142227173e-01
1.280967891216278076e-01 1.986023783683776855e-01
1.291054189205169678e-01 2.138120532035827637e-01
1.301140487194061279e-01 2.089792490005493164e-01
1.311226934194564819e-01 1.937290132045745850e-01
1.321313232183456421e-01 1.983397454023361206e-01
1.331399679183959961e-01 2.023954540491104126e-01
1.341485977172851562e-01 1.986106783151626587e-01
1.351572424173355103e-01 2.137749046087265015e-01
1.361658722162246704e-01 1.976262480020523071e-01
1.371745020151138306e-01 1.969558745622634888e-01
1.381831467151641846e-01 2.097252309322357178e-01
1.391917765140533447e-01 1.936252415180206299e-01
1.402004212141036987e-01 1.891092509031295776e-01
1.412090510129928589e-01 1.914876401424407959e-01
1.422176808118820190e-01 1.983986347913742065e-01
1.432263255119323730e-01 2.088178843259811401e-01
1.442349553108215332e-01 2.057724893093109131e-01
1.452436000108718872e-01 1.926011294126510620e-01
1.462522298097610474e-01 2.021333724260330200e-01
1.472608745098114014e-01 1.953239291906356812e-01
1.482695043087005615e-01 1.921424865722656250e-01
1.492781341075897217e-01 1.816861480474472046e-01
1.502867788076400757e-01 1.787914633750915527e-01
1.512954086065292358e-01 1.885938644409179688e-01
1.523040533065795898e-01 1.708247214555740356e-01
1.533126831054687500e-01 1.727599650621414185e-01
1.543213278055191040e-01 2.018332183361053467e-01
1.553299576044082642e-01 1.779425293207168579e-01
1.563385874032974243e-01 1.822441816329956055e-01
1.573472321033477783e-01 1.801994889974594116e-01
1.583558619022369385e-01 1.585429161787033081e-01
1.593645066022872925e-01 1.729555130004882812e-01
1.603731364011764526e-01 1.688815802335739136e-01
1.613817811012268066e-01 1.772780418395996094e-01
1.623904109001159668e-01 1.724733859300613403e-01
1.633990406990051270e-01 1.538735479116439819e-01
1.644076853990554810e-01 1.690433025360107422e-01
1.654163151979446411e-01 1.737817227840423584e-01
1.664249598979949951e-01 1.640307754278182983e-01
1.674335896968841553e-01 1.578831076622009277e-01
1.684422194957733154e-01 1.810771226882934570e-01
1.694508641958236694e-01 1.612946093082427979e-01
1.704594939947128296e-01 1.685632020235061646e-01
1.714681386947631836e-01 1.688628792762756348e-01
1.724767684936523438e-01 1.717720180749893188e-01
1.734854131937026978e-01 1.683349311351776123e-01
1.744940429925918579e-01 1.658039391040802002e-01
1.755026727914810181e-01 1.668329536914825439e-01
1.765113174915313721e-01 1.652792692184448242e-01
1.775199472904205322e-01 1.674534976482391357e-01
1.785285919904708862e-01 1.654508113861083984e-01
1.795372217893600464e-01 1.707779467105865479e-01
1.805458664894104004e-01 1.747237145900726318e-01
1.815544962882995605e-01 1.692407131195068359e-01
1.825631260871887207e-01 1.623348146677017212e-01
1.835717707872390747e-01 1.654062569141387939e-01
1.845804005861282349e-01 1.697530150413513184e-01
1.855890452861785889e-01 1.542881131172180176e-01
1.865976750850677490e-01 1.603860408067703247e-01
1.876063048839569092e-01 1.682344526052474976e-01
1.886149495840072632e-01 1.587587594985961914e-01
1.896235793828964233e-01 1.692378818988800049e-01
1.906322240829467773e-01 1.711067259311676025e-01
1.916408538818359375e-01 1.624795347452163696e-01
1.926494985818862915e-01 1.503900140523910522e-01
1.936581283807754517e-01 1.509721428155899048e-01
1.946667581796646118e-01 1.690530478954315186e-01
1.956754028797149658e-01 1.644804179668426514e-01
1.966840326786041260e-01 1.530181318521499634e-01
1.976926773786544800e-01 1.763530522584915161e-01
1.987013071775436401e-01 1.561144441366195679e-01
1.997099518775939941e-01 1.633639782667160034e-01
2.007185816764831543e-01 1.647873073816299438e-01
2.017272114753723145e-01 1.602205038070678711e-01
2.027358561754226685e-01 1.616556793451309204e-01
2.037444859743118286e-01 1.488438695669174194e-01
2.047531306743621826e-01 1.656910330057144165e-01
2.057617604732513428e-01 1.553397327661514282e-01
2.067703902721405029e-01 1.663044095039367676e-01
2.077790349721908569e-01 1.678104549646377563e-01
2.087876647710800171e-01 1.652851402759552002e-01
2.097963094711303711e-01 1.553112119436264038e-01
2.108049392700195312e-01 1.494619101285934448e-01
2.118135839700698853e-01 1.574435979127883911e-01
2.128222137689590454e-01 1.524683535099029541e-01
2.138308435678482056e-01 1.459010541439056396e-01
2.148394882678985596e-01 1.644800603389739990e-01
2.158481180667877197e-01 1.585315763950347900e-01
2.168567627668380737e-01 1.554404646158218384e-01
2.178653925657272339e-01 1.541528403759002686e-01
2.188740372657775879e-01 1.492673456668853760e-01
2.198826670646667480e-01 1.499227136373519897e-01
2.208912968635559082e-01 1.503101736307144165e-01
2.218999415636062622e-01 1.434959620237350464e-01
2.229085713624954224e-01 1.514608412981033325e-01
2.239172160625457764e-01 1.526995301246643066e-01
2.249258458614349365e-01 1.576559692621231079e-01
2.259344756603240967e-01 1.510366350412368774e-01
2.269431203603744507e-01 1.600607931613922119e-01
2.279517501592636108e-01 1.500605344772338867e-01
2.289603948593139648e-01 1.516974866390228271e-01
2.299690246582031250e-01 1.584855467081069946e-01
2.309776693582534790e-01 1.613411605358123779e-01
2.319862991571426392e-01 1.475481539964675903e-01
2.329949289560317993e-01 1.533596366643905640e-01
2.340035736560821533e-01 1.435550749301910400e-01
2.350122034549713135e-01 1.415328830480575562e-01
2.360208481550216675e-01 1.358542442321777344e-01
2.370294779539108276e-01 1.351600587368011475e-01
2.380381226539611816e-01 1.395758688449859619e-01
2.390467524528503418e-01 1.474469602108001709e-01
2.400553822517395020e-01 1.410130262374877930e-01
2.410640269517898560e-01 1.348935365676879883e-01
2.420726567506790161e-01 1.748365312814712524e-01
2.430813014507293701e-01 3.116642236709594727e-01
2.440899312496185303e-01 1.558838039636611938e-01
2.450985759496688843e-01 1.422403603792190552e-01
2.461072057485580444e-01 1.361632943153381348e-01
2.471158355474472046e-01 1.430973857641220093e-01
2.481244802474975586e-01 1.480964124202728271e-01
2.491331100463867188e-01 1.544534415006637573e-01
2.501417398452758789e-01 1.448811590671539307e-01
2.511503994464874268e-01 1.428583562374114990e-01
2.521590292453765869e-01 1.395073831081390381e-01
2.531676590442657471e-01 1.396555304527282715e-01
2.541762888431549072e-01 1.358376741409301758e-01
2.551849186420440674e-01 1.323515474796295166e-01
2.561935782432556152e-01 1.496492475271224976e-01
2.572022080421447754e-01 1.334738433361053467e-01
2.582108378410339355e-01 1.361865401268005371e-01
2.592194676399230957e-01 1.414946615695953369e-01
2.602280974388122559e-01 1.442704945802688599e-01
2.612367570400238037e-01 1.447212845087051392e-01
2.622453868389129639e-01 1.385976076126098633e-01
2.632540166378021240e-01 1.433334499597549438e-01
2.642626464366912842e-01 1.330548524856567383e-01
2.652712762355804443e-01 1.431723386049270630e-01
2.662799358367919922e-01 1.477384567260742188e-01
2.672885656356811523e-01 1.445122808218002319e-01
2.682971954345703125e-01 1.443990468978881836e-01
2.693058252334594727e-01 1.345686465501785278e-01
2.703144848346710205e-01 1.307305693626403809e-01
2.713231146335601807e-01 1.373240351676940918e-01
2.723317444324493408e-01 1.447970122098922729e-01
2.733403742313385010e-01 1.413774788379669189e-01
2.743490040302276611e-01 1.416331678628921509e-01
2.753576636314392090e-01 1.520067155361175537e-01
2.763662934303283691e-01 1.369498670101165771e-01
2.773749232292175293e-01 1.380248963832855225e-01
2.783835530281066895e-01 1.425914913415908813e-01
2.793921828269958496e-01 1.361216008663177490e-01
2.804008424282073975e-01 1.533270478248596191e-01
2.814094722270965576e-01 1.444216370582580566e-01
2.824181020259857178e-01 1.458285450935363770e-01
2.834267318248748779e-01 1.377094238996505737e-01
2.844353616237640381e-01 1.455149203538894653e-01
2.854440212249755859e-01 1.311907470226287842e-01
2.864526510238647461e-01 1.416396051645278931e-01
2.874612808227539062e-01 1.536318659782409668e-01
2.884699106216430664e-01 1.352854520082473755e-01
2.894785702228546143e-01 1.311474740505218506e-01
2.904872000217437744e-01 1.484258770942687988e-01
2.914958298206329346e-01 1.449709385633468628e-01
2.925044596195220947e-01 1.429169923067092896e-01
2.935130894184112549e-01 1.389546245336532593e-01
2.945217490196228027e-01 1.446136832237243652e-01
2.955303788185119629e-01 1.521090120077133179e-01
2.965390086174011230e-01 1.549820154905319214e-01
2.975476384162902832e-01 1.389127373695373535e-01
2.985562682151794434e-01 1.445341557264328003e-01
2.995649278163909912e-01 1.482363194227218628e-01
3.005735576152801514e-01 1.456659436225891113e-01
3.015821874141693115e-01 1.442761570215225220e-01
3.025908172130584717e-01 1.393939703702926636e-01
3.035994470119476318e-01 1.334816962480545044e-01
3.046081066131591797e-01 1.416523605585098267e-01
3.056167364120483398e-01 1.430338621139526367e-01
3.066253662109375000e-01 1.386198550462722778e-01
3.076339960098266602e-01 1.400043666362762451e-01
3.086426556110382080e-01 1.394309699535369873e-01
3.096512854099273682e-01 1.552447080612182617e-01
3.106599152088165283e-01 1.520057916641235352e-01
3.116685450077056885e-01 1.426715105772018433e-01
3.126771748065948486e-01 1.466703712940216064e-01
3.136858344078063965e-01 1.501128971576690674e-01
3.146944642066955566e-01 1.501786559820175171e-01
3.157030940055847168e-01 1.488586962223052979e-01
3.167117238044738770e-01 1.470546573400497437e-01
3.177203536033630371e-01 1.495198458433151245e-01
3.187290132045745850e-01 1.486137360334396362e-01
3.197376430034637451e-01 1.452624648809432983e-01
3.207462728023529053e-01 1.503974944353103638e-01
3.217549026012420654e-01 1.427816748619079590e-01
3.227635622024536133e-01 1.433502584695816040e-01
3.237721920013427734e-01 1.536186933517456055e-01
3.247808218002319336e-01 1.438455134630203247e-01
3.257894515991210938e-01 1.519141346216201782e-01
3.267980813980102539e-01 1.465331465005874634e-01
3.278067409992218018e-01 1.541687250137329102e-01
3.288153707981109619e-01 1.470524072647094727e-01
3.298240005970001221e-01 1.394995152950286865e-01
3.308326303958892822e-01 1.412985771894454956e-01
3.318412601947784424e-01 1.483068615198135376e-01
3.328499197959899902e-01 1.474714577198028564e-01
3.338585495948791504e-01 1.470787525177001953e-01
3.348671793937683105e-01 1.417878866195678711e-01
3.358758091926574707e-01 1.428682804107666016e-01
3.368844389915466309e-01 1.501403301954269409e-01
3.378930985927581787e-01 1.534906327724456787e-01
3.389017283916473389e-01 1.432045549154281616e-01
3.399103581905364990e-01 1.487640589475631714e-01
3.409189879894256592e-01 1.464261710643768311e-01
3.419276475906372070e-01 1.563128381967544556e-01
3.429362773895263672e-01 1.522657573223114014e-01
3.439449071884155273e-01 1.547558605670928955e-01
3.449535369873046875e-01 1.462765485048294067e-01
3.459621667861938477e-01 1.514782607555389404e-01
3.469708263874053955e-01 1.531108319759368896e-01
3.479794561862945557e-01 1.525386571884155273e-01
3.489880859851837158e-01 1.452479660511016846e-01
3.499967157840728760e-01 1.437310874462127686e-01
3.510053455829620361e-01 1.515033245086669922e-01
3.520140051841735840e-01 1.485518813133239746e-01
3.530226349830627441e-01 1.571322381496429443e-01
3.540312647819519043e-01 1.482425183057785034e-01
3.550398945808410645e-01 1.546840816736221313e-01
3.560485243797302246e-01 1.541526019573211670e-01
3.570571839809417725e-01 1.588464826345443726e-01
3.580658137798309326e-01 1.503923684358596802e-01
3.590744435787200928e-01 1.484069824218750000e-01
3.600830733776092529e-01 1.499401032924652100e-01
3.610917329788208008e-01 1.515046954154968262e-01
3.621003627777099609e-01 1.483533829450607300e-01
3.631089925765991211e-01 1.590728461742401123e-01
3.641176223754882812e-01 1.458814144134521484e-01
3.651262521743774414e-01 1.474505960941314697e-01
3.661349117755889893e-01 1.537397950887680054e-01
3.671435415744781494e-01 1.616844385862350464e-01
3.681521713733673096e-01 1.574263423681259155e-01
3.691608011722564697e-01 1.510871499776840210e-01
3.701694309711456299e-01 1.611359566450119019e-01
3.711780905723571777e-01 1.584711819887161255e-01
3.721867203712463379e-01 1.560440659523010254e-01
3.731953501701354980e-01 1.550857871770858765e-01
3.742039799690246582e-01 1.544257551431655884e-01
3.752126097679138184e-01 1.604193598031997681e-01
3.762212693691253662e-01 1.613583862781524658e-01
3.772298991680145264e-01 1.487150788307189941e-01
3.782385289669036865e-01 1.532702744007110596e-01
3.792471587657928467e-01 1.631890088319778442e-01
3.802558183670043945e-01 1.653929501771926880e-01
3.812644481658935547e-01 1.581510007381439209e-01
3.822730779647827148e-01 1.535499989986419678e-01
3.832817077636718750e-01 1.601912826299667358e-01
3.842903375625610352e-01 1.559272408485412598e-01
3.852989971637725830e-01 1.566314250230789185e-01
3.863076269626617432e-01 1.629337519407272339e-01
3.873162567615509033e-01 1.553372293710708618e-01
3.883248865604400635e-01 1.588713675737380981e-01
3.893335163593292236e-01 1.608277410268783569e-01
3.903421759605407715e-01 1.625881493091583252e-01
3.913508057594299316e-01 1.595990359783172607e-01
3.923594355583190918e-01 1.659105122089385986e-01
3.933680653572082520e-01 1.632431745529174805e-01
3.943766951560974121e-01 1.561343371868133545e-01
3.953853547573089600e-01 1.531358957290649414e-01
3.963939845561981201e-01 1.545552462339401245e-01
3.974026143550872803e-01 1.568967849016189575e-01
3.984112441539764404e-01 1.605674475431442261e-01
3.994199037551879883e-01 1.605222523212432861e-01
4.004285335540771484e-01 1.577354073524475098e-01
4.014371633529663086e-01 1.541312336921691895e-01
4.024457931518554688e-01 1.525888442993164062e-01
4.034544229507446289e-01 1.610636711120605469e-01
4.044630825519561768e-01 1.597649455070495605e-01
4.054717123508453369e-01 1.641708165407180786e-01
4.064803421497344971e-01 1.535957604646682739e-01
4.074889719486236572e-01 1.563840508460998535e-01
4.084976017475128174e-01 1.667923331260681152e-01
4.095062613487243652e-01 1.687663495540618896e-01
4.105148911476135254e-01 1.533267050981521606e-01
4.115235209465026855e-01 1.546011120080947876e-01
4.125321507453918457e-01 1.608606874942779541e-01
4.135407805442810059e-01 1.652561575174331665e-01
4.145494401454925537e-01 1.573827117681503296e-01
4.155580699443817139e-01 1.654681563377380371e-01
4.165666997432708740e-01 1.509297043085098267e-01
4.175753295421600342e-01 1.579870283603668213e-01
4.185839891433715820e-01 1.655166447162628174e-01
4.195926189422607422e-01 1.654615253210067749e-01
4.206012487411499023e-01 1.717361509799957275e-01
4.216098785400390625e-01 1.607920080423355103e-01
4.226185083389282227e-01 1.529214233160018921e-01
4.236271679401397705e-01 1.568145900964736938e-01
4.246357977390289307e-01 1.615798771381378174e-01
4.256444275379180908e-01 1.624150425195693970e-01
4.266530573368072510e-01 1.656123399734497070e-01
4.276616871356964111e-01 1.593579500913619995e-01
4.286703467369079590e-01 1.593807935714721680e-01
4.296789765357971191e-01 1.650675982236862183e-01
4.306876063346862793e-01 1.627163141965866089e-01
4.316962361335754395e-01 1.610477715730667114e-01
4.327048659324645996e-01 1.534252315759658813e-01
4.337135255336761475e-01 1.606127023696899414e-01
4.347221553325653076e-01 1.624948382377624512e-01
4.357307851314544678e-01 1.654665768146514893e-01
4.367394149303436279e-01 1.620516479015350342e-01
4.377480745315551758e-01 1.582859009504318237e-01
4.387567043304443359e-01 1.631814539432525635e-01
4.397653341293334961e-01 1.705486625432968140e-01
4.407739639282226562e-01 1.677899807691574097e-01
4.417825937271118164e-01 1.568077206611633301e-01
4.427912533283233643e-01 1.592605262994766235e-01
4.437998831272125244e-01 1.629127115011215210e-01
4.448085129261016846e-01 1.642737537622451782e-01
4.458171427249908447e-01 1.589505225419998169e-01
4.468257725238800049e-01 1.681287735700607300e-01
4.478344321250915527e-01 1.678799390792846680e-01
4.488430619239807129e-01 1.495386511087417603e-01
4.498516917228698730e-01 1.669356524944305420e-01
4.508603215217590332e-01 1.667686998844146729e-01
4.518689513206481934e-01 1.710124015808105469e-01
4.528776109218597412e-01 1.665824800729751587e-01
4.538862407207489014e-01 1.608185619115829468e-01
4.548948705196380615e-01 1.712464690208435059e-01
4.559035003185272217e-01 1.636034697294235229e-01
4.569121599197387695e-01 1.617903411388397217e-01
4.579207897186279297e-01 1.637742370367050171e-01
4.589294195175170898e-01 1.693453639745712280e-01
4.599380493164062500e-01 1.650368720293045044e-01
4.609466791152954102e-01 1.599878221750259399e-01
4.619553387165069580e-01 1.702045798301696777e-01
4.629639685153961182e-01 1.651438474655151367e-01
4.639725983142852783e-01 1.639596819877624512e-01
4.649812281131744385e-01 1.652108877897262573e-01
4.659898579120635986e-01 1.659657508134841919e-01
4.669985175132751465e-01 1.642840057611465454e-01
4.680071473121643066e-01 1.607133001089096069e-01
4.690157771110534668e-01 1.527205407619476318e-01
4.700244069099426270e-01 1.684677749872207642e-01
4.710330665111541748e-01 1.626502424478530884e-01
4.720416963100433350e-01 1.639049202203750610e-01
4.730503261089324951e-01 1.670734435319900513e-01
4.740589559078216553e-01 1.644362211227416992e-01
4.750675857067108154e-01 1.648840457201004028e-01
4.760762453079223633e-01 1.615034043788909912e-01
4.770848751068115234e-01 1.607542783021926880e-01
4.780935049057006836e-01 1.641661077737808228e-01
4.791021347045898438e-01 1.704973131418228149e-01
4.801107645034790039e-01 1.706576198339462280e-01
4.811194241046905518e-01 1.609780937433242798e-01
4.821280539035797119e-01 1.679995059967041016e-01
4.831366837024688721e-01 1.609795987606048584e-01
4.841453135013580322e-01 1.658632010221481323e-01
4.851539433002471924e-01 1.747964024543762207e-01
4.861626029014587402e-01 1.685779839754104614e-01
4.871712327003479004e-01 1.722126007080078125e-01
4.881798624992370605e-01 1.657766550779342651e-01
4.891884922981262207e-01 1.605396121740341187e-01
4.901971518993377686e-01 1.614813804626464844e-01
4.912057816982269287e-01 1.627070903778076172e-01
4.922144114971160889e-01 1.585208475589752197e-01
4.932230412960052490e-01 1.634103655815124512e-01
4.942316710948944092e-01 1.678103059530258179e-01
4.952403306961059570e-01 1.601993888616561890e-01
4.962489604949951172e-01 1.685465127229690552e-01
4.972575902938842773e-01 1.662736535072326660e-01
4.982662200927734375e-01 1.705525815486907959e-01
4.992748498916625977e-01 1.667600274085998535e-01
5.002834796905517578e-01 1.635529994964599609e-01
5.012921094894409180e-01 1.673156917095184326e-01
5.023007988929748535e-01 1.612184345722198486e-01
5.033094286918640137e-01 1.690666675567626953e-01
5.043180584907531738e-01 2.261003851890563965e-01
5.053266882896423340e-01 2.005545794963836670e-01
5.063353180885314941e-01 1.652834266424179077e-01
5.073439478874206543e-01 1.607648879289627075e-01
5.083525776863098145e-01 1.649711430072784424e-01
5.093612074851989746e-01 1.685065180063247681e-01
5.103698372840881348e-01 1.600443869829177856e-01
5.113784670829772949e-01 1.648820042610168457e-01
5.123871564865112305e-01 1.547666788101196289e-01
5.133957862854003906e-01 1.599025577306747437e-01
5.144044160842895508e-01 1.594529747962951660e-01
5.154130458831787109e-01 1.628696024417877197e-01
5.164216756820678711e-01 1.554576158523559570e-01
5.174303054809570312e-01 1.549851298332214355e-01
5.184389352798461914e-01 1.491913199424743652e-01
5.194475650787353516e-01 1.461543142795562744e-01
5.204561948776245117e-01 1.553416103124618530e-01
5.214648842811584473e-01 1.583076417446136475e-01
5.224735140800476074e-01 1.598604917526245117e-01
5.234821438789367676e-01 1.531239449977874756e-01
5.244907736778259277e-01 1.506508141756057739e-01
5.254994034767150879e-01 1.574417948722839355e-01
5.265080332756042480e-01 1.525322347879409790e-01
5.275166630744934082e-01 1.589529067277908325e-01
5.285252928733825684e-01 1.557858586311340332e-01
5.295339226722717285e-01 1.555036902427673340e-01
5.305425524711608887e-01 1.581842303276062012e-01
5.315512418746948242e-01 1.573254168033599854e-01
5.325598716735839844e-01 1.560614854097366333e-01
5.335685014724731445e-01 1.618294268846511841e-01
5.345771312713623047e-01 1.577461510896682739e-01
5.355857610702514648e-01 1.598365008831024170e-01
5.365943908691406250e-01 1.635326743125915527e-01
5.376030206680297852e-01 1.746025234460830688e-01
5.386116504669189453e-01 1.655586659908294678e-01
5.396202802658081055e-01 1.646377742290496826e-01
5.406289696693420410e-01 1.641741544008255005e-01
5.416375994682312012e-01 1.618669778108596802e-01
5.426462292671203613e-01 1.660764366388320923e-01
5.436548590660095215e-01 1.683894246816635132e-01
5.446634888648986816e-01 1.621482968330383301e-01
5.456721186637878418e-01 1.656144857406616211e-01
5.466807484626770020e-01 1.654731333255767822e-01
5.476893782615661621e-01 1.689115762710571289e-01
5.486980080604553223e-01 1.680333465337753296e-01
5.497066378593444824e-01 1.660810410976409912e-01
5.507153272628784180e-01 1.681045442819595337e-01
5.517239570617675781e-01 1.718312799930572510e-01
5.527325868606567383e-01 1.711891442537307739e-01
5.537412166595458984e-01 1.681147515773773193e-01
5.547498464584350586e-01 1.770227551460266113e-01
5.557584762573242188e-01 1.720378547906875610e-01
5.567671060562133789e-01 1.704663783311843872e-01
5.577757358551025391e-01 1.723841279745101929e-01
5.587843656539916992e-01 1.789232045412063599e-01
5.597930550575256348e-01 1.716212630271911621e-01
5.608016848564147949e-01 1.758426576852798462e-01
5.618103146553039551e-01 1.822347193956375122e-01
5.628189444541931152e-01 1.817967742681503296e-01
5.638275742530822754e-01 1.795384585857391357e-01
5.648362040519714355e-01 1.788544058799743652e-01
5.658448338508605957e-01 1.867813020944595337e-01
5.668534636497497559e-01 1.792795062065124512e-01
5.678620934486389160e-01 1.815766096115112305e-01
5.688707232475280762e-01 1.909518539905548096e-01
5.698794126510620117e-01 1.887873858213424683e-01
5.708880424499511719e-01 1.805692166090011597e-01
5.718966722488403320e-01 1.843625307083129883e-01
5.729053020477294922e-01 1.775096803903579712e-01
5.739139318466186523e-01 1.820804327726364136e-01
5.749225616455078125e-01 1.863260269165039062e-01
5.759311914443969727e-01 1.902838200330734253e-01
5.769398212432861328e-01 1.884779632091522217e-01
5.779484510421752930e-01 1.827259212732315063e-01
5.789571404457092285e-01 1.892284005880355835e-01
5.799657702445983887e-01 1.858437359333038330e-01
5.809744000434875488e-01 1.882096230983734131e-01
5.819830298423767090e-01 1.911356449127197266e-01
5.829916596412658691e-01 1.891857683658599854e-01
5.840002894401550293e-01 1.850994378328323364e-01
5.850089192390441895e-01 1.822299510240554810e-01
5.860175490379333496e-01 1.865527927875518799e-01
5.870261788368225098e-01 1.840836256742477417e-01
5.880348086357116699e-01 1.937709152698516846e-01
5.890434980392456055e-01 1.944039165973663330e-01
5.900521278381347656e-01 1.936449855566024780e-01
5.910607576370239258e-01 1.903539746999740601e-01
5.920693874359130859e-01 1.982773989439010620e-01
5.930780172348022461e-01 1.941605210304260254e-01
5.940866470336914062e-01 1.898673921823501587e-01
5.950952768325805664e-01 1.940430104732513428e-01
5.961039066314697266e-01 1.897699087858200073e-01
5.971125364303588867e-01 1.968977749347686768e-01
5.981212258338928223e-01 1.926680356264114380e-01
5.991298556327819824e-01 2.031700462102890015e-01
6.001384854316711426e-01 1.989222317934036255e-01
6.011471152305603027e-01 2.029140293598175049e-01
6.021557450294494629e-01 1.995913386344909668e-01
6.031643748283386230e-01 2.015565037727355957e-01
6.041730046272277832e-01 1.997847706079483032e-01
6.051816344261169434e-01 2.009889334440231323e-01
6.061902642250061035e-01 1.993431597948074341e-01
6.071988940238952637e-01 1.982685923576354980e-01
6.082075834274291992e-01 2.041932195425033569e-01
6.092162132263183594e-01 2.097504734992980957e-01
6.102248430252075195e-01 2.051579505205154419e-01
6.112334728240966797e-01 2.028437852859497070e-01
6.122421026229858398e-01 2.020086348056793213e-01
6.132507324218750000e-01 2.053533643484115601e-01
6.142593622207641602e-01 2.047426700592041016e-01
6.152679920196533203e-01 2.120417505502700806e-01
6.162766218185424805e-01 1.981872469186782837e-01
6.172853112220764160e-01 2.032908201217651367e-01
6.182939410209655762e-01 2.075142115354537964e-01
6.193025708198547363e-01 2.155952602624893188e-01
6.203112006187438965e-01 2.149134874343872070e-01
6.213198304176330566e-01 1.971452832221984863e-01
6.223284602165222168e-01 1.991687864065170288e-01
6.233370900154113770e-01 2.118208706378936768e-01
6.243457198143005371e-01 2.049051821231842041e-01
6.253543496131896973e-01 2.110823690891265869e-01
6.263629794120788574e-01 2.179896384477615356e-01
6.273716688156127930e-01 2.083286345005035400e-01
6.283802986145019531e-01 2.146124988794326782e-01
6.293889284133911133e-01 2.098401486873626709e-01
6.303975582122802734e-01 2.034273892641067505e-01
6.314061880111694336e-01 2.116981893777847290e-01
6.324148178100585938e-01 2.114820480346679688e-01
6.334234476089477539e-01 2.188372462987899780e-01
6.344320774078369141e-01 2.138351947069168091e-01
6.354407072067260742e-01 2.143545746803283691e-01
6.364493966102600098e-01 2.101475149393081665e-01
6.374580264091491699e-01 2.129513770341873169e-01
6.384666562080383301e-01 2.176794558763504028e-01
6.394752860069274902e-01 2.160912007093429565e-01
6.404839158058166504e-01 2.189421653747558594e-01
6.414925456047058105e-01 2.200490236282348633e-01
6.425011754035949707e-01 2.228533178567886353e-01
6.435098052024841309e-01 2.166193425655364990e-01
6.445184350013732910e-01 2.208805680274963379e-01
6.455271244049072266e-01 2.098677158355712891e-01
6.465357542037963867e-01 2.119624316692352295e-01
6.475443840026855469e-01 2.226312160491943359e-01
6.485530138015747070e-01 2.184750288724899292e-01
6.495616436004638672e-01 2.221629619598388672e-01
6.505702733993530273e-01 2.249651998281478882e-01
6.515789031982421875e-01 2.134014219045639038e-01
6.525875329971313477e-01 2.125595957040786743e-01
6.535961627960205078e-01 2.159631252288818359e-01
6.546047925949096680e-01 2.249386459589004517e-01
6.556134819984436035e-01 2.198722511529922485e-01
6.566221117973327637e-01 2.226034551858901978e-01
6.576307415962219238e-01 2.315746098756790161e-01
6.586393713951110840e-01 2.202478647232055664e-01
6.596480011940002441e-01 2.201939970254898071e-01
6.606566309928894043e-01 2.114359587430953979e-01
6.616652607917785645e-01 2.235807776451110840e-01
6.626738905906677246e-01 2.255092859268188477e-01
6.636825203895568848e-01 2.255448251962661743e-01
6.646912097930908203e-01 2.324112206697463989e-01
6.656998395919799805e-01 2.157779633998870850e-01
6.667084693908691406e-01 2.268769294023513794e-01
6.677170991897583008e-01 2.218125313520431519e-01
6.687257289886474609e-01 2.198793292045593262e-01
6.697343587875366211e-01 2.226667255163192749e-01
6.707429885864257812e-01 2.281916290521621704e-01
6.717516183853149414e-01 2.262447327375411987e-01
6.727602481842041016e-01 2.265546619892120361e-01
6.737688779830932617e-01 2.331538349390029907e-01
6.747775673866271973e-01 2.204444706439971924e-01
6.757861971855163574e-01 2.246367186307907104e-01
6.767948269844055176e-01 2.257725596427917480e-01
6.778034567832946777e-01 2.262049168348312378e-01
6.788120865821838379e-01 2.274326682090759277e-01
6.798207163810729980e-01 2.186541557312011719e-01
6.808293461799621582e-01 2.124072164297103882e-01
6.818379759788513184e-01 2.226879894733428955e-01
6.828466057777404785e-01 2.297560721635818481e-01
6.838552951812744141e-01 2.408559918403625488e-01
6.848639249801635742e-01 2.318167388439178467e-01
6.858725547790527344e-01 2.301154434680938721e-01
6.868811845779418945e-01 2.313915342092514038e-01
6.878898143768310547e-01 2.308572828769683838e-01
6.888984441757202148e-01 2.273120731115341187e-01
6.899070739746093750e-01 2.321152538061141968e-01
6.909157037734985352e-01 2.415694445371627808e-01
6.919243335723876953e-01 2.386459261178970337e-01
6.929329633712768555e-01 2.377969920635223389e-01
6.939416527748107910e-01 2.313349694013595581e-01
6.949502825736999512e-01 2.416764497756958008e-01
6.959589123725891113e-01 2.343592643737792969e-01
6.969675421714782715e-01 2.313606888055801392e-01
6.979761719703674316e-01 2.314357906579971313e-01
6.989848017692565918e-01 2.402922809123992920e-01
6.999934315681457520e-01 2.399094402790069580e-01
7.010020613670349121e-01 2.424515187740325928e-01
7.020106911659240723e-01 2.440219819545745850e-01
7.030193805694580078e-01 2.418438941240310669e-01
7.040280103683471680e-01 2.364528775215148926e-01
7.050366401672363281e-01 2.485263347625732422e-01
7.060452699661254883e-01 2.445006668567657471e-01
7.070538997650146484e-01 2.395682185888290405e-01
7.080625295639038086e-01 2.467663735151290894e-01
7.090711593627929688e-01 2.412328571081161499e-01
7.100797891616821289e-01 2.377563863992691040e-01
7.110884189605712891e-01 2.345076948404312134e-01
7.120970487594604492e-01 2.423817664384841919e-01
7.131057381629943848e-01 2.484240233898162842e-01
7.141143679618835449e-01 2.295423597097396851e-01
7.151229977607727051e-01 2.394790351390838623e-01
7.161316275596618652e-01 2.396332770586013794e-01
7.171402573585510254e-01 2.435189038515090942e-01
7.181488871574401855e-01 2.433397024869918823e-01
7.191575169563293457e-01 2.525122463703155518e-01
7.201661467552185059e-01 2.521873414516448975e-01
7.211747765541076660e-01 2.503535151481628418e-01
7.221834659576416016e-01 2.407041639089584351e-01
7.231920957565307617e-01 2.579452097415924072e-01
7.242007255554199219e-01 2.447656989097595215e-01
7.252093553543090820e-01 2.508266866207122803e-01
7.262179851531982422e-01 2.422013282775878906e-01
7.272266149520874023e-01 2.604939639568328857e-01
7.282352447509765625e-01 2.565059661865234375e-01
7.292438745498657227e-01 2.592413425445556641e-01
7.302525043487548828e-01 2.578961849212646484e-01
7.312611341476440430e-01 2.467277050018310547e-01
7.322698235511779785e-01 2.533037364482879639e-01
7.332784533500671387e-01 2.532240152359008789e-01
7.342870831489562988e-01 2.623125612735748291e-01
7.352957129478454590e-01 2.576765418052673340e-01
7.363043427467346191e-01 2.653475999832153320e-01
7.373129725456237793e-01 2.606485188007354736e-01
7.383216023445129395e-01 2.598721086978912354e-01
7.393302321434020996e-01 2.576245367527008057e-01
7.403388619422912598e-01 2.602669596672058105e-01
7.413475513458251953e-01 2.633971869945526123e-01
7.423561811447143555e-01 2.704517543315887451e-01
7.433648109436035156e-01 2.583390176296234131e-01
7.443734407424926758e-01 2.700312137603759766e-01
7.453820705413818359e-01 2.682014405727386475e-01
7.463907003402709961e-01 2.694324553012847900e-01
7.473993301391601562e-01 2.687806487083435059e-01
7.484079599380493164e-01 2.746459841728210449e-01
7.494165897369384766e-01 2.654768228530883789e-01
7.504252195358276367e-01 2.714305222034454346e-01
7.514339089393615723e-01 2.729845643043518066e-01
7.524425387382507324e-01 3.088968396186828613e-01
7.534511685371398926e-01 3.222271203994750977e-01
7.544597983360290527e-01 2.736339569091796875e-01
7.554684281349182129e-01 2.675527930259704590e-01
7.564770579338073730e-01 2.724840641021728516e-01
7.574856877326965332e-01 2.689578235149383545e-01
7.584943175315856934e-01 2.685818970203399658e-01
7.595029473304748535e-01 2.653090059757232666e-01
7.605116367340087891e-01 2.714055776596069336e-01
7.615202665328979492e-01 2.758992314338684082e-01
7.625288963317871094e-01 2.781877815723419189e-01
7.635375261306762695e-01 2.711724638938903809e-01
7.645461559295654297e-01 2.896407842636108398e-01
7.655547857284545898e-01 2.761082649230957031e-01
7.665634155273437500e-01 2.617956995964050293e-01
7.675720453262329102e-01 2.715241611003875732e-01
7.685806751251220703e-01 2.810167372226715088e-01
7.695893049240112305e-01 2.805269062519073486e-01
7.705979943275451660e-01 2.851915061473846436e-01
7.716066241264343262e-01 2.817475795745849609e-01
7.726152539253234863e-01 2.827372848987579346e-01
7.736238837242126465e-01 2.795549333095550537e-01
7.746325135231018066e-01 2.834988534450531006e-01
7.756411433219909668e-01 2.902494668960571289e-01
7.766497731208801270e-01 2.780484259128570557e-01
7.776584029197692871e-01 2.910220921039581299e-01
7.786670327186584473e-01 2.814157307147979736e-01
7.796757221221923828e-01 2.798138260841369629e-01
7.806843519210815430e-01 2.759843468666076660e-01
7.816929817199707031e-01 2.881088554859161377e-01
7.827016115188598633e-01 2.799490094184875488e-01
7.837102413177490234e-01 2.863223552703857422e-01
7.847188711166381836e-01 2.790402770042419434e-01
7.857275009155273438e-01 2.835313379764556885e-01
7.867361307144165039e-01 2.778378725051879883e-01
7.877447605133056641e-01 2.882837951183319092e-01
7.887533903121948242e-01 2.915298938751220703e-01
7.897620797157287598e-01 2.789806425571441650e-01
7.907707095146179199e-01 2.744615375995635986e-01
7.917793393135070801e-01 2.843661904335021973e-01
7.927879691123962402e-01 2.866007089614868164e-01
7.937965989112854004e-01 2.905678451061248779e-01
7.948052287101745605e-01 2.828563749790191650e-01
7.958138585090637207e-01 2.897109389305114746e-01
7.968224883079528809e-01 2.800666987895965576e-01
7.978311181068420410e-01 2.764656841754913330e-01
7.988398075103759766e-01 2.847613394260406494e-01
7.998484373092651367e-01 2.907235026359558105e-01
8.008570671081542969e-01 2.990808784961700439e-01
8.018656969070434570e-01 2.987217605113983154e-01
8.028743267059326172e-01 2.874591350555419922e-01
8.038829565048217773e-01 2.928029000759124756e-01
8.048915863037109375e-01 2.936881780624389648e-01
8.059002161026000977e-01 3.089845478534698486e-01
8.069088459014892578e-01 3.017173409461975098e-01
8.079174757003784180e-01 3.061815202236175537e-01
8.089261651039123535e-01 2.967340052127838135e-01
8.099347949028015137e-01 3.008815944194793701e-01
8.109434247016906738e-01 3.048028647899627686e-01
8.119520545005798340e-01 2.987800836563110352e-01
8.129606842994689941e-01 2.972024679183959961e-01
8.139693140983581543e-01 3.096853196620941162e-01
8.149779438972473145e-01 3.057675361633300781e-01
8.159865736961364746e-01 3.065997958183288574e-01
8.169952034950256348e-01 2.996007800102233887e-01
8.180038928985595703e-01 3.009911179542541504e-01
8.190125226974487305e-01 3.026494681835174561e-01
8.200211524963378906e-01 2.984823882579803467e-01
8.210297822952270508e-01 3.158029317855834961e-01
8.220384120941162109e-01 3.043143749237060547e-01
8.230470418930053711e-01 3.067964911460876465e-01
8.240556716918945312e-01 3.135941922664642334e-01
8.250643014907836914e-01 3.122960627079010010e-01
8.260729312896728516e-01 3.062843382358551025e-01
8.270815610885620117e-01 3.143915832042694092e-01
8.280902504920959473e-01 3.091415166854858398e-01
8.290988802909851074e-01 3.052430748939514160e-01
8.301075100898742676e-01 3.057882189750671387e-01
8.311161398887634277e-01 3.140830099582672119e-01
8.321247696876525879e-01 3.179103732109069824e-01
8.331333994865417480e-01 3.084179162979125977e-01
8.341420292854309082e-01 3.099954426288604736e-01
8.351506590843200684e-01 3.089690208435058594e-01
8.361592888832092285e-01 3.088156878948211670e-01
8.371679782867431641e-01 3.179440498352050781e-01
8.381766080856323242e-01 3.120356500148773193e-01
8.391852378845214844e-01 3.157775700092315674e-01
8.401938676834106445e-01 3.147401511669158936e-01
8.412024974822998047e-01 3.204306960105895996e-01
8.422111272811889648e-01 3.177147209644317627e-01
8.432197570800781250e-01 3.273713588714599609e-01
8.442283868789672852e-01 3.278307020664215088e-01
8.452370166778564453e-01 3.195648491382598877e-01
8.462456464767456055e-01 3.238487541675567627e-01
8.472543358802795410e-01 3.226841986179351807e-01
8.482629656791687012e-01 3.227699995040893555e-01
8.492715954780578613e-01 3.299888074398040771e-01
8.502802252769470215e-01 3.199519515037536621e-01
8.512888550758361816e-01 3.298650979995727539e-01
8.522974848747253418e-01 3.178337514400482178e-01
8.533061146736145020e-01 3.321467638015747070e-01
8.543147444725036621e-01 3.317410945892333984e-01
8.553233742713928223e-01 3.371770679950714111e-01
8.563320636749267578e-01 3.412256538867950439e-01
8.573406934738159180e-01 3.248956203460693359e-01
8.583493232727050781e-01 3.436234891414642334e-01
8.593579530715942383e-01 3.524857759475708008e-01
8.603665828704833984e-01 3.487685024738311768e-01
8.613752126693725586e-01 3.650302886962890625e-01
8.623838424682617188e-01 3.693379461765289307e-01
8.633924722671508789e-01 3.711872398853302002e-01
8.644011020660400391e-01 3.668098151683807373e-01
8.654097318649291992e-01 3.576104342937469482e-01
8.664184212684631348e-01 3.653553426265716553e-01
8.674270510673522949e-01 3.708688616752624512e-01
8.684356808662414551e-01 3.699201345443725586e-01
8.694443106651306152e-01 3.742049038410186768e-01
8.704529404640197754e-01 3.679102957248687744e-01
8.714615702629089355e-01 3.547854721546173096e-01
8.724702000617980957e-01 3.626609146595001221e-01
8.734788298606872559e-01 3.541064858436584473e-01
8.744874596595764160e-01 3.524724841117858887e-01
8.754961490631103516e-01 3.599527478218078613e-01
8.765047788619995117e-01 3.714835047721862793e-01
8.775134086608886719e-01 3.551732301712036133e-01
8.785220384597778320e-01 3.457374870777130127e-01
8.795306682586669922e-01 3.596221804618835449e-01
8.805392980575561523e-01 3.688429892063140869e-01
8.815479278564453125e-01 3.614729046821594238e-01
8.825565576553344727e-01 3.739991486072540283e-01
8.835651874542236328e-01 3.697742521762847900e-01
8.845738172531127930e-01 3.616335093975067139e-01
8.855825066566467285e-01 3.561755418777465820e-01
8.865911364555358887e-01 3.700215816497802734e-01
8.875997662544250488e-01 3.705458939075469971e-01
8.886083960533142090e-01 3.756401538848876953e-01
8.896170258522033691e-01 3.621346056461334229e-01
8.906256556510925293e-01 3.723712861537933350e-01
8.916342854499816895e-01 3.702991604804992676e-01
8.926429152488708496e-01 3.815826475620269775e-01
8.936515450477600098e-01 3.844184279441833496e-01
8.946602344512939453e-01 3.921279013156890869e-01
8.956688642501831055e-01 4.088027179241180420e-01
8.966774940490722656e-01 3.755316734313964844e-01
8.976861238479614258e-01 3.667268157005310059e-01
8.986947536468505859e-01 3.791303336620330811e-01
8.997033834457397461e-01 3.778027892112731934e-01
9.007120132446289062e-01 3.834693729877471924e-01
9.017206430435180664e-01 3.980064392089843750e-01
9.027292728424072266e-01 3.857482969760894775e-01
9.037379026412963867e-01 3.830358088016510010e-01
9.047465920448303223e-01 4.064937233924865723e-01
9.057552218437194824e-01 4.062089622020721436e-01
9.067638516426086426e-01 3.978338241577148438e-01
9.077724814414978027e-01 4.073892831802368164e-01
9.087811112403869629e-01 4.033361971378326416e-01
9.097897410392761230e-01 4.103203713893890381e-01
9.107983708381652832e-01 3.956450819969177246e-01
9.118070006370544434e-01 3.938547074794769287e-01
9.128156304359436035e-01 4.040184319019317627e-01
9.138243198394775391e-01 3.963189721107482910e-01
9.148329496383666992e-01 4.041725993156433105e-01
9.158415794372558594e-01 3.944923579692840576e-01
9.168502092361450195e-01 4.218476414680480957e-01
9.178588390350341797e-01 4.072113633155822754e-01
9.188674688339233398e-01 4.251364171504974365e-01
9.198760986328125000e-01 4.232942461967468262e-01
9.208847284317016602e-01 4.333524405956268311e-01
9.218933582305908203e-01 4.261080324649810791e-01
9.229020476341247559e-01 4.300633370876312256e-01
9.239106774330139160e-01 4.373440742492675781e-01
9.249193072319030762e-01 4.242609739303588867e-01
9.259279370307922363e-01 4.166063666343688965e-01
9.269365668296813965e-01 4.279100894927978516e-01
9.279451966285705566e-01 4.397075474262237549e-01
9.289538264274597168e-01 4.374576210975646973e-01
9.299624562263488770e-01 4.593256115913391113e-01
9.309710860252380371e-01 3.935935795307159424e-01
9.319797158241271973e-01 4.459336102008819580e-01
9.329884052276611328e-01 4.346931278705596924e-01
9.339970350265502930e-01 4.278818666934967041e-01
9.350056648254394531e-01 4.421138465404510498e-01
9.360142946243286133e-01 4.403633773326873779e-01
9.370229244232177734e-01 4.303488731384277344e-01
9.380315542221069336e-01 4.624467194080352783e-01
9.390401840209960938e-01 4.514744281768798828e-01
9.400488138198852539e-01 4.283427596092224121e-01
9.410574436187744141e-01 4.402027130126953125e-01
9.420661330223083496e-01 4.557122588157653809e-01
9.430747628211975098e-01 4.820778667926788330e-01
9.440833926200866699e-01 4.703716635704040527e-01
9.450920224189758301e-01 4.729035794734954834e-01
9.461006522178649902e-01 4.626236259937286377e-01
9.471092820167541504e-01 4.594528675079345703e-01
9.481179118156433105e-01 4.708862602710723877e-01
9.491265416145324707e-01 4.585666656494140625e-01
9.501351714134216309e-01 4.500632584095001221e-01
9.511438012123107910e-01 4.748451113700866699e-01
9.521524906158447266e-01 4.861699938774108887e-01
9.531611204147338867e-01 4.642156064510345459e-01
9.541697502136230469e-01 4.908444881439208984e-01
9.551783800125122070e-01 4.835909008979797363e-01
9.561870098114013672e-01 4.794622957706451416e-01
9.571956396102905273e-01 5.156210064888000488e-01
9.582042694091796875e-01 4.896255135536193848e-01
9.592128992080688477e-01 4.864992201328277588e-01
9.602215290069580078e-01 4.930554032325744629e-01
9.612302184104919434e-01 5.178436040878295898e-01
9.622388482093811035e-01 4.901506602764129639e-01
9.632474780082702637e-01 5.062219500541687012e-01
9.642561078071594238e-01 4.951502978801727295e-01
9.652647376060485840e-01 5.180673003196716309e-01
9.662733674049377441e-01 4.880903959274291992e-01
9.672819972038269043e-01 4.862190783023834229e-01
9.682906270027160645e-01 4.989306032657623291e-01
9.692992568016052246e-01 5.007558465003967285e-01
9.703078866004943848e-01 5.064797997474670410e-01
9.713165760040283203e-01 5.054051876068115234e-01
9.723252058029174805e-01 5.260282158851623535e-01
9.733338356018066406e-01 5.083011388778686523e-01
9.743424654006958008e-01 5.181295275688171387e-01
9.753510951995849609e-01 5.468790531158447266e-01
9.763597249984741211e-01 5.096231698989868164e-01
9.773683547973632812e-01 5.221219062805175781e-01
9.783769845962524414e-01 5.506747961044311523e-01
9.793856143951416016e-01 5.670368075370788574e-01
9.803943037986755371e-01 5.379731059074401855e-01
9.814029335975646973e-01 5.225485563278198242e-01
9.824115633964538574e-01 5.108880996704101562e-01
9.834201931953430176e-01 5.456455349922180176e-01
9.844288229942321777e-01 5.699294209480285645e-01
9.854374527931213379e-01 5.641905069351196289e-01
9.864460825920104980e-01 5.902553796768188477e-01
9.874547123908996582e-01 5.593290925025939941e-01
9.884633421897888184e-01 5.467446446418762207e-01
9.894719719886779785e-01 5.786728858947753906e-01
9.904806613922119141e-01 5.910635590553283691e-01
9.914892911911010742e-01 6.011616587638854980e-01
9.924979209899902344e-01 6.179615855216979980e-01
9.935065507888793945e-01 5.825611352920532227e-01
9.945151805877685547e-01 5.550715923309326172e-01
9.955238103866577148e-01 5.959318280220031738e-01
9.965324401855468750e-01 6.235367655754089355e-01
9.975410699844360352e-01 5.781580805778503418e-01
9.985496997833251953e-01 5.977191329002380371e-01
9.995583891868591309e-01 5.978930592536926270e-01
1.000566959381103516e+00 5.869347453117370605e-01
1.001575589179992676e+00 6.069327592849731445e-01
1.002584218978881836e+00 6.212347745895385742e-01
1.003592848777770996e+00 6.151971817016601562e-01
1.004601597785949707e+00 6.295728087425231934e-01
1.005610227584838867e+00 6.589441895484924316e-01
1.006618857383728027e+00 6.210435032844543457e-01
1.007627487182617188e+00 6.103852987289428711e-01
1.008636116981506348e+00 6.462839245796203613e-01
1.009644746780395508e+00 6.596150994300842285e-01
1.010653376579284668e+00 6.310122609138488770e-01
1.011662006378173828e+00 6.349158883094787598e-01
1.012670636177062988e+00 6.430448293685913086e-01
1.013679265975952148e+00 6.462270021438598633e-01
1.014687895774841309e+00 6.584633588790893555e-01
1.015696525573730469e+00 6.354852914810180664e-01
1.016705155372619629e+00 6.771101951599121094e-01
1.017713785171508789e+00 6.949769854545593262e-01
1.018722414970397949e+00 6.898502111434936523e-01
1.019731044769287109e+00 6.391843557357788086e-01
1.020739674568176270e+00 6.479128003120422363e-01
1.021748304367065430e+00 7.047488093376159668e-01
1.022756934165954590e+00 7.155436873435974121e-01
1.023765683174133301e+00 7.160078883171081543e-01
1.024774312973022461e+00 6.617617607116699219e-01
1.025782942771911621e+00 6.909255385398864746e-01
1.026791572570800781e+00 6.920719146728515625e-01
1.027800202369689941e+00 6.894637346267700195e-01
1.028808832168579102e+00 6.590868830680847168e-01
1.029817461967468262e+00 7.198984622955322266e-01
1.030826091766357422e+00 7.150035500526428223e-01
1.031834721565246582e+00 6.710829734802246094e-01
1.032843351364135742e+00 6.882879734039306641e-01
1.033851981163024902e+00 6.839526891708374023e-01
1.034860610961914062e+00 7.181262373924255371e-01
1.035869240760803223e+00 7.664273381233215332e-01
1.036877870559692383e+00 7.393423914909362793e-01
1.037886500358581543e+00 7.278614640235900879e-01
1.038895130157470703e+00 7.068759202957153320e-01
1.039903759956359863e+00 7.101271748542785645e-01
1.040912389755249023e+00 7.363679409027099609e-01
1.041921019554138184e+00 7.345852255821228027e-01
1.042929768562316895e+00 7.110373377799987793e-01
1.043938398361206055e+00 7.142791748046875000e-01
1.044947028160095215e+00 7.148264050483703613e-01
1.045955657958984375e+00 7.295024394989013672e-01
1.046964287757873535e+00 7.601248621940612793e-01
1.047972917556762695e+00 7.326604723930358887e-01
1.048981547355651855e+00 6.886130571365356445e-01
1.049990177154541016e+00 7.404595613479614258e-01
1.050998806953430176e+00 7.229545712471008301e-01
1.052007436752319336e+00 7.322196364402770996e-01
1.053016066551208496e+00 7.146609425544738770e-01
1.054024696350097656e+00 7.121378779411315918e-01
1.055033326148986816e+00 7.695754170417785645e-01
1.056041955947875977e+00 7.300037741661071777e-01
1.057050585746765137e+00 7.625054717063903809e-01
1.058059215545654297e+00 7.780891060829162598e-01
1.059067845344543457e+00 7.684440016746520996e-01
1.060076475143432617e+00 7.696322798728942871e-01
1.061085104942321777e+00 8.100544214248657227e-01
1.062093853950500488e+00 7.600496411323547363e-01
1.063102483749389648e+00 8.087186217308044434e-01
1.064111113548278809e+00 7.526478767395019531e-01
1.065119743347167969e+00 8.284741640090942383e-01
1.066128373146057129e+00 8.154019713401794434e-01
1.067137002944946289e+00 7.888178229331970215e-01
1.068145632743835449e+00 8.379023075103759766e-01
1.069154262542724609e+00 8.230147361755371094e-01
1.070162892341613770e+00 7.839474678039550781e-01
1.071171522140502930e+00 8.316667675971984863e-01
1.072180151939392090e+00 8.234433531761169434e-01
1.073188781738281250e+00 8.250554203987121582e-01
1.074197411537170410e+00 8.469631671905517578e-01
1.075206041336059570e+00 8.107863068580627441e-01
1.076214671134948730e+00 7.793712615966796875e-01
1.077223300933837891e+00 8.061241507530212402e-01
1.078231930732727051e+00 8.065028786659240723e-01
1.079240560531616211e+00 8.589011430740356445e-01
1.080249190330505371e+00 8.378206491470336914e-01
1.081257939338684082e+00 8.441113233566284180e-01
1.082266569137573242e+00 8.607916831970214844e-01
1.083275198936462402e+00 8.582450151443481445e-01
1.084283828735351562e+00 8.353823423385620117e-01
1.085292458534240723e+00 8.601157069206237793e-01
1.086301088333129883e+00 7.962350845336914062e-01
1.087309718132019043e+00 8.038465380668640137e-01
1.088318347930908203e+00 8.128448128700256348e-01
1.089326977729797363e+00 8.970597982406616211e-01
1.090335607528686523e+00 8.973222374916076660e-01
1.091344237327575684e+00 9.191547632217407227e-01
1.092352867126464844e+00 8.674955368041992188e-01
1.093361496925354004e+00 8.513429164886474609e-01
1.094370126724243164e+00 8.550497889518737793e-01
1.095378756523132324e+00 8.671040534973144531e-01
1.096387386322021484e+00 9.126353859901428223e-01
1.097396016120910645e+00 8.986564874649047852e-01
1.098404645919799805e+00 8.805001378059387207e-01
1.099413275718688965e+00 8.245761990547180176e-01
1.100422024726867676e+00 8.182736039161682129e-01
1.101430654525756836e+00 8.753674030303955078e-01
1.102439284324645996e+00 8.883759379386901855e-01
1.103447914123535156e+00 8.835956454277038574e-01
1.104456543922424316e+00 9.520252346992492676e-01
1.105465173721313477e+00 8.510425686836242676e-01
1.106473803520202637e+00 9.001246094703674316e-01
1.107482433319091797e+00 9.080677032470703125e-01
1.108491063117980957e+00 8.977885842323303223e-01
1.109499692916870117e+00 9.055203795433044434e-01
1.110508322715759277e+00 8.230029344558715820e-01
1.111516952514648438e+00 9.443460106849670410e-01
1.112525582313537598e+00 1.019186377525329590e+00
1.113534212112426758e+00 9.401339888572692871e-01
1.114542841911315918e+00 9.452694058418273926e-01
1.115551471710205078e+00 9.599391818046569824e-01
1.116560101509094238e+00 9.720776677131652832e-01
1.117568731307983398e+00 9.939197897911071777e-01
1.118577361106872559e+00 9.671419858932495117e-01
1.119586110115051270e+00 1.006655573844909668e+00
1.120594739913940430e+00 9.630098938941955566e-01
1.121603369712829590e+00 8.828065991401672363e-01
1.122611999511718750e+00 8.739072084426879883e-01
1.123620629310607910e+00 9.149057269096374512e-01
1.124629259109497070e+00 9.455824494361877441e-01
1.125637888908386230e+00 1.011560797691345215e+00
1.126646518707275391e+00 9.669136404991149902e-01
1.127655148506164551e+00 1.066161751747131348e+00
1.128663778305053711e+00 9.756364226341247559e-01
1.129672408103942871e+00 9.369360208511352539e-01
1.130681037902832031e+00 9.864801764488220215e-01
1.131689667701721191e+00 1.013889074325561523e+00
1.132698297500610352e+00 9.859842658042907715e-01
1.133706927299499512e+00 9.673597216606140137e-01
1.134715557098388672e+00 1.081671357154846191e+00
1.135724186897277832e+00 1.067456007003784180e+00
1.136732816696166992e+00 1.020629048347473145e+00
1.137741446495056152e+00 1.031411170959472656e+00
1.138750195503234863e+00 9.828985333442687988e-01
1.139758825302124023e+00 1.028470873832702637e+00
1.140767455101013184e+00 1.037270426750183105e+00
1.141776084899902344e+00 1.093746542930603027e+00
1.142784714698791504e+00 1.009664535522460938e+00
1.143793344497680664e+00 1.069581985473632812e+00
1.144801974296569824e+00 1.065934658050537109e+00
1.145810604095458984e+00 1.081690549850463867e+00
1.146819233894348145e+00 1.017112970352172852e+00
1.147827863693237305e+00 1.101239681243896484e+00
1.148836493492126465e+00 1.017095804214477539e+00
1.149845123291015625e+00 1.116958379745483398e+00
1.150853753089904785e+00 1.125091791152954102e+00
1.151862382888793945e+00 1.042152643203735352e+00
1.152871012687683105e+00 1.047522783279418945e+00
1.153879642486572266e+00 1.043913006782531738e+00
1.154888272285461426e+00 1.021511554718017578e+00
1.155896902084350586e+00 1.151723742485046387e+00
1.156905531883239746e+00 1.137821912765502930e+00
1.157914280891418457e+00 1.185846447944641113e+00
1.158922910690307617e+00 1.205627322196960449e+00
1.159931540489196777e+00 1.187914490699768066e+00
1.160940170288085938e+00 1.143912672996520996e+00
1.161948800086975098e+00 1.202523350715637207e+00
1.162957429885864258e+00 1.185946941375732422e+00
1.163966059684753418e+00 1.189880847930908203e+00
1.164974689483642578e+00 1.043174624443054199e+00
1.165983319282531738e+00 1.156203866004943848e+00
1.166991949081420898e+00 1.149602890014648438e+00
1.168000578880310059e+00 1.072718024253845215e+00
1.169009208679199219e+00 1.046619772911071777e+00
1.170017838478088379e+00 1.047871947288513184e+00
1.171026468276977539e+00 1.123744845390319824e+00
1.172035098075866699e+00 1.130340695381164551e+00
1.173043727874755859e+00 1.124370694160461426e+00
1.174052357673645020e+00 1.011389613151550293e+00
1.175060987472534180e+00 1.108999252319335938e+00
1.176069617271423340e+00 1.029736399650573730e+00
1.177078366279602051e+00 1.132084131240844727e+00
1.178086996078491211e+00 1.121641755104064941e+00
1.179095625877380371e+00 1.202130675315856934e+00
1.180104255676269531e+00 1.197999596595764160e+00
1.181112885475158691e+00 1.168889999389648438e+00
1.182121515274047852e+00 1.105160236358642578e+00
1.183130145072937012e+00 1.184473514556884766e+00
1.184138774871826172e+00 1.143317341804504395e+00
1.185147404670715332e+00 1.245664596557617188e+00
1.186156034469604492e+00 1.176138401031494141e+00
1.187164664268493652e+00 1.251124262809753418e+00
1.188173294067382812e+00 1.189138770103454590e+00
1.189181923866271973e+00 1.228686332702636719e+00
1.190190553665161133e+00 1.147280216217041016e+00
1.191199183464050293e+00 1.173358440399169922e+00
1.192207813262939453e+00 1.202412843704223633e+00
1.193216443061828613e+00 1.293799757957458496e+00
1.194225072860717773e+00 1.235552787780761719e+00
1.195233702659606934e+00 1.251162409782409668e+00
1.196242451667785645e+00 1.175936341285705566e+00
1.197251081466674805e+00 1.234309554100036621e+00
1.198259711265563965e+00 1.238500237464904785e+00
1.199268341064453125e+00 1.167097091674804688e+00
1.200276970863342285e+00 1.315799117088317871e+00
1.201285600662231445e+00 1.536147356033325195e+00
1.202294230461120605e+00 1.423914551734924316e+00
1.203302860260009766e+00 1.119045376777648926e+00
1.204311490058898926e+00 1.257083058357238770e+00
1.205320119857788086e+00 1.219881892204284668e+00
1.206328749656677246e+00 1.312452793121337891e+00
1.207337379455566406e+00 1.428324580192565918e+00
1.208346009254455566e+00 1.064223408699035645e+00
1.209354639053344727e+00 1.133142232894897461e+00
