0.000000000000000000e+00 3.303651123046875000e+02
1.008636085316538811e-03 2.441794128417968750e+02
2.017272170633077621e-03 1.700073547363281250e+02
3.025908255949616432e-03 1.272726974487304688e+02
4.034544341266155243e-03 9.794689178466796875e+01
5.043180659413337708e-03 7.508923339843750000e+01
6.051816511899232864e-03 6.097025299072265625e+01
7.060452364385128021e-03 4.811062622070312500e+01
8.069088682532310486e-03 3.924256515502929688e+01
9.077725000679492950e-03 3.222671127319335938e+01
1.008636131882667542e-02 2.688014221191406250e+01
1.109499670565128326e-02 2.269684410095214844e+01
1.210363302379846573e-02 1.937911605834960938e+01
1.311226934194564819e-02 1.664990043640136719e+01
1.412090472877025604e-02 1.436628627777099609e+01
1.512954104691743851e-02 1.214397144317626953e+01
1.613817736506462097e-02 1.053967380523681641e+01
1.714681275188922882e-02 9.372701644897460938e+00
1.815545000135898590e-02 7.995177268981933594e+00
1.916408538818359375e-02 7.426262855529785156e+00
2.017272263765335083e-02 6.347615242004394531e+00
2.118135802447795868e-02 5.537157535552978516e+00
2.218999341130256653e-02 4.926969051361083984e+00
2.319863066077232361e-02 4.451167583465576172e+00
2.420726604759693146e-02 3.974564075469970703e+00
2.521590143442153931e-02 3.636800050735473633e+00
2.622453868389129639e-02 3.284189224243164062e+00
2.723317407071590424e-02 2.986779928207397461e+00
2.824180945754051208e-02 2.792171478271484375e+00
2.925044670701026917e-02 2.434710741043090820e+00
3.025908209383487701e-02 2.271797418594360352e+00
3.126771748065948486e-02 2.042802810668945312e+00
3.227635473012924194e-02 1.903231620788574219e+00
3.328499197959899902e-02 1.825702786445617676e+00
3.429362550377845764e-02 1.577138900756835938e+00
3.530226275324821472e-02 1.442257285118103027e+00
3.631090000271797180e-02 1.325212717056274414e+00
3.731953352689743042e-02 1.262179613113403320e+00
3.832817077636718750e-02 1.187169909477233887e+00
3.933680802583694458e-02 1.196715474128723145e+00
4.034544527530670166e-02 1.069141745567321777e+00
4.135407879948616028e-02 9.625320434570312500e-01
4.236271604895591736e-02 9.094804525375366211e-01
4.337135329842567444e-02 8.173120021820068359e-01
4.437998682260513306e-02 7.872086763381958008e-01
4.538862407207489014e-02 7.580330371856689453e-01
4.639726132154464722e-02 7.919587492942810059e-01
4.740589484572410583e-02 6.813361644744873047e-01
4.841453209519386292e-02 6.137920618057250977e-01
4.942316934466362000e-02 5.915732383728027344e-01
5.043180286884307861e-02 5.548837184906005859e-01
5.144044011831283569e-02 5.432793498039245605e-01
5.244907736778259277e-02 4.716455936431884766e-01
5.345771089196205139e-02 4.277099370956420898e-01
5.446634814143180847e-02 4.365003108978271484e-01
5.547498539090156555e-02 4.462839663028717041e-01
5.648361891508102417e-02 4.174881279468536377e-01
5.749225616455078125e-02 4.172285199165344238e-01
5.850089341402053833e-02 4.107790291309356689e-01
5.950953066349029541e-02 3.584478497505187988e-01
6.051816418766975403e-02 3.313036262989044189e-01
6.152680143713951111e-02 3.545119464397430420e-01
6.253543496131896973e-02 3.235459625720977783e-01
6.354407221078872681e-02 3.229771852493286133e-01
6.455270946025848389e-02 2.886723875999450684e-01
6.556134670972824097e-02 2.708916068077087402e-01
6.656998395919799805e-02 2.648318111896514893e-01
6.757862120866775513e-02 2.521893382072448730e-01
6.858725100755691528e-02 2.587110102176666260e-01
6.959588825702667236e-02 2.438521534204483032e-01
7.060452550649642944e-02 2.133927047252655029e-01
7.161316275596618652e-02 2.120026201009750366e-01
7.262180000543594360e-02 2.098360657691955566e-01
7.363043725490570068e-02 1.919615864753723145e-01
7.463906705379486084e-02 2.022314220666885376e-01
7.564770430326461792e-02 1.861818283796310425e-01
7.665634155273437500e-02 1.984342932701110840e-01
7.766497880220413208e-02 1.984716653823852539e-01
7.867361605167388916e-02 1.850521713495254517e-01
7.968225330114364624e-02 2.060366421937942505e-01
8.069089055061340332e-02 1.708537042140960693e-01
8.169952034950256348e-02 1.541136354207992554e-01
8.270815759897232056e-02 1.661618053913116455e-01
8.371679484844207764e-02 1.666285693645477295e-01
8.472543209791183472e-02 1.512977480888366699e-01
8.573406934738159180e-02 1.418921649456024170e-01
8.674270659685134888e-02 1.518562287092208862e-01
8.775133639574050903e-02 1.443915218114852905e-01
8.875997364521026611e-02 1.406266838312149048e-01
8.976861089468002319e-02 1.323296725749969482e-01
9.077724814414978027e-02 1.401287317276000977e-01
9.178588539361953735e-02 1.371494680643081665e-01
9.279452264308929443e-02 1.344339102506637573e-01
9.380315244197845459e-02 1.249742954969406128e-01
9.481178969144821167e-02 1.256398558616638184e-01
9.582042694091796875e-02 1.276493221521377563e-01
9.682906419038772583e-02 1.258767247200012207e-01
9.783770143985748291e-02 1.334788352251052856e-01
9.884633868932723999e-02 1.253698468208312988e-01
9.985497593879699707e-02 1.225659251213073730e-01
1.008636057376861572e-01 1.235554367303848267e-01
1.018722429871559143e-01 1.254926323890686035e-01
1.028808802366256714e-01 1.107445806264877319e-01
1.038895174860954285e-01 1.049693301320075989e-01
1.048981547355651855e-01 1.006863787770271301e-01
1.059067919850349426e-01 1.079940497875213623e-01
1.069154217839241028e-01 1.068358123302459717e-01
1.079240590333938599e-01 1.167853847146034241e-01
1.089326962828636169e-01 1.018744856119155884e-01
1.099413335323333740e-01 9.155422449111938477e-02
1.109499707818031311e-01 1.058464497327804565e-01
1.119586080312728882e-01 1.114565655589103699e-01
1.129672378301620483e-01 9.758955240249633789e-02
1.139758750796318054e-01 1.111993715167045593e-01
1.149845123291015625e-01 9.090415388345718384e-02
1.159931495785713196e-01 8.002693951129913330e-02
1.170017868280410767e-01 8.200739324092864990e-02
1.180104240775108337e-01 9.031131863594055176e-02
1.190190613269805908e-01 9.330309927463531494e-02
1.200276911258697510e-01 1.048159524798393250e-01
1.210363283753395081e-01 9.127441793680191040e-02
1.220449656248092651e-01 9.872825443744659424e-02
1.230536028742790222e-01 8.627569675445556641e-02
1.240622401237487793e-01 8.199004828929901123e-02
1.250708699226379395e-01 8.571838587522506714e-02
1.260795146226882935e-01 9.737733006477355957e-02
1.270881444215774536e-01 8.783008903264999390e-02
1.280967891216278076e-01 9.090098738670349121e-02
1.291054189205169678e-01 9.520783275365829468e-02
1.301140487194061279e-01 8.049996197223663330e-02
1.311226934194564819e-01 9.296747297048568726e-02
1.321313232183456421e-01 7.915724068880081177e-02
1.331399679183959961e-01 8.568900823593139648e-02
1.341485977172851562e-01 8.564575761556625366e-02
1.351572424173355103e-01 8.678684383630752563e-02
1.361658722162246704e-01 8.073130249977111816e-02
1.371745020151138306e-01 8.421055227518081665e-02
1.381831467151641846e-01 8.708698302507400513e-02
1.391917765140533447e-01 8.633289486169815063e-02
1.402004212141036987e-01 8.102565258741378784e-02
1.412090510129928589e-01 8.315314352512359619e-02
1.422176808118820190e-01 9.318965673446655273e-02
1.432263255119323730e-01 8.968248963356018066e-02
1.442349553108215332e-01 8.617027848958969116e-02
1.452436000108718872e-01 7.793216407299041748e-02
1.462522298097610474e-01 8.718065172433853149e-02
1.472608745098114014e-01 9.628468006849288940e-02
1.482695043087005615e-01 8.309530466794967651e-02
1.492781341075897217e-01 9.073844552040100098e-02
1.502867788076400757e-01 8.546876162290573120e-02
1.512954086065292358e-01 9.667585790157318115e-02
1.523040533065795898e-01 1.027743890881538391e-01
1.533126831054687500e-01 9.273170679807662964e-02
1.543213278055191040e-01 8.754394203424453735e-02
1.553299576044082642e-01 8.254415541887283325e-02
1.563385874032974243e-01 9.048962593078613281e-02
1.573472321033477783e-01 9.279472380876541138e-02
1.583558619022369385e-01 8.756407350301742554e-02
1.593645066022872925e-01 8.868288248777389526e-02
1.603731364011764526e-01 8.579523116350173950e-02
1.613817811012268066e-01 1.028113737702369690e-01
1.623904109001159668e-01 9.926146268844604492e-02
1.633990406990051270e-01 1.015224680304527283e-01
1.644076853990554810e-01 9.048162400722503662e-02
1.654163151979446411e-01 8.827513456344604492e-02
1.664249598979949951e-01 9.852670878171920776e-02
1.674335896968841553e-01 1.048487201333045959e-01
1.684422194957733154e-01 1.064481288194656372e-01
1.694508641958236694e-01 1.073243692517280579e-01
1.704594939947128296e-01 9.306578338146209717e-02
1.714681386947631836e-01 9.871146082878112793e-02
1.724767684936523438e-01 1.059954687952995300e-01
1.734854131937026978e-01 1.069912537932395935e-01
1.744940429925918579e-01 9.954854100942611694e-02
1.755026727914810181e-01 9.232576191425323486e-02
1.765113174915313721e-01 1.039761304855346680e-01
1.775199472904205322e-01 1.005659997463226318e-01
1.785285919904708862e-01 9.832713007926940918e-02
1.795372217893600464e-01 1.071462631225585938e-01
1.805458664894104004e-01 1.080176904797554016e-01
1.815544962882995605e-01 1.052653416991233826e-01
1.825631260871887207e-01 1.100890561938285828e-01
1.835717707872390747e-01 1.081395074725151062e-01
1.845804005861282349e-01 9.536327421665191650e-02
1.855890452861785889e-01 9.991661459207534790e-02
1.865976750850677490e-01 1.010514795780181885e-01
1.876063048839569092e-01 1.015161424875259399e-01
1.886149495840072632e-01 9.819474816322326660e-02
1.896235793828964233e-01 1.006402671337127686e-01
1.906322240829467773e-01 1.014770790934562683e-01
1.916408538818359375e-01 9.865596145391464233e-02
1.926494985818862915e-01 9.986180812120437622e-02
1.936581283807754517e-01 9.354692697525024414e-02
1.946667581796646118e-01 9.225855022668838501e-02
1.956754028797149658e-01 8.965580910444259644e-02
1.966840326786041260e-01 9.547561407089233398e-02
1.976926773786544800e-01 9.207125753164291382e-02
1.987013071775436401e-01 7.886539399623870850e-02
1.997099518775939941e-01 9.082108736038208008e-02
2.007185816764831543e-01 9.841556102037429810e-02
2.017272114753723145e-01 7.879473268985748291e-02
2.027358561754226685e-01 9.319784492254257202e-02
2.037444859743118286e-01 9.816701710224151611e-02
2.047531306743621826e-01 9.736109524965286255e-02
2.057617604732513428e-01 1.075940579175949097e-01
2.067703902721405029e-01 9.787015616893768311e-02
2.077790349721908569e-01 9.342776983976364136e-02
2.087876647710800171e-01 9.694509953260421753e-02
2.097963094711303711e-01 8.743387460708618164e-02
2.108049392700195312e-01 9.244387596845626831e-02
2.118135839700698853e-01 1.118797734379768372e-01
2.128222137689590454e-01 1.036634445190429688e-01
2.138308435678482056e-01 9.148337692022323608e-02
2.148394882678985596e-01 9.015544503927230835e-02
2.158481180667877197e-01 9.844720363616943359e-02
2.168567627668380737e-01 8.943842351436614990e-02
2.178653925657272339e-01 9.091620892286300659e-02
2.188740372657775879e-01 9.244802594184875488e-02
2.198826670646667480e-01 8.965107053518295288e-02
2.208912968635559082e-01 1.022058352828025818e-01
2.218999415636062622e-01 9.878841787576675415e-02
2.229085713624954224e-01 9.115753322839736938e-02
2.239172160625457764e-01 9.670788794755935669e-02
2.249258458614349365e-01 9.277065098285675049e-02
2.259344756603240967e-01 9.852124750614166260e-02
2.269431203603744507e-01 9.151411801576614380e-02
2.279517501592636108e-01 9.556765109300613403e-02
2.289603948593139648e-01 9.339134395122528076e-02
2.299690246582031250e-01 9.026398509740829468e-02
2.309776693582534790e-01 9.499208629131317139e-02
2.319862991571426392e-01 8.351825177669525146e-02
2.329949289560317993e-01 8.634731918573379517e-02
2.340035736560821533e-01 9.290292114019393921e-02
2.350122034549713135e-01 9.410439431667327881e-02
2.360208481550216675e-01 8.888112008571624756e-02
2.370294779539108276e-01 9.711492061614990234e-02
2.380381226539611816e-01 8.938524872064590454e-02
2.390467524528503418e-01 9.909936785697937012e-02
2.400553822517395020e-01 9.129435569047927856e-02
2.410640269517898560e-01 8.915151655673980713e-02
2.420726567506790161e-01 1.374965906143188477e-01
2.430813014507293701e-01 2.464614361524581909e-01
2.440899312496185303e-01 9.024416655302047729e-02
2.450985759496688843e-01 8.679918199777603149e-02
2.461072057485580444e-01 9.522461146116256714e-02
2.471158355474472046e-01 9.521833062171936035e-02
2.481244802474975586e-01 9.373641759157180786e-02
2.491331100463867188e-01 1.005430519580841064e-01
2.501417398452758789e-01 9.421873092651367188e-02
2.511503994464874268e-01 9.478460252285003662e-02
2.521590292453765869e-01 8.930776268243789673e-02
2.531676590442657471e-01 9.693686664104461670e-02
2.541762888431549072e-01 9.492953121662139893e-02
2.551849186420440674e-01 9.662238508462905884e-02
2.561935782432556152e-01 9.053475409746170044e-02
2.572022080421447754e-01 9.238875657320022583e-02
2.582108378410339355e-01 9.438490122556686401e-02
2.592194676399230957e-01 9.890584647655487061e-02
2.602280974388122559e-01 1.043892428278923035e-01
2.612367570400238037e-01 9.670810401439666748e-02
2.622453868389129639e-01 1.003541499376296997e-01
2.632540166378021240e-01 1.027246266603469849e-01
2.642626464366912842e-01 9.956623613834381104e-02
2.652712762355804443e-01 1.048144474625587463e-01
2.662799358367919922e-01 1.041986942291259766e-01
2.672885656356811523e-01 9.682920575141906738e-02
2.682971954345703125e-01 9.891242533922195435e-02
2.693058252334594727e-01 9.725245088338851929e-02
2.703144848346710205e-01 1.160423681139945984e-01
2.713231146335601807e-01 1.039298325777053833e-01
2.723317444324493408e-01 1.052883267402648926e-01
2.733403742313385010e-01 9.970372170209884644e-02
2.743490040302276611e-01 1.062796413898468018e-01
2.753576636314392090e-01 1.057318150997161865e-01
2.763662934303283691e-01 9.471067041158676147e-02
2.773749232292175293e-01 1.029281020164489746e-01
2.783835530281066895e-01 1.067139953374862671e-01
2.793921828269958496e-01 1.044323593378067017e-01
2.804008424282073975e-01 1.081136837601661682e-01
2.814094722270965576e-01 1.124483942985534668e-01
2.824181020259857178e-01 1.084427461028099060e-01
2.834267318248748779e-01 1.090239882469177246e-01
2.844353616237640381e-01 1.092836782336235046e-01
2.854440212249755859e-01 1.063213720917701721e-01
2.864526510238647461e-01 1.120611056685447693e-01
2.874612808227539062e-01 1.052111536264419556e-01
2.884699106216430664e-01 1.099418401718139648e-01
2.894785702228546143e-01 1.122102588415145874e-01
2.904872000217437744e-01 1.141178533434867859e-01
2.914958298206329346e-01 1.105741336941719055e-01
2.925044596195220947e-01 1.093434095382690430e-01
2.935130894184112549e-01 1.142028048634529114e-01
2.945217490196228027e-01 1.141745746135711670e-01
2.955303788185119629e-01 1.195588335394859314e-01
2.965390086174011230e-01 1.063386648893356323e-01
2.975476384162902832e-01 1.097415685653686523e-01
2.985562682151794434e-01 1.170777603983879089e-01
2.995649278163909912e-01 1.066560372710227966e-01
3.005735576152801514e-01 1.073705554008483887e-01
3.015821874141693115e-01 1.176868230104446411e-01
3.025908172130584717e-01 1.190522983670234680e-01
3.035994470119476318e-01 1.160756200551986694e-01
3.046081066131591797e-01 1.195823550224304199e-01
3.056167364120483398e-01 1.120468452572822571e-01
3.066253662109375000e-01 1.192353516817092896e-01
3.076339960098266602e-01 1.118921041488647461e-01
3.086426556110382080e-01 1.179265528917312622e-01
3.096512854099273682e-01 1.141009852290153503e-01
3.106599152088165283e-01 1.164892464876174927e-01
3.116685450077056885e-01 1.167866215109825134e-01
3.126771748065948486e-01 1.134665980935096741e-01
3.136858344078063965e-01 1.144967824220657349e-01
3.146944642066955566e-01 1.225590407848358154e-01
3.157030940055847168e-01 1.278985291719436646e-01
3.167117238044738770e-01 1.237128227949142456e-01
3.177203536033630371e-01 1.271168738603591919e-01
3.187290132045745850e-01 1.118768528103828430e-01
3.197376430034637451e-01 1.196564808487892151e-01
3.207462728023529053e-01 1.192869693040847778e-01
3.217549026012420654e-01 1.190647557377815247e-01
3.227635622024536133e-01 1.288856267929077148e-01
3.237721920013427734e-01 1.204710826277732849e-01
3.247808218002319336e-01 1.219039633870124817e-01
3.257894515991210938e-01 1.214212700724601746e-01
3.267980813980102539e-01 1.225784197449684143e-01
3.278067409992218018e-01 1.252393573522567749e-01
3.288153707981109619e-01 1.180834546685218811e-01
3.298240005970001221e-01 1.256553977727890015e-01
3.308326303958892822e-01 1.211886554956436157e-01
3.318412601947784424e-01 1.277050822973251343e-01
3.328499197959899902e-01 1.281210780143737793e-01
3.338585495948791504e-01 1.251329481601715088e-01
3.348671793937683105e-01 1.234164163470268250e-01
3.358758091926574707e-01 1.178197264671325684e-01
3.368844389915466309e-01 1.206015273928642273e-01
3.378930985927581787e-01 1.222575083374977112e-01
3.389017283916473389e-01 1.246037855744361877e-01
3.399103581905364990e-01 1.263350248336791992e-01
3.409189879894256592e-01 1.213737577199935913e-01
3.419276475906372070e-01 1.308194845914840698e-01
3.429362773895263672e-01 1.224209517240524292e-01
3.439449071884155273e-01 1.303430497646331787e-01
3.449535369873046875e-01 1.213055327534675598e-01
3.459621667861938477e-01 1.217276528477668762e-01
3.469708263874053955e-01 1.305908560752868652e-01
3.479794561862945557e-01 1.296493262052536011e-01
3.489880859851837158e-01 1.234781444072723389e-01
3.499967157840728760e-01 1.250087767839431763e-01
3.510053455829620361e-01 1.261840015649795532e-01
3.520140051841735840e-01 1.275537908077239990e-01
3.530226349830627441e-01 1.321809440851211548e-01
3.540312647819519043e-01 1.353796124458312988e-01
3.550398945808410645e-01 1.328979283571243286e-01
3.560485243797302246e-01 1.301695108413696289e-01
3.570571839809417725e-01 1.271739453077316284e-01
3.580658137798309326e-01 1.347718983888626099e-01
3.590744435787200928e-01 1.327211111783981323e-01
3.600830733776092529e-01 1.304197460412979126e-01
3.610917329788208008e-01 1.242008656263351440e-01
3.621003627777099609e-01 1.284850835800170898e-01
3.631089925765991211e-01 1.283094137907028198e-01
3.641176223754882812e-01 1.267689615488052368e-01
3.651262521743774414e-01 1.266760975122451782e-01
3.661349117755889893e-01 1.311608850955963135e-01
3.671435415744781494e-01 1.323160380125045776e-01
3.681521713733673096e-01 1.264295876026153564e-01
3.691608011722564697e-01 1.248445808887481689e-01
3.701694309711456299e-01 1.374968886375427246e-01
3.711780905723571777e-01 1.332824081182479858e-01
3.721867203712463379e-01 1.355322599411010742e-01
3.731953501701354980e-01 1.269906014204025269e-01
3.742039799690246582e-01 1.296505630016326904e-01
3.752126097679138184e-01 1.206274032592773438e-01
3.762212693691253662e-01 1.269523352384567261e-01
3.772298991680145264e-01 1.354036629199981689e-01
3.782385289669036865e-01 1.371450275182723999e-01
3.792471587657928467e-01 1.349880397319793701e-01
3.802558183670043945e-01 1.339850872755050659e-01
3.812644481658935547e-01 1.355014145374298096e-01
3.822730779647827148e-01 1.284029036760330200e-01
3.832817077636718750e-01 1.280016452074050903e-01
3.842903375625610352e-01 1.305075585842132568e-01
3.852989971637725830e-01 1.321450471878051758e-01
3.863076269626617432e-01 1.373462080955505371e-01
3.873162567615509033e-01 1.327887326478958130e-01
3.883248865604400635e-01 1.333186626434326172e-01
3.893335163593292236e-01 1.344881504774093628e-01
3.903421759605407715e-01 1.289688199758529663e-01
3.913508057594299316e-01 1.327383518218994141e-01
3.923594355583190918e-01 1.319694817066192627e-01
3.933680653572082520e-01 1.339851915836334229e-01
3.943766951560974121e-01 1.316470950841903687e-01
3.953853547573089600e-01 1.400319486856460571e-01
3.963939845561981201e-01 1.301998347043991089e-01
3.974026143550872803e-01 1.297421306371688843e-01
3.984112441539764404e-01 1.340479403734207153e-01
3.994199037551879883e-01 1.359008848667144775e-01
4.004285335540771484e-01 1.371690928936004639e-01
4.014371633529663086e-01 1.262884736061096191e-01
4.024457931518554688e-01 1.293113976716995239e-01
4.034544229507446289e-01 1.366405487060546875e-01
4.044630825519561768e-01 1.383290737867355347e-01
4.054717123508453369e-01 1.354244500398635864e-01
4.064803421497344971e-01 1.306230425834655762e-01
4.074889719486236572e-01 1.307197660207748413e-01
4.084976017475128174e-01 1.310689151287078857e-01
4.095062613487243652e-01 1.262185871601104736e-01
4.105148911476135254e-01 1.308188885450363159e-01
4.115235209465026855e-01 1.357974112033843994e-01
4.125321507453918457e-01 1.348496675491333008e-01
4.135407805442810059e-01 1.321830004453659058e-01
4.145494401454925537e-01 1.290386468172073364e-01
4.155580699443817139e-01 1.273861080408096313e-01
4.165666997432708740e-01 1.285203844308853149e-01
4.175753295421600342e-01 1.350441873073577881e-01
4.185839891433715820e-01 1.348065584897994995e-01
4.195926189422607422e-01 1.327489167451858521e-01
4.206012487411499023e-01 1.368169486522674561e-01
4.216098785400390625e-01 1.327777951955795288e-01
4.226185083389282227e-01 1.419055014848709106e-01
4.236271679401397705e-01 1.285242140293121338e-01
4.246357977390289307e-01 1.280015259981155396e-01
4.256444275379180908e-01 1.364338397979736328e-01
4.266530573368072510e-01 1.340951174497604370e-01
4.276616871356964111e-01 1.375463902950286865e-01
4.286703467369079590e-01 1.317638009786605835e-01
4.296789765357971191e-01 1.408815532922744751e-01
4.306876063346862793e-01 1.417329460382461548e-01
4.316962361335754395e-01 1.347324103116989136e-01
4.327048659324645996e-01 1.283493638038635254e-01
4.337135255336761475e-01 1.281555891036987305e-01
4.347221553325653076e-01 1.288396120071411133e-01
4.357307851314544678e-01 1.309310346841812134e-01
4.367394149303436279e-01 1.223053708672523499e-01
4.377480745315551758e-01 1.280714273452758789e-01
4.387567043304443359e-01 1.253206133842468262e-01
4.397653341293334961e-01 1.248934566974639893e-01
4.407739639282226562e-01 1.308394968509674072e-01
4.417825937271118164e-01 1.336460411548614502e-01
4.427912533283233643e-01 1.338092535734176636e-01
4.437998831272125244e-01 1.309506148099899292e-01
4.448085129261016846e-01 1.298519372940063477e-01
4.458171427249908447e-01 1.299935281276702881e-01
4.468257725238800049e-01 1.247807517647743225e-01
4.478344321250915527e-01 1.277945190668106079e-01
4.488430619239807129e-01 1.223466247320175171e-01
4.498516917228698730e-01 1.279828250408172607e-01
4.508603215217590332e-01 1.257693767547607422e-01
4.518689513206481934e-01 1.247299686074256897e-01
4.528776109218597412e-01 1.267183572053909302e-01
4.538862407207489014e-01 1.273337900638580322e-01
4.548948705196380615e-01 1.295285522937774658e-01
4.559035003185272217e-01 1.268110424280166626e-01
4.569121599197387695e-01 1.337172240018844604e-01
4.579207897186279297e-01 1.278448700904846191e-01
4.589294195175170898e-01 1.258351355791091919e-01
4.599380493164062500e-01 1.287042796611785889e-01
4.609466791152954102e-01 1.382156759500503540e-01
4.619553387165069580e-01 1.334332823753356934e-01
4.629639685153961182e-01 1.313540488481521606e-01
4.639725983142852783e-01 1.299849003553390503e-01
4.649812281131744385e-01 1.289099752902984619e-01
4.659898579120635986e-01 1.274816393852233887e-01
4.669985175132751465e-01 1.225450634956359863e-01
4.680071473121643066e-01 1.178531274199485779e-01
4.690157771110534668e-01 1.190110743045806885e-01
4.700244069099426270e-01 1.236345395445823669e-01
4.710330665111541748e-01 1.317271590232849121e-01
4.720416963100433350e-01 1.262373477220535278e-01
4.730503261089324951e-01 1.218522191047668457e-01
4.740589559078216553e-01 1.303088068962097168e-01
4.750675857067108154e-01 1.302094161510467529e-01
4.760762453079223633e-01 1.257802098989486694e-01
4.770848751068115234e-01 1.217309162020683289e-01
4.780935049057006836e-01 1.295571625232696533e-01
4.791021347045898438e-01 1.285341382026672363e-01
4.801107645034790039e-01 1.293567270040512085e-01
4.811194241046905518e-01 1.240125596523284912e-01
4.821280539035797119e-01 1.199975162744522095e-01
4.831366837024688721e-01 1.218859776854515076e-01
4.841453135013580322e-01 1.235140785574913025e-01
4.851539433002471924e-01 1.262972801923751831e-01
4.861626029014587402e-01 1.216135099530220032e-01
4.871712327003479004e-01 1.217902377247810364e-01
4.881798624992370605e-01 1.238675415515899658e-01
4.891884922981262207e-01 1.273778825998306274e-01
4.901971518993377686e-01 1.263529062271118164e-01
4.912057816982269287e-01 1.172540932893753052e-01
4.922144114971160889e-01 1.237331405282020569e-01
4.932230412960052490e-01 1.217392683029174805e-01
4.942316710948944092e-01 1.210524737834930420e-01
4.952403306961059570e-01 1.219842210412025452e-01
4.962489604949951172e-01 1.235054880380630493e-01
4.972575902938842773e-01 1.194893121719360352e-01
4.982662200927734375e-01 1.174969971179962158e-01
4.992748498916625977e-01 1.237228885293006897e-01
5.002834796905517578e-01 1.162175163626670837e-01
5.012921094894409180e-01 1.256676167249679565e-01
5.023007988929748535e-01 1.280658543109893799e-01
5.033094286918640137e-01 1.189861521124839783e-01
5.043180584907531738e-01 1.827157139778137207e-01
5.053266882896423340e-01 1.519924402236938477e-01
5.063353180885314941e-01 1.209699884057044983e-01
5.073439478874206543e-01 1.138749197125434875e-01
5.083525776863098145e-01 1.095276102423667908e-01
5.093612074851989746e-01 1.168625354766845703e-01
5.103698372840881348e-01 1.169070601463317871e-01
5.113784670829772949e-01 1.136327236890792847e-01
5.123871564865112305e-01 1.093855649232864380e-01
5.133957862854003906e-01 1.147483289241790771e-01
5.144044160842895508e-01 1.129005104303359985e-01
5.154130458831787109e-01 1.136285960674285889e-01
5.164216756820678711e-01 1.116673052310943604e-01
5.174303054809570312e-01 1.204187422990798950e-01
5.184389352798461914e-01 1.150810196995735168e-01
5.194475650787353516e-01 1.167457401752471924e-01
5.204561948776245117e-01 1.147023960947990417e-01
5.214648842811584473e-01 1.166887953877449036e-01
5.224735140800476074e-01 1.132027059793472290e-01
5.234821438789367676e-01 1.077470034360885620e-01
5.244907736778259277e-01 1.096668094396591187e-01
5.254994034767150879e-01 1.061875298619270325e-01
5.265080332756042480e-01 1.077344566583633423e-01
5.275166630744934082e-01 1.113797277212142944e-01
5.285252928733825684e-01 1.125855222344398499e-01
5.295339226722717285e-01 1.135438382625579834e-01
5.305425524711608887e-01 1.173877865076065063e-01
5.315512418746948242e-01 1.102199405431747437e-01
5.325598716735839844e-01 1.118189394474029541e-01
5.335685014724731445e-01 1.189829707145690918e-01
5.345771312713623047e-01 1.281514614820480347e-01
5.355857610702514648e-01 1.254616826772689819e-01
5.365943908691406250e-01 1.242873743176460266e-01
5.376030206680297852e-01 1.234354078769683838e-01
5.386116504669189453e-01 1.161758676171302795e-01
5.396202802658081055e-01 1.205552741885185242e-01
5.406289696693420410e-01 1.208326444029808044e-01
5.416375994682312012e-01 1.266004294157028198e-01
5.426462292671203613e-01 1.163895726203918457e-01
5.436548590660095215e-01 1.191214770078659058e-01
5.446634888648986816e-01 1.169096454977989197e-01
5.456721186637878418e-01 1.217201501131057739e-01
5.466807484626770020e-01 1.243420317769050598e-01
5.476893782615661621e-01 1.226164102554321289e-01
5.486980080604553223e-01 1.198742911219596863e-01
5.497066378593444824e-01 1.272481232881546021e-01
5.507153272628784180e-01 1.188538148999214172e-01
5.517239570617675781e-01 1.240311264991760254e-01
5.527325868606567383e-01 1.219514980912208557e-01
5.537412166595458984e-01 1.263401508331298828e-01
5.547498464584350586e-01 1.275943368673324585e-01
5.557584762573242188e-01 1.274284720420837402e-01
5.567671060562133789e-01 1.336775869131088257e-01
5.577757358551025391e-01 1.304278820753097534e-01
5.587843656539916992e-01 1.327010542154312134e-01
5.597930550575256348e-01 1.282628923654556274e-01
5.608016848564147949e-01 1.295922547578811646e-01
5.618103146553039551e-01 1.377619206905364990e-01
5.628189444541931152e-01 1.345539838075637817e-01
5.638275742530822754e-01 1.331060528755187988e-01
5.648362040519714355e-01 1.296844482421875000e-01
5.658448338508605957e-01 1.373424977064132690e-01
5.668534636497497559e-01 1.323426067829132080e-01
5.678620934486389160e-01 1.374204456806182861e-01
5.688707232475280762e-01 1.316357105970382690e-01
5.698794126510620117e-01 1.324185431003570557e-01
5.708880424499511719e-01 1.411166042089462280e-01
5.718966722488403320e-01 1.327203363180160522e-01
5.729053020477294922e-01 1.369764208793640137e-01
5.739139318466186523e-01 1.424628496170043945e-01
5.749225616455078125e-01 1.387240588665008545e-01
5.759311914443969727e-01 1.372444927692413330e-01
5.769398212432861328e-01 1.330585479736328125e-01
5.779484510421752930e-01 1.399326026439666748e-01
5.789571404457092285e-01 1.378668099641799927e-01
5.799657702445983887e-01 1.365793943405151367e-01
5.809744000434875488e-01 1.362021118402481079e-01
5.819830298423767090e-01 1.434333324432373047e-01
5.829916596412658691e-01 1.381277441978454590e-01
5.840002894401550293e-01 1.468898653984069824e-01
5.850089192390441895e-01 1.413946896791458130e-01
5.860175490379333496e-01 1.416626274585723877e-01
5.870261788368225098e-01 1.412779539823532104e-01
5.880348086357116699e-01 1.443051248788833618e-01
5.890434980392456055e-01 1.415528208017349243e-01
5.900521278381347656e-01 1.471934169530868530e-01
5.910607576370239258e-01 1.477370262145996094e-01
5.920693874359130859e-01 1.502418369054794312e-01
5.930780172348022461e-01 1.382211595773696899e-01
5.940866470336914062e-01 1.455634236335754395e-01
5.950952768325805664e-01 1.474357545375823975e-01
5.961039066314697266e-01 1.496783196926116943e-01
5.971125364303588867e-01 1.480811089277267456e-01
5.981212258338928223e-01 1.470740139484405518e-01
5.991298556327819824e-01 1.516586542129516602e-01
6.001384854316711426e-01 1.527397185564041138e-01
6.011471152305603027e-01 1.424665004014968872e-01
6.021557450294494629e-01 1.450249999761581421e-01
6.031643748283386230e-01 1.520517617464065552e-01
6.041730046272277832e-01 1.468721032142639160e-01
6.051816344261169434e-01 1.542347520589828491e-01
6.061902642250061035e-01 1.633095294237136841e-01
6.071988940238952637e-01 1.559396386146545410e-01
6.082075834274291992e-01 1.519634574651718140e-01
6.092162132263183594e-01 1.475104391574859619e-01
6.102248430252075195e-01 1.547386348247528076e-01
6.112334728240966797e-01 1.537101417779922485e-01
6.122421026229858398e-01 1.563893407583236694e-01
6.132507324218750000e-01 1.514811515808105469e-01
6.142593622207641602e-01 1.504796445369720459e-01
6.152679920196533203e-01 1.586540341377258301e-01
6.162766218185424805e-01 1.461891978979110718e-01
6.172853112220764160e-01 1.652608215808868408e-01
6.182939410209655762e-01 1.504598855972290039e-01
6.193025708198547363e-01 1.550510227680206299e-01
6.203112006187438965e-01 1.570659577846527100e-01
6.213198304176330566e-01 1.596834957599639893e-01
6.223284602165222168e-01 1.578877568244934082e-01
6.233370900154113770e-01 1.588073819875717163e-01
6.243457198143005371e-01 1.594969332218170166e-01
6.253543496131896973e-01 1.441556513309478760e-01
6.263629794120788574e-01 1.488137841224670410e-01
6.273716688156127930e-01 1.615969687700271606e-01
6.283802986145019531e-01 1.613239645957946777e-01
6.293889284133911133e-01 1.618583202362060547e-01
6.303975582122802734e-01 1.649071276187896729e-01
6.314061880111694336e-01 1.601842492818832397e-01
6.324148178100585938e-01 1.621827930212020874e-01
6.334234476089477539e-01 1.613393574953079224e-01
6.344320774078369141e-01 1.584979593753814697e-01
6.354407072067260742e-01 1.564568579196929932e-01
6.364493966102600098e-01 1.524938046932220459e-01
6.374580264091491699e-01 1.585420519113540649e-01
6.384666562080383301e-01 1.561899334192276001e-01
6.394752860069274902e-01 1.584286242723464966e-01
6.404839158058166504e-01 1.601670533418655396e-01
6.414925456047058105e-01 1.698421686887741089e-01
6.425011754035949707e-01 1.638837158679962158e-01
6.435098052024841309e-01 1.680511236190795898e-01
6.445184350013732910e-01 1.643454730510711670e-01
6.455271244049072266e-01 1.672165542840957642e-01
6.465357542037963867e-01 1.727728843688964844e-01
6.475443840026855469e-01 1.667672097682952881e-01
6.485530138015747070e-01 1.708018779754638672e-01
6.495616436004638672e-01 1.674439013004302979e-01
6.505702733993530273e-01 1.686960458755493164e-01
6.515789031982421875e-01 1.771591901779174805e-01
6.525875329971313477e-01 1.688896119594573975e-01
6.535961627960205078e-01 1.724493950605392456e-01
6.546047925949096680e-01 1.777452826499938965e-01
6.556134819984436035e-01 1.715500801801681519e-01
6.566221117973327637e-01 1.613472402095794678e-01
6.576307415962219238e-01 1.723980456590652466e-01
6.586393713951110840e-01 1.747925430536270142e-01
6.596480011940002441e-01 1.699218451976776123e-01
6.606566309928894043e-01 1.777724027633666992e-01
6.616652607917785645e-01 1.680904477834701538e-01
6.626738905906677246e-01 1.661649048328399658e-01
6.636825203895568848e-01 1.745627075433731079e-01
6.646912097930908203e-01 1.747418493032455444e-01
6.656998395919799805e-01 1.703110188245773315e-01
6.667084693908691406e-01 1.694958806037902832e-01
6.677170991897583008e-01 1.719665080308914185e-01
6.687257289886474609e-01 1.693765670061111450e-01
6.697343587875366211e-01 1.790166199207305908e-01
6.707429885864257812e-01 1.816244721412658691e-01
6.717516183853149414e-01 1.771399527788162231e-01
6.727602481842041016e-01 1.926899999380111694e-01
6.737688779830932617e-01 1.854399889707565308e-01
6.747775673866271973e-01 1.769614815711975098e-01
6.757861971855163574e-01 1.811089366674423218e-01
6.767948269844055176e-01 1.855490803718566895e-01
6.778034567832946777e-01 1.841291338205337524e-01
6.788120865821838379e-01 1.870805025100708008e-01
6.798207163810729980e-01 1.863535046577453613e-01
6.808293461799621582e-01 1.878112107515335083e-01
6.818379759788513184e-01 1.833333224058151245e-01
6.828466057777404785e-01 1.874588876962661743e-01
6.838552951812744141e-01 1.821890473365783691e-01
6.848639249801635742e-01 1.902754008769989014e-01
6.858725547790527344e-01 1.893700957298278809e-01
6.868811845779418945e-01 1.872694790363311768e-01
6.878898143768310547e-01 1.847410053014755249e-01
6.888984441757202148e-01 1.958540081977844238e-01
6.899070739746093750e-01 1.867483407258987427e-01
6.909157037734985352e-01 1.867678165435791016e-01
6.919243335723876953e-01 1.913968473672866821e-01
6.929329633712768555e-01 1.964733749628067017e-01
6.939416527748107910e-01 2.015070468187332153e-01
6.949502825736999512e-01 1.904725283384323120e-01
6.959589123725891113e-01 1.873239874839782715e-01
6.969675421714782715e-01 1.989285498857498169e-01
6.979761719703674316e-01 1.958063393831253052e-01
6.989848017692565918e-01 1.968273818492889404e-01
6.999934315681457520e-01 1.902980357408523560e-01
7.010020613670349121e-01 1.970730423927307129e-01
7.020106911659240723e-01 1.914716213941574097e-01
7.030193805694580078e-01 2.050709724426269531e-01
7.040280103683471680e-01 2.000325173139572144e-01
7.050366401672363281e-01 1.953622549772262573e-01
7.060452699661254883e-01 2.058456242084503174e-01
7.070538997650146484e-01 2.016224563121795654e-01
7.080625295639038086e-01 2.003967016935348511e-01
7.090711593627929688e-01 1.962350606918334961e-01
7.100797891616821289e-01 2.035042345523834229e-01
7.110884189605712891e-01 1.983796060085296631e-01
7.120970487594604492e-01 2.031283974647521973e-01
7.131057381629943848e-01 2.008898258209228516e-01
7.141143679618835449e-01 2.005776911973953247e-01
7.151229977607727051e-01 1.996211707592010498e-01
7.161316275596618652e-01 1.988390088081359863e-01
7.171402573585510254e-01 1.980980634689331055e-01
7.181488871574401855e-01 2.078341096639633179e-01
7.191575169563293457e-01 2.052668780088424683e-01
7.201661467552185059e-01 2.057856917381286621e-01
7.211747765541076660e-01 2.071853876113891602e-01
7.221834659576416016e-01 2.078283280134201050e-01
7.231920957565307617e-01 2.119914889335632324e-01
7.242007255554199219e-01 2.058506757020950317e-01
7.252093553543090820e-01 2.138576507568359375e-01
7.262179851531982422e-01 2.144129127264022827e-01
7.272266149520874023e-01 2.105603516101837158e-01
7.282352447509765625e-01 2.046522945165634155e-01
7.292438745498657227e-01 2.225421220064163208e-01
7.302525043487548828e-01 2.176915109157562256e-01
7.312611341476440430e-01 2.145616412162780762e-01
7.322698235511779785e-01 2.102358490228652954e-01
7.332784533500671387e-01 2.074167728424072266e-01
7.342870831489562988e-01 2.124163657426834106e-01
7.352957129478454590e-01 2.117472440004348755e-01
7.363043427467346191e-01 2.229080349206924438e-01
7.373129725456237793e-01 2.161476910114288330e-01
7.383216023445129395e-01 2.275642454624176025e-01
7.393302321434020996e-01 2.257420420646667480e-01
7.403388619422912598e-01 2.222296595573425293e-01
7.413475513458251953e-01 2.205405384302139282e-01
7.423561811447143555e-01 2.187685668468475342e-01
7.433648109436035156e-01 2.291997671127319336e-01
7.443734407424926758e-01 2.305869460105895996e-01
7.453820705413818359e-01 2.263207584619522095e-01
7.463907003402709961e-01 2.306637316942214966e-01
7.473993301391601562e-01 2.222703099250793457e-01
7.484079599380493164e-01 2.322519868612289429e-01
7.494165897369384766e-01 2.411394417285919189e-01
7.504252195358276367e-01 2.246079146862030029e-01
7.514339089393615723e-01 2.348067462444305420e-01
7.524425387382507324e-01 2.690635919570922852e-01
7.534511685371398926e-01 2.815336585044860840e-01
7.544597983360290527e-01 2.267157584428787231e-01
7.554684281349182129e-01 2.245135456323623657e-01
7.564770579338073730e-01 2.348539233207702637e-01
7.574856877326965332e-01 2.382653206586837769e-01
7.584943175315856934e-01 2.353933751583099365e-01
7.595029473304748535e-01 2.194245010614395142e-01
7.605116367340087891e-01 2.371283173561096191e-01
7.615202665328979492e-01 2.389559000730514526e-01
7.625288963317871094e-01 2.359579801559448242e-01
7.635375261306762695e-01 2.326216697692871094e-01
7.645461559295654297e-01 2.398540973663330078e-01
7.655547857284545898e-01 2.414908260107040405e-01
7.665634155273437500e-01 2.426457107067108154e-01
7.675720453262329102e-01 2.390079349279403687e-01
7.685806751251220703e-01 2.400426417589187622e-01
7.695893049240112305e-01 2.452831417322158813e-01
7.705979943275451660e-01 2.298435568809509277e-01
7.716066241264343262e-01 2.351354062557220459e-01
7.726152539253234863e-01 2.352654337882995605e-01
7.736238837242126465e-01 2.493106722831726074e-01
7.746325135231018066e-01 2.459313124418258667e-01
7.756411433219909668e-01 2.429492622613906860e-01
7.766497731208801270e-01 2.476812005043029785e-01
7.776584029197692871e-01 2.364658862352371216e-01
7.786670327186584473e-01 2.460029870271682739e-01
7.796757221221923828e-01 2.501848638057708740e-01
7.806843519210815430e-01 2.515442967414855957e-01
7.816929817199707031e-01 2.519208788871765137e-01
7.827016115188598633e-01 2.526801824569702148e-01
7.837102413177490234e-01 2.488717436790466309e-01
7.847188711166381836e-01 2.483783364295959473e-01
7.857275009155273438e-01 2.425267249345779419e-01
7.867361307144165039e-01 2.536589503288269043e-01
7.877447605133056641e-01 2.514679729938507080e-01
7.887533903121948242e-01 2.467340975999832153e-01
7.897620797157287598e-01 2.489691674709320068e-01
7.907707095146179199e-01 2.516717016696929932e-01
7.917793393135070801e-01 2.541667520999908447e-01
7.927879691123962402e-01 2.483102679252624512e-01
7.937965989112854004e-01 2.503516674041748047e-01
7.948052287101745605e-01 2.480010539293289185e-01
7.958138585090637207e-01 2.632047832012176514e-01
7.968224883079528809e-01 2.519122064113616943e-01
7.978311181068420410e-01 2.621511816978454590e-01
7.988398075103759766e-01 2.621419131755828857e-01
7.998484373092651367e-01 2.614719867706298828e-01
8.008570671081542969e-01 2.493759840726852417e-01
8.018656969070434570e-01 2.537373900413513184e-01
8.028743267059326172e-01 2.623855471611022949e-01
8.038829565048217773e-01 2.628621160984039307e-01
8.048915863037109375e-01 2.651794552803039551e-01
8.059002161026000977e-01 2.468138784170150757e-01
8.069088459014892578e-01 2.556374669075012207e-01
8.079174757003784180e-01 2.594682574272155762e-01
8.089261651039123535e-01 2.565481662750244141e-01
8.099347949028015137e-01 2.636885046958923340e-01
8.109434247016906738e-01 2.754655182361602783e-01
8.119520545005798340e-01 2.699634730815887451e-01
8.129606842994689941e-01 2.709367871284484863e-01
8.139693140983581543e-01 2.729530632495880127e-01
8.149779438972473145e-01 2.740382552146911621e-01
8.159865736961364746e-01 2.678890228271484375e-01
8.169952034950256348e-01 2.610423266887664795e-01
8.180038928985595703e-01 2.746745645999908447e-01
8.190125226974487305e-01 2.535670995712280273e-01
8.200211524963378906e-01 2.616100907325744629e-01
8.210297822952270508e-01 2.601383328437805176e-01
8.220384120941162109e-01 2.712600231170654297e-01
8.230470418930053711e-01 2.727409303188323975e-01
8.240556716918945312e-01 2.683049142360687256e-01
8.250643014907836914e-01 2.702898681163787842e-01
8.260729312896728516e-01 2.810126841068267822e-01
8.270815610885620117e-01 2.714754641056060791e-01
8.280902504920959473e-01 2.738787531852722168e-01
8.290988802909851074e-01 2.813467979431152344e-01
8.301075100898742676e-01 2.670062482357025146e-01
8.311161398887634277e-01 2.666544020175933838e-01
8.321247696876525879e-01 2.747907042503356934e-01
8.331333994865417480e-01 2.767817676067352295e-01
8.341420292854309082e-01 2.741661369800567627e-01
8.351506590843200684e-01 2.721821963787078857e-01
8.361592888832092285e-01 2.714470624923706055e-01
8.371679782867431641e-01 2.709668874740600586e-01
8.381766080856323242e-01 2.761546075344085693e-01
8.391852378845214844e-01 2.809701263904571533e-01
8.401938676834106445e-01 2.707688808441162109e-01
8.412024974822998047e-01 2.634951174259185791e-01
8.422111272811889648e-01 2.697672545909881592e-01
8.432197570800781250e-01 2.717639505863189697e-01
8.442283868789672852e-01 2.769245207309722900e-01
8.452370166778564453e-01 2.770807445049285889e-01
8.462456464767456055e-01 2.716905176639556885e-01
8.472543358802795410e-01 2.725336253643035889e-01
8.482629656791687012e-01 2.847914695739746094e-01
8.492715954780578613e-01 2.905451953411102295e-01
8.502802252769470215e-01 2.890949249267578125e-01
8.512888550758361816e-01 3.017871379852294922e-01
8.522974848747253418e-01 3.014852702617645264e-01
8.533061146736145020e-01 2.854181230068206787e-01
8.543147444725036621e-01 2.910559177398681641e-01
8.553233742713928223e-01 3.061577379703521729e-01
8.563320636749267578e-01 3.080806434154510498e-01
8.573406934738159180e-01 3.111757934093475342e-01
8.583493232727050781e-01 3.216642737388610840e-01
8.593579530715942383e-01 3.258300125598907471e-01
8.603665828704833984e-01 3.163243234157562256e-01
8.613752126693725586e-01 3.124470114707946777e-01
8.623838424682617188e-01 3.160889446735382080e-01
8.633924722671508789e-01 3.162218630313873291e-01
8.644011020660400391e-01 3.046226501464843750e-01
8.654097318649291992e-01 3.165863454341888428e-01
8.664184212684631348e-01 3.220941424369812012e-01
8.674270510673522949e-01 3.166963458061218262e-01
8.684356808662414551e-01 3.165447711944580078e-01
8.694443106651306152e-01 3.284893333911895752e-01
8.704529404640197754e-01 3.280187845230102539e-01
8.714615702629089355e-01 3.220500946044921875e-01
8.724702000617980957e-01 3.245260715484619141e-01
8.734788298606872559e-01 3.231922090053558350e-01
8.744874596595764160e-01 3.238961994647979736e-01
8.754961490631103516e-01 3.275990486145019531e-01
8.765047788619995117e-01 3.248411417007446289e-01
8.775134086608886719e-01 3.210034072399139404e-01
8.785220384597778320e-01 3.308444917201995850e-01
8.795306682586669922e-01 3.219473958015441895e-01
8.805392980575561523e-01 3.136467933654785156e-01
8.815479278564453125e-01 3.127290010452270508e-01
8.825565576553344727e-01 3.210768699645996094e-01
8.835651874542236328e-01 3.329537212848663330e-01
8.845738172531127930e-01 3.170146048069000244e-01
8.855825066566467285e-01 3.215739727020263672e-01
8.865911364555358887e-01 3.248143196105957031e-01
8.875997662544250488e-01 3.227261602878570557e-01
8.886083960533142090e-01 3.316164910793304443e-01
8.896170258522033691e-01 3.379972875118255615e-01
8.906256556510925293e-01 3.208316266536712646e-01
8.916342854499816895e-01 3.183399140834808350e-01
8.926429152488708496e-01 3.374658524990081787e-01
8.936515450477600098e-01 3.239285349845886230e-01
8.946602344512939453e-01 3.225934207439422607e-01
8.956688642501831055e-01 3.539357185363769531e-01
8.966774940490722656e-01 3.284586966037750244e-01
8.976861238479614258e-01 3.092787563800811768e-01
8.986947536468505859e-01 3.311738073825836182e-01
8.997033834457397461e-01 3.408091664314270020e-01
9.007120132446289062e-01 3.292547762393951416e-01
9.017206430435180664e-01 3.371704816818237305e-01
9.027292728424072266e-01 3.393557965755462646e-01
9.037379026412963867e-01 3.333765566349029541e-01
9.047465920448303223e-01 3.266412019729614258e-01
9.057552218437194824e-01 3.206017911434173584e-01
9.067638516426086426e-01 3.267502784729003906e-01
9.077724814414978027e-01 3.361700773239135742e-01
9.087811112403869629e-01 3.306187689304351807e-01
9.097897410392761230e-01 3.267047405242919922e-01
9.107983708381652832e-01 3.272532224655151367e-01
9.118070006370544434e-01 3.344918787479400635e-01
9.128156304359436035e-01 3.482641577720642090e-01
9.138243198394775391e-01 3.265605866909027100e-01
9.148329496383666992e-01 3.344546556472778320e-01
9.158415794372558594e-01 3.249550163745880127e-01
9.168502092361450195e-01 3.284614980220794678e-01
9.178588390350341797e-01 3.071138262748718262e-01
9.188674688339233398e-01 3.437182009220123291e-01
9.198760986328125000e-01 3.338565528392791748e-01
9.208847284317016602e-01 3.429750502109527588e-01
9.218933582305908203e-01 3.424886167049407959e-01
9.229020476341247559e-01 3.589062690734863281e-01
9.239106774330139160e-01 3.485184311866760254e-01
9.249193072319030762e-01 3.534215092658996582e-01
9.259279370307922363e-01 3.389834165573120117e-01
9.269365668296813965e-01 3.483348786830902100e-01
9.279451966285705566e-01 3.513340353965759277e-01
9.289538264274597168e-01 3.518495857715606689e-01
9.299624562263488770e-01 3.466750085353851318e-01
9.309710860252380371e-01 3.600592911243438721e-01
9.319797158241271973e-01 3.510354459285736084e-01
9.329884052276611328e-01 3.674537241458892822e-01
9.339970350265502930e-01 3.669680356979370117e-01
9.350056648254394531e-01 3.447677493095397949e-01
9.360142946243286133e-01 3.444523513317108154e-01
9.370229244232177734e-01 3.570576310157775879e-01
9.380315542221069336e-01 3.659730255603790283e-01
9.390401840209960938e-01 3.457756042480468750e-01
9.400488138198852539e-01 3.670198917388916016e-01
9.410574436187744141e-01 3.704543411731719971e-01
9.420661330223083496e-01 3.611431419849395752e-01
9.430747628211975098e-01 3.684674501419067383e-01
9.440833926200866699e-01 3.708701431751251221e-01
9.450920224189758301e-01 3.769191503524780273e-01
9.461006522178649902e-01 3.779790997505187988e-01
9.471092820167541504e-01 3.668052256107330322e-01
9.481179118156433105e-01 3.659035265445709229e-01
9.491265416145324707e-01 3.854473531246185303e-01
9.501351714134216309e-01 3.754900991916656494e-01
9.511438012123107910e-01 3.833498358726501465e-01
9.521524906158447266e-01 3.659920394420623779e-01
9.531611204147338867e-01 3.835047483444213867e-01
9.541697502136230469e-01 3.912443816661834717e-01
9.551783800125122070e-01 3.703185021877288818e-01
9.561870098114013672e-01 3.994841575622558594e-01
9.571956396102905273e-01 4.046538472175598145e-01
9.582042694091796875e-01 4.072456657886505127e-01
9.592128992080688477e-01 3.776403963565826416e-01
9.602215290069580078e-01 3.949364125728607178e-01
9.612302184104919434e-01 3.684642910957336426e-01
9.622388482093811035e-01 3.885107636451721191e-01
9.632474780082702637e-01 3.853582441806793213e-01
9.642561078071594238e-01 3.831639289855957031e-01
9.652647376060485840e-01 4.048486649990081787e-01
9.662733674049377441e-01 3.839856982231140137e-01
9.672819972038269043e-01 4.025402069091796875e-01
9.682906270027160645e-01 3.943141698837280273e-01
9.692992568016052246e-01 3.866148591041564941e-01
9.703078866004943848e-01 4.075853228569030762e-01
9.713165760040283203e-01 3.940032720565795898e-01
9.723252058029174805e-01 4.036028087139129639e-01
9.733338356018066406e-01 4.109074175357818604e-01
9.743424654006958008e-01 3.897384107112884521e-01
9.753510951995849609e-01 4.090889394283294678e-01
9.763597249984741211e-01 4.208443760871887207e-01
9.773683547973632812e-01 4.331241548061370850e-01
9.783769845962524414e-01 4.013350605964660645e-01
9.793856143951416016e-01 4.143597185611724854e-01
9.803943037986755371e-01 4.185441136360168457e-01
9.814029335975646973e-01 4.170949459075927734e-01
9.824115633964538574e-01 4.393831193447113037e-01
9.834201931953430176e-01 4.205877482891082764e-01
9.844288229942321777e-01 4.492058753967285156e-01
9.854374527931213379e-01 4.506955146789550781e-01
9.864460825920104980e-01 4.229914546012878418e-01
9.874547123908996582e-01 4.233668148517608643e-01
9.884633421897888184e-01 4.529066383838653564e-01
9.894719719886779785e-01 4.237540364265441895e-01
9.904806613922119141e-01 4.345611631870269775e-01
9.914892911911010742e-01 4.528044462203979492e-01
9.924979209899902344e-01 4.766274690628051758e-01
9.935065507888793945e-01 4.612813889980316162e-01
9.945151805877685547e-01 4.597125351428985596e-01
9.955238103866577148e-01 4.850216507911682129e-01
9.965324401855468750e-01 4.771468639373779297e-01
9.975410699844360352e-01 4.444536864757537842e-01
9.985496997833251953e-01 4.774063527584075928e-01
9.995583891868591309e-01 5.040732026100158691e-01
1.000566959381103516e+00 4.897743165493011475e-01
1.001575589179992676e+00 4.823993742465972900e-01
1.002584218978881836e+00 5.024353861808776855e-01
1.003592848777770996e+00 4.883313775062561035e-01
1.004601597785949707e+00 4.883681535720825195e-01
1.005610227584838867e+00 4.908556938171386719e-01
1.006618857383728027e+00 5.088197588920593262e-01
1.007627487182617188e+00 5.186507701873779297e-01
1.008636116981506348e+00 5.137688517570495605e-01
1.009644746780395508e+00 4.984265863895416260e-01
1.010653376579284668e+00 5.210566520690917969e-01
1.011662006378173828e+00 4.964299201965332031e-01
1.012670636177062988e+00 5.380196571350097656e-01
1.013679265975952148e+00 5.345244407653808594e-01
1.014687895774841309e+00 5.275270342826843262e-01
1.015696525573730469e+00 5.706657171249389648e-01
1.016705155372619629e+00 5.331958532333374023e-01
1.017713785171508789e+00 5.162369012832641602e-01
1.018722414970397949e+00 5.544924736022949219e-01
1.019731044769287109e+00 5.179958343505859375e-01
1.020739674568176270e+00 5.220388174057006836e-01
1.021748304367065430e+00 5.148408412933349609e-01
1.022756934165954590e+00 5.053018331527709961e-01
1.023765683174133301e+00 5.124087929725646973e-01
1.024774312973022461e+00 5.318149924278259277e-01
1.025782942771911621e+00 5.441632270812988281e-01
1.026791572570800781e+00 5.568355321884155273e-01
1.027800202369689941e+00 5.620083212852478027e-01
1.028808832168579102e+00 5.552368164062500000e-01
1.029817461967468262e+00 5.847888588905334473e-01
1.030826091766357422e+00 5.737643241882324219e-01
1.031834721565246582e+00 5.875192880630493164e-01
1.032843351364135742e+00 5.632891654968261719e-01
1.033851981163024902e+00 5.395505428314208984e-01
1.034860610961914062e+00 5.577714443206787109e-01
1.035869240760803223e+00 5.510318279266357422e-01
1.036877870559692383e+00 5.478886365890502930e-01
1.037886500358581543e+00 5.161446332931518555e-01
1.038895130157470703e+00 5.424683690071105957e-01
1.039903759956359863e+00 5.296288132667541504e-01
1.040912389755249023e+00 5.126675367355346680e-01
1.041921019554138184e+00 5.800615549087524414e-01
1.042929768562316895e+00 5.900250673294067383e-01
1.043938398361206055e+00 5.838646888732910156e-01
1.044947028160095215e+00 5.961806178092956543e-01
1.045955657958984375e+00 5.890420675277709961e-01
1.046964287757873535e+00 5.630143880844116211e-01
1.047972917556762695e+00 5.983604788780212402e-01
1.048981547355651855e+00 6.087207794189453125e-01
1.049990177154541016e+00 6.197245121002197266e-01
1.050998806953430176e+00 6.103837490081787109e-01
1.052007436752319336e+00 5.938982367515563965e-01
1.053016066551208496e+00 5.817980170249938965e-01
1.054024696350097656e+00 6.080666184425354004e-01
1.055033326148986816e+00 6.120364069938659668e-01
1.056041955947875977e+00 6.370667219161987305e-01
1.057050585746765137e+00 6.360839605331420898e-01
1.058059215545654297e+00 6.191650032997131348e-01
1.059067845344543457e+00 6.115871071815490723e-01
1.060076475143432617e+00 5.988155007362365723e-01
1.061085104942321777e+00 6.414658427238464355e-01
1.062093853950500488e+00 6.082484126091003418e-01
1.063102483749389648e+00 6.074241399765014648e-01
1.064111113548278809e+00 6.240815520286560059e-01
1.065119743347167969e+00 6.712983846664428711e-01
1.066128373146057129e+00 6.896550655364990234e-01
1.067137002944946289e+00 7.039924860000610352e-01
1.068145632743835449e+00 6.203250288963317871e-01
1.069154262542724609e+00 6.338610053062438965e-01
1.070162892341613770e+00 6.710646748542785645e-01
1.071171522140502930e+00 6.691462397575378418e-01
1.072180151939392090e+00 6.891101002693176270e-01
1.073188781738281250e+00 6.813950538635253906e-01
1.074197411537170410e+00 6.195349693298339844e-01
1.075206041336059570e+00 6.337842941284179688e-01
1.076214671134948730e+00 6.743386983871459961e-01
1.077223300933837891e+00 6.685333847999572754e-01
1.078231930732727051e+00 7.104238271713256836e-01
1.079240560531616211e+00 6.853076815605163574e-01
1.080249190330505371e+00 7.096684575080871582e-01
1.081257939338684082e+00 6.863691210746765137e-01
1.082266569137573242e+00 7.000365853309631348e-01
1.083275198936462402e+00 7.406919002532958984e-01
1.084283828735351562e+00 7.095084190368652344e-01
1.085292458534240723e+00 6.872953772544860840e-01
1.086301088333129883e+00 6.951252222061157227e-01
1.087309718132019043e+00 7.024171352386474609e-01
1.088318347930908203e+00 6.668159365653991699e-01
1.089326977729797363e+00 6.791951656341552734e-01
1.090335607528686523e+00 7.258043289184570312e-01
1.091344237327575684e+00 7.139023542404174805e-01
1.092352867126464844e+00 7.225040197372436523e-01
1.093361496925354004e+00 7.720722556114196777e-01
1.094370126724243164e+00 7.271980047225952148e-01
1.095378756523132324e+00 7.666140198707580566e-01
1.096387386322021484e+00 7.251732945442199707e-01
1.097396016120910645e+00 6.845686435699462891e-01
1.098404645919799805e+00 7.232121825218200684e-01
1.099413275718688965e+00 7.071750760078430176e-01
1.100422024726867676e+00 7.643538117408752441e-01
1.101430654525756836e+00 6.597003340721130371e-01
1.102439284324645996e+00 7.265725135803222656e-01
1.103447914123535156e+00 7.594025731086730957e-01
1.104456543922424316e+00 8.208885788917541504e-01
1.105465173721313477e+00 7.961260676383972168e-01
1.106473803520202637e+00 8.421605825424194336e-01
1.107482433319091797e+00 7.564884424209594727e-01
1.108491063117980957e+00 7.857301235198974609e-01
1.109499692916870117e+00 7.929292917251586914e-01
1.110508322715759277e+00 8.160728216171264648e-01
1.111516952514648438e+00 7.966826558113098145e-01
1.112525582313537598e+00 7.516219019889831543e-01
1.113534212112426758e+00 8.028968572616577148e-01
1.114542841911315918e+00 7.802082896232604980e-01
1.115551471710205078e+00 8.923118114471435547e-01
1.116560101509094238e+00 8.519402146339416504e-01
1.117568731307983398e+00 7.746381163597106934e-01
1.118577361106872559e+00 7.921075224876403809e-01
1.119586110115051270e+00 8.304110169410705566e-01
1.120594739913940430e+00 7.849138379096984863e-01
1.121603369712829590e+00 8.898066878318786621e-01
1.122611999511718750e+00 8.602552413940429688e-01
1.123620629310607910e+00 8.011065125465393066e-01
1.124629259109497070e+00 8.282746672630310059e-01
1.125637888908386230e+00 8.322200179100036621e-01
1.126646518707275391e+00 7.845142483711242676e-01
1.127655148506164551e+00 8.891628980636596680e-01
1.128663778305053711e+00 9.034624099731445312e-01
1.129672408103942871e+00 8.147908449172973633e-01
1.130681037902832031e+00 9.191857576370239258e-01
1.131689667701721191e+00 8.386422991752624512e-01
1.132698297500610352e+00 8.845039010047912598e-01
1.133706927299499512e+00 8.780933618545532227e-01
1.134715557098388672e+00 8.601628541946411133e-01
1.135724186897277832e+00 8.576572537422180176e-01
1.136732816696166992e+00 8.877698183059692383e-01
1.137741446495056152e+00 8.126843571662902832e-01
1.138750195503234863e+00 8.322002291679382324e-01
1.139758825302124023e+00 8.855350017547607422e-01
1.140767455101013184e+00 8.353751301765441895e-01
1.141776084899902344e+00 8.631361126899719238e-01
1.142784714698791504e+00 9.039565920829772949e-01
1.143793344497680664e+00 9.098848104476928711e-01
1.144801974296569824e+00 9.256044030189514160e-01
1.145810604095458984e+00 9.309118986129760742e-01
1.146819233894348145e+00 9.430671334266662598e-01
1.147827863693237305e+00 8.664300441741943359e-01
1.148836493492126465e+00 8.682014346122741699e-01
1.149845123291015625e+00 9.405411481857299805e-01
1.150853753089904785e+00 9.353101253509521484e-01
1.151862382888793945e+00 8.082217574119567871e-01
1.152871012687683105e+00 8.261356949806213379e-01
1.153879642486572266e+00 8.727540969848632812e-01
1.154888272285461426e+00 8.051216602325439453e-01
1.155896902084350586e+00 8.603189587593078613e-01
1.156905531883239746e+00 8.431103825569152832e-01
1.157914280891418457e+00 8.696532249450683594e-01
1.158922910690307617e+00 8.851107358932495117e-01
1.159931540489196777e+00 9.049847722053527832e-01
1.160940170288085938e+00 1.021487593650817871e+00
1.161948800086975098e+00 9.671421647071838379e-01
1.162957429885864258e+00 8.582810163497924805e-01
1.163966059684753418e+00 8.953334093093872070e-01
1.164974689483642578e+00 9.396008849143981934e-01
1.165983319282531738e+00 9.267702102661132812e-01
1.166991949081420898e+00 9.071170687675476074e-01
1.168000578880310059e+00 8.970606327056884766e-01
1.169009208679199219e+00 8.503696322441101074e-01
1.170017838478088379e+00 8.527692556381225586e-01
1.171026468276977539e+00 9.435865879058837891e-01
1.172035098075866699e+00 7.397363781929016113e-01
1.173043727874755859e+00 7.893104553222656250e-01
1.174052357673645020e+00 7.742465138435363770e-01
1.175060987472534180e+00 8.793446421623229980e-01
1.176069617271423340e+00 9.066919088363647461e-01
1.177078366279602051e+00 9.354057908058166504e-01
1.178086996078491211e+00 8.708913922309875488e-01
1.179095625877380371e+00 8.459002375602722168e-01
1.180104255676269531e+00 9.431567788124084473e-01
1.181112885475158691e+00 1.001433968544006348e+00
1.182121515274047852e+00 9.982993006706237793e-01
1.183130145072937012e+00 9.755884408950805664e-01
1.184138774871826172e+00 9.397960305213928223e-01
1.185147404670715332e+00 8.600034713745117188e-01
1.186156034469604492e+00 1.007595777511596680e+00
1.187164664268493652e+00 1.171063303947448730e+00
1.188173294067382812e+00 9.379217028617858887e-01
1.189181923866271973e+00 9.750669002532958984e-01
1.190190553665161133e+00 7.658250331878662109e-01
1.191199183464050293e+00 8.250427842140197754e-01
1.192207813262939453e+00 8.524716496467590332e-01
1.193216443061828613e+00 8.832845687866210938e-01
1.194225072860717773e+00 9.483616948127746582e-01
1.195233702659606934e+00 1.053663372993469238e+00
1.196242451667785645e+00 9.433704614639282227e-01
1.197251081466674805e+00 9.552439451217651367e-01
1.198259711265563965e+00 1.054934978485107422e+00
1.199268341064453125e+00 1.050145030021667480e+00
1.200276970863342285e+00 9.406010508537292480e-01
1.201285600662231445e+00 9.853907227516174316e-01
1.202294230461120605e+00 9.194048643112182617e-01
1.203302860260009766e+00 1.194771885871887207e+00
1.204311490058898926e+00 1.028688311576843262e+00
1.205320119857788086e+00 1.077710986137390137e+00
1.206328749656677246e+00 1.089716911315917969e+00
1.207337379455566406e+00 1.034244298934936523e+00
1.208346009254455566e+00 7.574245929718017578e-01
1.209354639053344727e+00 7.540509700775146484e-01
