0.000000000000000000e+00 1.174288085937500000e+04
1.008636085316538811e-03 9.033854492187500000e+03
2.017272170633077621e-03 6.513622558593750000e+03
3.025908255949616432e-03 4.865142578125000000e+03
4.034544341266155243e-03 3.866911376953125000e+03
5.043180659413337708e-03 3.068734863281250000e+03
6.051816511899232864e-03 2.437243408203125000e+03
7.060452364385128021e-03 1.957411743164062500e+03
8.069088682532310486e-03 1.601528564453125000e+03
9.077725000679492950e-03 1.322959594726562500e+03
1.008636131882667542e-02 1.096125488281250000e+03
1.109499670565128326e-02 9.260842895507812500e+02
1.210363302379846573e-02 7.773755493164062500e+02
1.311226934194564819e-02 6.638628540039062500e+02
1.412090472877025604e-02 5.712953491210937500e+02
1.512954104691743851e-02 4.951665039062500000e+02
1.613817736506462097e-02 4.345792846679687500e+02
1.714681275188922882e-02 3.761271057128906250e+02
1.815545000135898590e-02 3.365577697753906250e+02
1.916408538818359375e-02 2.941693115234375000e+02
2.017272263765335083e-02 2.614273681640625000e+02
2.118135802447795868e-02 2.335969696044921875e+02
2.218999341130256653e-02 2.077918853759765625e+02
2.319863066077232361e-02 1.853938903808593750e+02
2.420726604759693146e-02 1.679946441650390625e+02
2.521590143442153931e-02 1.512404022216796875e+02
2.622453868389129639e-02 1.369148559570312500e+02
2.723317407071590424e-02 1.243854293823242188e+02
2.824180945754051208e-02 1.149055252075195312e+02
2.925044670701026917e-02 1.039363708496093750e+02
3.025908209383487701e-02 9.491067504882812500e+01
3.126771748065948486e-02 8.763578796386718750e+01
3.227635473012924194e-02 8.036516571044921875e+01
3.328499197959899902e-02 7.433720397949218750e+01
3.429362550377845764e-02 6.812956237792968750e+01
3.530226275324821472e-02 6.270777130126953125e+01
3.631090000271797180e-02 5.825108718872070312e+01
3.731953352689743042e-02 5.427678680419921875e+01
3.832817077636718750e-02 5.050378036499023438e+01
3.933680802583694458e-02 4.674625778198242188e+01
4.034544527530670166e-02 4.352308273315429688e+01
4.135407879948616028e-02 4.096020889282226562e+01
4.236271604895591736e-02 3.808482360839843750e+01
4.337135329842567444e-02 3.580347442626953125e+01
4.437998682260513306e-02 3.369577789306640625e+01
4.538862407207489014e-02 3.133077812194824219e+01
4.639726132154464722e-02 2.970282173156738281e+01
4.740589484572410583e-02 2.796938133239746094e+01
4.841453209519386292e-02 2.647206878662109375e+01
4.942316934466362000e-02 2.481846046447753906e+01
5.043180286884307861e-02 2.352925491333007812e+01
5.144044011831283569e-02 2.253131103515625000e+01
5.244907736778259277e-02 2.122600173950195312e+01
5.345771089196205139e-02 2.002161598205566406e+01
5.446634814143180847e-02 1.916247177124023438e+01
5.547498539090156555e-02 1.808223152160644531e+01
5.648361891508102417e-02 1.746605491638183594e+01
5.749225616455078125e-02 1.644017982482910156e+01
5.850089341402053833e-02 1.591525077819824219e+01
5.950953066349029541e-02 1.522013187408447266e+01
6.051816418766975403e-02 1.459815597534179688e+01
6.152680143713951111e-02 1.404541969299316406e+01
6.253543496131896973e-02 1.322941589355468750e+01
6.354407221078872681e-02 1.256654644012451172e+01
6.455270946025848389e-02 1.207204818725585938e+01
6.556134670972824097e-02 1.180168342590332031e+01
6.656998395919799805e-02 1.153597927093505859e+01
6.757862120866775513e-02 1.102566337585449219e+01
6.858725100755691528e-02 1.052872085571289062e+01
6.959588825702667236e-02 1.033609104156494141e+01
7.060452550649642944e-02 9.965450286865234375e+00
7.161316275596618652e-02 9.477535247802734375e+00
7.262180000543594360e-02 9.219476699829101562e+00
7.363043725490570068e-02 9.102376937866210938e+00
7.463906705379486084e-02 8.721420288085937500e+00
7.564770430326461792e-02 8.480051994323730469e+00
7.665634155273437500e-02 8.298818588256835938e+00
7.766497880220413208e-02 7.931015491485595703e+00
7.867361605167388916e-02 7.969420433044433594e+00
7.968225330114364624e-02 7.701653480529785156e+00
8.069089055061340332e-02 7.450998306274414062e+00
8.169952034950256348e-02 7.342986583709716797e+00
8.270815759897232056e-02 7.037270069122314453e+00
8.371679484844207764e-02 6.925992965698242188e+00
8.472543209791183472e-02 6.715852737426757812e+00
8.573406934738159180e-02 6.570452690124511719e+00
8.674270659685134888e-02 6.419343948364257812e+00
8.775133639574050903e-02 6.382385730743408203e+00
8.875997364521026611e-02 6.094884395599365234e+00
8.976861089468002319e-02 6.090415954589843750e+00
9.077724814414978027e-02 5.796614170074462891e+00
9.178588539361953735e-02 5.774490356445312500e+00
9.279452264308929443e-02 5.610515117645263672e+00
9.380315244197845459e-02 5.633861064910888672e+00
9.481178969144821167e-02 5.483079433441162109e+00
9.582042694091796875e-02 5.347137451171875000e+00
9.682906419038772583e-02 5.233433246612548828e+00
9.783770143985748291e-02 5.141070842742919922e+00
9.884633868932723999e-02 5.113305091857910156e+00
9.985497593879699707e-02 5.055114746093750000e+00
1.008636057376861572e-01 4.984393119812011719e+00
1.018722429871559143e-01 4.903770923614501953e+00
1.028808802366256714e-01 4.836368083953857422e+00
1.038895174860954285e-01 4.831840515136718750e+00
1.048981547355651855e-01 4.628670215606689453e+00
1.059067919850349426e-01 4.623888015747070312e+00
1.069154217839241028e-01 4.606365203857421875e+00
1.079240590333938599e-01 4.519443035125732422e+00
1.089326962828636169e-01 4.399812698364257812e+00
1.099413335323333740e-01 4.381446361541748047e+00
1.109499707818031311e-01 4.285676002502441406e+00
1.119586080312728882e-01 4.302537441253662109e+00
1.129672378301620483e-01 4.264842987060546875e+00
1.139758750796318054e-01 4.162804603576660156e+00
1.149845123291015625e-01 4.077247142791748047e+00
1.159931495785713196e-01 4.036417007446289062e+00
1.170017868280410767e-01 4.036274909973144531e+00
1.180104240775108337e-01 4.005476951599121094e+00
1.190190613269805908e-01 3.936579227447509766e+00
1.200276911258697510e-01 3.921489000320434570e+00
1.210363283753395081e-01 3.825037717819213867e+00
1.220449656248092651e-01 3.817470312118530273e+00
1.230536028742790222e-01 3.814872741699218750e+00
1.240622401237487793e-01 3.743522882461547852e+00
1.250708699226379395e-01 3.678611993789672852e+00
1.260795146226882935e-01 3.602209806442260742e+00
1.270881444215774536e-01 3.671164512634277344e+00
1.280967891216278076e-01 3.668927907943725586e+00
1.291054189205169678e-01 3.504800796508789062e+00
1.301140487194061279e-01 3.517734766006469727e+00
1.311226934194564819e-01 3.473587989807128906e+00
1.321313232183456421e-01 3.448190689086914062e+00
1.331399679183959961e-01 3.492040872573852539e+00
1.341485977172851562e-01 3.438327312469482422e+00
1.351572424173355103e-01 3.358415603637695312e+00
1.361658722162246704e-01 3.392772912979125977e+00
1.371745020151138306e-01 3.356318712234497070e+00
1.381831467151641846e-01 3.279287338256835938e+00
1.391917765140533447e-01 3.299262285232543945e+00
1.402004212141036987e-01 3.262568473815917969e+00
1.412090510129928589e-01 3.274554014205932617e+00
1.422176808118820190e-01 3.278945684432983398e+00
1.432263255119323730e-01 3.248330354690551758e+00
1.442349553108215332e-01 3.146024227142333984e+00
1.452436000108718872e-01 3.113619089126586914e+00
1.462522298097610474e-01 3.075074911117553711e+00
1.472608745098114014e-01 3.162879705429077148e+00
1.482695043087005615e-01 3.120460510253906250e+00
1.492781341075897217e-01 3.052484512329101562e+00
1.502867788076400757e-01 3.054753541946411133e+00
1.512954086065292358e-01 2.994888782501220703e+00
1.523040533065795898e-01 2.996488571166992188e+00
1.533126831054687500e-01 2.979361772537231445e+00
1.543213278055191040e-01 3.003924846649169922e+00
1.553299576044082642e-01 2.908670663833618164e+00
1.563385874032974243e-01 2.935083866119384766e+00
1.573472321033477783e-01 2.872876405715942383e+00
1.583558619022369385e-01 2.881951570510864258e+00
1.593645066022872925e-01 2.857695817947387695e+00
1.603731364011764526e-01 2.871149539947509766e+00
1.613817811012268066e-01 2.814919710159301758e+00
1.623904109001159668e-01 2.768335580825805664e+00
1.633990406990051270e-01 2.808834075927734375e+00
1.644076853990554810e-01 2.808454990386962891e+00
1.654163151979446411e-01 2.776477813720703125e+00
1.664249598979949951e-01 2.704991340637207031e+00
1.674335896968841553e-01 2.779933691024780273e+00
1.684422194957733154e-01 2.737789154052734375e+00
1.694508641958236694e-01 2.676808357238769531e+00
1.704594939947128296e-01 2.743892669677734375e+00
1.714681386947631836e-01 2.742374658584594727e+00
1.724767684936523438e-01 2.706215858459472656e+00
1.734854131937026978e-01 2.696895599365234375e+00
1.744940429925918579e-01 2.635494947433471680e+00
1.755026727914810181e-01 2.723874330520629883e+00
1.765113174915313721e-01 2.598810911178588867e+00
1.775199472904205322e-01 2.570482730865478516e+00
1.785285919904708862e-01 2.626742124557495117e+00
1.795372217893600464e-01 2.592988491058349609e+00
1.805458664894104004e-01 2.590769052505493164e+00
1.815544962882995605e-01 2.610283613204956055e+00
1.825631260871887207e-01 2.549622058868408203e+00
1.835717707872390747e-01 2.521530151367187500e+00
1.845804005861282349e-01 2.579594373703002930e+00
1.855890452861785889e-01 2.529454231262207031e+00
1.865976750850677490e-01 2.578246355056762695e+00
1.876063048839569092e-01 2.475776433944702148e+00
1.886149495840072632e-01 2.523592472076416016e+00
1.896235793828964233e-01 2.530916452407836914e+00
1.906322240829467773e-01 2.526494503021240234e+00
1.916408538818359375e-01 2.487718582153320312e+00
1.926494985818862915e-01 2.471008777618408203e+00
1.936581283807754517e-01 2.505709648132324219e+00
1.946667581796646118e-01 2.478118419647216797e+00
1.956754028797149658e-01 2.429762840270996094e+00
1.966840326786041260e-01 2.496339082717895508e+00
1.976926773786544800e-01 2.506078720092773438e+00
1.987013071775436401e-01 2.428630828857421875e+00
1.997099518775939941e-01 2.372294664382934570e+00
2.007185816764831543e-01 2.442984342575073242e+00
2.017272114753723145e-01 2.409542322158813477e+00
2.027358561754226685e-01 2.394423961639404297e+00
2.037444859743118286e-01 2.369188070297241211e+00
2.047531306743621826e-01 2.418027162551879883e+00
2.057617604732513428e-01 2.372532844543457031e+00
2.067703902721405029e-01 2.388508796691894531e+00
2.077790349721908569e-01 2.335192441940307617e+00
2.087876647710800171e-01 2.339461326599121094e+00
2.097963094711303711e-01 2.314943313598632812e+00
2.108049392700195312e-01 2.313872575759887695e+00
2.118135839700698853e-01 2.276741981506347656e+00
2.128222137689590454e-01 2.340097904205322266e+00
2.138308435678482056e-01 2.309415578842163086e+00
2.148394882678985596e-01 2.302520990371704102e+00
2.158481180667877197e-01 2.314082145690917969e+00
2.168567627668380737e-01 2.288325548171997070e+00
2.178653925657272339e-01 2.267940044403076172e+00
2.188740372657775879e-01 2.293360233306884766e+00
2.198826670646667480e-01 2.291939735412597656e+00
2.208912968635559082e-01 2.270448446273803711e+00
2.218999415636062622e-01 2.306515932083129883e+00
2.229085713624954224e-01 2.199109077453613281e+00
2.239172160625457764e-01 2.202439069747924805e+00
2.249258458614349365e-01 2.204487085342407227e+00
2.259344756603240967e-01 2.224835157394409180e+00
2.269431203603744507e-01 2.208254098892211914e+00
2.279517501592636108e-01 2.222873449325561523e+00
2.289603948593139648e-01 2.227145910263061523e+00
2.299690246582031250e-01 2.193008184432983398e+00
2.309776693582534790e-01 2.170935869216918945e+00
2.319862991571426392e-01 2.158655881881713867e+00
2.329949289560317993e-01 2.196702003479003906e+00
2.340035736560821533e-01 2.181795120239257812e+00
2.350122034549713135e-01 2.168642997741699219e+00
2.360208481550216675e-01 2.167000293731689453e+00
2.370294779539108276e-01 2.128268480300903320e+00
2.380381226539611816e-01 2.132099151611328125e+00
2.390467524528503418e-01 2.166762828826904297e+00
2.400553822517395020e-01 2.131986618041992188e+00
2.410640269517898560e-01 2.125537872314453125e+00
2.420726567506790161e-01 2.198312044143676758e+00
2.430813014507293701e-01 2.259528636932373047e+00
2.440899312496185303e-01 2.105635881423950195e+00
2.450985759496688843e-01 2.139242172241210938e+00
2.461072057485580444e-01 2.105522155761718750e+00
2.471158355474472046e-01 2.074046850204467773e+00
2.481244802474975586e-01 2.125931262969970703e+00
2.491331100463867188e-01 2.137270450592041016e+00
2.501417398452758789e-01 2.121214389801025391e+00
2.511503994464874268e-01 2.092811107635498047e+00
2.521590292453765869e-01 2.095760583877563477e+00
2.531676590442657471e-01 2.047268390655517578e+00
2.541762888431549072e-01 2.077315330505371094e+00
2.551849186420440674e-01 2.073958873748779297e+00
2.561935782432556152e-01 2.051303625106811523e+00
2.572022080421447754e-01 2.075144529342651367e+00
2.582108378410339355e-01 2.038061857223510742e+00
2.592194676399230957e-01 2.033621788024902344e+00
2.602280974388122559e-01 2.080668210983276367e+00
2.612367570400238037e-01 2.040445089340209961e+00
2.622453868389129639e-01 2.042303562164306641e+00
2.632540166378021240e-01 2.009004116058349609e+00
2.642626464366912842e-01 2.031881809234619141e+00
2.652712762355804443e-01 2.020215272903442383e+00
2.662799358367919922e-01 1.979947924613952637e+00
2.672885656356811523e-01 1.990041971206665039e+00
2.682971954345703125e-01 1.982001900672912598e+00
2.693058252334594727e-01 2.014364957809448242e+00
2.703144848346710205e-01 1.968957304954528809e+00
2.713231146335601807e-01 2.004632949829101562e+00
2.723317444324493408e-01 1.982438802719116211e+00
2.733403742313385010e-01 2.022090196609497070e+00
2.743490040302276611e-01 1.993708491325378418e+00
2.753576636314392090e-01 1.994010329246520996e+00
2.763662934303283691e-01 1.983423471450805664e+00
2.773749232292175293e-01 1.996198654174804688e+00
2.783835530281066895e-01 1.980267286300659180e+00
2.793921828269958496e-01 1.948662281036376953e+00
2.804008424282073975e-01 1.966017723083496094e+00
2.814094722270965576e-01 1.972236871719360352e+00
2.824181020259857178e-01 1.980762600898742676e+00
2.834267318248748779e-01 1.947158455848693848e+00
2.844353616237640381e-01 1.956566095352172852e+00
2.854440212249755859e-01 1.957040429115295410e+00
2.864526510238647461e-01 1.968639373779296875e+00
2.874612808227539062e-01 1.950268268585205078e+00
2.884699106216430664e-01 1.962507367134094238e+00
2.894785702228546143e-01 1.971030235290527344e+00
2.904872000217437744e-01 1.941394686698913574e+00
2.914958298206329346e-01 1.911415815353393555e+00
2.925044596195220947e-01 1.925292134284973145e+00
2.935130894184112549e-01 1.934354543685913086e+00
2.945217490196228027e-01 1.948916912078857422e+00
2.955303788185119629e-01 1.914040446281433105e+00
2.965390086174011230e-01 1.915916919708251953e+00
2.975476384162902832e-01 1.916335225105285645e+00
2.985562682151794434e-01 1.908581733703613281e+00
2.995649278163909912e-01 1.921181678771972656e+00
3.005735576152801514e-01 1.904066085815429688e+00
3.015821874141693115e-01 1.909165382385253906e+00
3.025908172130584717e-01 1.882574319839477539e+00
3.035994470119476318e-01 1.894097089767456055e+00
3.046081066131591797e-01 1.909928560256958008e+00
3.056167364120483398e-01 1.912007212638854980e+00
3.066253662109375000e-01 1.909267425537109375e+00
3.076339960098266602e-01 1.904487609863281250e+00
3.086426556110382080e-01 1.884644269943237305e+00
3.096512854099273682e-01 1.889549732208251953e+00
3.106599152088165283e-01 1.856707334518432617e+00
3.116685450077056885e-01 1.882371425628662109e+00
3.126771748065948486e-01 1.854088544845581055e+00
3.136858344078063965e-01 1.858981132507324219e+00
3.146944642066955566e-01 1.886799216270446777e+00
3.157030940055847168e-01 1.898898363113403320e+00
3.167117238044738770e-01 1.889288544654846191e+00
3.177203536033630371e-01 1.869252562522888184e+00
3.187290132045745850e-01 1.872161746025085449e+00
3.197376430034637451e-01 1.868396043777465820e+00
3.207462728023529053e-01 1.846465826034545898e+00
3.217549026012420654e-01 1.849959731101989746e+00
3.227635622024536133e-01 1.871117234230041504e+00
3.237721920013427734e-01 1.808965444564819336e+00
3.247808218002319336e-01 1.854844450950622559e+00
3.257894515991210938e-01 1.853152036666870117e+00
3.267980813980102539e-01 1.846937775611877441e+00
3.278067409992218018e-01 1.844389081001281738e+00
3.288153707981109619e-01 1.868196010589599609e+00
3.298240005970001221e-01 1.858957409858703613e+00
3.308326303958892822e-01 1.832895159721374512e+00
3.318412601947784424e-01 1.810898184776306152e+00
3.328499197959899902e-01 1.844246625900268555e+00
3.338585495948791504e-01 1.883915901184082031e+00
3.348671793937683105e-01 1.849980354309082031e+00
3.358758091926574707e-01 1.858869194984436035e+00
3.368844389915466309e-01 1.850644111633300781e+00
3.378930985927581787e-01 1.851705908775329590e+00
3.389017283916473389e-01 1.856813192367553711e+00
3.399103581905364990e-01 1.835858345031738281e+00
3.409189879894256592e-01 1.832492947578430176e+00
3.419276475906372070e-01 1.843389034271240234e+00
3.429362773895263672e-01 1.853309035301208496e+00
3.439449071884155273e-01 1.853335022926330566e+00
3.449535369873046875e-01 1.808867573738098145e+00
3.459621667861938477e-01 1.837860941886901855e+00
3.469708263874053955e-01 1.823287248611450195e+00
3.479794561862945557e-01 1.830167293548583984e+00
3.489880859851837158e-01 1.816035151481628418e+00
3.499967157840728760e-01 1.829071879386901855e+00
3.510053455829620361e-01 1.814700484275817871e+00
3.520140051841735840e-01 1.827426791191101074e+00
3.530226349830627441e-01 1.791839122772216797e+00
3.540312647819519043e-01 1.818564057350158691e+00
3.550398945808410645e-01 1.821119546890258789e+00
3.560485243797302246e-01 1.809349179267883301e+00
3.570571839809417725e-01 1.784440398216247559e+00
3.580658137798309326e-01 1.845706820487976074e+00
3.590744435787200928e-01 1.820170044898986816e+00
3.600830733776092529e-01 1.824133753776550293e+00
3.610917329788208008e-01 1.794198989868164062e+00
3.621003627777099609e-01 1.818400979042053223e+00
3.631089925765991211e-01 1.811851382255554199e+00
3.641176223754882812e-01 1.800766468048095703e+00
3.651262521743774414e-01 1.803021669387817383e+00
3.661349117755889893e-01 1.800682067871093750e+00
3.671435415744781494e-01 1.808450460433959961e+00
3.681521713733673096e-01 1.815623044967651367e+00
3.691608011722564697e-01 1.790387034416198730e+00
3.701694309711456299e-01 1.812228322029113770e+00
3.711780905723571777e-01 1.780655741691589355e+00
3.721867203712463379e-01 1.784411430358886719e+00
3.731953501701354980e-01 1.782220602035522461e+00
3.742039799690246582e-01 1.773714423179626465e+00
3.752126097679138184e-01 1.812483549118041992e+00
3.762212693691253662e-01 1.777056694030761719e+00
3.772298991680145264e-01 1.790579319000244141e+00
3.782385289669036865e-01 1.811182737350463867e+00
3.792471587657928467e-01 1.802981734275817871e+00
3.802558183670043945e-01 1.786619305610656738e+00
3.812644481658935547e-01 1.768640279769897461e+00
3.822730779647827148e-01 1.800528168678283691e+00
3.832817077636718750e-01 1.798480987548828125e+00
3.842903375625610352e-01 1.775458335876464844e+00
3.852989971637725830e-01 1.820122599601745605e+00
3.863076269626617432e-01 1.807647466659545898e+00
3.873162567615509033e-01 1.812671780586242676e+00
3.883248865604400635e-01 1.771537303924560547e+00
3.893335163593292236e-01 1.771538734436035156e+00
3.903421759605407715e-01 1.761929750442504883e+00
3.913508057594299316e-01 1.800705671310424805e+00
3.923594355583190918e-01 1.807011365890502930e+00
3.933680653572082520e-01 1.777269005775451660e+00
3.943766951560974121e-01 1.779625654220581055e+00
3.953853547573089600e-01 1.770077109336853027e+00
3.963939845561981201e-01 1.772044420242309570e+00
3.974026143550872803e-01 1.780196189880371094e+00
3.984112441539764404e-01 1.770635247230529785e+00
3.994199037551879883e-01 1.747099757194519043e+00
4.004285335540771484e-01 1.769425511360168457e+00
4.014371633529663086e-01 1.803196668624877930e+00
4.024457931518554688e-01 1.787009954452514648e+00
4.034544229507446289e-01 1.796921610832214355e+00
4.044630825519561768e-01 1.762284994125366211e+00
4.054717123508453369e-01 1.745186924934387207e+00
4.064803421497344971e-01 1.761387109756469727e+00
4.074889719486236572e-01 1.788051724433898926e+00
4.084976017475128174e-01 1.799322128295898438e+00
4.095062613487243652e-01 1.788795948028564453e+00
4.105148911476135254e-01 1.778307676315307617e+00
4.115235209465026855e-01 1.801518321037292480e+00
4.125321507453918457e-01 1.789453029632568359e+00
4.135407805442810059e-01 1.766329050064086914e+00
4.145494401454925537e-01 1.775775313377380371e+00
4.155580699443817139e-01 1.770482659339904785e+00
4.165666997432708740e-01 1.763070940971374512e+00
4.175753295421600342e-01 1.763972401618957520e+00
4.185839891433715820e-01 1.781996011734008789e+00
4.195926189422607422e-01 1.766017317771911621e+00
4.206012487411499023e-01 1.768751382827758789e+00
4.216098785400390625e-01 1.798160195350646973e+00
4.226185083389282227e-01 1.766217231750488281e+00
4.236271679401397705e-01 1.741996288299560547e+00
4.246357977390289307e-01 1.768408536911010742e+00
4.256444275379180908e-01 1.761355757713317871e+00
4.266530573368072510e-01 1.745568156242370605e+00
4.276616871356964111e-01 1.736642241477966309e+00
4.286703467369079590e-01 1.751819968223571777e+00
4.296789765357971191e-01 1.743834376335144043e+00
4.306876063346862793e-01 1.780544042587280273e+00
4.316962361335754395e-01 1.776886820793151855e+00
4.327048659324645996e-01 1.783446192741394043e+00
4.337135255336761475e-01 1.760846018791198730e+00
4.347221553325653076e-01 1.774614691734313965e+00
4.357307851314544678e-01 1.781849741935729980e+00
4.367394149303436279e-01 1.766053438186645508e+00
4.377480745315551758e-01 1.747004747390747070e+00
4.387567043304443359e-01 1.742518782615661621e+00
4.397653341293334961e-01 1.747419834136962891e+00
4.407739639282226562e-01 1.748521447181701660e+00
4.417825937271118164e-01 1.765119433403015137e+00
4.427912533283233643e-01 1.752982854843139648e+00
4.437998831272125244e-01 1.768552660942077637e+00
4.448085129261016846e-01 1.748489379882812500e+00
4.458171427249908447e-01 1.739034295082092285e+00
4.468257725238800049e-01 1.743421077728271484e+00
4.478344321250915527e-01 1.743150472640991211e+00
4.488430619239807129e-01 1.731649279594421387e+00
4.498516917228698730e-01 1.735996961593627930e+00
4.508603215217590332e-01 1.754538774490356445e+00
4.518689513206481934e-01 1.737409949302673340e+00
4.528776109218597412e-01 1.746863842010498047e+00
4.538862407207489014e-01 1.762583971023559570e+00
4.548948705196380615e-01 1.719501256942749023e+00
4.559035003185272217e-01 1.740783810615539551e+00
4.569121599197387695e-01 1.755921959877014160e+00
4.579207897186279297e-01 1.735491633415222168e+00
4.589294195175170898e-01 1.740503191947937012e+00
4.599380493164062500e-01 1.739040255546569824e+00
4.609466791152954102e-01 1.736324191093444824e+00
4.619553387165069580e-01 1.769836902618408203e+00
4.629639685153961182e-01 1.742863774299621582e+00
4.639725983142852783e-01 1.733729720115661621e+00
4.649812281131744385e-01 1.729746103286743164e+00
4.659898579120635986e-01 1.746515512466430664e+00
4.669985175132751465e-01 1.757911443710327148e+00
4.680071473121643066e-01 1.723511576652526855e+00
4.690157771110534668e-01 1.734324574470520020e+00
4.700244069099426270e-01 1.747416973114013672e+00
4.710330665111541748e-01 1.748654484748840332e+00
4.720416963100433350e-01 1.754073500633239746e+00
4.730503261089324951e-01 1.740864992141723633e+00
4.740589559078216553e-01 1.745039343833923340e+00
4.750675857067108154e-01 1.746840119361877441e+00
4.760762453079223633e-01 1.757507205009460449e+00
4.770848751068115234e-01 1.746990323066711426e+00
4.780935049057006836e-01 1.714968681335449219e+00
4.791021347045898438e-01 1.726878523826599121e+00
4.801107645034790039e-01 1.733190298080444336e+00
4.811194241046905518e-01 1.743270397186279297e+00
4.821280539035797119e-01 1.740052342414855957e+00
4.831366837024688721e-01 1.726560235023498535e+00
4.841453135013580322e-01 1.739759802818298340e+00
4.851539433002471924e-01 1.745876431465148926e+00
4.861626029014587402e-01 1.761795043945312500e+00
4.871712327003479004e-01 1.743241071701049805e+00
4.881798624992370605e-01 1.737790465354919434e+00
4.891884922981262207e-01 1.743462085723876953e+00
4.901971518993377686e-01 1.722626566886901855e+00
4.912057816982269287e-01 1.735447168350219727e+00
4.922144114971160889e-01 1.740016102790832520e+00
4.932230412960052490e-01 1.708510637283325195e+00
4.942316710948944092e-01 1.727969646453857422e+00
4.952403306961059570e-01 1.751237392425537109e+00
4.962489604949951172e-01 1.733359813690185547e+00
4.972575902938842773e-01 1.713269114494323730e+00
4.982662200927734375e-01 1.692025303840637207e+00
4.992748498916625977e-01 1.716184616088867188e+00
5.002834796905517578e-01 1.725287556648254395e+00
5.012921094894409180e-01 1.738547205924987793e+00
5.023007988929748535e-01 1.736508727073669434e+00
5.033094286918640137e-01 1.744526147842407227e+00
5.043180584907531738e-01 1.802990436553955078e+00
5.053266882896423340e-01 1.760017514228820801e+00
5.063353180885314941e-01 1.736826777458190918e+00
5.073439478874206543e-01 1.727526187896728516e+00
5.083525776863098145e-01 1.750387787818908691e+00
5.093612074851989746e-01 1.738826274871826172e+00
5.103698372840881348e-01 1.730861306190490723e+00
5.113784670829772949e-01 1.730539798736572266e+00
5.123871564865112305e-01 1.723691225051879883e+00
5.133957862854003906e-01 1.715881824493408203e+00
5.144044160842895508e-01 1.723683714866638184e+00
5.154130458831787109e-01 1.725194454193115234e+00
5.164216756820678711e-01 1.705363154411315918e+00
5.174303054809570312e-01 1.718808889389038086e+00
5.184389352798461914e-01 1.740744829177856445e+00
5.194475650787353516e-01 1.737639665603637695e+00
5.204561948776245117e-01 1.736006140708923340e+00
5.214648842811584473e-01 1.720928192138671875e+00
5.224735140800476074e-01 1.731447458267211914e+00
5.234821438789367676e-01 1.702972531318664551e+00
5.244907736778259277e-01 1.698881626129150391e+00
5.254994034767150879e-01 1.708124756813049316e+00
5.265080332756042480e-01 1.735337615013122559e+00
5.275166630744934082e-01 1.726944088935852051e+00
5.285252928733825684e-01 1.721174955368041992e+00
5.295339226722717285e-01 1.718207836151123047e+00
5.305425524711608887e-01 1.709601998329162598e+00
5.315512418746948242e-01 1.736593961715698242e+00
5.325598716735839844e-01 1.728948950767517090e+00
5.335685014724731445e-01 1.735376000404357910e+00
5.345771312713623047e-01 1.720145940780639648e+00
5.355857610702514648e-01 1.733285427093505859e+00
5.365943908691406250e-01 1.742322921752929688e+00
5.376030206680297852e-01 1.699174404144287109e+00
5.386116504669189453e-01 1.700543045997619629e+00
5.396202802658081055e-01 1.728861570358276367e+00
5.406289696693420410e-01 1.724062085151672363e+00
5.416375994682312012e-01 1.730506300926208496e+00
5.426462292671203613e-01 1.721626639366149902e+00
5.436548590660095215e-01 1.725154757499694824e+00
5.446634888648986816e-01 1.708430767059326172e+00
5.456721186637878418e-01 1.725453615188598633e+00
5.466807484626770020e-01 1.721815347671508789e+00
5.476893782615661621e-01 1.715922951698303223e+00
5.486980080604553223e-01 1.724455595016479492e+00
5.497066378593444824e-01 1.711575150489807129e+00
5.507153272628784180e-01 1.717196345329284668e+00
5.517239570617675781e-01 1.715010166168212891e+00
5.527325868606567383e-01 1.707874059677124023e+00
5.537412166595458984e-01 1.694576859474182129e+00
5.547498464584350586e-01 1.707495808601379395e+00
5.557584762573242188e-01 1.723484754562377930e+00
5.567671060562133789e-01 1.732107400894165039e+00
5.577757358551025391e-01 1.718580961227416992e+00
5.587843656539916992e-01 1.709655523300170898e+00
5.597930550575256348e-01 1.713859200477600098e+00
5.608016848564147949e-01 1.718549966812133789e+00
5.618103146553039551e-01 1.718671917915344238e+00
5.628189444541931152e-01 1.732911109924316406e+00
5.638275742530822754e-01 1.760514020919799805e+00
5.648362040519714355e-01 1.723957419395446777e+00
5.658448338508605957e-01 1.723503112792968750e+00
5.668534636497497559e-01 1.735165357589721680e+00
5.678620934486389160e-01 1.729972243309020996e+00
5.688707232475280762e-01 1.726269960403442383e+00
5.698794126510620117e-01 1.738710403442382812e+00
5.708880424499511719e-01 1.749319791793823242e+00
5.718966722488403320e-01 1.771717786788940430e+00
5.729053020477294922e-01 1.726086497306823730e+00
5.739139318466186523e-01 1.737853288650512695e+00
5.749225616455078125e-01 1.729927062988281250e+00
5.759311914443969727e-01 1.727318644523620605e+00
5.769398212432861328e-01 1.725840687751770020e+00
5.779484510421752930e-01 1.713534116744995117e+00
5.789571404457092285e-01 1.742409586906433105e+00
5.799657702445983887e-01 1.746471881866455078e+00
5.809744000434875488e-01 1.746063828468322754e+00
5.819830298423767090e-01 1.757330536842346191e+00
5.829916596412658691e-01 1.749776482582092285e+00
5.840002894401550293e-01 1.710001349449157715e+00
5.850089192390441895e-01 1.751092314720153809e+00
5.860175490379333496e-01 1.741835474967956543e+00
5.870261788368225098e-01 1.715853810310363770e+00
5.880348086357116699e-01 1.732919096946716309e+00
5.890434980392456055e-01 1.720319986343383789e+00
5.900521278381347656e-01 1.731801033020019531e+00
5.910607576370239258e-01 1.743235349655151367e+00
5.920693874359130859e-01 1.743868708610534668e+00
5.930780172348022461e-01 1.728106141090393066e+00
5.940866470336914062e-01 1.758589863777160645e+00
5.950952768325805664e-01 1.764849662780761719e+00
5.961039066314697266e-01 1.761859774589538574e+00
5.971125364303588867e-01 1.762404918670654297e+00
5.981212258338928223e-01 1.765762567520141602e+00
5.991298556327819824e-01 1.735920429229736328e+00
6.001384854316711426e-01 1.746465802192687988e+00
6.011471152305603027e-01 1.769243121147155762e+00
6.021557450294494629e-01 1.729673027992248535e+00
6.031643748283386230e-01 1.762515544891357422e+00
6.041730046272277832e-01 1.750004172325134277e+00
6.051816344261169434e-01 1.762503504753112793e+00
6.061902642250061035e-01 1.748394250869750977e+00
6.071988940238952637e-01 1.761539340019226074e+00
6.082075834274291992e-01 1.753826379776000977e+00
6.092162132263183594e-01 1.744896531105041504e+00
6.102248430252075195e-01 1.780069351196289062e+00
6.112334728240966797e-01 1.767547965049743652e+00
6.122421026229858398e-01 1.752074599266052246e+00
6.132507324218750000e-01 1.746388792991638184e+00
6.142593622207641602e-01 1.791920423507690430e+00
6.152679920196533203e-01 1.739004850387573242e+00
6.162766218185424805e-01 1.744296193122863770e+00
6.172853112220764160e-01 1.778480410575866699e+00
6.182939410209655762e-01 1.772275924682617188e+00
6.193025708198547363e-01 1.761394381523132324e+00
6.203112006187438965e-01 1.762901067733764648e+00
6.213198304176330566e-01 1.767145991325378418e+00
6.223284602165222168e-01 1.784156918525695801e+00
6.233370900154113770e-01 1.746636390686035156e+00
6.243457198143005371e-01 1.755021572113037109e+00
6.253543496131896973e-01 1.753006219863891602e+00
6.263629794120788574e-01 1.770148396492004395e+00
6.273716688156127930e-01 1.806472420692443848e+00
6.283802986145019531e-01 1.793662786483764648e+00
6.293889284133911133e-01 1.781072378158569336e+00
6.303975582122802734e-01 1.764278411865234375e+00
6.314061880111694336e-01 1.754290342330932617e+00
6.324148178100585938e-01 1.756159186363220215e+00
6.334234476089477539e-01 1.766631960868835449e+00
6.344320774078369141e-01 1.763181805610656738e+00
6.354407072067260742e-01 1.766815304756164551e+00
6.364493966102600098e-01 1.786431312561035156e+00
6.374580264091491699e-01 1.788235783576965332e+00
6.384666562080383301e-01 1.771166324615478516e+00
6.394752860069274902e-01 1.773726105690002441e+00
6.404839158058166504e-01 1.742806792259216309e+00
6.414925456047058105e-01 1.772345542907714844e+00
6.425011754035949707e-01 1.786079049110412598e+00
6.435098052024841309e-01 1.788871645927429199e+00
6.445184350013732910e-01 1.768584489822387695e+00
6.455271244049072266e-01 1.770240545272827148e+00
6.465357542037963867e-01 1.793867111206054688e+00
6.475443840026855469e-01 1.779095172882080078e+00
6.485530138015747070e-01 1.761402368545532227e+00
6.495616436004638672e-01 1.783340573310852051e+00
6.505702733993530273e-01 1.813763976097106934e+00
6.515789031982421875e-01 1.761332392692565918e+00
6.525875329971313477e-01 1.762570500373840332e+00
6.535961627960205078e-01 1.785002589225769043e+00
6.546047925949096680e-01 1.796999692916870117e+00
6.556134819984436035e-01 1.779762744903564453e+00
6.566221117973327637e-01 1.788818240165710449e+00
6.576307415962219238e-01 1.793973684310913086e+00
6.586393713951110840e-01 1.791213750839233398e+00
6.596480011940002441e-01 1.784088373184204102e+00
6.606566309928894043e-01 1.801285743713378906e+00
6.616652607917785645e-01 1.783937692642211914e+00
6.626738905906677246e-01 1.808255076408386230e+00
6.636825203895568848e-01 1.794205069541931152e+00
6.646912097930908203e-01 1.799315333366394043e+00
6.656998395919799805e-01 1.793234109878540039e+00
6.667084693908691406e-01 1.777318358421325684e+00
6.677170991897583008e-01 1.822693467140197754e+00
6.687257289886474609e-01 1.780701279640197754e+00
6.697343587875366211e-01 1.811551809310913086e+00
6.707429885864257812e-01 1.804420351982116699e+00
6.717516183853149414e-01 1.817901849746704102e+00
6.727602481842041016e-01 1.804517149925231934e+00
6.737688779830932617e-01 1.832348585128784180e+00
6.747775673866271973e-01 1.814829945564270020e+00
6.757861971855163574e-01 1.801174163818359375e+00
6.767948269844055176e-01 1.795636534690856934e+00
6.778034567832946777e-01 1.811790585517883301e+00
6.788120865821838379e-01 1.825847506523132324e+00
6.798207163810729980e-01 1.871675848960876465e+00
6.808293461799621582e-01 1.835304260253906250e+00
6.818379759788513184e-01 1.828240871429443359e+00
6.828466057777404785e-01 1.837170124053955078e+00
6.838552951812744141e-01 1.856075882911682129e+00
6.848639249801635742e-01 1.814348816871643066e+00
6.858725547790527344e-01 1.823869347572326660e+00
6.868811845779418945e-01 1.853660225868225098e+00
6.878898143768310547e-01 1.819633841514587402e+00
6.888984441757202148e-01 1.829943299293518066e+00
6.899070739746093750e-01 1.835795521736145020e+00
6.909157037734985352e-01 1.834396839141845703e+00
6.919243335723876953e-01 1.821698665618896484e+00
6.929329633712768555e-01 1.812993049621582031e+00
6.939416527748107910e-01 1.855242133140563965e+00
6.949502825736999512e-01 1.859397649765014648e+00
6.959589123725891113e-01 1.864668965339660645e+00
6.969675421714782715e-01 1.825208187103271484e+00
6.979761719703674316e-01 1.828917145729064941e+00
6.989848017692565918e-01 1.845792770385742188e+00
6.999934315681457520e-01 1.859671592712402344e+00
7.010020613670349121e-01 1.860355615615844727e+00
7.020106911659240723e-01 1.852584600448608398e+00
7.030193805694580078e-01 1.863582730293273926e+00
7.040280103683471680e-01 1.864609837532043457e+00
7.050366401672363281e-01 1.833664655685424805e+00
7.060452699661254883e-01 1.844786286354064941e+00
7.070538997650146484e-01 1.850953817367553711e+00
7.080625295639038086e-01 1.844285368919372559e+00
7.090711593627929688e-01 1.882311940193176270e+00
7.100797891616821289e-01 1.865275979042053223e+00
7.110884189605712891e-01 1.846158862113952637e+00
7.120970487594604492e-01 1.856205105781555176e+00
7.131057381629943848e-01 1.840603351593017578e+00
7.141143679618835449e-01 1.866387844085693359e+00
7.151229977607727051e-01 1.866646170616149902e+00
7.161316275596618652e-01 1.900196552276611328e+00
7.171402573585510254e-01 1.879026532173156738e+00
7.181488871574401855e-01 1.864352822303771973e+00
7.191575169563293457e-01 1.868711471557617188e+00
7.201661467552185059e-01 1.855554461479187012e+00
7.211747765541076660e-01 1.869349479675292969e+00
7.221834659576416016e-01 1.848769903182983398e+00
7.231920957565307617e-01 1.860818266868591309e+00
7.242007255554199219e-01 1.865360140800476074e+00
7.252093553543090820e-01 1.883752822875976562e+00
7.262179851531982422e-01 1.882199168205261230e+00
7.272266149520874023e-01 1.855862379074096680e+00
7.282352447509765625e-01 1.928399085998535156e+00
7.292438745498657227e-01 1.889725565910339355e+00
7.302525043487548828e-01 1.894116163253784180e+00
7.312611341476440430e-01 1.889017105102539062e+00
7.322698235511779785e-01 1.892363548278808594e+00
7.332784533500671387e-01 1.885789275169372559e+00
7.342870831489562988e-01 1.883546471595764160e+00
7.352957129478454590e-01 1.892544150352478027e+00
7.363043427467346191e-01 1.893824815750122070e+00
7.373129725456237793e-01 1.878434658050537109e+00
7.383216023445129395e-01 1.889650821685791016e+00
7.393302321434020996e-01 1.885291576385498047e+00
7.403388619422912598e-01 1.886250853538513184e+00
7.413475513458251953e-01 1.893776416778564453e+00
7.423561811447143555e-01 1.899489760398864746e+00
7.433648109436035156e-01 1.913997173309326172e+00
7.443734407424926758e-01 1.881547570228576660e+00
7.453820705413818359e-01 1.889054536819458008e+00
7.463907003402709961e-01 1.900454878807067871e+00
7.473993301391601562e-01 1.927796721458435059e+00
7.484079599380493164e-01 1.922998547554016113e+00
7.494165897369384766e-01 1.896915078163146973e+00
7.504252195358276367e-01 1.904645562171936035e+00
7.514339089393615723e-01 1.896536469459533691e+00
7.524425387382507324e-01 1.956102848052978516e+00
7.534511685371398926e-01 1.962784409523010254e+00
7.544597983360290527e-01 1.900899767875671387e+00
7.554684281349182129e-01 1.899322271347045898e+00
7.564770579338073730e-01 1.907067298889160156e+00
7.574856877326965332e-01 1.933137297630310059e+00
7.584943175315856934e-01 1.947513937950134277e+00
7.595029473304748535e-01 1.906951069831848145e+00
7.605116367340087891e-01 1.933462858200073242e+00
7.615202665328979492e-01 1.936650037765502930e+00
7.625288963317871094e-01 1.912435650825500488e+00
7.635375261306762695e-01 1.900972723960876465e+00
7.645461559295654297e-01 1.949022531509399414e+00
7.655547857284545898e-01 1.940396070480346680e+00
7.665634155273437500e-01 1.948775053024291992e+00
7.675720453262329102e-01 1.936546206474304199e+00
7.685806751251220703e-01 1.952866554260253906e+00
7.695893049240112305e-01 1.961621165275573730e+00
7.705979943275451660e-01 1.930427074432373047e+00
7.716066241264343262e-01 1.917327642440795898e+00
7.726152539253234863e-01 1.949395060539245605e+00
7.736238837242126465e-01 1.954803109169006348e+00
7.746325135231018066e-01 1.920160889625549316e+00
7.756411433219909668e-01 1.968814611434936523e+00
7.766497731208801270e-01 1.947961091995239258e+00
7.776584029197692871e-01 1.938971757888793945e+00
7.786670327186584473e-01 1.951238155364990234e+00
7.796757221221923828e-01 1.923944950103759766e+00
7.806843519210815430e-01 1.951083421707153320e+00
7.816929817199707031e-01 1.956385135650634766e+00
7.827016115188598633e-01 1.966254115104675293e+00
7.837102413177490234e-01 1.938706278800964355e+00
7.847188711166381836e-01 1.952153801918029785e+00
7.857275009155273438e-01 1.937638401985168457e+00
7.867361307144165039e-01 1.970372438430786133e+00
7.877447605133056641e-01 1.989073276519775391e+00
7.887533903121948242e-01 1.942116975784301758e+00
7.897620797157287598e-01 1.985077977180480957e+00
7.907707095146179199e-01 1.947985053062438965e+00
7.917793393135070801e-01 1.967113256454467773e+00
7.927879691123962402e-01 1.979698181152343750e+00
7.937965989112854004e-01 2.007186651229858398e+00
7.948052287101745605e-01 1.970885157585144043e+00
7.958138585090637207e-01 1.948131918907165527e+00
7.968224883079528809e-01 1.971372485160827637e+00
7.978311181068420410e-01 1.958020567893981934e+00
7.988398075103759766e-01 1.974616765975952148e+00
7.998484373092651367e-01 1.987552523612976074e+00
8.008570671081542969e-01 1.981743812561035156e+00
8.018656969070434570e-01 1.983123660087585449e+00
8.028743267059326172e-01 1.980945348739624023e+00
8.038829565048217773e-01 1.988923907279968262e+00
8.048915863037109375e-01 1.973393082618713379e+00
8.059002161026000977e-01 1.985660433769226074e+00
8.069088459014892578e-01 1.993258833885192871e+00
8.079174757003784180e-01 2.011810302734375000e+00
8.089261651039123535e-01 1.997135519981384277e+00
8.099347949028015137e-01 1.990763902664184570e+00
8.109434247016906738e-01 2.003064393997192383e+00
8.119520545005798340e-01 2.015915870666503906e+00
8.129606842994689941e-01 2.008492708206176758e+00
8.139693140983581543e-01 1.982239484786987305e+00
8.149779438972473145e-01 1.989354014396667480e+00
8.159865736961364746e-01 1.995702028274536133e+00
8.169952034950256348e-01 1.994907259941101074e+00
8.180038928985595703e-01 2.012823581695556641e+00
8.190125226974487305e-01 2.003573656082153320e+00
8.200211524963378906e-01 2.028448581695556641e+00
8.210297822952270508e-01 2.020064115524291992e+00
8.220384120941162109e-01 2.021660089492797852e+00
8.230470418930053711e-01 2.020747661590576172e+00
8.240556716918945312e-01 2.006186723709106445e+00
8.250643014907836914e-01 1.999724507331848145e+00
8.260729312896728516e-01 2.014428377151489258e+00
8.270815610885620117e-01 2.034781932830810547e+00
8.280902504920959473e-01 2.026894092559814453e+00
8.290988802909851074e-01 2.044883012771606445e+00
8.301075100898742676e-01 2.041059732437133789e+00
8.311161398887634277e-01 2.022903919219970703e+00
8.321247696876525879e-01 2.002367973327636719e+00
8.331333994865417480e-01 1.991979002952575684e+00
8.341420292854309082e-01 2.044402599334716797e+00
8.351506590843200684e-01 2.043401956558227539e+00
8.361592888832092285e-01 2.007026433944702148e+00
8.371679782867431641e-01 2.013756513595581055e+00
8.381766080856323242e-01 2.034873485565185547e+00
8.391852378845214844e-01 2.040336132049560547e+00
8.401938676834106445e-01 2.072153329849243164e+00
8.412024974822998047e-01 2.030850172042846680e+00
8.422111272811889648e-01 2.027179002761840820e+00
8.432197570800781250e-01 2.028744220733642578e+00
8.442283868789672852e-01 2.037343263626098633e+00
8.452370166778564453e-01 2.062790632247924805e+00
8.462456464767456055e-01 2.070308446884155273e+00
8.472543358802795410e-01 2.067234277725219727e+00
8.482629656791687012e-01 2.050979137420654297e+00
8.492715954780578613e-01 2.062759637832641602e+00
8.502802252769470215e-01 2.078214406967163086e+00
8.512888550758361816e-01 2.050899267196655273e+00
8.522974848747253418e-01 2.036146163940429688e+00
8.533061146736145020e-01 2.017368793487548828e+00
8.543147444725036621e-01 2.029554128646850586e+00
8.553233742713928223e-01 2.025670766830444336e+00
8.563320636749267578e-01 2.064975500106811523e+00
8.573406934738159180e-01 2.060923814773559570e+00
8.583493232727050781e-01 2.066298484802246094e+00
8.593579530715942383e-01 2.053094625473022461e+00
8.603665828704833984e-01 2.027888059616088867e+00
8.613752126693725586e-01 2.046273469924926758e+00
8.623838424682617188e-01 2.039981842041015625e+00
8.633924722671508789e-01 2.036231517791748047e+00
8.644011020660400391e-01 2.075037956237792969e+00
8.654097318649291992e-01 2.033064603805541992e+00
8.664184212684631348e-01 2.029355287551879883e+00
8.674270510673522949e-01 2.033388614654541016e+00
8.684356808662414551e-01 2.048697948455810547e+00
8.694443106651306152e-01 2.069365739822387695e+00
8.704529404640197754e-01 2.074975013732910156e+00
8.714615702629089355e-01 2.045871973037719727e+00
8.724702000617980957e-01 2.079333782196044922e+00
8.734788298606872559e-01 2.108950614929199219e+00
8.744874596595764160e-01 2.092474937438964844e+00
8.754961490631103516e-01 2.070649147033691406e+00
8.765047788619995117e-01 2.093383312225341797e+00
8.775134086608886719e-01 2.107807636260986328e+00
8.785220384597778320e-01 2.101237773895263672e+00
8.795306682586669922e-01 2.089314699172973633e+00
8.805392980575561523e-01 2.072813749313354492e+00
8.815479278564453125e-01 2.109573125839233398e+00
8.825565576553344727e-01 2.136654615402221680e+00
8.835651874542236328e-01 2.123212337493896484e+00
8.845738172531127930e-01 2.108259201049804688e+00
8.855825066566467285e-01 2.072397947311401367e+00
8.865911364555358887e-01 2.126188039779663086e+00
8.875997662544250488e-01 2.125321865081787109e+00
8.886083960533142090e-01 2.119099855422973633e+00
8.896170258522033691e-01 2.137430667877197266e+00
8.906256556510925293e-01 2.145205259323120117e+00
8.916342854499816895e-01 2.153409957885742188e+00
8.926429152488708496e-01 2.152878761291503906e+00
8.936515450477600098e-01 2.158795595169067383e+00
8.946602344512939453e-01 2.161432981491088867e+00
8.956688642501831055e-01 2.127171516418457031e+00
8.966774940490722656e-01 2.124177694320678711e+00
8.976861238479614258e-01 2.150648355484008789e+00
8.986947536468505859e-01 2.128277540206909180e+00
8.997033834457397461e-01 2.112232923507690430e+00
9.007120132446289062e-01 2.168892860412597656e+00
9.017206430435180664e-01 2.165554285049438477e+00
9.027292728424072266e-01 2.129267215728759766e+00
9.037379026412963867e-01 2.133970975875854492e+00
9.047465920448303223e-01 2.177634239196777344e+00
9.057552218437194824e-01 2.152921676635742188e+00
9.067638516426086426e-01 2.182896614074707031e+00
9.077724814414978027e-01 2.147659301757812500e+00
9.087811112403869629e-01 2.185738563537597656e+00
9.097897410392761230e-01 2.190873622894287109e+00
9.107983708381652832e-01 2.168314456939697266e+00
9.118070006370544434e-01 2.188316345214843750e+00
9.128156304359436035e-01 2.200635671615600586e+00
9.138243198394775391e-01 2.195389986038208008e+00
9.148329496383666992e-01 2.181124687194824219e+00
9.158415794372558594e-01 2.197916507720947266e+00
9.168502092361450195e-01 2.200631618499755859e+00
9.178588390350341797e-01 2.224172830581665039e+00
9.188674688339233398e-01 2.220545530319213867e+00
9.198760986328125000e-01 2.205998897552490234e+00
9.208847284317016602e-01 2.192584753036499023e+00
9.218933582305908203e-01 2.201529741287231445e+00
9.229020476341247559e-01 2.201286315917968750e+00
9.239106774330139160e-01 2.190326452255249023e+00
9.249193072319030762e-01 2.241689682006835938e+00
9.259279370307922363e-01 2.237760543823242188e+00
9.269365668296813965e-01 2.239995002746582031e+00
9.279451966285705566e-01 2.234960317611694336e+00
9.289538264274597168e-01 2.242998600006103516e+00
9.299624562263488770e-01 2.207664966583251953e+00
9.309710860252380371e-01 2.233780145645141602e+00
9.319797158241271973e-01 2.230767488479614258e+00
9.329884052276611328e-01 2.208696603775024414e+00
9.339970350265502930e-01 2.237376689910888672e+00
9.350056648254394531e-01 2.235539436340332031e+00
9.360142946243286133e-01 2.276308298110961914e+00
9.370229244232177734e-01 2.246592760086059570e+00
9.380315542221069336e-01 2.286398172378540039e+00
9.390401840209960938e-01 2.307211637496948242e+00
9.400488138198852539e-01 2.250431060791015625e+00
9.410574436187744141e-01 2.247844219207763672e+00
9.420661330223083496e-01 2.277798175811767578e+00
9.430747628211975098e-01 2.304867506027221680e+00
9.440833926200866699e-01 2.280257225036621094e+00
9.450920224189758301e-01 2.274005174636840820e+00
9.461006522178649902e-01 2.271177291870117188e+00
9.471092820167541504e-01 2.296409368515014648e+00
9.481179118156433105e-01 2.296827554702758789e+00
9.491265416145324707e-01 2.266898870468139648e+00
9.501351714134216309e-01 2.291053295135498047e+00
9.511438012123107910e-01 2.313819169998168945e+00
9.521524906158447266e-01 2.304607868194580078e+00
9.531611204147338867e-01 2.271712303161621094e+00
9.541697502136230469e-01 2.258842229843139648e+00
9.551783800125122070e-01 2.342002153396606445e+00
9.561870098114013672e-01 2.291085243225097656e+00
9.571956396102905273e-01 2.327665805816650391e+00
9.582042694091796875e-01 2.304466962814331055e+00
9.592128992080688477e-01 2.318434238433837891e+00
9.602215290069580078e-01 2.307184934616088867e+00
9.612302184104919434e-01 2.294912099838256836e+00
9.622388482093811035e-01 2.298135519027709961e+00
9.632474780082702637e-01 2.333351135253906250e+00
9.642561078071594238e-01 2.340905666351318359e+00
9.652647376060485840e-01 2.352636337280273438e+00
9.662733674049377441e-01 2.310624361038208008e+00
9.672819972038269043e-01 2.293461561203002930e+00
9.682906270027160645e-01 2.357031822204589844e+00
9.692992568016052246e-01 2.346970081329345703e+00
9.703078866004943848e-01 2.322822570800781250e+00
9.713165760040283203e-01 2.410297632217407227e+00
9.723252058029174805e-01 2.410353422164916992e+00
9.733338356018066406e-01 2.338075876235961914e+00
9.743424654006958008e-01 2.298785448074340820e+00
9.753510951995849609e-01 2.395450353622436523e+00
9.763597249984741211e-01 2.346761703491210938e+00
9.773683547973632812e-01 2.375894308090209961e+00
9.783769845962524414e-01 2.310689926147460938e+00
9.793856143951416016e-01 2.352159976959228516e+00
9.803943037986755371e-01 2.327723503112792969e+00
9.814029335975646973e-01 2.343418598175048828e+00
9.824115633964538574e-01 2.343632221221923828e+00
9.834201931953430176e-01 2.375886917114257812e+00
9.844288229942321777e-01 2.391595363616943359e+00
9.854374527931213379e-01 2.431253671646118164e+00
9.864460825920104980e-01 2.409857749938964844e+00
9.874547123908996582e-01 2.437187910079956055e+00
9.884633421897888184e-01 2.396429777145385742e+00
9.894719719886779785e-01 2.349663734436035156e+00
9.904806613922119141e-01 2.406195878982543945e+00
9.914892911911010742e-01 2.453258752822875977e+00
9.924979209899902344e-01 2.398745775222778320e+00
9.935065507888793945e-01 2.460602045059204102e+00
9.945151805877685547e-01 2.457137107849121094e+00
9.955238103866577148e-01 2.422189474105834961e+00
9.965324401855468750e-01 2.460799932479858398e+00
9.975410699844360352e-01 2.449631929397583008e+00
9.985496997833251953e-01 2.433582544326782227e+00
9.995583891868591309e-01 2.435540914535522461e+00
1.000566959381103516e+00 2.475102901458740234e+00
1.001575589179992676e+00 2.432662487030029297e+00
1.002584218978881836e+00 2.452827453613281250e+00
1.003592848777770996e+00 2.466458082199096680e+00
1.004601597785949707e+00 2.504238128662109375e+00
1.005610227584838867e+00 2.538380622863769531e+00
1.006618857383728027e+00 2.426346778869628906e+00
1.007627487182617188e+00 2.433005332946777344e+00
1.008636116981506348e+00 2.424456357955932617e+00
1.009644746780395508e+00 2.438293218612670898e+00
1.010653376579284668e+00 2.552378654479980469e+00
1.011662006378173828e+00 2.537563085556030273e+00
1.012670636177062988e+00 2.475711584091186523e+00
1.013679265975952148e+00 2.511878013610839844e+00
1.014687895774841309e+00 2.558087587356567383e+00
1.015696525573730469e+00 2.506179809570312500e+00
1.016705155372619629e+00 2.504443168640136719e+00
1.017713785171508789e+00 2.494451045989990234e+00
1.018722414970397949e+00 2.494055271148681641e+00
1.019731044769287109e+00 2.462185621261596680e+00
1.020739674568176270e+00 2.567931175231933594e+00
1.021748304367065430e+00 2.514413118362426758e+00
1.022756934165954590e+00 2.519647836685180664e+00
1.023765683174133301e+00 2.551306247711181641e+00
1.024774312973022461e+00 2.539648532867431641e+00
1.025782942771911621e+00 2.435235500335693359e+00
1.026791572570800781e+00 2.525068998336791992e+00
1.027800202369689941e+00 2.549563646316528320e+00
1.028808832168579102e+00 2.457081794738769531e+00
1.029817461967468262e+00 2.617439508438110352e+00
1.030826091766357422e+00 2.565938472747802734e+00
1.031834721565246582e+00 2.486256122589111328e+00
1.032843351364135742e+00 2.511752605438232422e+00
1.033851981163024902e+00 2.566591739654541016e+00
1.034860610961914062e+00 2.617225646972656250e+00
1.035869240760803223e+00 2.549284219741821289e+00
1.036877870559692383e+00 2.530495882034301758e+00
1.037886500358581543e+00 2.540816068649291992e+00
1.038895130157470703e+00 2.572621583938598633e+00
1.039903759956359863e+00 2.636123418807983398e+00
1.040912389755249023e+00 2.600098609924316406e+00
1.041921019554138184e+00 2.517597436904907227e+00
1.042929768562316895e+00 2.532940626144409180e+00
1.043938398361206055e+00 2.487121343612670898e+00
1.044947028160095215e+00 2.568552494049072266e+00
1.045955657958984375e+00 2.634219408035278320e+00
1.046964287757873535e+00 2.581162214279174805e+00
1.047972917556762695e+00 2.564626455307006836e+00
1.048981547355651855e+00 2.552760601043701172e+00
1.049990177154541016e+00 2.531920671463012695e+00
1.050998806953430176e+00 2.604087591171264648e+00
1.052007436752319336e+00 2.627908706665039062e+00
1.053016066551208496e+00 2.560169935226440430e+00
1.054024696350097656e+00 2.523603439331054688e+00
1.055033326148986816e+00 2.480412721633911133e+00
1.056041955947875977e+00 2.536726951599121094e+00
1.057050585746765137e+00 2.621361494064331055e+00
1.058059215545654297e+00 2.650851488113403320e+00
1.059067845344543457e+00 2.619138956069946289e+00
1.060076475143432617e+00 2.536111116409301758e+00
1.061085104942321777e+00 2.562343835830688477e+00
1.062093853950500488e+00 2.626758575439453125e+00
1.063102483749389648e+00 2.574733495712280273e+00
1.064111113548278809e+00 2.566356897354125977e+00
1.065119743347167969e+00 2.689091205596923828e+00
1.066128373146057129e+00 2.572240829467773438e+00
1.067137002944946289e+00 2.534558773040771484e+00
1.068145632743835449e+00 2.614272356033325195e+00
1.069154262542724609e+00 2.660436391830444336e+00
1.070162892341613770e+00 2.644038438796997070e+00
1.071171522140502930e+00 2.628504037857055664e+00
1.072180151939392090e+00 2.595530986785888672e+00
1.073188781738281250e+00 2.645076990127563477e+00
1.074197411537170410e+00 2.607702970504760742e+00
1.075206041336059570e+00 2.731093645095825195e+00
1.076214671134948730e+00 2.713397979736328125e+00
1.077223300933837891e+00 2.660746812820434570e+00
1.078231930732727051e+00 2.687553405761718750e+00
1.079240560531616211e+00 2.691607475280761719e+00
1.080249190330505371e+00 2.573655128479003906e+00
1.081257939338684082e+00 2.655379295349121094e+00
1.082266569137573242e+00 2.598372459411621094e+00
1.083275198936462402e+00 2.643489360809326172e+00
1.084283828735351562e+00 2.635666370391845703e+00
1.085292458534240723e+00 2.673639535903930664e+00
1.086301088333129883e+00 2.694378376007080078e+00
1.087309718132019043e+00 2.683646678924560547e+00
1.088318347930908203e+00 2.696027517318725586e+00
1.089326977729797363e+00 2.563089132308959961e+00
1.090335607528686523e+00 2.710674762725830078e+00
1.091344237327575684e+00 2.643416404724121094e+00
1.092352867126464844e+00 2.604076385498046875e+00
1.093361496925354004e+00 2.637238502502441406e+00
1.094370126724243164e+00 2.775030136108398438e+00
1.095378756523132324e+00 2.693049907684326172e+00
1.096387386322021484e+00 2.662353515625000000e+00
1.097396016120910645e+00 2.659866094589233398e+00
1.098404645919799805e+00 2.712577342987060547e+00
1.099413275718688965e+00 2.654363155364990234e+00
1.100422024726867676e+00 2.674247503280639648e+00
1.101430654525756836e+00 2.635339498519897461e+00
1.102439284324645996e+00 2.638845920562744141e+00
1.103447914123535156e+00 2.586441516876220703e+00
1.104456543922424316e+00 2.720422983169555664e+00
1.105465173721313477e+00 2.709631443023681641e+00
1.106473803520202637e+00 2.732389211654663086e+00
1.107482433319091797e+00 2.714370727539062500e+00
1.108491063117980957e+00 2.797118425369262695e+00
1.109499692916870117e+00 2.700845956802368164e+00
1.110508322715759277e+00 2.644679784774780273e+00
1.111516952514648438e+00 2.781246185302734375e+00
1.112525582313537598e+00 2.722687005996704102e+00
1.113534212112426758e+00 2.726048707962036133e+00
1.114542841911315918e+00 2.726415395736694336e+00
1.115551471710205078e+00 2.727818250656127930e+00
1.116560101509094238e+00 2.818135738372802734e+00
1.117568731307983398e+00 2.713574647903442383e+00
1.118577361106872559e+00 2.700120449066162109e+00
1.119586110115051270e+00 2.767272949218750000e+00
1.120594739913940430e+00 2.873930215835571289e+00
1.121603369712829590e+00 2.683480739593505859e+00
1.122611999511718750e+00 2.753005504608154297e+00
1.123620629310607910e+00 2.876948833465576172e+00
1.124629259109497070e+00 2.812648296356201172e+00
1.125637888908386230e+00 2.671686172485351562e+00
1.126646518707275391e+00 2.749623775482177734e+00
1.127655148506164551e+00 2.801041603088378906e+00
1.128663778305053711e+00 2.809441804885864258e+00
1.129672408103942871e+00 2.714820146560668945e+00
1.130681037902832031e+00 2.665276527404785156e+00
1.131689667701721191e+00 2.661416053771972656e+00
1.132698297500610352e+00 2.702470302581787109e+00
1.133706927299499512e+00 2.776518583297729492e+00
1.134715557098388672e+00 2.690622806549072266e+00
1.135724186897277832e+00 2.697999954223632812e+00
1.136732816696166992e+00 2.849061727523803711e+00
1.137741446495056152e+00 2.857759952545166016e+00
1.138750195503234863e+00 2.858692646026611328e+00
1.139758825302124023e+00 2.762465715408325195e+00
1.140767455101013184e+00 2.804648160934448242e+00
1.141776084899902344e+00 2.760785102844238281e+00
1.142784714698791504e+00 2.821540832519531250e+00
1.143793344497680664e+00 2.842971086502075195e+00
1.144801974296569824e+00 2.781553506851196289e+00
1.145810604095458984e+00 2.771747112274169922e+00
1.146819233894348145e+00 2.748614788055419922e+00
1.147827863693237305e+00 2.746169090270996094e+00
1.148836493492126465e+00 2.646162748336791992e+00
1.149845123291015625e+00 2.765658378601074219e+00
1.150853753089904785e+00 2.898010492324829102e+00
1.151862382888793945e+00 2.920920610427856445e+00
1.152871012687683105e+00 2.771620750427246094e+00
1.153879642486572266e+00 2.810953617095947266e+00
1.154888272285461426e+00 2.881233692169189453e+00
1.155896902084350586e+00 2.753974199295043945e+00
1.156905531883239746e+00 2.822669982910156250e+00
1.157914280891418457e+00 2.864268302917480469e+00
1.158922910690307617e+00 2.779131412506103516e+00
1.159931540489196777e+00 2.816343307495117188e+00
1.160940170288085938e+00 2.847253084182739258e+00
1.161948800086975098e+00 2.793918848037719727e+00
1.162957429885864258e+00 2.879590034484863281e+00
1.163966059684753418e+00 2.857048511505126953e+00
1.164974689483642578e+00 2.783268213272094727e+00
1.165983319282531738e+00 2.868947029113769531e+00
1.166991949081420898e+00 2.892652034759521484e+00
1.168000578880310059e+00 2.949190616607666016e+00
1.169009208679199219e+00 2.894510507583618164e+00
1.170017838478088379e+00 2.850035429000854492e+00
1.171026468276977539e+00 2.924731969833374023e+00
1.172035098075866699e+00 2.930871486663818359e+00
1.173043727874755859e+00 2.765535593032836914e+00
1.174052357673645020e+00 2.809439659118652344e+00
1.175060987472534180e+00 2.916978597640991211e+00
1.176069617271423340e+00 2.892039299011230469e+00
1.177078366279602051e+00 2.841567277908325195e+00
1.178086996078491211e+00 3.063334703445434570e+00
1.179095625877380371e+00 2.813873052597045898e+00
1.180104255676269531e+00 2.764770269393920898e+00
1.181112885475158691e+00 3.068022489547729492e+00
1.182121515274047852e+00 2.925051450729370117e+00
1.183130145072937012e+00 2.801578044891357422e+00
1.184138774871826172e+00 2.936016082763671875e+00
1.185147404670715332e+00 2.828310966491699219e+00
1.186156034469604492e+00 2.780336618423461914e+00
1.187164664268493652e+00 2.796487569808959961e+00
1.188173294067382812e+00 3.070581674575805664e+00
1.189181923866271973e+00 2.764457225799560547e+00
1.190190553665161133e+00 3.090817213058471680e+00
1.191199183464050293e+00 3.225647926330566406e+00
1.192207813262939453e+00 3.132950782775878906e+00
1.193216443061828613e+00 2.934556245803833008e+00
1.194225072860717773e+00 2.945343732833862305e+00
1.195233702659606934e+00 2.706185817718505859e+00
1.196242451667785645e+00 3.089325189590454102e+00
1.197251081466674805e+00 2.863536596298217773e+00
1.198259711265563965e+00 2.788480758666992188e+00
1.199268341064453125e+00 3.079214096069335938e+00
1.200276970863342285e+00 2.722475051879882812e+00
1.201285600662231445e+00 3.073574542999267578e+00
1.202294230461120605e+00 3.184168815612792969e+00
1.203302860260009766e+00 2.784307718276977539e+00
1.204311490058898926e+00 3.149854898452758789e+00
1.205320119857788086e+00 3.441817045211791992e+00
1.206328749656677246e+00 2.926967859268188477e+00
1.207337379455566406e+00 2.985425233840942383e+00
1.208346009254455566e+00 2.841459751129150391e+00
1.209354639053344727e+00 2.627736806869506836e+00
