0.000000000000000000e+00 1.739853320312500000e+04
1.008636085316538811e-03 1.326391796875000000e+04
2.017272170633077621e-03 9.830842773437500000e+03
3.025908255949616432e-03 7.401591796875000000e+03
4.034544341266155243e-03 5.659966796875000000e+03
5.043180659413337708e-03 4.452906738281250000e+03
6.051816511899232864e-03 3.542933837890625000e+03
7.060452364385128021e-03 2.872747802734375000e+03
8.069088682532310486e-03 2.321400146484375000e+03
9.077725000679492950e-03 1.917153076171875000e+03
1.008636131882667542e-02 1.605768432617187500e+03
1.109499670565128326e-02 1.327693237304687500e+03
1.210363302379846573e-02 1.127041625976562500e+03
1.311226934194564819e-02 9.478335571289062500e+02
1.412090472877025604e-02 8.139407958984375000e+02
1.512954104691743851e-02 7.091787719726562500e+02
1.613817736506462097e-02 6.072283935546875000e+02
1.714681275188922882e-02 5.274696655273437500e+02
1.815545000135898590e-02 4.624355163574218750e+02
1.916408538818359375e-02 4.086029663085937500e+02
2.017272263765335083e-02 3.584443664550781250e+02
2.118135802447795868e-02 3.185389404296875000e+02
2.218999341130256653e-02 2.838324890136718750e+02
2.319863066077232361e-02 2.538498535156250000e+02
2.420726604759693146e-02 2.277979125976562500e+02
2.521590143442153931e-02 2.025538635253906250e+02
2.622453868389129639e-02 1.849528198242187500e+02
2.723317407071590424e-02 1.661703948974609375e+02
2.824180945754051208e-02 1.499885711669921875e+02
2.925044670701026917e-02 1.361277618408203125e+02
3.025908209383487701e-02 1.253395233154296875e+02
3.126771748065948486e-02 1.148674774169921875e+02
3.227635473012924194e-02 1.049345169067382812e+02
3.328499197959899902e-02 9.594456481933593750e+01
3.429362550377845764e-02 8.767871093750000000e+01
3.530226275324821472e-02 8.064735412597656250e+01
3.631090000271797180e-02 7.407186126708984375e+01
3.731953352689743042e-02 6.823297119140625000e+01
3.832817077636718750e-02 6.342510604858398438e+01
3.933680802583694458e-02 5.848105621337890625e+01
4.034544527530670166e-02 5.446881103515625000e+01
4.135407879948616028e-02 5.103141784667968750e+01
4.236271604895591736e-02 4.710285568237304688e+01
4.337135329842567444e-02 4.408913803100585938e+01
4.437998682260513306e-02 4.120704269409179688e+01
4.538862407207489014e-02 3.870795440673828125e+01
4.639726132154464722e-02 3.635218429565429688e+01
4.740589484572410583e-02 3.394233322143554688e+01
4.841453209519386292e-02 3.203558349609375000e+01
4.942316934466362000e-02 2.988901901245117188e+01
5.043180286884307861e-02 2.835152435302734375e+01
5.144044011831283569e-02 2.669295692443847656e+01
5.244907736778259277e-02 2.535643005371093750e+01
5.345771089196205139e-02 2.358687591552734375e+01
5.446634814143180847e-02 2.254372024536132812e+01
5.547498539090156555e-02 2.127356529235839844e+01
5.648361891508102417e-02 2.022443008422851562e+01
5.749225616455078125e-02 1.929376029968261719e+01
5.850089341402053833e-02 1.808114051818847656e+01
5.950953066349029541e-02 1.740983390808105469e+01
6.051816418766975403e-02 1.670807838439941406e+01
6.152680143713951111e-02 1.577827072143554688e+01
6.253543496131896973e-02 1.504410457611083984e+01
6.354407221078872681e-02 1.423716640472412109e+01
6.455270946025848389e-02 1.382930660247802734e+01
6.556134670972824097e-02 1.310900115966796875e+01
6.656998395919799805e-02 1.267599964141845703e+01
6.757862120866775513e-02 1.220221138000488281e+01
6.858725100755691528e-02 1.166769027709960938e+01
6.959588825702667236e-02 1.125902175903320312e+01
7.060452550649642944e-02 1.078952312469482422e+01
7.161316275596618652e-02 1.050980949401855469e+01
7.262180000543594360e-02 1.012215518951416016e+01
7.363043725490570068e-02 9.618821144104003906e+00
7.463906705379486084e-02 9.327287673950195312e+00
7.564770430326461792e-02 9.121622085571289062e+00
7.665634155273437500e-02 8.809951782226562500e+00
7.766497880220413208e-02 8.553548812866210938e+00
7.867361605167388916e-02 8.239158630371093750e+00
7.968225330114364624e-02 8.016910552978515625e+00
8.069089055061340332e-02 7.808983802795410156e+00
8.169952034950256348e-02 7.605322837829589844e+00
8.270815759897232056e-02 7.194867610931396484e+00
8.371679484844207764e-02 7.081342697143554688e+00
8.472543209791183472e-02 6.927810192108154297e+00
8.573406934738159180e-02 6.736900806427001953e+00
8.674270659685134888e-02 6.490000724792480469e+00
8.775133639574050903e-02 6.509786128997802734e+00
8.875997364521026611e-02 6.326276302337646484e+00
8.976861089468002319e-02 6.141304492950439453e+00
9.077724814414978027e-02 5.989015579223632812e+00
9.178588539361953735e-02 5.861465454101562500e+00
9.279452264308929443e-02 5.822658538818359375e+00
9.380315244197845459e-02 5.617661952972412109e+00
9.481178969144821167e-02 5.545110225677490234e+00
9.582042694091796875e-02 5.416402339935302734e+00
9.682906419038772583e-02 5.196789741516113281e+00
9.783770143985748291e-02 5.196072578430175781e+00
9.884633868932723999e-02 5.075816631317138672e+00
9.985497593879699707e-02 5.048570632934570312e+00
1.008636057376861572e-01 4.867177009582519531e+00
1.018722429871559143e-01 4.773524284362792969e+00
1.028808802366256714e-01 4.734695434570312500e+00
1.038895174860954285e-01 4.598340034484863281e+00
1.048981547355651855e-01 4.452884197235107422e+00
1.059067919850349426e-01 4.496356964111328125e+00
1.069154217839241028e-01 4.428749561309814453e+00
1.079240590333938599e-01 4.404764652252197266e+00
1.089326962828636169e-01 4.313354492187500000e+00
1.099413335323333740e-01 4.317929744720458984e+00
1.109499707818031311e-01 4.121814250946044922e+00
1.119586080312728882e-01 4.168465137481689453e+00
1.129672378301620483e-01 4.100868225097656250e+00
1.139758750796318054e-01 4.083961009979248047e+00
1.149845123291015625e-01 3.942551612854003906e+00
1.159931495785713196e-01 3.832374572753906250e+00
1.170017868280410767e-01 3.863188743591308594e+00
1.180104240775108337e-01 3.886926174163818359e+00
1.190190613269805908e-01 3.748699665069580078e+00
1.200276911258697510e-01 3.803246021270751953e+00
1.210363283753395081e-01 3.696392774581909180e+00
1.220449656248092651e-01 3.671752691268920898e+00
1.230536028742790222e-01 3.614996433258056641e+00
1.240622401237487793e-01 3.575583457946777344e+00
1.250708699226379395e-01 3.555079936981201172e+00
1.260795146226882935e-01 3.514570236206054688e+00
1.270881444215774536e-01 3.495244264602661133e+00
1.280967891216278076e-01 3.533748626708984375e+00
1.291054189205169678e-01 3.450250387191772461e+00
1.301140487194061279e-01 3.363005161285400391e+00
1.311226934194564819e-01 3.265264034271240234e+00
1.321313232183456421e-01 3.308083057403564453e+00
1.331399679183959961e-01 3.295737028121948242e+00
1.341485977172851562e-01 3.255432367324829102e+00
1.351572424173355103e-01 3.219035863876342773e+00
1.361658722162246704e-01 3.176553726196289062e+00
1.371745020151138306e-01 3.179152011871337891e+00
1.381831467151641846e-01 3.159791469573974609e+00
1.391917765140533447e-01 3.156143903732299805e+00
1.402004212141036987e-01 3.117647409439086914e+00
1.412090510129928589e-01 3.099575996398925781e+00
1.422176808118820190e-01 3.077365875244140625e+00
1.432263255119323730e-01 3.061211824417114258e+00
1.442349553108215332e-01 3.035432577133178711e+00
1.452436000108718872e-01 2.971349954605102539e+00
1.462522298097610474e-01 2.958509922027587891e+00
1.472608745098114014e-01 2.979706287384033203e+00
1.482695043087005615e-01 2.925833702087402344e+00
1.492781341075897217e-01 2.925572156906127930e+00
1.502867788076400757e-01 2.887085437774658203e+00
1.512954086065292358e-01 2.875018835067749023e+00
1.523040533065795898e-01 2.804245710372924805e+00
1.533126831054687500e-01 2.860992670059204102e+00
1.543213278055191040e-01 2.840917348861694336e+00
1.553299576044082642e-01 2.827986240386962891e+00
1.563385874032974243e-01 2.818558692932128906e+00
1.573472321033477783e-01 2.738929033279418945e+00
1.583558619022369385e-01 2.739444494247436523e+00
1.593645066022872925e-01 2.784401416778564453e+00
1.603731364011764526e-01 2.767489910125732422e+00
1.613817811012268066e-01 2.762517690658569336e+00
1.623904109001159668e-01 2.693306446075439453e+00
1.633990406990051270e-01 2.711771965026855469e+00
1.644076853990554810e-01 2.701841354370117188e+00
1.654163151979446411e-01 2.642069101333618164e+00
1.664249598979949951e-01 2.689648389816284180e+00
1.674335896968841553e-01 2.627411603927612305e+00
1.684422194957733154e-01 2.649702072143554688e+00
1.694508641958236694e-01 2.621879100799560547e+00
1.704594939947128296e-01 2.569299221038818359e+00
1.714681386947631836e-01 2.521682500839233398e+00
1.724767684936523438e-01 2.536674737930297852e+00
1.734854131937026978e-01 2.548307657241821289e+00
1.744940429925918579e-01 2.550594329833984375e+00
1.755026727914810181e-01 2.572693347930908203e+00
1.765113174915313721e-01 2.581944704055786133e+00
1.775199472904205322e-01 2.525158643722534180e+00
1.785285919904708862e-01 2.494302034378051758e+00
1.795372217893600464e-01 2.551556825637817383e+00
1.805458664894104004e-01 2.505499124526977539e+00
1.815544962882995605e-01 2.475366830825805664e+00
1.825631260871887207e-01 2.452137947082519531e+00
1.835717707872390747e-01 2.395715951919555664e+00
1.845804005861282349e-01 2.455983161926269531e+00
1.855890452861785889e-01 2.487561225891113281e+00
1.865976750850677490e-01 2.446736812591552734e+00
1.876063048839569092e-01 2.415218353271484375e+00
1.886149495840072632e-01 2.432922363281250000e+00
1.896235793828964233e-01 2.452451705932617188e+00
1.906322240829467773e-01 2.425081253051757812e+00
1.916408538818359375e-01 2.399695634841918945e+00
1.926494985818862915e-01 2.401839733123779297e+00
1.936581283807754517e-01 2.409835815429687500e+00
1.946667581796646118e-01 2.412940025329589844e+00
1.956754028797149658e-01 2.358933448791503906e+00
1.966840326786041260e-01 2.366024494171142578e+00
1.976926773786544800e-01 2.335920810699462891e+00
1.987013071775436401e-01 2.309966802597045898e+00
1.997099518775939941e-01 2.305043458938598633e+00
2.007185816764831543e-01 2.264222145080566406e+00
2.017272114753723145e-01 2.318356752395629883e+00
2.027358561754226685e-01 2.274787664413452148e+00
2.037444859743118286e-01 2.291130304336547852e+00
2.047531306743621826e-01 2.303472042083740234e+00
2.057617604732513428e-01 2.294214487075805664e+00
2.067703902721405029e-01 2.286389589309692383e+00
2.077790349721908569e-01 2.212054967880249023e+00
2.087876647710800171e-01 2.191698789596557617e+00
2.097963094711303711e-01 2.218124628067016602e+00
2.108049392700195312e-01 2.258298158645629883e+00
2.118135839700698853e-01 2.260792970657348633e+00
2.128222137689590454e-01 2.215193510055541992e+00
2.138308435678482056e-01 2.233276367187500000e+00
2.148394882678985596e-01 2.244919538497924805e+00
2.158481180667877197e-01 2.197840929031372070e+00
2.168567627668380737e-01 2.199337244033813477e+00
2.178653925657272339e-01 2.189932823181152344e+00
2.188740372657775879e-01 2.204421758651733398e+00
2.198826670646667480e-01 2.224016666412353516e+00
2.208912968635559082e-01 2.218391895294189453e+00
2.218999415636062622e-01 2.158168792724609375e+00
2.229085713624954224e-01 2.147222518920898438e+00
2.239172160625457764e-01 2.219674348831176758e+00
2.249258458614349365e-01 2.170496940612792969e+00
2.259344756603240967e-01 2.198466777801513672e+00
2.269431203603744507e-01 2.192054033279418945e+00
2.279517501592636108e-01 2.149837493896484375e+00
2.289603948593139648e-01 2.123864889144897461e+00
2.299690246582031250e-01 2.104628801345825195e+00
2.309776693582534790e-01 2.147436141967773438e+00
2.319862991571426392e-01 2.162026166915893555e+00
2.329949289560317993e-01 2.126978874206542969e+00
2.340035736560821533e-01 2.112314224243164062e+00
2.350122034549713135e-01 2.096943140029907227e+00
2.360208481550216675e-01 2.103339672088623047e+00
2.370294779539108276e-01 2.107965469360351562e+00
2.380381226539611816e-01 2.113860130310058594e+00
2.390467524528503418e-01 2.067450284957885742e+00
2.400553822517395020e-01 2.047579765319824219e+00
2.410640269517898560e-01 2.069336175918579102e+00
2.420726567506790161e-01 2.123333454132080078e+00
2.430813014507293701e-01 2.261490345001220703e+00
2.440899312496185303e-01 2.098884820938110352e+00
2.450985759496688843e-01 2.066718816757202148e+00
2.461072057485580444e-01 2.033018112182617188e+00
2.471158355474472046e-01 2.055295467376708984e+00
2.481244802474975586e-01 2.081587553024291992e+00
2.491331100463867188e-01 2.033837795257568359e+00
2.501417398452758789e-01 2.027323961257934570e+00
2.511503994464874268e-01 2.058255910873413086e+00
2.521590292453765869e-01 2.062108278274536133e+00
2.531676590442657471e-01 2.045547485351562500e+00
2.541762888431549072e-01 2.022235155105590820e+00
2.551849186420440674e-01 2.048715114593505859e+00
2.561935782432556152e-01 2.059432744979858398e+00
2.572022080421447754e-01 2.062673091888427734e+00
2.582108378410339355e-01 2.045391798019409180e+00
2.592194676399230957e-01 2.000308990478515625e+00
2.602280974388122559e-01 2.015309333801269531e+00
2.612367570400238037e-01 2.045779943466186523e+00
2.622453868389129639e-01 1.982896804809570312e+00
2.632540166378021240e-01 2.007924795150756836e+00
2.642626464366912842e-01 2.009351253509521484e+00
2.652712762355804443e-01 2.004311561584472656e+00
2.662799358367919922e-01 1.987163066864013672e+00
2.672885656356811523e-01 2.006125450134277344e+00
2.682971954345703125e-01 2.002920150756835938e+00
2.693058252334594727e-01 1.989038944244384766e+00
2.703144848346710205e-01 1.970278978347778320e+00
2.713231146335601807e-01 1.945658683776855469e+00
2.723317444324493408e-01 1.975742459297180176e+00
2.733403742313385010e-01 1.988359808921813965e+00
2.743490040302276611e-01 1.979268789291381836e+00
2.753576636314392090e-01 1.970500230789184570e+00
2.763662934303283691e-01 1.971042871475219727e+00
2.773749232292175293e-01 1.973576188087463379e+00
2.783835530281066895e-01 1.973056197166442871e+00
2.793921828269958496e-01 1.954443573951721191e+00
2.804008424282073975e-01 1.962917685508728027e+00
2.814094722270965576e-01 1.952150821685791016e+00
2.824181020259857178e-01 1.939398050308227539e+00
2.834267318248748779e-01 1.922333955764770508e+00
2.844353616237640381e-01 1.925293564796447754e+00
2.854440212249755859e-01 1.927240610122680664e+00
2.864526510238647461e-01 1.923361539840698242e+00
2.874612808227539062e-01 1.938175559043884277e+00
2.884699106216430664e-01 1.903205275535583496e+00
2.894785702228546143e-01 1.903342723846435547e+00
2.904872000217437744e-01 1.942821025848388672e+00
2.914958298206329346e-01 1.918699502944946289e+00
2.925044596195220947e-01 1.940290927886962891e+00
2.935130894184112549e-01 1.941082358360290527e+00
2.945217490196228027e-01 1.925047516822814941e+00
2.955303788185119629e-01 1.909162998199462891e+00
2.965390086174011230e-01 1.909220933914184570e+00
2.975476384162902832e-01 1.919709444046020508e+00
2.985562682151794434e-01 1.896772265434265137e+00
2.995649278163909912e-01 1.890187382698059082e+00
3.005735576152801514e-01 1.915799379348754883e+00
3.015821874141693115e-01 1.893993377685546875e+00
3.025908172130584717e-01 1.893458485603332520e+00
3.035994470119476318e-01 1.915938138961791992e+00
3.046081066131591797e-01 1.900947332382202148e+00
3.056167364120483398e-01 1.907404184341430664e+00
3.066253662109375000e-01 1.896268606185913086e+00
3.076339960098266602e-01 1.894375562667846680e+00
3.086426556110382080e-01 1.870897531509399414e+00
3.096512854099273682e-01 1.863366484642028809e+00
3.106599152088165283e-01 1.888246536254882812e+00
3.116685450077056885e-01 1.902192950248718262e+00
3.126771748065948486e-01 1.901032328605651855e+00
3.136858344078063965e-01 1.882442831993103027e+00
3.146944642066955566e-01 1.897382259368896484e+00
3.157030940055847168e-01 1.857970356941223145e+00
3.167117238044738770e-01 1.862349271774291992e+00
3.177203536033630371e-01 1.894072294235229492e+00
3.187290132045745850e-01 1.865532279014587402e+00
3.197376430034637451e-01 1.855673789978027344e+00
3.207462728023529053e-01 1.890221357345581055e+00
3.217549026012420654e-01 1.839703559875488281e+00
3.227635622024536133e-01 1.870261788368225098e+00
3.237721920013427734e-01 1.833005189895629883e+00
3.247808218002319336e-01 1.849549889564514160e+00
3.257894515991210938e-01 1.860056877136230469e+00
3.267980813980102539e-01 1.859250783920288086e+00
3.278067409992218018e-01 1.836843967437744141e+00
3.288153707981109619e-01 1.853406906127929688e+00
3.298240005970001221e-01 1.856440424919128418e+00
3.308326303958892822e-01 1.852446079254150391e+00
3.318412601947784424e-01 1.854564309120178223e+00
3.328499197959899902e-01 1.865196943283081055e+00
3.338585495948791504e-01 1.815792441368103027e+00
3.348671793937683105e-01 1.824440956115722656e+00
3.358758091926574707e-01 1.861754179000854492e+00
3.368844389915466309e-01 1.852960109710693359e+00
3.378930985927581787e-01 1.869917273521423340e+00
3.389017283916473389e-01 1.883598208427429199e+00
3.399103581905364990e-01 1.867402315139770508e+00
3.409189879894256592e-01 1.838999748229980469e+00
3.419276475906372070e-01 1.827488183975219727e+00
3.429362773895263672e-01 1.835909962654113770e+00
3.439449071884155273e-01 1.849957466125488281e+00
3.449535369873046875e-01 1.818613409996032715e+00
3.459621667861938477e-01 1.827073693275451660e+00
3.469708263874053955e-01 1.848317027091979980e+00
3.479794561862945557e-01 1.854006290435791016e+00
3.489880859851837158e-01 1.862397432327270508e+00
3.499967157840728760e-01 1.854821085929870605e+00
3.510053455829620361e-01 1.819878101348876953e+00
3.520140051841735840e-01 1.792517781257629395e+00
3.530226349830627441e-01 1.819841504096984863e+00
3.540312647819519043e-01 1.837895870208740234e+00
3.550398945808410645e-01 1.854195117950439453e+00
3.560485243797302246e-01 1.818833112716674805e+00
3.570571839809417725e-01 1.823351144790649414e+00
3.580658137798309326e-01 1.814865827560424805e+00
3.590744435787200928e-01 1.784189820289611816e+00
3.600830733776092529e-01 1.826991915702819824e+00
3.610917329788208008e-01 1.805109381675720215e+00
3.621003627777099609e-01 1.847944736480712891e+00
3.631089925765991211e-01 1.816361546516418457e+00
3.641176223754882812e-01 1.818840980529785156e+00
3.651262521743774414e-01 1.769180655479431152e+00
3.661349117755889893e-01 1.797103524208068848e+00
3.671435415744781494e-01 1.809828281402587891e+00
3.681521713733673096e-01 1.838137030601501465e+00
3.691608011722564697e-01 1.838808655738830566e+00
3.701694309711456299e-01 1.847164273262023926e+00
3.711780905723571777e-01 1.817967534065246582e+00
3.721867203712463379e-01 1.821494460105895996e+00
3.731953501701354980e-01 1.829054117202758789e+00
3.742039799690246582e-01 1.815009951591491699e+00
3.752126097679138184e-01 1.829042315483093262e+00
3.762212693691253662e-01 1.818403840065002441e+00
3.772298991680145264e-01 1.792390465736389160e+00
3.782385289669036865e-01 1.800316452980041504e+00
3.792471587657928467e-01 1.790515422821044922e+00
3.802558183670043945e-01 1.820089578628540039e+00
3.812644481658935547e-01 1.815310478210449219e+00
3.822730779647827148e-01 1.797354817390441895e+00
3.832817077636718750e-01 1.793643712997436523e+00
3.842903375625610352e-01 1.788957118988037109e+00
3.852989971637725830e-01 1.811571121215820312e+00
3.863076269626617432e-01 1.802379965782165527e+00
3.873162567615509033e-01 1.798042774200439453e+00
3.883248865604400635e-01 1.784757733345031738e+00
3.893335163593292236e-01 1.802683591842651367e+00
3.903421759605407715e-01 1.783319354057312012e+00
3.913508057594299316e-01 1.825811982154846191e+00
3.923594355583190918e-01 1.821240782737731934e+00
3.933680653572082520e-01 1.817616343498229980e+00
3.943766951560974121e-01 1.820436596870422363e+00
3.953853547573089600e-01 1.795113921165466309e+00
3.963939845561981201e-01 1.792222142219543457e+00
3.974026143550872803e-01 1.804675221443176270e+00
3.984112441539764404e-01 1.811597228050231934e+00
3.994199037551879883e-01 1.790410637855529785e+00
4.004285335540771484e-01 1.795892477035522461e+00
4.014371633529663086e-01 1.826967835426330566e+00
4.024457931518554688e-01 1.801026940345764160e+00
4.034544229507446289e-01 1.807095408439636230e+00
4.044630825519561768e-01 1.801816225051879883e+00
4.054717123508453369e-01 1.787010788917541504e+00
4.064803421497344971e-01 1.777456164360046387e+00
4.074889719486236572e-01 1.767643094062805176e+00
4.084976017475128174e-01 1.805892109870910645e+00
4.095062613487243652e-01 1.815063476562500000e+00
4.105148911476135254e-01 1.785115242004394531e+00
4.115235209465026855e-01 1.776658058166503906e+00
4.125321507453918457e-01 1.778819322586059570e+00
4.135407805442810059e-01 1.765023350715637207e+00
4.145494401454925537e-01 1.786284327507019043e+00
4.155580699443817139e-01 1.798396110534667969e+00
4.165666997432708740e-01 1.776148319244384766e+00
4.175753295421600342e-01 1.791456699371337891e+00
4.185839891433715820e-01 1.742399215698242188e+00
4.195926189422607422e-01 1.749137401580810547e+00
4.206012487411499023e-01 1.786120414733886719e+00
4.216098785400390625e-01 1.777929663658142090e+00
4.226185083389282227e-01 1.792518258094787598e+00
4.236271679401397705e-01 1.741313934326171875e+00
4.246357977390289307e-01 1.759911060333251953e+00
4.256444275379180908e-01 1.795417070388793945e+00
4.266530573368072510e-01 1.777307987213134766e+00
4.276616871356964111e-01 1.776927351951599121e+00
4.286703467369079590e-01 1.783092617988586426e+00
4.296789765357971191e-01 1.781605720520019531e+00
4.306876063346862793e-01 1.789648175239562988e+00
4.316962361335754395e-01 1.758805274963378906e+00
4.327048659324645996e-01 1.768488526344299316e+00
4.337135255336761475e-01 1.773634195327758789e+00
4.347221553325653076e-01 1.789623498916625977e+00
4.357307851314544678e-01 1.774372816085815430e+00
4.367394149303436279e-01 1.781682968139648438e+00
4.377480745315551758e-01 1.778538346290588379e+00
4.387567043304443359e-01 1.765369415283203125e+00
4.397653341293334961e-01 1.753879070281982422e+00
4.407739639282226562e-01 1.770926237106323242e+00
4.417825937271118164e-01 1.803734540939331055e+00
4.427912533283233643e-01 1.775999903678894043e+00
4.437998831272125244e-01 1.754289865493774414e+00
4.448085129261016846e-01 1.741189837455749512e+00
4.458171427249908447e-01 1.741627931594848633e+00
4.468257725238800049e-01 1.794799923896789551e+00
4.478344321250915527e-01 1.769003272056579590e+00
4.488430619239807129e-01 1.768950939178466797e+00
4.498516917228698730e-01 1.767690658569335938e+00
4.508603215217590332e-01 1.750184059143066406e+00
4.518689513206481934e-01 1.749951839447021484e+00
4.528776109218597412e-01 1.746658563613891602e+00
4.538862407207489014e-01 1.755264163017272949e+00
4.548948705196380615e-01 1.772145390510559082e+00
4.559035003185272217e-01 1.772230505943298340e+00
4.569121599197387695e-01 1.765582203865051270e+00
4.579207897186279297e-01 1.759342193603515625e+00
4.589294195175170898e-01 1.719774127006530762e+00
4.599380493164062500e-01 1.729435801506042480e+00
4.609466791152954102e-01 1.763442993164062500e+00
4.619553387165069580e-01 1.767629623413085938e+00
4.629639685153961182e-01 1.758720755577087402e+00
4.639725983142852783e-01 1.746256113052368164e+00
4.649812281131744385e-01 1.764670491218566895e+00
4.659898579120635986e-01 1.759477376937866211e+00
4.669985175132751465e-01 1.743946433067321777e+00
4.680071473121643066e-01 1.738737702369689941e+00
4.690157771110534668e-01 1.733722805976867676e+00
4.700244069099426270e-01 1.752347469329833984e+00
4.710330665111541748e-01 1.756894946098327637e+00
4.720416963100433350e-01 1.760705947875976562e+00
4.730503261089324951e-01 1.767215132713317871e+00
4.740589559078216553e-01 1.749031782150268555e+00
4.750675857067108154e-01 1.757727384567260742e+00
4.760762453079223633e-01 1.752895951271057129e+00
4.770848751068115234e-01 1.751822948455810547e+00
4.780935049057006836e-01 1.768220782279968262e+00
4.791021347045898438e-01 1.771317601203918457e+00
4.801107645034790039e-01 1.752960562705993652e+00
4.811194241046905518e-01 1.735995888710021973e+00
4.821280539035797119e-01 1.744432330131530762e+00
4.831366837024688721e-01 1.752831101417541504e+00
4.841453135013580322e-01 1.753910064697265625e+00
4.851539433002471924e-01 1.741477012634277344e+00
4.861626029014587402e-01 1.735916852951049805e+00
4.871712327003479004e-01 1.736673951148986816e+00
4.881798624992370605e-01 1.742683529853820801e+00
4.891884922981262207e-01 1.732162833213806152e+00
4.901971518993377686e-01 1.722925186157226562e+00
4.912057816982269287e-01 1.760043144226074219e+00
4.922144114971160889e-01 1.749553084373474121e+00
4.932230412960052490e-01 1.764663815498352051e+00
4.942316710948944092e-01 1.748033165931701660e+00
4.952403306961059570e-01 1.758896946907043457e+00
4.962489604949951172e-01 1.730662941932678223e+00
4.972575902938842773e-01 1.734707236289978027e+00
4.982662200927734375e-01 1.734246134757995605e+00
4.992748498916625977e-01 1.728659868240356445e+00
5.002834796905517578e-01 1.727815151214599609e+00
5.012921094894409180e-01 1.747313737869262695e+00
5.023007988929748535e-01 1.747878193855285645e+00
5.033094286918640137e-01 1.730960130691528320e+00
5.043180584907531738e-01 1.802435398101806641e+00
5.053266882896423340e-01 1.779157519340515137e+00
5.063353180885314941e-01 1.744305133819580078e+00
5.073439478874206543e-01 1.740665555000305176e+00
5.083525776863098145e-01 1.739386081695556641e+00
5.093612074851989746e-01 1.748377680778503418e+00
5.103698372840881348e-01 1.730252146720886230e+00
5.113784670829772949e-01 1.712777853012084961e+00
5.123871564865112305e-01 1.730495810508728027e+00
5.133957862854003906e-01 1.736459970474243164e+00
5.144044160842895508e-01 1.739964008331298828e+00
5.154130458831787109e-01 1.725465178489685059e+00
5.164216756820678711e-01 1.730802297592163086e+00
5.174303054809570312e-01 1.730957269668579102e+00
5.184389352798461914e-01 1.720551729202270508e+00
5.194475650787353516e-01 1.735047578811645508e+00
5.204561948776245117e-01 1.739064693450927734e+00
5.214648842811584473e-01 1.715605974197387695e+00
5.224735140800476074e-01 1.750566005706787109e+00
5.234821438789367676e-01 1.733245015144348145e+00
5.244907736778259277e-01 1.721070528030395508e+00
5.254994034767150879e-01 1.702921032905578613e+00
5.265080332756042480e-01 1.727334260940551758e+00
5.275166630744934082e-01 1.732624769210815430e+00
5.285252928733825684e-01 1.748441934585571289e+00
5.295339226722717285e-01 1.725024580955505371e+00
5.305425524711608887e-01 1.713276147842407227e+00
5.315512418746948242e-01 1.733980655670166016e+00
5.325598716735839844e-01 1.727782726287841797e+00
5.335685014724731445e-01 1.711190462112426758e+00
5.345771312713623047e-01 1.746386528015136719e+00
5.355857610702514648e-01 1.712193846702575684e+00
5.365943908691406250e-01 1.715692520141601562e+00
5.376030206680297852e-01 1.714676618576049805e+00
5.386116504669189453e-01 1.707184314727783203e+00
5.396202802658081055e-01 1.722502589225769043e+00
5.406289696693420410e-01 1.716870307922363281e+00
5.416375994682312012e-01 1.732594370841979980e+00
5.426462292671203613e-01 1.751613855361938477e+00
5.436548590660095215e-01 1.747419953346252441e+00
5.446634888648986816e-01 1.746183395385742188e+00
5.456721186637878418e-01 1.741403818130493164e+00
5.466807484626770020e-01 1.742864608764648438e+00
5.476893782615661621e-01 1.723669290542602539e+00
5.486980080604553223e-01 1.710408806800842285e+00
5.497066378593444824e-01 1.745131015777587891e+00
5.507153272628784180e-01 1.739048480987548828e+00
5.517239570617675781e-01 1.730368137359619141e+00
5.527325868606567383e-01 1.726329565048217773e+00
5.537412166595458984e-01 1.727765679359436035e+00
5.547498464584350586e-01 1.730123996734619141e+00
5.557584762573242188e-01 1.758922576904296875e+00
5.567671060562133789e-01 1.720666766166687012e+00
5.577757358551025391e-01 1.750810861587524414e+00
5.587843656539916992e-01 1.730730056762695312e+00
5.597930550575256348e-01 1.727875947952270508e+00
5.608016848564147949e-01 1.740372776985168457e+00
5.618103146553039551e-01 1.722338080406188965e+00
5.628189444541931152e-01 1.722681283950805664e+00
5.638275742530822754e-01 1.729643344879150391e+00
5.648362040519714355e-01 1.738906741142272949e+00
5.658448338508605957e-01 1.750249385833740234e+00
5.668534636497497559e-01 1.722830772399902344e+00
5.678620934486389160e-01 1.705357313156127930e+00
5.688707232475280762e-01 1.720923423767089844e+00
5.698794126510620117e-01 1.722754120826721191e+00
5.708880424499511719e-01 1.721476435661315918e+00
5.718966722488403320e-01 1.727062940597534180e+00
5.729053020477294922e-01 1.760382413864135742e+00
5.739139318466186523e-01 1.749456286430358887e+00
5.749225616455078125e-01 1.713724136352539062e+00
5.759311914443969727e-01 1.717043161392211914e+00
5.769398212432861328e-01 1.735315322875976562e+00
5.779484510421752930e-01 1.730481743812561035e+00
5.789571404457092285e-01 1.715566515922546387e+00
5.799657702445983887e-01 1.711402416229248047e+00
5.809744000434875488e-01 1.741136908531188965e+00
5.819830298423767090e-01 1.727889537811279297e+00
5.829916596412658691e-01 1.736515760421752930e+00
5.840002894401550293e-01 1.714304924011230469e+00
5.850089192390441895e-01 1.728359937667846680e+00
5.860175490379333496e-01 1.733675003051757812e+00
5.870261788368225098e-01 1.751565814018249512e+00
5.880348086357116699e-01 1.735557317733764648e+00
5.890434980392456055e-01 1.742828965187072754e+00
5.900521278381347656e-01 1.737394690513610840e+00
5.910607576370239258e-01 1.696620702743530273e+00
5.920693874359130859e-01 1.731442689895629883e+00
5.930780172348022461e-01 1.736742615699768066e+00
5.940866470336914062e-01 1.752931714057922363e+00
5.950952768325805664e-01 1.755224823951721191e+00
5.961039066314697266e-01 1.734734416007995605e+00
5.971125364303588867e-01 1.728579640388488770e+00
5.981212258338928223e-01 1.735024929046630859e+00
5.991298556327819824e-01 1.729313611984252930e+00
6.001384854316711426e-01 1.725962042808532715e+00
6.011471152305603027e-01 1.744431972503662109e+00
6.021557450294494629e-01 1.753883719444274902e+00
6.031643748283386230e-01 1.710900545120239258e+00
6.041730046272277832e-01 1.757278919219970703e+00
6.051816344261169434e-01 1.735782146453857422e+00
6.061902642250061035e-01 1.750163793563842773e+00
6.071988940238952637e-01 1.725667834281921387e+00
6.082075834274291992e-01 1.724011182785034180e+00
6.092162132263183594e-01 1.692754387855529785e+00
6.102248430252075195e-01 1.738399863243103027e+00
6.112334728240966797e-01 1.703159689903259277e+00
6.122421026229858398e-01 1.718354105949401855e+00
6.132507324218750000e-01 1.739593982696533203e+00
6.142593622207641602e-01 1.757239341735839844e+00
6.152679920196533203e-01 1.739946842193603516e+00
6.162766218185424805e-01 1.702460527420043945e+00
6.172853112220764160e-01 1.737939476966857910e+00
6.182939410209655762e-01 1.737095713615417480e+00
6.193025708198547363e-01 1.757941365242004395e+00
6.203112006187438965e-01 1.709308385848999023e+00
6.213198304176330566e-01 1.717647552490234375e+00
6.223284602165222168e-01 1.736022353172302246e+00
6.233370900154113770e-01 1.730524778366088867e+00
6.243457198143005371e-01 1.735178351402282715e+00
6.253543496131896973e-01 1.747494101524353027e+00
6.263629794120788574e-01 1.742288708686828613e+00
6.273716688156127930e-01 1.739677548408508301e+00
6.283802986145019531e-01 1.723994016647338867e+00
6.293889284133911133e-01 1.717837810516357422e+00
6.303975582122802734e-01 1.745782613754272461e+00
6.314061880111694336e-01 1.763614416122436523e+00
6.324148178100585938e-01 1.750376462936401367e+00
6.334234476089477539e-01 1.720434069633483887e+00
6.344320774078369141e-01 1.716381430625915527e+00
6.354407072067260742e-01 1.698475599288940430e+00
6.364493966102600098e-01 1.732023119926452637e+00
6.374580264091491699e-01 1.735208988189697266e+00
6.384666562080383301e-01 1.730485081672668457e+00
6.394752860069274902e-01 1.710649847984313965e+00
6.404839158058166504e-01 1.755513787269592285e+00
6.414925456047058105e-01 1.721836805343627930e+00
6.425011754035949707e-01 1.715843558311462402e+00
6.435098052024841309e-01 1.725724458694458008e+00
6.445184350013732910e-01 1.724740862846374512e+00
6.455271244049072266e-01 1.747722625732421875e+00
6.465357542037963867e-01 1.704336404800415039e+00
6.475443840026855469e-01 1.727113723754882812e+00
6.485530138015747070e-01 1.702966332435607910e+00
6.495616436004638672e-01 1.730146169662475586e+00
6.505702733993530273e-01 1.714649200439453125e+00
6.515789031982421875e-01 1.733407735824584961e+00
6.525875329971313477e-01 1.728204488754272461e+00
6.535961627960205078e-01 1.716228485107421875e+00
6.546047925949096680e-01 1.721861481666564941e+00
6.556134819984436035e-01 1.681017756462097168e+00
6.566221117973327637e-01 1.729984283447265625e+00
6.576307415962219238e-01 1.726971030235290527e+00
6.586393713951110840e-01 1.723230242729187012e+00
6.596480011940002441e-01 1.757864952087402344e+00
6.606566309928894043e-01 1.715747594833374023e+00
6.616652607917785645e-01 1.749547123908996582e+00
6.626738905906677246e-01 1.752966403961181641e+00
6.636825203895568848e-01 1.738529562950134277e+00
6.646912097930908203e-01 1.741541385650634766e+00
6.656998395919799805e-01 1.747225522994995117e+00
6.667084693908691406e-01 1.766047239303588867e+00
6.677170991897583008e-01 1.729138374328613281e+00
6.687257289886474609e-01 1.731272697448730469e+00
6.697343587875366211e-01 1.725443363189697266e+00
6.707429885864257812e-01 1.743595004081726074e+00
6.717516183853149414e-01 1.715459108352661133e+00
6.727602481842041016e-01 1.735424280166625977e+00
6.737688779830932617e-01 1.739188432693481445e+00
6.747775673866271973e-01 1.721072435379028320e+00
6.757861971855163574e-01 1.771271944046020508e+00
6.767948269844055176e-01 1.736030578613281250e+00
6.778034567832946777e-01 1.752295136451721191e+00
6.788120865821838379e-01 1.758460760116577148e+00
6.798207163810729980e-01 1.729873538017272949e+00
6.808293461799621582e-01 1.727542161941528320e+00
6.818379759788513184e-01 1.738772273063659668e+00
6.828466057777404785e-01 1.735994815826416016e+00
6.838552951812744141e-01 1.718695998191833496e+00
6.848639249801635742e-01 1.756905674934387207e+00
6.858725547790527344e-01 1.735751628875732422e+00
6.868811845779418945e-01 1.758893132209777832e+00
6.878898143768310547e-01 1.751585364341735840e+00
6.888984441757202148e-01 1.734825015068054199e+00
6.899070739746093750e-01 1.733053326606750488e+00
6.909157037734985352e-01 1.752303719520568848e+00
6.919243335723876953e-01 1.725829958915710449e+00
6.929329633712768555e-01 1.756166815757751465e+00
6.939416527748107910e-01 1.727160096168518066e+00
6.949502825736999512e-01 1.738954544067382812e+00
6.959589123725891113e-01 1.706840753555297852e+00
6.969675421714782715e-01 1.743801712989807129e+00
6.979761719703674316e-01 1.726468563079833984e+00
6.989848017692565918e-01 1.759476780891418457e+00
6.999934315681457520e-01 1.736510753631591797e+00
7.010020613670349121e-01 1.712597608566284180e+00
7.020106911659240723e-01 1.759864330291748047e+00
7.030193805694580078e-01 1.742310047149658203e+00
7.040280103683471680e-01 1.752942442893981934e+00
7.050366401672363281e-01 1.747523903846740723e+00
7.060452699661254883e-01 1.763953804969787598e+00
7.070538997650146484e-01 1.752955198287963867e+00
7.080625295639038086e-01 1.771098494529724121e+00
7.090711593627929688e-01 1.749982595443725586e+00
7.100797891616821289e-01 1.743080735206604004e+00
7.110884189605712891e-01 1.748431444168090820e+00
7.120970487594604492e-01 1.776571989059448242e+00
7.131057381629943848e-01 1.757643103599548340e+00
7.141143679618835449e-01 1.727836489677429199e+00
7.151229977607727051e-01 1.760839581489562988e+00
7.161316275596618652e-01 1.760832905769348145e+00
7.171402573585510254e-01 1.753018021583557129e+00
7.181488871574401855e-01 1.753022909164428711e+00
7.191575169563293457e-01 1.748564124107360840e+00
7.201661467552185059e-01 1.765959143638610840e+00
7.211747765541076660e-01 1.737710475921630859e+00
7.221834659576416016e-01 1.739624142646789551e+00
7.231920957565307617e-01 1.758594989776611328e+00
7.242007255554199219e-01 1.759164810180664062e+00
7.252093553543090820e-01 1.767595410346984863e+00
7.262179851531982422e-01 1.776127696037292480e+00
7.272266149520874023e-01 1.765331268310546875e+00
7.282352447509765625e-01 1.751218795776367188e+00
7.292438745498657227e-01 1.781555175781250000e+00
7.302525043487548828e-01 1.777391195297241211e+00
7.312611341476440430e-01 1.754886507987976074e+00
7.322698235511779785e-01 1.780165672302246094e+00
7.332784533500671387e-01 1.745003938674926758e+00
7.342870831489562988e-01 1.732320666313171387e+00
7.352957129478454590e-01 1.789090156555175781e+00
7.363043427467346191e-01 1.790415763854980469e+00
7.373129725456237793e-01 1.757065296173095703e+00
7.383216023445129395e-01 1.764586091041564941e+00
7.393302321434020996e-01 1.765413045883178711e+00
7.403388619422912598e-01 1.786135077476501465e+00
7.413475513458251953e-01 1.779216766357421875e+00
7.423561811447143555e-01 1.770804762840270996e+00
7.433648109436035156e-01 1.784117579460144043e+00
7.443734407424926758e-01 1.770953416824340820e+00
7.453820705413818359e-01 1.745268464088439941e+00
7.463907003402709961e-01 1.771917343139648438e+00
7.473993301391601562e-01 1.749818682670593262e+00
7.484079599380493164e-01 1.762438774108886719e+00
7.494165897369384766e-01 1.763937354087829590e+00
7.504252195358276367e-01 1.779756307601928711e+00
7.514339089393615723e-01 1.771248459815979004e+00
7.524425387382507324e-01 1.815438508987426758e+00
7.534511685371398926e-01 1.814869284629821777e+00
7.544597983360290527e-01 1.764536738395690918e+00
7.554684281349182129e-01 1.773543715476989746e+00
7.564770579338073730e-01 1.763031005859375000e+00
7.574856877326965332e-01 1.788511395454406738e+00
7.584943175315856934e-01 1.772345900535583496e+00
7.595029473304748535e-01 1.778336048126220703e+00
7.605116367340087891e-01 1.784341096878051758e+00
7.615202665328979492e-01 1.784004569053649902e+00
7.625288963317871094e-01 1.779749393463134766e+00
7.635375261306762695e-01 1.776429176330566406e+00
7.645461559295654297e-01 1.779683828353881836e+00
7.655547857284545898e-01 1.810894966125488281e+00
7.665634155273437500e-01 1.791871547698974609e+00
7.675720453262329102e-01 1.793832302093505859e+00
7.685806751251220703e-01 1.776798129081726074e+00
7.695893049240112305e-01 1.775450587272644043e+00
7.705979943275451660e-01 1.778380274772644043e+00
7.716066241264343262e-01 1.763431191444396973e+00
7.726152539253234863e-01 1.803557157516479492e+00
7.736238837242126465e-01 1.816046237945556641e+00
7.746325135231018066e-01 1.794389367103576660e+00
7.756411433219909668e-01 1.827681064605712891e+00
7.766497731208801270e-01 1.812086582183837891e+00
7.776584029197692871e-01 1.782212615013122559e+00
7.786670327186584473e-01 1.781460881233215332e+00
7.796757221221923828e-01 1.795186042785644531e+00
7.806843519210815430e-01 1.791911840438842773e+00
7.816929817199707031e-01 1.755553007125854492e+00
7.827016115188598633e-01 1.816239356994628906e+00
7.837102413177490234e-01 1.811551332473754883e+00
7.847188711166381836e-01 1.802018642425537109e+00
7.857275009155273438e-01 1.812736988067626953e+00
7.867361307144165039e-01 1.794019460678100586e+00
7.877447605133056641e-01 1.799259305000305176e+00
7.887533903121948242e-01 1.801411151885986328e+00
7.897620797157287598e-01 1.823565602302551270e+00
7.907707095146179199e-01 1.801909923553466797e+00
7.917793393135070801e-01 1.797342300415039062e+00
7.927879691123962402e-01 1.824860215187072754e+00
7.937965989112854004e-01 1.830124497413635254e+00
7.948052287101745605e-01 1.814983844757080078e+00
7.958138585090637207e-01 1.806382060050964355e+00
7.968224883079528809e-01 1.788375973701477051e+00
7.978311181068420410e-01 1.826075315475463867e+00
7.988398075103759766e-01 1.839383244514465332e+00
7.998484373092651367e-01 1.824793934822082520e+00
8.008570671081542969e-01 1.824831724166870117e+00
8.018656969070434570e-01 1.812335968017578125e+00
8.028743267059326172e-01 1.812947869300842285e+00
8.038829565048217773e-01 1.810623049736022949e+00
8.048915863037109375e-01 1.845214724540710449e+00
8.059002161026000977e-01 1.805046200752258301e+00
8.069088459014892578e-01 1.840220332145690918e+00
8.079174757003784180e-01 1.837590336799621582e+00
8.089261651039123535e-01 1.824144840240478516e+00
8.099347949028015137e-01 1.842257857322692871e+00
8.109434247016906738e-01 1.823038816452026367e+00
8.119520545005798340e-01 1.840309381484985352e+00
8.129606842994689941e-01 1.841064095497131348e+00
8.139693140983581543e-01 1.841061353683471680e+00
8.149779438972473145e-01 1.844858050346374512e+00
8.159865736961364746e-01 1.815580844879150391e+00
8.169952034950256348e-01 1.835027813911437988e+00
8.180038928985595703e-01 1.844761490821838379e+00
8.190125226974487305e-01 1.864352107048034668e+00
8.200211524963378906e-01 1.866121649742126465e+00
8.210297822952270508e-01 1.871931552886962891e+00
8.220384120941162109e-01 1.874543070793151855e+00
8.230470418930053711e-01 1.851057291030883789e+00
8.240556716918945312e-01 1.858579754829406738e+00
8.250643014907836914e-01 1.812719702720642090e+00
8.260729312896728516e-01 1.861947417259216309e+00
8.270815610885620117e-01 1.855970740318298340e+00
8.280902504920959473e-01 1.856404185295104980e+00
8.290988802909851074e-01 1.862153172492980957e+00
8.301075100898742676e-01 1.881505250930786133e+00
8.311161398887634277e-01 1.846660375595092773e+00
8.321247696876525879e-01 1.836817979812622070e+00
8.331333994865417480e-01 1.866738319396972656e+00
8.341420292854309082e-01 1.874099135398864746e+00
8.351506590843200684e-01 1.878176212310791016e+00
8.361592888832092285e-01 1.882061362266540527e+00
8.371679782867431641e-01 1.880874991416931152e+00
8.381766080856323242e-01 1.900287032127380371e+00
8.391852378845214844e-01 1.886963963508605957e+00
8.401938676834106445e-01 1.879064798355102539e+00
8.412024974822998047e-01 1.900871396064758301e+00
8.422111272811889648e-01 1.893105626106262207e+00
8.432197570800781250e-01 1.909585356712341309e+00
8.442283868789672852e-01 1.905724406242370605e+00
8.452370166778564453e-01 1.900836467742919922e+00
8.462456464767456055e-01 1.874712705612182617e+00
8.472543358802795410e-01 1.873267889022827148e+00
8.482629656791687012e-01 1.904027104377746582e+00
8.492715954780578613e-01 1.892851352691650391e+00
8.502802252769470215e-01 1.894237756729125977e+00
8.512888550758361816e-01 1.840052723884582520e+00
8.522974848747253418e-01 1.855541944503784180e+00
8.533061146736145020e-01 1.903806328773498535e+00
8.543147444725036621e-01 1.841120839118957520e+00
8.553233742713928223e-01 1.850379943847656250e+00
8.563320636749267578e-01 1.869505882263183594e+00
8.573406934738159180e-01 1.887111067771911621e+00
8.583493232727050781e-01 1.857764124870300293e+00
8.593579530715942383e-01 1.884964346885681152e+00
8.603665828704833984e-01 1.892238974571228027e+00
8.613752126693725586e-01 1.857774019241333008e+00
8.623838424682617188e-01 1.853153824806213379e+00
8.633924722671508789e-01 1.878634810447692871e+00
8.644011020660400391e-01 1.880595922470092773e+00
8.654097318649291992e-01 1.859875798225402832e+00
8.664184212684631348e-01 1.883461833000183105e+00
8.674270510673522949e-01 1.863035678863525391e+00
8.684356808662414551e-01 1.874554276466369629e+00
8.694443106651306152e-01 1.883703112602233887e+00
8.704529404640197754e-01 1.905208110809326172e+00
8.714615702629089355e-01 1.883054852485656738e+00
8.724702000617980957e-01 1.918823242187500000e+00
8.734788298606872559e-01 1.894732236862182617e+00
8.744874596595764160e-01 1.914196491241455078e+00
8.754961490631103516e-01 1.901664257049560547e+00
8.765047788619995117e-01 1.924538135528564453e+00
8.775134086608886719e-01 1.915223956108093262e+00
8.785220384597778320e-01 1.936385512351989746e+00
8.795306682586669922e-01 1.910001158714294434e+00
8.805392980575561523e-01 1.925301909446716309e+00
8.815479278564453125e-01 1.891840696334838867e+00
8.825565576553344727e-01 1.904888987541198730e+00
8.835651874542236328e-01 1.945534110069274902e+00
8.845738172531127930e-01 1.931907415390014648e+00
8.855825066566467285e-01 1.954332351684570312e+00
8.865911364555358887e-01 1.933423876762390137e+00
8.875997662544250488e-01 1.944132685661315918e+00
8.886083960533142090e-01 1.936343789100646973e+00
8.896170258522033691e-01 1.926879525184631348e+00
8.906256556510925293e-01 1.941331028938293457e+00
8.916342854499816895e-01 1.964162826538085938e+00
8.926429152488708496e-01 1.964396953582763672e+00
8.936515450477600098e-01 1.956487655639648438e+00
8.946602344512939453e-01 1.983770847320556641e+00
8.956688642501831055e-01 2.045036077499389648e+00
8.966774940490722656e-01 1.977707386016845703e+00
8.976861238479614258e-01 1.996193647384643555e+00
8.986947536468505859e-01 1.953710317611694336e+00
8.997033834457397461e-01 1.961033582687377930e+00
9.007120132446289062e-01 1.973884224891662598e+00
9.017206430435180664e-01 1.965605974197387695e+00
9.027292728424072266e-01 1.948759913444519043e+00
9.037379026412963867e-01 1.967634439468383789e+00
9.047465920448303223e-01 1.982534885406494141e+00
9.057552218437194824e-01 2.019549846649169922e+00
9.067638516426086426e-01 1.988535761833190918e+00
9.077724814414978027e-01 1.927918791770935059e+00
9.087811112403869629e-01 1.945231318473815918e+00
9.097897410392761230e-01 1.940340518951416016e+00
9.107983708381652832e-01 1.949471712112426758e+00
9.118070006370544434e-01 1.993762612342834473e+00
9.128156304359436035e-01 2.005586385726928711e+00
9.138243198394775391e-01 1.982437491416931152e+00
9.148329496383666992e-01 1.941932201385498047e+00
9.158415794372558594e-01 1.957475781440734863e+00
9.168502092361450195e-01 2.006273269653320312e+00
9.178588390350341797e-01 2.049701452255249023e+00
9.188674688339233398e-01 2.007419109344482422e+00
9.198760986328125000e-01 2.027948856353759766e+00
9.208847284317016602e-01 2.077216863632202148e+00
9.218933582305908203e-01 2.008262157440185547e+00
9.229020476341247559e-01 2.011233091354370117e+00
9.239106774330139160e-01 2.012633562088012695e+00
9.249193072319030762e-01 1.996592998504638672e+00
9.259279370307922363e-01 2.009706735610961914e+00
9.269365668296813965e-01 1.989636301994323730e+00
9.279451966285705566e-01 2.009485960006713867e+00
9.289538264274597168e-01 2.037089109420776367e+00
9.299624562263488770e-01 1.978252291679382324e+00
9.309710860252380371e-01 2.022701263427734375e+00
9.319797158241271973e-01 2.029175519943237305e+00
9.329884052276611328e-01 1.996993660926818848e+00
9.339970350265502930e-01 2.059249877929687500e+00
9.350056648254394531e-01 2.005576372146606445e+00
9.360142946243286133e-01 2.033073902130126953e+00
9.370229244232177734e-01 2.075724124908447266e+00
9.380315542221069336e-01 2.043827772140502930e+00
9.390401840209960938e-01 2.032734870910644531e+00
9.400488138198852539e-01 2.053743839263916016e+00
9.410574436187744141e-01 2.019285678863525391e+00
9.420661330223083496e-01 2.086984872817993164e+00
9.430747628211975098e-01 2.051151514053344727e+00
9.440833926200866699e-01 2.044613838195800781e+00
9.450920224189758301e-01 2.032314538955688477e+00
9.461006522178649902e-01 2.086155891418457031e+00
9.471092820167541504e-01 2.106384038925170898e+00
9.481179118156433105e-01 2.078612565994262695e+00
9.491265416145324707e-01 2.056994199752807617e+00
9.501351714134216309e-01 2.083178997039794922e+00
9.511438012123107910e-01 2.053642988204956055e+00
9.521524906158447266e-01 2.045776605606079102e+00
9.531611204147338867e-01 2.060146808624267578e+00
9.541697502136230469e-01 2.082963466644287109e+00
9.551783800125122070e-01 2.067792415618896484e+00
9.561870098114013672e-01 2.046486377716064453e+00
9.571956396102905273e-01 2.113023281097412109e+00
9.582042694091796875e-01 2.059987068176269531e+00
9.592128992080688477e-01 2.037208795547485352e+00
9.602215290069580078e-01 2.021094799041748047e+00
9.612302184104919434e-01 2.053761959075927734e+00
9.622388482093811035e-01 2.100304365158081055e+00
9.632474780082702637e-01 2.116028070449829102e+00
9.642561078071594238e-01 2.088282585144042969e+00
9.652647376060485840e-01 2.054808139801025391e+00
9.662733674049377441e-01 2.078518867492675781e+00
9.672819972038269043e-01 2.026906251907348633e+00
9.682906270027160645e-01 2.127863883972167969e+00
9.692992568016052246e-01 2.105936527252197266e+00
9.703078866004943848e-01 2.062579393386840820e+00
9.713165760040283203e-01 2.092248678207397461e+00
9.723252058029174805e-01 2.081168413162231445e+00
9.733338356018066406e-01 2.107053518295288086e+00
9.743424654006958008e-01 2.089569091796875000e+00
9.753510951995849609e-01 2.083158254623413086e+00
9.763597249984741211e-01 2.070829153060913086e+00
9.773683547973632812e-01 2.091563701629638672e+00
9.783769845962524414e-01 2.088530778884887695e+00
9.793856143951416016e-01 2.090649604797363281e+00
9.803943037986755371e-01 2.103697061538696289e+00
9.814029335975646973e-01 2.122807025909423828e+00
9.824115633964538574e-01 2.102639913558959961e+00
9.834201931953430176e-01 2.107982873916625977e+00
9.844288229942321777e-01 2.158858537673950195e+00
9.854374527931213379e-01 2.148488759994506836e+00
9.864460825920104980e-01 2.103050708770751953e+00
9.874547123908996582e-01 2.074496984481811523e+00
9.884633421897888184e-01 2.101363182067871094e+00
9.894719719886779785e-01 2.153405666351318359e+00
9.904806613922119141e-01 2.160742282867431641e+00
9.914892911911010742e-01 2.151644706726074219e+00
9.924979209899902344e-01 2.160004615783691406e+00
9.935065507888793945e-01 2.085916757583618164e+00
9.945151805877685547e-01 2.167741775512695312e+00
9.955238103866577148e-01 2.139676570892333984e+00
9.965324401855468750e-01 2.161551713943481445e+00
9.975410699844360352e-01 2.174331903457641602e+00
9.985496997833251953e-01 2.179772853851318359e+00
9.995583891868591309e-01 2.125754117965698242e+00
1.000566959381103516e+00 2.111293792724609375e+00
1.001575589179992676e+00 2.129297494888305664e+00
1.002584218978881836e+00 2.156041145324707031e+00
1.003592848777770996e+00 2.165537834167480469e+00
1.004601597785949707e+00 2.150758504867553711e+00
1.005610227584838867e+00 2.152220964431762695e+00
1.006618857383728027e+00 2.156164884567260742e+00
1.007627487182617188e+00 2.111318111419677734e+00
1.008636116981506348e+00 2.149314880371093750e+00
1.009644746780395508e+00 2.154119253158569336e+00
1.010653376579284668e+00 2.120656013488769531e+00
1.011662006378173828e+00 2.199939489364624023e+00
1.012670636177062988e+00 2.132879257202148438e+00
1.013679265975952148e+00 2.116319894790649414e+00
1.014687895774841309e+00 2.175170183181762695e+00
1.015696525573730469e+00 2.140783071517944336e+00
1.016705155372619629e+00 2.066810369491577148e+00
1.017713785171508789e+00 2.157607078552246094e+00
1.018722414970397949e+00 2.181417942047119141e+00
1.019731044769287109e+00 2.152234077453613281e+00
1.020739674568176270e+00 2.152010679244995117e+00
1.021748304367065430e+00 2.155157089233398438e+00
1.022756934165954590e+00 2.129619121551513672e+00
1.023765683174133301e+00 2.179091691970825195e+00
1.024774312973022461e+00 2.128447294235229492e+00
1.025782942771911621e+00 2.135899305343627930e+00
1.026791572570800781e+00 2.158993244171142578e+00
1.027800202369689941e+00 2.208793163299560547e+00
1.028808832168579102e+00 2.191383838653564453e+00
1.029817461967468262e+00 2.155327796936035156e+00
1.030826091766357422e+00 2.155174016952514648e+00
1.031834721565246582e+00 2.156078338623046875e+00
1.032843351364135742e+00 2.081762313842773438e+00
1.033851981163024902e+00 2.135192155838012695e+00
1.034860610961914062e+00 2.164030790328979492e+00
1.035869240760803223e+00 2.181667327880859375e+00
1.036877870559692383e+00 2.144991397857666016e+00
1.037886500358581543e+00 2.112388849258422852e+00
1.038895130157470703e+00 2.102853536605834961e+00
1.039903759956359863e+00 2.095436573028564453e+00
1.040912389755249023e+00 2.118348360061645508e+00
1.041921019554138184e+00 2.168237447738647461e+00
1.042929768562316895e+00 2.191994667053222656e+00
1.043938398361206055e+00 2.137974023818969727e+00
1.044947028160095215e+00 2.166677951812744141e+00
1.045955657958984375e+00 2.236973524093627930e+00
1.046964287757873535e+00 2.133585453033447266e+00
1.047972917556762695e+00 2.105517148971557617e+00
1.048981547355651855e+00 2.109498977661132812e+00
1.049990177154541016e+00 2.142445325851440430e+00
1.050998806953430176e+00 2.102716922760009766e+00
1.052007436752319336e+00 2.111675500869750977e+00
1.053016066551208496e+00 2.138343334197998047e+00
1.054024696350097656e+00 2.198828458786010742e+00
1.055033326148986816e+00 2.142000913619995117e+00
1.056041955947875977e+00 2.147007703781127930e+00
1.057050585746765137e+00 2.132427930831909180e+00
1.058059215545654297e+00 2.152665376663208008e+00
1.059067845344543457e+00 2.158890724182128906e+00
1.060076475143432617e+00 2.159340858459472656e+00
1.061085104942321777e+00 2.066236495971679688e+00
1.062093853950500488e+00 2.030956983566284180e+00
1.063102483749389648e+00 2.102427005767822266e+00
1.064111113548278809e+00 2.122883319854736328e+00
1.065119743347167969e+00 2.229932546615600586e+00
1.066128373146057129e+00 2.168591737747192383e+00
1.067137002944946289e+00 2.116251230239868164e+00
1.068145632743835449e+00 2.171500444412231445e+00
1.069154262542724609e+00 2.195930480957031250e+00
1.070162892341613770e+00 2.221406221389770508e+00
1.071171522140502930e+00 2.211690425872802734e+00
1.072180151939392090e+00 2.188845872879028320e+00
1.073188781738281250e+00 2.167470932006835938e+00
1.074197411537170410e+00 2.179929971694946289e+00
1.075206041336059570e+00 2.207064867019653320e+00
1.076214671134948730e+00 2.271147012710571289e+00
1.077223300933837891e+00 2.207655668258666992e+00
1.078231930732727051e+00 2.171504259109497070e+00
1.079240560531616211e+00 2.204339742660522461e+00
1.080249190330505371e+00 2.175319671630859375e+00
1.081257939338684082e+00 2.104376792907714844e+00
1.082266569137573242e+00 2.216860055923461914e+00
1.083275198936462402e+00 2.132030725479125977e+00
1.084283828735351562e+00 2.266569375991821289e+00
1.085292458534240723e+00 2.278054714202880859e+00
1.086301088333129883e+00 2.165353298187255859e+00
1.087309718132019043e+00 2.192850828170776367e+00
1.088318347930908203e+00 2.285410881042480469e+00
1.089326977729797363e+00 2.188393831253051758e+00
1.090335607528686523e+00 2.225246906280517578e+00
1.091344237327575684e+00 2.100948333740234375e+00
1.092352867126464844e+00 2.154393434524536133e+00
1.093361496925354004e+00 2.159978151321411133e+00
1.094370126724243164e+00 2.249754667282104492e+00
1.095378756523132324e+00 2.288315057754516602e+00
1.096387386322021484e+00 2.272945404052734375e+00
1.097396016120910645e+00 2.249392271041870117e+00
1.098404645919799805e+00 2.233721494674682617e+00
1.099413275718688965e+00 2.229014873504638672e+00
1.100422024726867676e+00 2.313601016998291016e+00
1.101430654525756836e+00 2.256484508514404297e+00
1.102439284324645996e+00 2.130262374877929688e+00
1.103447914123535156e+00 2.226035833358764648e+00
1.104456543922424316e+00 2.284053325653076172e+00
1.105465173721313477e+00 2.273986101150512695e+00
1.106473803520202637e+00 2.158867359161376953e+00
1.107482433319091797e+00 2.193489551544189453e+00
1.108491063117980957e+00 2.242573738098144531e+00
1.109499692916870117e+00 2.312274456024169922e+00
1.110508322715759277e+00 2.291430711746215820e+00
1.111516952514648438e+00 2.171927690505981445e+00
1.112525582313537598e+00 2.330765485763549805e+00
1.113534212112426758e+00 2.233211040496826172e+00
1.114542841911315918e+00 2.366882324218750000e+00
1.115551471710205078e+00 2.295201301574707031e+00
1.116560101509094238e+00 2.235857248306274414e+00
1.117568731307983398e+00 2.232903242111206055e+00
1.118577361106872559e+00 2.301246643066406250e+00
1.119586110115051270e+00 2.258096933364868164e+00
1.120594739913940430e+00 2.252336740493774414e+00
1.121603369712829590e+00 2.265207052230834961e+00
1.122611999511718750e+00 2.246311902999877930e+00
1.123620629310607910e+00 2.270962238311767578e+00
1.124629259109497070e+00 2.368643522262573242e+00
1.125637888908386230e+00 2.230360746383666992e+00
1.126646518707275391e+00 2.246787786483764648e+00
1.127655148506164551e+00 2.318978309631347656e+00
1.128663778305053711e+00 2.209276199340820312e+00
1.129672408103942871e+00 2.253363609313964844e+00
1.130681037902832031e+00 2.364007472991943359e+00
1.131689667701721191e+00 2.460333585739135742e+00
1.132698297500610352e+00 2.210247039794921875e+00
1.133706927299499512e+00 2.300084352493286133e+00
1.134715557098388672e+00 2.332796812057495117e+00
1.135724186897277832e+00 2.286298513412475586e+00
1.136732816696166992e+00 2.334038257598876953e+00
1.137741446495056152e+00 2.409668922424316406e+00
1.138750195503234863e+00 2.371626377105712891e+00
1.139758825302124023e+00 2.368978023529052734e+00
1.140767455101013184e+00 2.340065717697143555e+00
1.141776084899902344e+00 2.328478336334228516e+00
1.142784714698791504e+00 2.504853725433349609e+00
1.143793344497680664e+00 2.405676603317260742e+00
1.144801974296569824e+00 2.268001317977905273e+00
1.145810604095458984e+00 2.352968454360961914e+00
1.146819233894348145e+00 2.378046512603759766e+00
1.147827863693237305e+00 2.314747571945190430e+00
1.148836493492126465e+00 2.283952474594116211e+00
1.149845123291015625e+00 2.459656715393066406e+00
1.150853753089904785e+00 2.379084587097167969e+00
1.151862382888793945e+00 2.543606996536254883e+00
1.152871012687683105e+00 2.295678615570068359e+00
1.153879642486572266e+00 2.359251022338867188e+00
1.154888272285461426e+00 2.326415777206420898e+00
1.155896902084350586e+00 2.334655046463012695e+00
1.156905531883239746e+00 2.397156000137329102e+00
1.157914280891418457e+00 2.311389684677124023e+00
1.158922910690307617e+00 2.464554309844970703e+00
1.159931540489196777e+00 2.422176122665405273e+00
1.160940170288085938e+00 2.528842449188232422e+00
1.161948800086975098e+00 2.477821350097656250e+00
1.162957429885864258e+00 2.335962295532226562e+00
1.163966059684753418e+00 2.318762540817260742e+00
1.164974689483642578e+00 2.435798645019531250e+00
1.165983319282531738e+00 2.434617280960083008e+00
1.166991949081420898e+00 2.406961679458618164e+00
1.168000578880310059e+00 2.591487646102905273e+00
1.169009208679199219e+00 2.391997337341308594e+00
1.170017838478088379e+00 2.302328109741210938e+00
1.171026468276977539e+00 2.263214349746704102e+00
1.172035098075866699e+00 2.447990179061889648e+00
1.173043727874755859e+00 2.410401582717895508e+00
1.174052357673645020e+00 2.424108028411865234e+00
1.175060987472534180e+00 2.551333189010620117e+00
1.176069617271423340e+00 2.546642541885375977e+00
1.177078366279602051e+00 2.227899789810180664e+00
1.178086996078491211e+00 2.451509952545166016e+00
1.179095625877380371e+00 2.565280437469482422e+00
1.180104255676269531e+00 2.453516721725463867e+00
1.181112885475158691e+00 2.443435192108154297e+00
1.182121515274047852e+00 2.756236553192138672e+00
1.183130145072937012e+00 2.420464277267456055e+00
1.184138774871826172e+00 2.596418857574462891e+00
1.185147404670715332e+00 2.414104461669921875e+00
1.186156034469604492e+00 2.555318832397460938e+00
1.187164664268493652e+00 2.534464836120605469e+00
1.188173294067382812e+00 2.357208490371704102e+00
1.189181923866271973e+00 2.267168998718261719e+00
1.190190553665161133e+00 2.475033044815063477e+00
1.191199183464050293e+00 2.595381259918212891e+00
1.192207813262939453e+00 2.884862422943115234e+00
1.193216443061828613e+00 2.550558805465698242e+00
1.194225072860717773e+00 2.561383008956909180e+00
1.195233702659606934e+00 2.329577684402465820e+00
1.196242451667785645e+00 2.678522348403930664e+00
1.197251081466674805e+00 2.738766193389892578e+00
1.198259711265563965e+00 2.619508028030395508e+00
1.199268341064453125e+00 2.623435258865356445e+00
1.200276970863342285e+00 2.530644178390502930e+00
1.201285600662231445e+00 3.103360414505004883e+00
1.202294230461120605e+00 2.857588291168212891e+00
1.203302860260009766e+00 2.776529788970947266e+00
1.204311490058898926e+00 2.962407350540161133e+00
1.205320119857788086e+00 2.966088771820068359e+00
1.206328749656677246e+00 3.147145032882690430e+00
1.207337379455566406e+00 2.233247280120849609e+00
1.208346009254455566e+00 2.250418663024902344e+00
1.209354639053344727e+00 2.457072257995605469e+00
