0.000000000000000000e+00 8.787732421875000000e+03
1.008636085316538811e-03 6.271967773437500000e+03
2.017272170633077621e-03 4.581701660156250000e+03
3.025908255949616432e-03 3.574694824218750000e+03
4.034544341266155243e-03 2.793614990234375000e+03
5.043180659413337708e-03 2.173378417968750000e+03
6.051816511899232864e-03 1.728928100585937500e+03
7.060452364385128021e-03 1.417350708007812500e+03
8.069088682532310486e-03 1.175258911132812500e+03
9.077725000679492950e-03 9.450964355468750000e+02
1.008636131882667542e-02 7.856852416992187500e+02
1.109499670565128326e-02 6.695176391601562500e+02
1.210363302379846573e-02 5.512337036132812500e+02
1.311226934194564819e-02 4.798444824218750000e+02
1.412090472877025604e-02 4.148639831542968750e+02
1.512954104691743851e-02 3.555887756347656250e+02
1.613817736506462097e-02 3.078552246093750000e+02
1.714681275188922882e-02 2.708075866699218750e+02
1.815545000135898590e-02 2.365174865722656250e+02
1.916408538818359375e-02 2.098134918212890625e+02
2.017272263765335083e-02 1.850206451416015625e+02
2.118135802447795868e-02 1.638948974609375000e+02
2.218999341130256653e-02 1.476290130615234375e+02
2.319863066077232361e-02 1.306463317871093750e+02
2.420726604759693146e-02 1.184977569580078125e+02
2.521590143442153931e-02 1.061209182739257812e+02
2.622453868389129639e-02 9.568202972412109375e+01
2.723317407071590424e-02 8.736120605468750000e+01
2.824180945754051208e-02 7.923872375488281250e+01
2.925044670701026917e-02 7.262392425537109375e+01
3.025908209383487701e-02 6.570479583740234375e+01
3.126771748065948486e-02 6.109846115112304688e+01
3.227635473012924194e-02 5.574620056152343750e+01
3.328499197959899902e-02 5.154296112060546875e+01
3.429362550377845764e-02 4.771393203735351562e+01
3.530226275324821472e-02 4.391053771972656250e+01
3.631090000271797180e-02 4.101614761352539062e+01
3.731953352689743042e-02 3.754388809204101562e+01
3.832817077636718750e-02 3.528644180297851562e+01
3.933680802583694458e-02 3.263460922241210938e+01
4.034544527530670166e-02 3.047903633117675781e+01
4.135407879948616028e-02 2.892786216735839844e+01
4.236271604895591736e-02 2.660397911071777344e+01
4.337135329842567444e-02 2.514711761474609375e+01
4.437998682260513306e-02 2.360202598571777344e+01
4.538862407207489014e-02 2.241402053833007812e+01
4.639726132154464722e-02 2.100366401672363281e+01
4.740589484572410583e-02 1.989775085449218750e+01
4.841453209519386292e-02 1.882815742492675781e+01
4.942316934466362000e-02 1.771191787719726562e+01
5.043180286884307861e-02 1.672560119628906250e+01
5.144044011831283569e-02 1.570688438415527344e+01
5.244907736778259277e-02 1.492296791076660156e+01
5.345771089196205139e-02 1.433511829376220703e+01
5.446634814143180847e-02 1.371416759490966797e+01
5.547498539090156555e-02 1.280442047119140625e+01
5.648361891508102417e-02 1.241060256958007812e+01
5.749225616455078125e-02 1.172861480712890625e+01
5.850089341402053833e-02 1.138241958618164062e+01
5.950953066349029541e-02 1.083436584472656250e+01
6.051816418766975403e-02 1.021107482910156250e+01
6.152680143713951111e-02 9.900805473327636719e+00
6.253543496131896973e-02 9.463808059692382812e+00
6.354407221078872681e-02 9.159406661987304688e+00
6.455270946025848389e-02 8.826023101806640625e+00
6.556134670972824097e-02 8.478075981140136719e+00
6.656998395919799805e-02 8.128405570983886719e+00
6.757862120866775513e-02 7.802399635314941406e+00
6.858725100755691528e-02 7.539853572845458984e+00
6.959588825702667236e-02 7.284862041473388672e+00
7.060452550649642944e-02 7.171945095062255859e+00
7.161316275596618652e-02 6.858133316040039062e+00
7.262180000543594360e-02 6.523297309875488281e+00
7.363043725490570068e-02 6.421520709991455078e+00
7.463906705379486084e-02 6.249493598937988281e+00
7.564770430326461792e-02 6.122913837432861328e+00
7.665634155273437500e-02 5.919570922851562500e+00
7.766497880220413208e-02 5.703142166137695312e+00
7.867361605167388916e-02 5.585077285766601562e+00
7.968225330114364624e-02 5.387504100799560547e+00
8.069089055061340332e-02 5.279059886932373047e+00
8.169952034950256348e-02 5.175368785858154297e+00
8.270815759897232056e-02 5.049907684326171875e+00
8.371679484844207764e-02 4.840859889984130859e+00
8.472543209791183472e-02 4.816061496734619141e+00
8.573406934738159180e-02 4.706523895263671875e+00
8.674270659685134888e-02 4.556919574737548828e+00
8.775133639574050903e-02 4.587545871734619141e+00
8.875997364521026611e-02 4.410906791687011719e+00
8.976861089468002319e-02 4.231143951416015625e+00
9.077724814414978027e-02 4.239292144775390625e+00
9.178588539361953735e-02 4.170724868774414062e+00
9.279452264308929443e-02 4.098363876342773438e+00
9.380315244197845459e-02 3.940747261047363281e+00
9.481178969144821167e-02 3.920521736145019531e+00
9.582042694091796875e-02 3.824289321899414062e+00
9.682906419038772583e-02 3.711991548538208008e+00
9.783770143985748291e-02 3.617061138153076172e+00
9.884633868932723999e-02 3.637146234512329102e+00
9.985497593879699707e-02 3.623368024826049805e+00
1.008636057376861572e-01 3.570870399475097656e+00
1.018722429871559143e-01 3.497716665267944336e+00
1.028808802366256714e-01 3.576235055923461914e+00
1.038895174860954285e-01 3.397594928741455078e+00
1.048981547355651855e-01 3.385040760040283203e+00
1.059067919850349426e-01 3.245716094970703125e+00
1.069154217839241028e-01 3.205182313919067383e+00
1.079240590333938599e-01 3.195139169692993164e+00
1.089326962828636169e-01 3.125624656677246094e+00
1.099413335323333740e-01 3.171123027801513672e+00
1.109499707818031311e-01 3.156991004943847656e+00
1.119586080312728882e-01 3.141039848327636719e+00
1.129672378301620483e-01 3.088886022567749023e+00
1.139758750796318054e-01 3.010193347930908203e+00
1.149845123291015625e-01 2.953373670578002930e+00
1.159931495785713196e-01 2.936066150665283203e+00
1.170017868280410767e-01 2.910309076309204102e+00
1.180104240775108337e-01 2.860384225845336914e+00
1.190190613269805908e-01 2.875788450241088867e+00
1.200276911258697510e-01 2.866255760192871094e+00
1.210363283753395081e-01 2.810698270797729492e+00
1.220449656248092651e-01 2.756686210632324219e+00
1.230536028742790222e-01 2.736889123916625977e+00
1.240622401237487793e-01 2.755169391632080078e+00
1.250708699226379395e-01 2.666222333908081055e+00
1.260795146226882935e-01 2.686765432357788086e+00
1.270881444215774536e-01 2.640639305114746094e+00
1.280967891216278076e-01 2.604373455047607422e+00
1.291054189205169678e-01 2.600210189819335938e+00
1.301140487194061279e-01 2.597542285919189453e+00
1.311226934194564819e-01 2.587882041931152344e+00
1.321313232183456421e-01 2.547438144683837891e+00
1.331399679183959961e-01 2.580835103988647461e+00
1.341485977172851562e-01 2.511117458343505859e+00
1.351572424173355103e-01 2.528580665588378906e+00
1.361658722162246704e-01 2.508804082870483398e+00
1.371745020151138306e-01 2.555185556411743164e+00
1.381831467151641846e-01 2.471722602844238281e+00
1.391917765140533447e-01 2.467719554901123047e+00
1.402004212141036987e-01 2.462231874465942383e+00
1.412090510129928589e-01 2.483717679977416992e+00
1.422176808118820190e-01 2.416366815567016602e+00
1.432263255119323730e-01 2.400127172470092773e+00
1.442349553108215332e-01 2.411459922790527344e+00
1.452436000108718872e-01 2.375055313110351562e+00
1.462522298097610474e-01 2.369345426559448242e+00
1.472608745098114014e-01 2.419994354248046875e+00
1.482695043087005615e-01 2.384744644165039062e+00
1.492781341075897217e-01 2.356103658676147461e+00
1.502867788076400757e-01 2.377895355224609375e+00
1.512954086065292358e-01 2.333144903182983398e+00
1.523040533065795898e-01 2.285789489746093750e+00
1.533126831054687500e-01 2.333492994308471680e+00
1.543213278055191040e-01 2.300883293151855469e+00
1.553299576044082642e-01 2.279276609420776367e+00
1.563385874032974243e-01 2.289671897888183594e+00
1.573472321033477783e-01 2.235068082809448242e+00
1.583558619022369385e-01 2.246893644332885742e+00
1.593645066022872925e-01 2.233942031860351562e+00
1.603731364011764526e-01 2.209543466567993164e+00
1.613817811012268066e-01 2.252096891403198242e+00
1.623904109001159668e-01 2.208265781402587891e+00
1.633990406990051270e-01 2.251906156539916992e+00
1.644076853990554810e-01 2.283957004547119141e+00
1.654163151979446411e-01 2.231205940246582031e+00
1.664249598979949951e-01 2.168665647506713867e+00
1.674335896968841553e-01 2.175932407379150391e+00
1.684422194957733154e-01 2.227017402648925781e+00
1.694508641958236694e-01 2.193765878677368164e+00
1.704594939947128296e-01 2.194041252136230469e+00
1.714681386947631836e-01 2.213680744171142578e+00
1.724767684936523438e-01 2.212498426437377930e+00
1.734854131937026978e-01 2.211270093917846680e+00
1.744940429925918579e-01 2.195376634597778320e+00
1.755026727914810181e-01 2.155317068099975586e+00
1.765113174915313721e-01 2.179021596908569336e+00
1.775199472904205322e-01 2.142275810241699219e+00
1.785285919904708862e-01 2.147396564483642578e+00
1.795372217893600464e-01 2.152296304702758789e+00
1.805458664894104004e-01 2.157648563385009766e+00
1.815544962882995605e-01 2.208300590515136719e+00
1.825631260871887207e-01 2.161107301712036133e+00
1.835717707872390747e-01 2.176118850708007812e+00
1.845804005861282349e-01 2.125529527664184570e+00
1.855890452861785889e-01 2.132348299026489258e+00
1.865976750850677490e-01 2.151554346084594727e+00
1.876063048839569092e-01 2.148272275924682617e+00
1.886149495840072632e-01 2.116356849670410156e+00
1.896235793828964233e-01 2.130905866622924805e+00
1.906322240829467773e-01 2.121025323867797852e+00
1.916408538818359375e-01 2.151351451873779297e+00
1.926494985818862915e-01 2.111229181289672852e+00
1.936581283807754517e-01 2.124847650527954102e+00
1.946667581796646118e-01 2.114892721176147461e+00
1.956754028797149658e-01 2.097371578216552734e+00
1.966840326786041260e-01 2.148452281951904297e+00
1.976926773786544800e-01 2.142412185668945312e+00
1.987013071775436401e-01 2.135729074478149414e+00
1.997099518775939941e-01 2.103060722351074219e+00
2.007185816764831543e-01 2.116505146026611328e+00
2.017272114753723145e-01 2.068578958511352539e+00
2.027358561754226685e-01 2.063860654830932617e+00
2.037444859743118286e-01 2.077465534210205078e+00
2.047531306743621826e-01 2.080884218215942383e+00
2.057617604732513428e-01 2.081508874893188477e+00
2.067703902721405029e-01 2.073649406433105469e+00
2.077790349721908569e-01 2.072784185409545898e+00
2.087876647710800171e-01 2.074820041656494141e+00
2.097963094711303711e-01 2.070693254470825195e+00
2.108049392700195312e-01 2.059031486511230469e+00
2.118135839700698853e-01 2.083957195281982422e+00
2.128222137689590454e-01 2.090438127517700195e+00
2.138308435678482056e-01 2.104402780532836914e+00
2.148394882678985596e-01 1.991295456886291504e+00
2.158481180667877197e-01 2.088210344314575195e+00
2.168567627668380737e-01 2.047852516174316406e+00
2.178653925657272339e-01 2.079632282257080078e+00
2.188740372657775879e-01 2.048863649368286133e+00
2.198826670646667480e-01 2.095744132995605469e+00
2.208912968635559082e-01 2.095060110092163086e+00
2.218999415636062622e-01 2.063832521438598633e+00
2.229085713624954224e-01 2.060666322708129883e+00
2.239172160625457764e-01 2.124670028686523438e+00
2.249258458614349365e-01 2.078002452850341797e+00
2.259344756603240967e-01 2.064758777618408203e+00
2.269431203603744507e-01 2.067127227783203125e+00
2.279517501592636108e-01 2.071448087692260742e+00
2.289603948593139648e-01 2.056087732315063477e+00
2.299690246582031250e-01 2.060504913330078125e+00
2.309776693582534790e-01 2.102484464645385742e+00
2.319862991571426392e-01 2.076271295547485352e+00
2.329949289560317993e-01 2.045035600662231445e+00
2.340035736560821533e-01 2.078363180160522461e+00
2.350122034549713135e-01 2.069737434387207031e+00
2.360208481550216675e-01 2.074729204177856445e+00
2.370294779539108276e-01 2.085609197616577148e+00
2.380381226539611816e-01 2.046718835830688477e+00
2.390467524528503418e-01 2.066940546035766602e+00
2.400553822517395020e-01 2.080262422561645508e+00
2.410640269517898560e-01 2.056304693222045898e+00
2.420726567506790161e-01 2.071779012680053711e+00
2.430813014507293701e-01 2.238939762115478516e+00
2.440899312496185303e-01 2.061510562896728516e+00
2.450985759496688843e-01 2.092729568481445312e+00
2.461072057485580444e-01 2.074493408203125000e+00
2.471158355474472046e-01 2.066519260406494141e+00
2.481244802474975586e-01 2.046255350112915039e+00
2.491331100463867188e-01 2.102586507797241211e+00
2.501417398452758789e-01 2.113576412200927734e+00
2.511503994464874268e-01 2.074737548828125000e+00
2.521590292453765869e-01 2.056963682174682617e+00
2.531676590442657471e-01 2.095206022262573242e+00
2.541762888431549072e-01 2.107384920120239258e+00
2.551849186420440674e-01 2.059359788894653320e+00
2.561935782432556152e-01 2.087105989456176758e+00
2.572022080421447754e-01 2.109704256057739258e+00
2.582108378410339355e-01 2.051822423934936523e+00
2.592194676399230957e-01 2.071603536605834961e+00
2.602280974388122559e-01 2.106446504592895508e+00
2.612367570400238037e-01 2.088756084442138672e+00
2.622453868389129639e-01 2.103678464889526367e+00
2.632540166378021240e-01 2.090557813644409180e+00
2.642626464366912842e-01 2.116692304611206055e+00
2.652712762355804443e-01 2.067815303802490234e+00
2.662799358367919922e-01 2.099641561508178711e+00
2.672885656356811523e-01 2.093897581100463867e+00
2.682971954345703125e-01 2.077601432800292969e+00
2.693058252334594727e-01 2.108234167098999023e+00
2.703144848346710205e-01 2.067203521728515625e+00
2.713231146335601807e-01 2.094071626663208008e+00
2.723317444324493408e-01 2.058369398117065430e+00
2.733403742313385010e-01 2.076658487319946289e+00
2.743490040302276611e-01 2.115820646286010742e+00
2.753576636314392090e-01 2.092208385467529297e+00
2.763662934303283691e-01 2.106173515319824219e+00
2.773749232292175293e-01 2.083528757095336914e+00
2.783835530281066895e-01 2.117201089859008789e+00
2.793921828269958496e-01 2.098706007003784180e+00
2.804008424282073975e-01 2.114600658416748047e+00
2.814094722270965576e-01 2.102336645126342773e+00
2.824181020259857178e-01 2.143406152725219727e+00
2.834267318248748779e-01 2.119197130203247070e+00
2.844353616237640381e-01 2.127715826034545898e+00
2.854440212249755859e-01 2.109177350997924805e+00
2.864526510238647461e-01 2.124904155731201172e+00
2.874612808227539062e-01 2.106162786483764648e+00
2.884699106216430664e-01 2.123871564865112305e+00
2.894785702228546143e-01 2.151616573333740234e+00
2.904872000217437744e-01 2.138631105422973633e+00
2.914958298206329346e-01 2.092279911041259766e+00
2.925044596195220947e-01 2.111160516738891602e+00
2.935130894184112549e-01 2.137010574340820312e+00
2.945217490196228027e-01 2.126298427581787109e+00
2.955303788185119629e-01 2.113953828811645508e+00
2.965390086174011230e-01 2.151473283767700195e+00
2.975476384162902832e-01 2.149549722671508789e+00
2.985562682151794434e-01 2.140894651412963867e+00
2.995649278163909912e-01 2.134305953979492188e+00
3.005735576152801514e-01 2.153506278991699219e+00
3.015821874141693115e-01 2.127026796340942383e+00
3.025908172130584717e-01 2.168824911117553711e+00
3.035994470119476318e-01 2.140205621719360352e+00
3.046081066131591797e-01 2.120088577270507812e+00
3.056167364120483398e-01 2.139281034469604492e+00
3.066253662109375000e-01 2.147371053695678711e+00
3.076339960098266602e-01 2.178035020828247070e+00
3.086426556110382080e-01 2.118631362915039062e+00
3.096512854099273682e-01 2.131710529327392578e+00
3.106599152088165283e-01 2.168967723846435547e+00
3.116685450077056885e-01 2.157641172409057617e+00
3.126771748065948486e-01 2.143500089645385742e+00
3.136858344078063965e-01 2.165004014968872070e+00
3.146944642066955566e-01 2.180819749832153320e+00
3.157030940055847168e-01 2.149550199508666992e+00
3.167117238044738770e-01 2.189182281494140625e+00
3.177203536033630371e-01 2.165548324584960938e+00
3.187290132045745850e-01 2.183760881423950195e+00
3.197376430034637451e-01 2.191748142242431641e+00
3.207462728023529053e-01 2.170841455459594727e+00
3.217549026012420654e-01 2.205137968063354492e+00
3.227635622024536133e-01 2.182918548583984375e+00
3.237721920013427734e-01 2.156697034835815430e+00
3.247808218002319336e-01 2.191283464431762695e+00
3.257894515991210938e-01 2.196863651275634766e+00
3.267980813980102539e-01 2.247173309326171875e+00
3.278067409992218018e-01 2.220471382141113281e+00
3.288153707981109619e-01 2.223188638687133789e+00
3.298240005970001221e-01 2.197547435760498047e+00
3.308326303958892822e-01 2.172766208648681641e+00
3.318412601947784424e-01 2.163254499435424805e+00
3.328499197959899902e-01 2.184212923049926758e+00
3.338585495948791504e-01 2.192904233932495117e+00
3.348671793937683105e-01 2.222163677215576172e+00
3.358758091926574707e-01 2.236339807510375977e+00
3.368844389915466309e-01 2.204789400100708008e+00
3.378930985927581787e-01 2.214364767074584961e+00
3.389017283916473389e-01 2.222420930862426758e+00
3.399103581905364990e-01 2.209580898284912109e+00
3.409189879894256592e-01 2.231008052825927734e+00
3.419276475906372070e-01 2.240233421325683594e+00
3.429362773895263672e-01 2.254609346389770508e+00
3.439449071884155273e-01 2.243645668029785156e+00
3.449535369873046875e-01 2.236097574234008789e+00
3.459621667861938477e-01 2.224888324737548828e+00
3.469708263874053955e-01 2.215929985046386719e+00
3.479794561862945557e-01 2.247735261917114258e+00
3.489880859851837158e-01 2.242684364318847656e+00
3.499967157840728760e-01 2.241891622543334961e+00
3.510053455829620361e-01 2.261398792266845703e+00
3.520140051841735840e-01 2.258856773376464844e+00
3.530226349830627441e-01 2.272709608078002930e+00
3.540312647819519043e-01 2.230116367340087891e+00
3.550398945808410645e-01 2.260793685913085938e+00
3.560485243797302246e-01 2.260582208633422852e+00
3.570571839809417725e-01 2.275210857391357422e+00
3.580658137798309326e-01 2.254522323608398438e+00
3.590744435787200928e-01 2.269171237945556641e+00
3.600830733776092529e-01 2.256384372711181641e+00
3.610917329788208008e-01 2.269022464752197266e+00
3.621003627777099609e-01 2.271522521972656250e+00
3.631089925765991211e-01 2.282326459884643555e+00
3.641176223754882812e-01 2.266474008560180664e+00
3.651262521743774414e-01 2.254046201705932617e+00
3.661349117755889893e-01 2.246276378631591797e+00
3.671435415744781494e-01 2.268920660018920898e+00
3.681521713733673096e-01 2.246614694595336914e+00
3.691608011722564697e-01 2.258258819580078125e+00
3.701694309711456299e-01 2.262408971786499023e+00
3.711780905723571777e-01 2.234749794006347656e+00
3.721867203712463379e-01 2.289767265319824219e+00
3.731953501701354980e-01 2.264809608459472656e+00
3.742039799690246582e-01 2.264058589935302734e+00
3.752126097679138184e-01 2.240849256515502930e+00
3.762212693691253662e-01 2.275350332260131836e+00
3.772298991680145264e-01 2.276632070541381836e+00
3.782385289669036865e-01 2.304189682006835938e+00
3.792471587657928467e-01 2.289280891418457031e+00
3.802558183670043945e-01 2.302393913269042969e+00
3.812644481658935547e-01 2.301575183868408203e+00
3.822730779647827148e-01 2.290114164352416992e+00
3.832817077636718750e-01 2.291301250457763672e+00
3.842903375625610352e-01 2.282145023345947266e+00
3.852989971637725830e-01 2.244057893753051758e+00
3.863076269626617432e-01 2.288026809692382812e+00
3.873162567615509033e-01 2.274450302124023438e+00
3.883248865604400635e-01 2.248946666717529297e+00
3.893335163593292236e-01 2.271715402603149414e+00
3.903421759605407715e-01 2.258462667465209961e+00
3.913508057594299316e-01 2.280490875244140625e+00
3.923594355583190918e-01 2.273882865905761719e+00
3.933680653572082520e-01 2.245993614196777344e+00
3.943766951560974121e-01 2.278487682342529297e+00
3.953853547573089600e-01 2.300569534301757812e+00
3.963939845561981201e-01 2.256683349609375000e+00
3.974026143550872803e-01 2.267659187316894531e+00
3.984112441539764404e-01 2.310786485671997070e+00
3.994199037551879883e-01 2.328819274902343750e+00
4.004285335540771484e-01 2.320489883422851562e+00
4.014371633529663086e-01 2.278138399124145508e+00
4.024457931518554688e-01 2.301813364028930664e+00
4.034544229507446289e-01 2.306947708129882812e+00
4.044630825519561768e-01 2.273312568664550781e+00
4.054717123508453369e-01 2.290359497070312500e+00
4.064803421497344971e-01 2.279760837554931641e+00
4.074889719486236572e-01 2.301787137985229492e+00
4.084976017475128174e-01 2.277082681655883789e+00
4.095062613487243652e-01 2.291795253753662109e+00
4.105148911476135254e-01 2.283711910247802734e+00
4.115235209465026855e-01 2.287085533142089844e+00
4.125321507453918457e-01 2.284048080444335938e+00
4.135407805442810059e-01 2.310747385025024414e+00
4.145494401454925537e-01 2.284444570541381836e+00
4.155580699443817139e-01 2.304134607315063477e+00
4.165666997432708740e-01 2.309616565704345703e+00
4.175753295421600342e-01 2.266241788864135742e+00
4.185839891433715820e-01 2.270016431808471680e+00
4.195926189422607422e-01 2.265571117401123047e+00
4.206012487411499023e-01 2.265247106552124023e+00
4.216098785400390625e-01 2.276907682418823242e+00
4.226185083389282227e-01 2.272051811218261719e+00
4.236271679401397705e-01 2.282010316848754883e+00
4.246357977390289307e-01 2.318879365921020508e+00
4.256444275379180908e-01 2.278054952621459961e+00
4.266530573368072510e-01 2.296534538269042969e+00
4.276616871356964111e-01 2.272519826889038086e+00
4.286703467369079590e-01 2.255773782730102539e+00
4.296789765357971191e-01 2.259114503860473633e+00
4.306876063346862793e-01 2.294473648071289062e+00
4.316962361335754395e-01 2.252686977386474609e+00
4.327048659324645996e-01 2.256486654281616211e+00
4.337135255336761475e-01 2.262513637542724609e+00
4.347221553325653076e-01 2.278575658798217773e+00
4.357307851314544678e-01 2.246307611465454102e+00
4.367394149303436279e-01 2.292609691619873047e+00
4.377480745315551758e-01 2.310006380081176758e+00
4.387567043304443359e-01 2.275572776794433594e+00
4.397653341293334961e-01 2.248924255371093750e+00
4.407739639282226562e-01 2.268346309661865234e+00
4.417825937271118164e-01 2.288418054580688477e+00
4.427912533283233643e-01 2.268062114715576172e+00
4.437998831272125244e-01 2.267189741134643555e+00
4.448085129261016846e-01 2.250623941421508789e+00
4.458171427249908447e-01 2.258893251419067383e+00
4.468257725238800049e-01 2.230224132537841797e+00
4.478344321250915527e-01 2.228762865066528320e+00
4.488430619239807129e-01 2.282978296279907227e+00
4.498516917228698730e-01 2.292971372604370117e+00
4.508603215217590332e-01 2.260403394699096680e+00
4.518689513206481934e-01 2.240348815917968750e+00
4.528776109218597412e-01 2.246665954589843750e+00
4.538862407207489014e-01 2.278261661529541016e+00
4.548948705196380615e-01 2.270544767379760742e+00
4.559035003185272217e-01 2.247180223464965820e+00
4.569121599197387695e-01 2.243984222412109375e+00
4.579207897186279297e-01 2.268151283264160156e+00
4.589294195175170898e-01 2.257703781127929688e+00
4.599380493164062500e-01 2.239977359771728516e+00
4.609466791152954102e-01 2.240677118301391602e+00
4.619553387165069580e-01 2.267426967620849609e+00
4.629639685153961182e-01 2.250730991363525391e+00
4.639725983142852783e-01 2.231502294540405273e+00
4.649812281131744385e-01 2.244296550750732422e+00
4.659898579120635986e-01 2.243458032608032227e+00
4.669985175132751465e-01 2.230393886566162109e+00
4.680071473121643066e-01 2.222008943557739258e+00
4.690157771110534668e-01 2.253278493881225586e+00
4.700244069099426270e-01 2.240281343460083008e+00
4.710330665111541748e-01 2.228625774383544922e+00
4.720416963100433350e-01 2.245575666427612305e+00
4.730503261089324951e-01 2.232364177703857422e+00
4.740589559078216553e-01 2.234281301498413086e+00
4.750675857067108154e-01 2.254096984863281250e+00
4.760762453079223633e-01 2.231717109680175781e+00
4.770848751068115234e-01 2.231758356094360352e+00
4.780935049057006836e-01 2.218838930130004883e+00
4.791021347045898438e-01 2.203949689865112305e+00
4.801107645034790039e-01 2.214920759201049805e+00
4.811194241046905518e-01 2.217894792556762695e+00
4.821280539035797119e-01 2.217399835586547852e+00
4.831366837024688721e-01 2.221513271331787109e+00
4.841453135013580322e-01 2.220201969146728516e+00
4.851539433002471924e-01 2.215152263641357422e+00
4.861626029014587402e-01 2.221289873123168945e+00
4.871712327003479004e-01 2.228979587554931641e+00
4.881798624992370605e-01 2.233579635620117188e+00
4.891884922981262207e-01 2.208971500396728516e+00
4.901971518993377686e-01 2.211708307266235352e+00
4.912057816982269287e-01 2.195976495742797852e+00
4.922144114971160889e-01 2.175688028335571289e+00
4.932230412960052490e-01 2.180006980895996094e+00
4.942316710948944092e-01 2.200231552124023438e+00
4.952403306961059570e-01 2.188176870346069336e+00
4.962489604949951172e-01 2.206417322158813477e+00
4.972575902938842773e-01 2.171477794647216797e+00
4.982662200927734375e-01 2.195334434509277344e+00
4.992748498916625977e-01 2.199354648590087891e+00
5.002834796905517578e-01 2.213284254074096680e+00
5.012921094894409180e-01 2.201466798782348633e+00
5.023007988929748535e-01 2.181045532226562500e+00
5.033094286918640137e-01 2.204016208648681641e+00
5.043180584907531738e-01 2.239737749099731445e+00
5.053266882896423340e-01 2.210788488388061523e+00
5.063353180885314941e-01 2.217243194580078125e+00
5.073439478874206543e-01 2.189461469650268555e+00
5.083525776863098145e-01 2.214224338531494141e+00
5.093612074851989746e-01 2.157915592193603516e+00
5.103698372840881348e-01 2.161901950836181641e+00
5.113784670829772949e-01 2.184068918228149414e+00
5.123871564865112305e-01 2.171449184417724609e+00
5.133957862854003906e-01 2.175868034362792969e+00
5.144044160842895508e-01 2.171915292739868164e+00
5.154130458831787109e-01 2.198450326919555664e+00
5.164216756820678711e-01 2.143698930740356445e+00
5.174303054809570312e-01 2.175536870956420898e+00
5.184389352798461914e-01 2.185970067977905273e+00
5.194475650787353516e-01 2.191250562667846680e+00
5.204561948776245117e-01 2.189420223236083984e+00
5.214648842811584473e-01 2.201684713363647461e+00
5.224735140800476074e-01 2.194453001022338867e+00
5.234821438789367676e-01 2.209081411361694336e+00
5.244907736778259277e-01 2.194953918457031250e+00
5.254994034767150879e-01 2.158861398696899414e+00
5.265080332756042480e-01 2.147042989730834961e+00
5.275166630744934082e-01 2.164399147033691406e+00
5.285252928733825684e-01 2.172486066818237305e+00
5.295339226722717285e-01 2.168714761734008789e+00
5.305425524711608887e-01 2.178042411804199219e+00
5.315512418746948242e-01 2.194719076156616211e+00
5.325598716735839844e-01 2.183238506317138672e+00
5.335685014724731445e-01 2.150940179824829102e+00
5.345771312713623047e-01 2.163234472274780273e+00
5.355857610702514648e-01 2.155878067016601562e+00
5.365943908691406250e-01 2.167191505432128906e+00
5.376030206680297852e-01 2.151658058166503906e+00
5.386116504669189453e-01 2.153959751129150391e+00
5.396202802658081055e-01 2.158249855041503906e+00
5.406289696693420410e-01 2.181664228439331055e+00
5.416375994682312012e-01 2.148628234863281250e+00
5.426462292671203613e-01 2.155640363693237305e+00
5.436548590660095215e-01 2.147862195968627930e+00
5.446634888648986816e-01 2.148468255996704102e+00
5.456721186637878418e-01 2.174919605255126953e+00
5.466807484626770020e-01 2.151661157608032227e+00
5.476893782615661621e-01 2.165701150894165039e+00
5.486980080604553223e-01 2.176312446594238281e+00
5.497066378593444824e-01 2.173801898956298828e+00
5.507153272628784180e-01 2.147383689880371094e+00
5.517239570617675781e-01 2.176007986068725586e+00
5.527325868606567383e-01 2.159545421600341797e+00
5.537412166595458984e-01 2.170372009277343750e+00
5.547498464584350586e-01 2.167920112609863281e+00
5.557584762573242188e-01 2.137879848480224609e+00
5.567671060562133789e-01 2.165168046951293945e+00
5.577757358551025391e-01 2.142441987991333008e+00
5.587843656539916992e-01 2.131116628646850586e+00
5.597930550575256348e-01 2.145238161087036133e+00
5.608016848564147949e-01 2.172750473022460938e+00
5.618103146553039551e-01 2.145230531692504883e+00
5.628189444541931152e-01 2.146125316619873047e+00
5.638275742530822754e-01 2.163557767868041992e+00
5.648362040519714355e-01 2.150154113769531250e+00
5.658448338508605957e-01 2.130829811096191406e+00
5.668534636497497559e-01 2.126428365707397461e+00
5.678620934486389160e-01 2.135090589523315430e+00
5.688707232475280762e-01 2.147001743316650391e+00
5.698794126510620117e-01 2.149483442306518555e+00
5.708880424499511719e-01 2.117314338684082031e+00
5.718966722488403320e-01 2.144550085067749023e+00
5.729053020477294922e-01 2.137896537780761719e+00
5.739139318466186523e-01 2.127050638198852539e+00
5.749225616455078125e-01 2.154273986816406250e+00
5.759311914443969727e-01 2.129330635070800781e+00
5.769398212432861328e-01 2.127939939498901367e+00
5.779484510421752930e-01 2.145800828933715820e+00
5.789571404457092285e-01 2.161064624786376953e+00
5.799657702445983887e-01 2.165386676788330078e+00
5.809744000434875488e-01 2.166020393371582031e+00
5.819830298423767090e-01 2.150493383407592773e+00
5.829916596412658691e-01 2.127421617507934570e+00
5.840002894401550293e-01 2.144392728805541992e+00
5.850089192390441895e-01 2.144814729690551758e+00
5.860175490379333496e-01 2.142414331436157227e+00
5.870261788368225098e-01 2.133895874023437500e+00
5.880348086357116699e-01 2.117114782333374023e+00
5.890434980392456055e-01 2.153396844863891602e+00
5.900521278381347656e-01 2.155165433883666992e+00
5.910607576370239258e-01 2.129196166992187500e+00
5.920693874359130859e-01 2.149661779403686523e+00
5.930780172348022461e-01 2.154241561889648438e+00
5.940866470336914062e-01 2.130150079727172852e+00
5.950952768325805664e-01 2.141883850097656250e+00
5.961039066314697266e-01 2.146535158157348633e+00
5.971125364303588867e-01 2.110151767730712891e+00
5.981212258338928223e-01 2.133534431457519531e+00
5.991298556327819824e-01 2.130590915679931641e+00
6.001384854316711426e-01 2.135195493698120117e+00
6.011471152305603027e-01 2.167135953903198242e+00
6.021557450294494629e-01 2.145194768905639648e+00
6.031643748283386230e-01 2.142947912216186523e+00
6.041730046272277832e-01 2.134034872055053711e+00
6.051816344261169434e-01 2.148282051086425781e+00
6.061902642250061035e-01 2.154332637786865234e+00
6.071988940238952637e-01 2.165022134780883789e+00
6.082075834274291992e-01 2.156374454498291016e+00
6.092162132263183594e-01 2.150666236877441406e+00
6.102248430252075195e-01 2.123477458953857422e+00
6.112334728240966797e-01 2.121687889099121094e+00
6.122421026229858398e-01 2.160042762756347656e+00
6.132507324218750000e-01 2.123265027999877930e+00
6.142593622207641602e-01 2.109538793563842773e+00
6.152679920196533203e-01 2.126090526580810547e+00
6.162766218185424805e-01 2.138138771057128906e+00
6.172853112220764160e-01 2.147559881210327148e+00
6.182939410209655762e-01 2.157317876815795898e+00
6.193025708198547363e-01 2.163871049880981445e+00
6.203112006187438965e-01 2.123661756515502930e+00
6.213198304176330566e-01 2.133042573928833008e+00
6.223284602165222168e-01 2.164216995239257812e+00
6.233370900154113770e-01 2.150943994522094727e+00
6.243457198143005371e-01 2.154057979583740234e+00
6.253543496131896973e-01 2.128966331481933594e+00
6.263629794120788574e-01 2.158950328826904297e+00
6.273716688156127930e-01 2.145142793655395508e+00
6.283802986145019531e-01 2.173624753952026367e+00
6.293889284133911133e-01 2.162776231765747070e+00
6.303975582122802734e-01 2.132748365402221680e+00
6.314061880111694336e-01 2.138726234436035156e+00
6.324148178100585938e-01 2.153716802597045898e+00
6.334234476089477539e-01 2.145623445510864258e+00
6.344320774078369141e-01 2.140006303787231445e+00
6.354407072067260742e-01 2.142135858535766602e+00
6.364493966102600098e-01 2.164745807647705078e+00
6.374580264091491699e-01 2.140995502471923828e+00
6.384666562080383301e-01 2.160356283187866211e+00
6.394752860069274902e-01 2.156306266784667969e+00
6.404839158058166504e-01 2.164424419403076172e+00
6.414925456047058105e-01 2.158194303512573242e+00
6.425011754035949707e-01 2.175096750259399414e+00
6.435098052024841309e-01 2.122266530990600586e+00
6.445184350013732910e-01 2.184562921524047852e+00
6.455271244049072266e-01 2.120868682861328125e+00
6.465357542037963867e-01 2.151873350143432617e+00
6.475443840026855469e-01 2.162219524383544922e+00
6.485530138015747070e-01 2.149312019348144531e+00
6.495616436004638672e-01 2.151360511779785156e+00
6.505702733993530273e-01 2.170443534851074219e+00
6.515789031982421875e-01 2.126894235610961914e+00
6.525875329971313477e-01 2.171909570693969727e+00
6.535961627960205078e-01 2.174946308135986328e+00
6.546047925949096680e-01 2.138510227203369141e+00
6.556134819984436035e-01 2.175970554351806641e+00
6.566221117973327637e-01 2.187889099121093750e+00
6.576307415962219238e-01 2.181431531906127930e+00
6.586393713951110840e-01 2.164656639099121094e+00
6.596480011940002441e-01 2.171968698501586914e+00
6.606566309928894043e-01 2.159975290298461914e+00
6.616652607917785645e-01 2.147434234619140625e+00
6.626738905906677246e-01 2.177098274230957031e+00
6.636825203895568848e-01 2.189866542816162109e+00
6.646912097930908203e-01 2.178994178771972656e+00
6.656998395919799805e-01 2.170671224594116211e+00
6.667084693908691406e-01 2.139110326766967773e+00
6.677170991897583008e-01 2.153668165206909180e+00
6.687257289886474609e-01 2.172207117080688477e+00
6.697343587875366211e-01 2.193526983261108398e+00
6.707429885864257812e-01 2.169304609298706055e+00
6.717516183853149414e-01 2.171479463577270508e+00
6.727602481842041016e-01 2.183499574661254883e+00
6.737688779830932617e-01 2.177780389785766602e+00
6.747775673866271973e-01 2.194259166717529297e+00
6.757861971855163574e-01 2.169473886489868164e+00
6.767948269844055176e-01 2.181753873825073242e+00
6.778034567832946777e-01 2.198167800903320312e+00
6.788120865821838379e-01 2.213565587997436523e+00
6.798207163810729980e-01 2.223092317581176758e+00
6.808293461799621582e-01 2.194349765777587891e+00
6.818379759788513184e-01 2.196289062500000000e+00
6.828466057777404785e-01 2.189709186553955078e+00
6.838552951812744141e-01 2.202480077743530273e+00
6.848639249801635742e-01 2.218598842620849609e+00
6.858725547790527344e-01 2.214576721191406250e+00
6.868811845779418945e-01 2.176036119461059570e+00
6.878898143768310547e-01 2.179713249206542969e+00
6.888984441757202148e-01 2.195204019546508789e+00
6.899070739746093750e-01 2.229733467102050781e+00
6.909157037734985352e-01 2.200373172760009766e+00
6.919243335723876953e-01 2.200119495391845703e+00
6.929329633712768555e-01 2.205807685852050781e+00
6.939416527748107910e-01 2.205756902694702148e+00
6.949502825736999512e-01 2.236817836761474609e+00
6.959589123725891113e-01 2.190252065658569336e+00
6.969675421714782715e-01 2.220785856246948242e+00
6.979761719703674316e-01 2.231977462768554688e+00
6.989848017692565918e-01 2.234695196151733398e+00
6.999934315681457520e-01 2.225646495819091797e+00
7.010020613670349121e-01 2.222004413604736328e+00
7.020106911659240723e-01 2.265158891677856445e+00
7.030193805694580078e-01 2.231322050094604492e+00
7.040280103683471680e-01 2.199918508529663086e+00
7.050366401672363281e-01 2.236507415771484375e+00
7.060452699661254883e-01 2.223499059677124023e+00
7.070538997650146484e-01 2.217896223068237305e+00
7.080625295639038086e-01 2.239412784576416016e+00
7.090711593627929688e-01 2.238004207611083984e+00
7.100797891616821289e-01 2.206756830215454102e+00
7.110884189605712891e-01 2.233890295028686523e+00
7.120970487594604492e-01 2.280452013015747070e+00
7.131057381629943848e-01 2.254661560058593750e+00
7.141143679618835449e-01 2.211409330368041992e+00
7.151229977607727051e-01 2.223240852355957031e+00
7.161316275596618652e-01 2.277582883834838867e+00
7.171402573585510254e-01 2.258734464645385742e+00
7.181488871574401855e-01 2.263892889022827148e+00
7.191575169563293457e-01 2.259499549865722656e+00
7.201661467552185059e-01 2.241544723510742188e+00
7.211747765541076660e-01 2.250018596649169922e+00
7.221834659576416016e-01 2.279897689819335938e+00
7.231920957565307617e-01 2.274312734603881836e+00
7.242007255554199219e-01 2.248053312301635742e+00
7.252093553543090820e-01 2.267553329467773438e+00
7.262179851531982422e-01 2.293954610824584961e+00
7.272266149520874023e-01 2.285023927688598633e+00
7.282352447509765625e-01 2.295886993408203125e+00
7.292438745498657227e-01 2.262852907180786133e+00
7.302525043487548828e-01 2.284587621688842773e+00
7.312611341476440430e-01 2.283861160278320312e+00
7.322698235511779785e-01 2.253464937210083008e+00
7.332784533500671387e-01 2.336491584777832031e+00
7.342870831489562988e-01 2.300516366958618164e+00
7.352957129478454590e-01 2.299994468688964844e+00
7.363043427467346191e-01 2.312313079833984375e+00
7.373129725456237793e-01 2.286463975906372070e+00
7.383216023445129395e-01 2.271501064300537109e+00
7.393302321434020996e-01 2.316098451614379883e+00
7.403388619422912598e-01 2.355781316757202148e+00
7.413475513458251953e-01 2.298496961593627930e+00
7.423561811447143555e-01 2.289025306701660156e+00
7.433648109436035156e-01 2.276325464248657227e+00
7.443734407424926758e-01 2.302529096603393555e+00
7.453820705413818359e-01 2.337987899780273438e+00
7.463907003402709961e-01 2.351707220077514648e+00
7.473993301391601562e-01 2.326199293136596680e+00
7.484079599380493164e-01 2.321196556091308594e+00
7.494165897369384766e-01 2.344943523406982422e+00
7.504252195358276367e-01 2.344412565231323242e+00
7.514339089393615723e-01 2.345099449157714844e+00
7.524425387382507324e-01 2.406474113464355469e+00
7.534511685371398926e-01 2.418769121170043945e+00
7.544597983360290527e-01 2.344786882400512695e+00
7.554684281349182129e-01 2.355785846710205078e+00
7.564770579338073730e-01 2.328318119049072266e+00
7.574856877326965332e-01 2.356906890869140625e+00
7.584943175315856934e-01 2.358964920043945312e+00
7.595029473304748535e-01 2.367023229598999023e+00
7.605116367340087891e-01 2.358802318572998047e+00
7.615202665328979492e-01 2.368684291839599609e+00
7.625288963317871094e-01 2.339304447174072266e+00
7.635375261306762695e-01 2.391671419143676758e+00
7.645461559295654297e-01 2.372296094894409180e+00
7.655547857284545898e-01 2.363718509674072266e+00
7.665634155273437500e-01 2.365381717681884766e+00
7.675720453262329102e-01 2.372330665588378906e+00
7.685806751251220703e-01 2.370069503784179688e+00
7.695893049240112305e-01 2.398007392883300781e+00
7.705979943275451660e-01 2.388302087783813477e+00
7.716066241264343262e-01 2.365326166152954102e+00
7.726152539253234863e-01 2.368629932403564453e+00
7.736238837242126465e-01 2.395042896270751953e+00
7.746325135231018066e-01 2.357716321945190430e+00
7.756411433219909668e-01 2.372694730758666992e+00
7.766497731208801270e-01 2.416602611541748047e+00
7.776584029197692871e-01 2.440511941909790039e+00
7.786670327186584473e-01 2.414333105087280273e+00
7.796757221221923828e-01 2.435727596282958984e+00
7.806843519210815430e-01 2.430760383605957031e+00
7.816929817199707031e-01 2.431835174560546875e+00
7.827016115188598633e-01 2.393583774566650391e+00
7.837102413177490234e-01 2.425653696060180664e+00
7.847188711166381836e-01 2.444943904876708984e+00
7.857275009155273438e-01 2.421940088272094727e+00
7.867361307144165039e-01 2.423557043075561523e+00
7.877447605133056641e-01 2.428900003433227539e+00
7.887533903121948242e-01 2.422346591949462891e+00
7.897620797157287598e-01 2.447308540344238281e+00
7.907707095146179199e-01 2.464325904846191406e+00
7.917793393135070801e-01 2.432565212249755859e+00
7.927879691123962402e-01 2.438903331756591797e+00
7.937965989112854004e-01 2.433458089828491211e+00
7.948052287101745605e-01 2.442325592041015625e+00
7.958138585090637207e-01 2.442070960998535156e+00
7.968224883079528809e-01 2.494068145751953125e+00
7.978311181068420410e-01 2.466476202011108398e+00
7.988398075103759766e-01 2.480663537979125977e+00
7.998484373092651367e-01 2.480699062347412109e+00
8.008570671081542969e-01 2.457994699478149414e+00
8.018656969070434570e-01 2.506058216094970703e+00
8.028743267059326172e-01 2.510355710983276367e+00
8.038829565048217773e-01 2.480973005294799805e+00
8.048915863037109375e-01 2.448125123977661133e+00
8.059002161026000977e-01 2.466433763504028320e+00
8.069088459014892578e-01 2.472170114517211914e+00
8.079174757003784180e-01 2.505538463592529297e+00
8.089261651039123535e-01 2.472752809524536133e+00
8.099347949028015137e-01 2.519330024719238281e+00
8.109434247016906738e-01 2.514561891555786133e+00
8.119520545005798340e-01 2.516133069992065430e+00
8.129606842994689941e-01 2.474287748336791992e+00
8.139693140983581543e-01 2.541403532028198242e+00
8.149779438972473145e-01 2.543874979019165039e+00
8.159865736961364746e-01 2.511852025985717773e+00
8.169952034950256348e-01 2.499057769775390625e+00
8.180038928985595703e-01 2.526870727539062500e+00
8.190125226974487305e-01 2.546102523803710938e+00
8.200211524963378906e-01 2.537827730178833008e+00
8.210297822952270508e-01 2.530423402786254883e+00
8.220384120941162109e-01 2.553550481796264648e+00
8.230470418930053711e-01 2.532826185226440430e+00
8.240556716918945312e-01 2.561479091644287109e+00
8.250643014907836914e-01 2.548785209655761719e+00
8.260729312896728516e-01 2.577921867370605469e+00
8.270815610885620117e-01 2.579751729965209961e+00
8.280902504920959473e-01 2.560045719146728516e+00
8.290988802909851074e-01 2.568880558013916016e+00
8.301075100898742676e-01 2.565447092056274414e+00
8.311161398887634277e-01 2.564779520034790039e+00
8.321247696876525879e-01 2.562919139862060547e+00
8.331333994865417480e-01 2.569580554962158203e+00
8.341420292854309082e-01 2.567135095596313477e+00
8.351506590843200684e-01 2.581036567687988281e+00
8.361592888832092285e-01 2.591205120086669922e+00
8.371679782867431641e-01 2.601767778396606445e+00
8.381766080856323242e-01 2.598971366882324219e+00
8.391852378845214844e-01 2.589123487472534180e+00
8.401938676834106445e-01 2.594236850738525391e+00
8.412024974822998047e-01 2.603759765625000000e+00
8.422111272811889648e-01 2.623426198959350586e+00
8.432197570800781250e-01 2.628357172012329102e+00
8.442283868789672852e-01 2.632508754730224609e+00
8.452370166778564453e-01 2.645943403244018555e+00
8.462456464767456055e-01 2.653928756713867188e+00
8.472543358802795410e-01 2.648963928222656250e+00
8.482629656791687012e-01 2.638887405395507812e+00
8.492715954780578613e-01 2.636907815933227539e+00
8.502802252769470215e-01 2.675916194915771484e+00
8.512888550758361816e-01 2.635596036911010742e+00
8.522974848747253418e-01 2.629124879837036133e+00
8.533061146736145020e-01 2.658781290054321289e+00
8.543147444725036621e-01 2.682020425796508789e+00
8.553233742713928223e-01 2.635592460632324219e+00
8.563320636749267578e-01 2.660033941268920898e+00
8.573406934738159180e-01 2.624152898788452148e+00
8.583493232727050781e-01 2.631668567657470703e+00
8.593579530715942383e-01 2.680862665176391602e+00
8.603665828704833984e-01 2.687700271606445312e+00
8.613752126693725586e-01 2.701232194900512695e+00
8.623838424682617188e-01 2.669920921325683594e+00
8.633924722671508789e-01 2.715722084045410156e+00
8.644011020660400391e-01 2.698759794235229492e+00
8.654097318649291992e-01 2.732005596160888672e+00
8.664184212684631348e-01 2.680348396301269531e+00
8.674270510673522949e-01 2.705360174179077148e+00
8.684356808662414551e-01 2.720888853073120117e+00
8.694443106651306152e-01 2.721232652664184570e+00
8.704529404640197754e-01 2.691078662872314453e+00
8.714615702629089355e-01 2.701488494873046875e+00
8.724702000617980957e-01 2.726191043853759766e+00
8.734788298606872559e-01 2.721311330795288086e+00
8.744874596595764160e-01 2.719361305236816406e+00
8.754961490631103516e-01 2.739547491073608398e+00
8.765047788619995117e-01 2.735077381134033203e+00
8.775134086608886719e-01 2.766904354095458984e+00
8.785220384597778320e-01 2.757765293121337891e+00
8.795306682586669922e-01 2.744536399841308594e+00
8.805392980575561523e-01 2.740992546081542969e+00
8.815479278564453125e-01 2.763171911239624023e+00
8.825565576553344727e-01 2.778064966201782227e+00
8.835651874542236328e-01 2.778784990310668945e+00
8.845738172531127930e-01 2.722538232803344727e+00
8.855825066566467285e-01 2.744331598281860352e+00
8.865911364555358887e-01 2.801537990570068359e+00
8.875997662544250488e-01 2.842718601226806641e+00
8.886083960533142090e-01 2.767227888107299805e+00
8.896170258522033691e-01 2.810100793838500977e+00
8.906256556510925293e-01 2.799175262451171875e+00
8.916342854499816895e-01 2.780712604522705078e+00
8.926429152488708496e-01 2.795736551284790039e+00
8.936515450477600098e-01 2.878839731216430664e+00
8.946602344512939453e-01 2.808159589767456055e+00
8.956688642501831055e-01 2.797026872634887695e+00
8.966774940490722656e-01 2.824991703033447266e+00
8.976861238479614258e-01 2.855235815048217773e+00
8.986947536468505859e-01 2.832206487655639648e+00
8.997033834457397461e-01 2.822927951812744141e+00
9.007120132446289062e-01 2.804576158523559570e+00
9.017206430435180664e-01 2.814057350158691406e+00
9.027292728424072266e-01 2.864633321762084961e+00
9.037379026412963867e-01 2.843171596527099609e+00
9.047465920448303223e-01 2.836213111877441406e+00
9.057552218437194824e-01 2.836375474929809570e+00
9.067638516426086426e-01 2.866350650787353516e+00
9.077724814414978027e-01 2.872390031814575195e+00
9.087811112403869629e-01 2.889418840408325195e+00
9.097897410392761230e-01 2.923564434051513672e+00
9.107983708381652832e-01 2.955452919006347656e+00
9.118070006370544434e-01 2.945403337478637695e+00
9.128156304359436035e-01 2.903693675994873047e+00
9.138243198394775391e-01 2.958689689636230469e+00
9.148329496383666992e-01 2.893126487731933594e+00
9.158415794372558594e-01 2.930412054061889648e+00
9.168502092361450195e-01 2.939148187637329102e+00
9.178588390350341797e-01 2.937244415283203125e+00
9.188674688339233398e-01 2.941697597503662109e+00
9.198760986328125000e-01 2.954616546630859375e+00
9.208847284317016602e-01 2.901935100555419922e+00
9.218933582305908203e-01 2.954316616058349609e+00
9.229020476341247559e-01 2.944993972778320312e+00
9.239106774330139160e-01 2.998532772064208984e+00
9.249193072319030762e-01 2.962231636047363281e+00
9.259279370307922363e-01 2.961472511291503906e+00
9.269365668296813965e-01 2.991820335388183594e+00
9.279451966285705566e-01 2.982164859771728516e+00
9.289538264274597168e-01 2.968853712081909180e+00
9.299624562263488770e-01 2.945815801620483398e+00
9.309710860252380371e-01 2.960026979446411133e+00
9.319797158241271973e-01 2.989988327026367188e+00
9.329884052276611328e-01 2.994106531143188477e+00
9.339970350265502930e-01 3.017278909683227539e+00
9.350056648254394531e-01 3.010348320007324219e+00
9.360142946243286133e-01 2.989799261093139648e+00
9.370229244232177734e-01 3.018137931823730469e+00
9.380315542221069336e-01 3.051781177520751953e+00
9.390401840209960938e-01 3.077306509017944336e+00
9.400488138198852539e-01 3.083242177963256836e+00
9.410574436187744141e-01 3.026325464248657227e+00
9.420661330223083496e-01 3.126705884933471680e+00
9.430747628211975098e-01 3.108222484588623047e+00
9.440833926200866699e-01 3.055392265319824219e+00
9.450920224189758301e-01 3.111590385437011719e+00
9.461006522178649902e-01 3.103850841522216797e+00
9.471092820167541504e-01 3.076300144195556641e+00
9.481179118156433105e-01 3.130550384521484375e+00
9.491265416145324707e-01 3.124125480651855469e+00
9.501351714134216309e-01 3.153951168060302734e+00
9.511438012123107910e-01 3.114289999008178711e+00
9.521524906158447266e-01 3.109180212020874023e+00
9.531611204147338867e-01 3.140448570251464844e+00
9.541697502136230469e-01 3.180300712585449219e+00
9.551783800125122070e-01 3.179528474807739258e+00
9.561870098114013672e-01 3.086201906204223633e+00
9.571956396102905273e-01 3.118361949920654297e+00
9.582042694091796875e-01 3.187113285064697266e+00
9.592128992080688477e-01 3.140197277069091797e+00
9.602215290069580078e-01 3.210307121276855469e+00
9.612302184104919434e-01 3.218518495559692383e+00
9.622388482093811035e-01 3.183861255645751953e+00
9.632474780082702637e-01 3.233683347702026367e+00
9.642561078071594238e-01 3.250353097915649414e+00
9.652647376060485840e-01 3.257961988449096680e+00
9.662733674049377441e-01 3.264075517654418945e+00
9.672819972038269043e-01 3.235867738723754883e+00
9.682906270027160645e-01 3.182151317596435547e+00
9.692992568016052246e-01 3.254480123519897461e+00
9.703078866004943848e-01 3.177310705184936523e+00
9.713165760040283203e-01 3.254391431808471680e+00
9.723252058029174805e-01 3.210076332092285156e+00
9.733338356018066406e-01 3.267015457153320312e+00
9.743424654006958008e-01 3.263899564743041992e+00
9.753510951995849609e-01 3.298482656478881836e+00
9.763597249984741211e-01 3.331514596939086914e+00
9.773683547973632812e-01 3.347286462783813477e+00
9.783769845962524414e-01 3.287740945816040039e+00
9.793856143951416016e-01 3.294658899307250977e+00
9.803943037986755371e-01 3.260610342025756836e+00
9.814029335975646973e-01 3.235816240310668945e+00
9.824115633964538574e-01 3.349024534225463867e+00
9.834201931953430176e-01 3.291502237319946289e+00
9.844288229942321777e-01 3.330533504486083984e+00
9.854374527931213379e-01 3.355841875076293945e+00
9.864460825920104980e-01 3.342696905136108398e+00
9.874547123908996582e-01 3.376832246780395508e+00
9.884633421897888184e-01 3.359171152114868164e+00
9.894719719886779785e-01 3.438885927200317383e+00
9.904806613922119141e-01 3.394397258758544922e+00
9.914892911911010742e-01 3.351742744445800781e+00
9.924979209899902344e-01 3.352788209915161133e+00
9.935065507888793945e-01 3.397226095199584961e+00
9.945151805877685547e-01 3.406344175338745117e+00
9.955238103866577148e-01 3.452470302581787109e+00
9.965324401855468750e-01 3.456087350845336914e+00
9.975410699844360352e-01 3.525397062301635742e+00
9.985496997833251953e-01 3.515465974807739258e+00
9.995583891868591309e-01 3.348474502563476562e+00
1.000566959381103516e+00 3.352337837219238281e+00
1.001575589179992676e+00 3.497979879379272461e+00
1.002584218978881836e+00 3.515920162200927734e+00
1.003592848777770996e+00 3.538483142852783203e+00
1.004601597785949707e+00 3.514856576919555664e+00
1.005610227584838867e+00 3.593083143234252930e+00
1.006618857383728027e+00 3.562483072280883789e+00
1.007627487182617188e+00 3.613466978073120117e+00
1.008636116981506348e+00 3.497036218643188477e+00
1.009644746780395508e+00 3.569974422454833984e+00
1.010653376579284668e+00 3.572440862655639648e+00
1.011662006378173828e+00 3.491785049438476562e+00
1.012670636177062988e+00 3.610980749130249023e+00
1.013679265975952148e+00 3.554970026016235352e+00
1.014687895774841309e+00 3.607243299484252930e+00
1.015696525573730469e+00 3.588834047317504883e+00
1.016705155372619629e+00 3.586208820343017578e+00
1.017713785171508789e+00 3.724637031555175781e+00
1.018722414970397949e+00 3.665107488632202148e+00
1.019731044769287109e+00 3.509882450103759766e+00
1.020739674568176270e+00 3.543043613433837891e+00
1.021748304367065430e+00 3.594033956527709961e+00
1.022756934165954590e+00 3.630820512771606445e+00
1.023765683174133301e+00 3.641928911209106445e+00
1.024774312973022461e+00 3.677361726760864258e+00
1.025782942771911621e+00 3.751680135726928711e+00
1.026791572570800781e+00 3.638257026672363281e+00
1.027800202369689941e+00 3.650582313537597656e+00
1.028808832168579102e+00 3.736357688903808594e+00
1.029817461967468262e+00 3.712567329406738281e+00
1.030826091766357422e+00 3.697021484375000000e+00
1.031834721565246582e+00 3.687003850936889648e+00
1.032843351364135742e+00 3.705147981643676758e+00
1.033851981163024902e+00 3.722509384155273438e+00
1.034860610961914062e+00 3.736612081527709961e+00
1.035869240760803223e+00 3.713218688964843750e+00
1.036877870559692383e+00 3.752276659011840820e+00
1.037886500358581543e+00 3.719531774520874023e+00
1.038895130157470703e+00 3.772147417068481445e+00
1.039903759956359863e+00 3.816729068756103516e+00
1.040912389755249023e+00 3.702864408493041992e+00
1.041921019554138184e+00 3.761369943618774414e+00
1.042929768562316895e+00 3.786279678344726562e+00
1.043938398361206055e+00 3.770886898040771484e+00
1.044947028160095215e+00 3.809481859207153320e+00
1.045955657958984375e+00 3.743858098983764648e+00
1.046964287757873535e+00 3.786217451095581055e+00
1.047972917556762695e+00 3.824659109115600586e+00
1.048981547355651855e+00 3.932589292526245117e+00
1.049990177154541016e+00 3.938422441482543945e+00
1.050998806953430176e+00 3.956283092498779297e+00
1.052007436752319336e+00 3.782868862152099609e+00
1.053016066551208496e+00 3.906264066696166992e+00
1.054024696350097656e+00 3.868726015090942383e+00
1.055033326148986816e+00 3.820514440536499023e+00
1.056041955947875977e+00 3.902816534042358398e+00
1.057050585746765137e+00 3.865035057067871094e+00
1.058059215545654297e+00 3.858288764953613281e+00
1.059067845344543457e+00 3.988043308258056641e+00
1.060076475143432617e+00 4.049993038177490234e+00
1.061085104942321777e+00 3.905563831329345703e+00
1.062093853950500488e+00 4.048980236053466797e+00
1.063102483749389648e+00 4.024891376495361328e+00
1.064111113548278809e+00 3.941328763961791992e+00
1.065119743347167969e+00 3.949241876602172852e+00
1.066128373146057129e+00 4.023147106170654297e+00
1.067137002944946289e+00 4.039848804473876953e+00
1.068145632743835449e+00 3.990188360214233398e+00
1.069154262542724609e+00 3.962276697158813477e+00
1.070162892341613770e+00 4.068621635437011719e+00
1.071171522140502930e+00 4.074710369110107422e+00
1.072180151939392090e+00 4.056482791900634766e+00
1.073188781738281250e+00 4.015219211578369141e+00
1.074197411537170410e+00 3.964135885238647461e+00
1.075206041336059570e+00 4.031913280487060547e+00
1.076214671134948730e+00 4.136239528656005859e+00
1.077223300933837891e+00 4.001474380493164062e+00
1.078231930732727051e+00 4.079544067382812500e+00
1.079240560531616211e+00 4.118469238281250000e+00
1.080249190330505371e+00 4.119152545928955078e+00
1.081257939338684082e+00 4.114086627960205078e+00
1.082266569137573242e+00 4.136687278747558594e+00
1.083275198936462402e+00 4.080198764801025391e+00
1.084283828735351562e+00 4.152053356170654297e+00
1.085292458534240723e+00 4.211557865142822266e+00
1.086301088333129883e+00 4.086409568786621094e+00
1.087309718132019043e+00 4.076647758483886719e+00
1.088318347930908203e+00 4.084063053131103516e+00
1.089326977729797363e+00 4.027486324310302734e+00
1.090335607528686523e+00 4.252117156982421875e+00
1.091344237327575684e+00 4.214009761810302734e+00
1.092352867126464844e+00 4.310496330261230469e+00
1.093361496925354004e+00 4.174546718597412109e+00
1.094370126724243164e+00 4.083586692810058594e+00
1.095378756523132324e+00 4.332618713378906250e+00
1.096387386322021484e+00 4.184216976165771484e+00
1.097396016120910645e+00 4.228433609008789062e+00
1.098404645919799805e+00 4.306805610656738281e+00
1.099413275718688965e+00 4.219615459442138672e+00
1.100422024726867676e+00 4.267591953277587891e+00
1.101430654525756836e+00 4.176819801330566406e+00
1.102439284324645996e+00 4.338395595550537109e+00
1.103447914123535156e+00 4.426100730895996094e+00
1.104456543922424316e+00 4.316175937652587891e+00
1.105465173721313477e+00 4.269182205200195312e+00
1.106473803520202637e+00 4.241786003112792969e+00
1.107482433319091797e+00 4.300407409667968750e+00
1.108491063117980957e+00 4.310153961181640625e+00
1.109499692916870117e+00 4.328629493713378906e+00
1.110508322715759277e+00 4.364179134368896484e+00
1.111516952514648438e+00 4.400488853454589844e+00
1.112525582313537598e+00 4.385202407836914062e+00
1.113534212112426758e+00 4.333614349365234375e+00
1.114542841911315918e+00 4.377647876739501953e+00
1.115551471710205078e+00 4.206374645233154297e+00
1.116560101509094238e+00 4.291719436645507812e+00
1.117568731307983398e+00 4.424350261688232422e+00
1.118577361106872559e+00 4.407139301300048828e+00
1.119586110115051270e+00 4.488369464874267578e+00
1.120594739913940430e+00 4.421955108642578125e+00
1.121603369712829590e+00 4.388021945953369141e+00
1.122611999511718750e+00 4.583350181579589844e+00
1.123620629310607910e+00 4.530228137969970703e+00
1.124629259109497070e+00 4.442448139190673828e+00
1.125637888908386230e+00 4.514657497406005859e+00
1.126646518707275391e+00 4.304791927337646484e+00
1.127655148506164551e+00 4.269207000732421875e+00
1.128663778305053711e+00 4.379694461822509766e+00
1.129672408103942871e+00 4.449709415435791016e+00
1.130681037902832031e+00 4.399908065795898438e+00
1.131689667701721191e+00 4.454480171203613281e+00
1.132698297500610352e+00 4.437263011932373047e+00
1.133706927299499512e+00 4.273912906646728516e+00
1.134715557098388672e+00 4.399370193481445312e+00
1.135724186897277832e+00 4.645760536193847656e+00
1.136732816696166992e+00 4.731799602508544922e+00
1.137741446495056152e+00 4.722853183746337891e+00
1.138750195503234863e+00 4.720328807830810547e+00
1.139758825302124023e+00 4.539431571960449219e+00
1.140767455101013184e+00 4.711781501770019531e+00
1.141776084899902344e+00 4.569183349609375000e+00
1.142784714698791504e+00 4.602989673614501953e+00
1.143793344497680664e+00 4.719668388366699219e+00
1.144801974296569824e+00 4.606019020080566406e+00
1.145810604095458984e+00 4.622466564178466797e+00
1.146819233894348145e+00 4.623579025268554688e+00
1.147827863693237305e+00 4.585815906524658203e+00
1.148836493492126465e+00 4.501569747924804688e+00
1.149845123291015625e+00 4.490233898162841797e+00
1.150853753089904785e+00 4.722568988800048828e+00
1.151862382888793945e+00 4.641057968139648438e+00
1.152871012687683105e+00 4.682551860809326172e+00
1.153879642486572266e+00 4.671097755432128906e+00
1.154888272285461426e+00 4.772883415222167969e+00
1.155896902084350586e+00 4.903585433959960938e+00
1.156905531883239746e+00 4.968427181243896484e+00
1.157914280891418457e+00 4.748508930206298828e+00
1.158922910690307617e+00 4.716452598571777344e+00
1.159931540489196777e+00 4.750464439392089844e+00
1.160940170288085938e+00 4.758627891540527344e+00
1.161948800086975098e+00 4.845905303955078125e+00
1.162957429885864258e+00 4.699973106384277344e+00
1.163966059684753418e+00 4.879504203796386719e+00
1.164974689483642578e+00 4.965997695922851562e+00
1.165983319282531738e+00 4.695911884307861328e+00
1.166991949081420898e+00 4.886090278625488281e+00
1.168000578880310059e+00 4.752507209777832031e+00
1.169009208679199219e+00 4.714876651763916016e+00
1.170017838478088379e+00 4.861486434936523438e+00
1.171026468276977539e+00 4.966833114624023438e+00
1.172035098075866699e+00 4.625695705413818359e+00
1.173043727874755859e+00 4.779913425445556641e+00
1.174052357673645020e+00 4.781949043273925781e+00
1.175060987472534180e+00 4.969441413879394531e+00
1.176069617271423340e+00 5.106363773345947266e+00
1.177078366279602051e+00 5.116647720336914062e+00
1.178086996078491211e+00 4.856230258941650391e+00
1.179095625877380371e+00 4.946967601776123047e+00
1.180104255676269531e+00 4.863242626190185547e+00
1.181112885475158691e+00 5.208633422851562500e+00
1.182121515274047852e+00 4.892819881439208984e+00
1.183130145072937012e+00 4.869021415710449219e+00
1.184138774871826172e+00 5.053156852722167969e+00
1.185147404670715332e+00 5.215133190155029297e+00
1.186156034469604492e+00 4.989932060241699219e+00
1.187164664268493652e+00 5.008833408355712891e+00
1.188173294067382812e+00 4.978775501251220703e+00
1.189181923866271973e+00 4.862342834472656250e+00
1.190190553665161133e+00 4.985564708709716797e+00
1.191199183464050293e+00 4.865448951721191406e+00
1.192207813262939453e+00 4.738268852233886719e+00
1.193216443061828613e+00 4.902189254760742188e+00
1.194225072860717773e+00 4.946163177490234375e+00
1.195233702659606934e+00 4.990964889526367188e+00
1.196242451667785645e+00 5.129713535308837891e+00
1.197251081466674805e+00 4.958277225494384766e+00
1.198259711265563965e+00 4.809815406799316406e+00
1.199268341064453125e+00 4.733475685119628906e+00
1.200276970863342285e+00 5.312310218811035156e+00
1.201285600662231445e+00 5.448069572448730469e+00
1.202294230461120605e+00 4.546311378479003906e+00
1.203302860260009766e+00 5.205425739288330078e+00
1.204311490058898926e+00 5.106106281280517578e+00
1.205320119857788086e+00 4.127659797668457031e+00
1.206328749656677246e+00 4.752703189849853516e+00
1.207337379455566406e+00 5.131750583648681641e+00
1.208346009254455566e+00 4.773696899414062500e+00
1.209354639053344727e+00 4.777997493743896484e+00
