0.000000000000000000e+00 4.980103671550750732e-01
1.000000000000000000e+00 1.065118312835693359e+00
2.000000000000000000e+00 1.933460044860839844e+01
3.000000000000000000e+00 1.075332641601562500e+02
4.000000000000000000e+00 1.703380279541015625e+02
5.000000000000000000e+00 1.749058532714843750e+02
6.000000000000000000e+00 1.571877441406250000e+02
7.000000000000000000e+00 1.259842834472656250e+02
8.000000000000000000e+00 1.037925567626953125e+02
9.000000000000000000e+00 7.008975982666015625e+01
1.000000000000000000e+01 7.013162231445312500e+01
1.100000000000000000e+01 9.065090942382812500e+01
1.200000000000000000e+01 6.019425964355468750e+01
1.300000000000000000e+01 7.997305297851562500e+01
1.400000000000000000e+01 5.757329559326171875e+01
1.500000000000000000e+01 5.680185699462890625e+01
1.600000000000000000e+01 5.986966705322265625e+01
1.700000000000000000e+01 5.122041702270507812e+01
1.800000000000000000e+01 6.770023345947265625e+01
1.900000000000000000e+01 4.364721298217773438e+01
2.000000000000000000e+01 2.584242820739746094e+01
2.100000000000000000e+01 3.240811157226562500e+01
2.200000000000000000e+01 4.075964736938476562e+01
2.300000000000000000e+01 4.948393630981445312e+01
2.400000000000000000e+01 4.143523788452148438e+01
2.500000000000000000e+01 4.120762252807617188e+01
2.600000000000000000e+01 3.813740539550781250e+01
2.700000000000000000e+01 3.819004058837890625e+01
2.800000000000000000e+01 3.296478271484375000e+01
2.900000000000000000e+01 2.997078514099121094e+01
3.000000000000000000e+01 3.554877471923828125e+01
3.100000000000000000e+01 4.543374633789062500e+01
3.200000000000000000e+01 4.779649353027343750e+01
3.300000000000000000e+01 4.244903564453125000e+01
3.400000000000000000e+01 3.592999649047851562e+01
3.500000000000000000e+01 2.947456741333007812e+01
3.600000000000000000e+01 3.024438858032226562e+01
3.700000000000000000e+01 3.613251876831054688e+01
3.800000000000000000e+01 3.858486175537109375e+01
3.900000000000000000e+01 3.444807052612304688e+01
4.000000000000000000e+01 4.028497695922851562e+01
4.100000000000000000e+01 4.567058563232421875e+01
4.200000000000000000e+01 5.502029037475585938e+01
4.300000000000000000e+01 4.603633880615234375e+01
4.400000000000000000e+01 3.753127670288085938e+01
4.500000000000000000e+01 2.332262802124023438e+01
4.600000000000000000e+01 2.130775451660156250e+01
4.700000000000000000e+01 2.466563987731933594e+01
4.800000000000000000e+01 2.085334968566894531e+01
4.900000000000000000e+01 2.080252647399902344e+01
5.000000000000000000e+01 2.015169525146484375e+01
5.100000000000000000e+01 2.382708740234375000e+01
5.200000000000000000e+01 1.873561859130859375e+01
5.300000000000000000e+01 1.603327560424804688e+01
5.400000000000000000e+01 9.967076301574707031e+00
5.500000000000000000e+01 8.051840782165527344e+00
5.600000000000000000e+01 8.684468269348144531e+00
5.700000000000000000e+01 1.626195907592773438e+01
5.800000000000000000e+01 1.495401859283447266e+01
5.900000000000000000e+01 7.706595897674560547e+00
6.000000000000000000e+01 5.085896492004394531e+00
6.100000000000000000e+01 2.920536279678344727e+00
6.200000000000000000e+01 1.562792897224426270e+00
6.300000000000000000e+01 1.333691358566284180e+00
6.400000000000000000e+01 1.286160945892333984e+00
6.500000000000000000e+01 3.537585973739624023e+00
6.600000000000000000e+01 6.674085617065429688e+00
6.700000000000000000e+01 9.877955436706542969e+00
6.800000000000000000e+01 1.379992485046386719e+01
6.900000000000000000e+01 8.828664779663085938e+00
7.000000000000000000e+01 1.478750228881835938e+01
7.100000000000000000e+01 2.151787376403808594e+01
7.200000000000000000e+01 3.820799255371093750e+01
7.300000000000000000e+01 6.060476303100585938e+01
7.400000000000000000e+01 1.500519084930419922e+01
7.500000000000000000e+01 1.329143881797790527e+00
7.600000000000000000e+01 1.175384745001792908e-01
7.700000000000000000e+01 6.659071892499923706e-02
7.800000000000000000e+01 6.675400584936141968e-02
7.900000000000000000e+01 8.065726608037948608e-02
8.000000000000000000e+01 9.973868727684020996e-02
8.100000000000000000e+01 8.467248082160949707e-02
8.200000000000000000e+01 6.526385247707366943e-02
8.300000000000000000e+01 2.092134580016136169e-02
8.400000000000000000e+01 2.170251245843246579e-04
8.500000000000000000e+01 0.000000000000000000e+00
8.600000000000000000e+01 2.740208990871906281e-03
8.700000000000000000e+01 3.563410427886992693e-04
8.800000000000000000e+01 0.000000000000000000e+00
8.900000000000000000e+01 1.387433498166501522e-03
9.000000000000000000e+01 0.000000000000000000e+00
9.100000000000000000e+01 4.870068223681300879e-04
9.200000000000000000e+01 0.000000000000000000e+00
9.300000000000000000e+01 5.497934762388467789e-04
9.400000000000000000e+01 0.000000000000000000e+00
9.500000000000000000e+01 0.000000000000000000e+00
9.600000000000000000e+01 0.000000000000000000e+00
9.700000000000000000e+01 0.000000000000000000e+00
9.800000000000000000e+01 0.000000000000000000e+00
9.900000000000000000e+01 0.000000000000000000e+00
1.000000000000000000e+02 1.284005935303866863e-03
1.010000000000000000e+02 3.831477403640747070e+00
1.020000000000000000e+02 6.647717285156250000e+01
1.030000000000000000e+02 2.557720947265625000e+02
1.040000000000000000e+02 3.132475280761718750e+02
1.050000000000000000e+02 2.742476196289062500e+02
1.060000000000000000e+02 1.931665039062500000e+02
1.070000000000000000e+02 1.420123901367187500e+02
1.080000000000000000e+02 1.001468887329101562e+02
1.090000000000000000e+02 6.449371337890625000e+01
1.100000000000000000e+02 5.961153793334960938e+01
1.110000000000000000e+02 6.633721923828125000e+01
1.120000000000000000e+02 5.154327774047851562e+01
1.130000000000000000e+02 5.058027648925781250e+01
1.140000000000000000e+02 4.873222351074218750e+01
1.150000000000000000e+02 4.091652297973632812e+01
1.160000000000000000e+02 4.682394409179687500e+01
1.170000000000000000e+02 5.233428192138671875e+01
1.180000000000000000e+02 5.034853744506835938e+01
1.190000000000000000e+02 5.397922897338867188e+01
1.200000000000000000e+02 4.399673843383789062e+01
1.210000000000000000e+02 3.467512130737304688e+01
1.220000000000000000e+02 3.394879150390625000e+01
1.230000000000000000e+02 4.360229873657226562e+01
1.240000000000000000e+02 5.394619750976562500e+01
1.250000000000000000e+02 5.844100189208984375e+01
1.260000000000000000e+02 6.502020263671875000e+01
1.270000000000000000e+02 6.158673477172851562e+01
1.280000000000000000e+02 5.921831512451171875e+01
1.290000000000000000e+02 6.832525634765625000e+01
1.300000000000000000e+02 7.541336059570312500e+01
1.310000000000000000e+02 6.024210357666015625e+01
1.320000000000000000e+02 6.837911224365234375e+01
1.330000000000000000e+02 6.121438217163085938e+01
1.340000000000000000e+02 7.391616821289062500e+01
1.350000000000000000e+02 7.219007873535156250e+01
1.360000000000000000e+02 7.005738067626953125e+01
1.370000000000000000e+02 9.144216918945312500e+01
1.380000000000000000e+02 8.345657348632812500e+01
1.390000000000000000e+02 5.840353012084960938e+01
1.400000000000000000e+02 4.994782257080078125e+01
1.410000000000000000e+02 5.250195312500000000e+01
1.420000000000000000e+02 5.409931564331054688e+01
1.430000000000000000e+02 3.192429542541503906e+01
1.440000000000000000e+02 3.970862960815429688e+01
1.450000000000000000e+02 4.088143157958984375e+01
1.460000000000000000e+02 2.711685562133789062e+01
1.470000000000000000e+02 3.462223434448242188e+01
1.480000000000000000e+02 2.788719558715820312e+01
1.490000000000000000e+02 2.299731636047363281e+01
1.500000000000000000e+02 1.469934654235839844e+01
1.510000000000000000e+02 1.167334556579589844e+01
1.520000000000000000e+02 1.528386306762695312e+01
1.530000000000000000e+02 9.665189743041992188e+00
1.540000000000000000e+02 5.810025691986083984e+00
1.550000000000000000e+02 7.186282634735107422e+00
1.560000000000000000e+02 9.665192604064941406e+00
1.570000000000000000e+02 6.909447669982910156e+00
1.580000000000000000e+02 3.413415193557739258e+00
1.590000000000000000e+02 1.595245838165283203e+00
1.600000000000000000e+02 2.380465269088745117e+00
1.610000000000000000e+02 5.384660243988037109e+00
1.620000000000000000e+02 5.292740345001220703e+00
1.630000000000000000e+02 4.825203895568847656e+00
1.640000000000000000e+02 2.909727096557617188e+00
1.650000000000000000e+02 2.193976402282714844e+00
1.660000000000000000e+02 3.257084131240844727e+00
1.670000000000000000e+02 1.113349246978759766e+01
1.680000000000000000e+02 1.695718765258789062e+01
1.690000000000000000e+02 1.837296104431152344e+01
1.700000000000000000e+02 2.735211753845214844e+01
1.710000000000000000e+02 3.739593887329101562e+01
1.720000000000000000e+02 3.787984466552734375e+01
1.730000000000000000e+02 4.555231094360351562e+01
1.740000000000000000e+02 1.470521259307861328e+01
1.750000000000000000e+02 1.362731456756591797e+00
1.760000000000000000e+02 1.041861250996589661e-01
1.770000000000000000e+02 8.937119692564010620e-02
1.780000000000000000e+02 9.899695217609405518e-02
1.790000000000000000e+02 9.434706717729568481e-02
1.800000000000000000e+02 9.393887221813201904e-02
1.810000000000000000e+02 1.014658063650131226e-01
1.820000000000000000e+02 9.688940644264221191e-02
1.830000000000000000e+02 3.768551722168922424e-02
1.840000000000000000e+02 9.930342435836791992e-03
1.850000000000000000e+02 0.000000000000000000e+00
1.860000000000000000e+02 2.492841798812150955e-03
1.870000000000000000e+02 2.492889063432812691e-03
1.880000000000000000e+02 1.354366424493491650e-03
1.890000000000000000e+02 0.000000000000000000e+00
1.900000000000000000e+02 1.940545858815312386e-03
1.910000000000000000e+02 0.000000000000000000e+00
1.920000000000000000e+02 5.961045972071588039e-04
1.930000000000000000e+02 3.325713565573096275e-03
1.940000000000000000e+02 3.447610884904861450e-03
1.950000000000000000e+02 0.000000000000000000e+00
1.960000000000000000e+02 1.000645919702947140e-03
1.970000000000000000e+02 0.000000000000000000e+00
1.980000000000000000e+02 1.334924367256462574e-03
1.990000000000000000e+02 0.000000000000000000e+00
2.000000000000000000e+02 7.836617296561598778e-04
2.010000000000000000e+02 8.896221406757831573e-04
2.020000000000000000e+02 2.898014450073242188e+01
2.030000000000000000e+02 1.209872817993164062e+02
2.040000000000000000e+02 1.730932464599609375e+02
2.050000000000000000e+02 1.556245269775390625e+02
2.060000000000000000e+02 1.357797851562500000e+02
2.070000000000000000e+02 1.501169433593750000e+02
2.080000000000000000e+02 1.273848190307617188e+02
2.090000000000000000e+02 1.200390090942382812e+02
2.100000000000000000e+02 1.279983825683593750e+02
2.110000000000000000e+02 1.198979721069335938e+02
2.120000000000000000e+02 1.096249542236328125e+02
2.130000000000000000e+02 9.392498779296875000e+01
2.140000000000000000e+02 8.116232299804687500e+01
2.150000000000000000e+02 6.197262954711914062e+01
2.160000000000000000e+02 5.024067687988281250e+01
2.170000000000000000e+02 5.354617691040039062e+01
2.180000000000000000e+02 5.080325317382812500e+01
2.190000000000000000e+02 4.888180923461914062e+01
2.200000000000000000e+02 5.629641723632812500e+01
2.210000000000000000e+02 7.862297821044921875e+01
2.220000000000000000e+02 8.809348297119140625e+01
2.230000000000000000e+02 6.296755599975585938e+01
2.240000000000000000e+02 5.491300201416015625e+01
2.250000000000000000e+02 5.652997589111328125e+01
2.260000000000000000e+02 8.023802947998046875e+01
2.270000000000000000e+02 7.701618957519531250e+01
2.280000000000000000e+02 7.664780426025390625e+01
2.290000000000000000e+02 6.568598937988281250e+01
2.300000000000000000e+02 7.051537322998046875e+01
2.310000000000000000e+02 9.111882781982421875e+01
2.320000000000000000e+02 7.972262573242187500e+01
2.330000000000000000e+02 7.532773590087890625e+01
2.340000000000000000e+02 6.945205688476562500e+01
2.350000000000000000e+02 7.077727508544921875e+01
2.360000000000000000e+02 7.406245422363281250e+01
2.370000000000000000e+02 7.249842834472656250e+01
2.380000000000000000e+02 7.515507507324218750e+01
2.390000000000000000e+02 9.194127655029296875e+01
2.400000000000000000e+02 8.776903533935546875e+01
2.410000000000000000e+02 7.792710113525390625e+01
2.420000000000000000e+02 8.291488647460937500e+01
2.430000000000000000e+02 7.891107177734375000e+01
2.440000000000000000e+02 7.645886230468750000e+01
2.450000000000000000e+02 7.331999206542968750e+01
2.460000000000000000e+02 5.708524322509765625e+01
2.470000000000000000e+02 5.107242965698242188e+01
2.480000000000000000e+02 4.459340667724609375e+01
2.490000000000000000e+02 4.163924789428710938e+01
2.500000000000000000e+02 3.435987091064453125e+01
2.510000000000000000e+02 2.564191246032714844e+01
2.520000000000000000e+02 2.386977767944335938e+01
2.530000000000000000e+02 3.063532447814941406e+01
2.540000000000000000e+02 2.196998023986816406e+01
2.550000000000000000e+02 1.086876773834228516e+01
2.560000000000000000e+02 9.170250892639160156e+00
2.570000000000000000e+02 9.258962631225585938e+00
2.580000000000000000e+02 3.617101669311523438e+00
2.590000000000000000e+02 2.110511064529418945e+00
2.600000000000000000e+02 2.467880725860595703e+00
2.610000000000000000e+02 4.768796443939208984e+00
2.620000000000000000e+02 5.537157535552978516e+00
2.630000000000000000e+02 3.261278390884399414e+00
2.640000000000000000e+02 2.042578697204589844e+00
2.650000000000000000e+02 1.054861783981323242e+00
2.660000000000000000e+02 1.561558961868286133e+00
2.670000000000000000e+02 3.473693609237670898e+00
2.680000000000000000e+02 6.121903419494628906e+00
2.690000000000000000e+02 7.561043739318847656e+00
2.700000000000000000e+02 1.391504573822021484e+01
2.710000000000000000e+02 2.707469177246093750e+01
2.720000000000000000e+02 3.604774093627929688e+01
2.730000000000000000e+02 3.366008377075195312e+01
2.740000000000000000e+02 4.154548645019531250e+01
2.750000000000000000e+02 9.389331817626953125e+00
2.760000000000000000e+02 3.745022118091583252e-01
2.770000000000000000e+02 8.002199232578277588e-02
2.780000000000000000e+02 6.489646434783935547e-02
2.790000000000000000e+02 5.696789175271987915e-02
2.800000000000000000e+02 6.006439030170440674e-02
2.810000000000000000e+02 7.512427866458892822e-02
2.820000000000000000e+02 6.486913561820983887e-02
2.830000000000000000e+02 5.271303281188011169e-02
2.840000000000000000e+02 2.051115781068801880e-02
2.850000000000000000e+02 1.050453167408704758e-03
2.860000000000000000e+02 0.000000000000000000e+00
2.870000000000000000e+02 0.000000000000000000e+00
2.880000000000000000e+02 3.259801538661122322e-03
2.890000000000000000e+02 0.000000000000000000e+00
2.900000000000000000e+02 0.000000000000000000e+00
2.910000000000000000e+02 0.000000000000000000e+00
2.920000000000000000e+02 1.312049571424722672e-03
2.930000000000000000e+02 2.849173266440629959e-03
2.940000000000000000e+02 1.699397107586264610e-03
2.950000000000000000e+02 5.214622360654175282e-04
2.960000000000000000e+02 0.000000000000000000e+00
2.970000000000000000e+02 2.093533985316753387e-03
2.980000000000000000e+02 0.000000000000000000e+00
2.990000000000000000e+02 0.000000000000000000e+00
3.000000000000000000e+02 0.000000000000000000e+00
3.010000000000000000e+02 0.000000000000000000e+00
3.020000000000000000e+02 0.000000000000000000e+00
3.030000000000000000e+02 1.349325103759765625e+02
3.040000000000000000e+02 2.652867736816406250e+02
3.050000000000000000e+02 2.985283813476562500e+02
3.060000000000000000e+02 2.661186523437500000e+02
3.070000000000000000e+02 2.580474243164062500e+02
3.080000000000000000e+02 2.407933502197265625e+02
3.090000000000000000e+02 2.428698883056640625e+02
3.100000000000000000e+02 2.822447509765625000e+02
3.110000000000000000e+02 2.994591674804687500e+02
3.120000000000000000e+02 3.176301269531250000e+02
3.130000000000000000e+02 2.694347229003906250e+02
3.140000000000000000e+02 1.962407073974609375e+02
3.150000000000000000e+02 1.517849121093750000e+02
3.160000000000000000e+02 1.269190597534179688e+02
3.170000000000000000e+02 1.131156921386718750e+02
3.180000000000000000e+02 9.608162689208984375e+01
3.190000000000000000e+02 8.520249938964843750e+01
3.200000000000000000e+02 1.146573562622070312e+02
3.210000000000000000e+02 1.120064697265625000e+02
3.220000000000000000e+02 7.841584014892578125e+01
3.230000000000000000e+02 6.283832550048828125e+01
3.240000000000000000e+02 9.341731262207031250e+01
3.250000000000000000e+02 1.167862014770507812e+02
3.260000000000000000e+02 9.939246368408203125e+01
3.270000000000000000e+02 8.261869812011718750e+01
3.280000000000000000e+02 8.496248626708984375e+01
3.290000000000000000e+02 5.982180404663085938e+01
3.300000000000000000e+02 6.451511383056640625e+01
3.310000000000000000e+02 5.413477706909179688e+01
3.320000000000000000e+02 5.426733016967773438e+01
3.330000000000000000e+02 4.733416366577148438e+01
3.340000000000000000e+02 4.539869689941406250e+01
3.350000000000000000e+02 3.840907669067382812e+01
3.360000000000000000e+02 5.162191009521484375e+01
3.370000000000000000e+02 5.755997085571289062e+01
3.380000000000000000e+02 8.323957061767578125e+01
3.390000000000000000e+02 9.515225982666015625e+01
3.400000000000000000e+02 1.038525619506835938e+02
3.410000000000000000e+02 1.096053085327148438e+02
3.420000000000000000e+02 9.763446044921875000e+01
3.430000000000000000e+02 9.899886322021484375e+01
3.440000000000000000e+02 8.287400817871093750e+01
3.450000000000000000e+02 7.887232971191406250e+01
3.460000000000000000e+02 6.998090362548828125e+01
3.470000000000000000e+02 6.958005523681640625e+01
3.480000000000000000e+02 5.626804351806640625e+01
3.490000000000000000e+02 6.148055267333984375e+01
3.500000000000000000e+02 7.414275360107421875e+01
3.510000000000000000e+02 6.565779876708984375e+01
3.520000000000000000e+02 4.133251953125000000e+01
3.530000000000000000e+02 2.784080314636230469e+01
3.540000000000000000e+02 2.902112197875976562e+01
3.550000000000000000e+02 3.158726692199707031e+01
3.560000000000000000e+02 2.207649612426757812e+01
3.570000000000000000e+02 2.486040687561035156e+01
3.580000000000000000e+02 3.571641921997070312e+01
3.590000000000000000e+02 4.162428665161132812e+01
3.600000000000000000e+02 5.745356750488281250e+01
3.610000000000000000e+02 4.927783584594726562e+01
3.620000000000000000e+02 3.968622207641601562e+01
3.630000000000000000e+02 4.052153015136718750e+01
3.640000000000000000e+02 3.574623870849609375e+01
3.650000000000000000e+02 2.055078125000000000e+01
3.660000000000000000e+02 1.079876995086669922e+01
3.670000000000000000e+02 6.304889202117919922e+00
3.680000000000000000e+02 4.845280170440673828e+00
3.690000000000000000e+02 9.649920463562011719e+00
3.700000000000000000e+02 1.428227138519287109e+01
3.710000000000000000e+02 1.565194225311279297e+01
3.720000000000000000e+02 2.211072731018066406e+01
3.730000000000000000e+02 2.519275856018066406e+01
3.740000000000000000e+02 2.437861633300781250e+01
3.750000000000000000e+02 1.455910873413085938e+01
3.760000000000000000e+02 2.734643697738647461e+00
3.770000000000000000e+02 8.435276895761489868e-02
3.780000000000000000e+02 3.151961416006088257e-02
3.790000000000000000e+02 4.334047064185142517e-02
3.800000000000000000e+02 2.548802457749843597e-02
3.810000000000000000e+02 2.540001645684242249e-02
3.820000000000000000e+02 3.137847408652305603e-02
3.830000000000000000e+02 1.134106237441301346e-02
3.840000000000000000e+02 1.673426851630210876e-02
3.850000000000000000e+02 1.205366011708974838e-02
3.860000000000000000e+02 1.713675213977694511e-03
3.870000000000000000e+02 0.000000000000000000e+00
3.880000000000000000e+02 4.982692655175924301e-03
3.890000000000000000e+02 0.000000000000000000e+00
3.900000000000000000e+02 0.000000000000000000e+00
3.910000000000000000e+02 1.587179722264409065e-03
3.920000000000000000e+02 0.000000000000000000e+00
3.930000000000000000e+02 3.328835824504494667e-03
3.940000000000000000e+02 0.000000000000000000e+00
3.950000000000000000e+02 3.988994285464286804e-03
3.960000000000000000e+02 2.001610351726412773e-03
3.970000000000000000e+02 0.000000000000000000e+00
3.980000000000000000e+02 0.000000000000000000e+00
3.990000000000000000e+02 0.000000000000000000e+00
4.000000000000000000e+02 0.000000000000000000e+00
4.010000000000000000e+02 0.000000000000000000e+00
4.020000000000000000e+02 0.000000000000000000e+00
4.030000000000000000e+02 0.000000000000000000e+00
4.040000000000000000e+02 2.355162658691406250e+02
4.050000000000000000e+02 3.620662841796875000e+02
4.060000000000000000e+02 2.859526672363281250e+02
4.070000000000000000e+02 2.358640594482421875e+02
4.080000000000000000e+02 1.652319030761718750e+02
4.090000000000000000e+02 1.165857391357421875e+02
4.100000000000000000e+02 1.258915252685546875e+02
4.110000000000000000e+02 1.503377075195312500e+02
4.120000000000000000e+02 1.878554229736328125e+02
4.130000000000000000e+02 1.400669555664062500e+02
4.140000000000000000e+02 1.138505096435546875e+02
4.150000000000000000e+02 1.255128402709960938e+02
4.160000000000000000e+02 1.462121276855468750e+02
4.170000000000000000e+02 1.165650100708007812e+02
4.180000000000000000e+02 1.422154235839843750e+02
4.190000000000000000e+02 1.345912780761718750e+02
4.200000000000000000e+02 1.256265106201171875e+02
4.210000000000000000e+02 1.353581085205078125e+02
4.220000000000000000e+02 1.125657730102539062e+02
4.230000000000000000e+02 9.568681335449218750e+01
4.240000000000000000e+02 7.407442474365234375e+01
4.250000000000000000e+02 8.195344543457031250e+01
4.260000000000000000e+02 8.576985931396484375e+01
4.270000000000000000e+02 8.856635284423828125e+01
4.280000000000000000e+02 8.781836700439453125e+01
4.290000000000000000e+02 9.710014343261718750e+01
4.300000000000000000e+02 9.104697418212890625e+01
4.310000000000000000e+02 9.202037811279296875e+01
4.320000000000000000e+02 1.249943084716796875e+02
4.330000000000000000e+02 1.029997024536132812e+02
4.340000000000000000e+02 8.117942810058593750e+01
4.350000000000000000e+02 5.193972015380859375e+01
4.360000000000000000e+02 3.898253250122070312e+01
4.370000000000000000e+02 5.019319534301757812e+01
4.380000000000000000e+02 5.113624191284179688e+01
4.390000000000000000e+02 5.742274856567382812e+01
4.400000000000000000e+02 8.169921112060546875e+01
4.410000000000000000e+02 1.028752212524414062e+02
4.420000000000000000e+02 1.056058959960937500e+02
4.430000000000000000e+02 1.095782928466796875e+02
4.440000000000000000e+02 1.363732757568359375e+02
4.450000000000000000e+02 1.302158508300781250e+02
4.460000000000000000e+02 1.715205078125000000e+02
4.470000000000000000e+02 1.637389373779296875e+02
4.480000000000000000e+02 1.734146270751953125e+02
4.490000000000000000e+02 1.832222747802734375e+02
4.500000000000000000e+02 1.903206176757812500e+02
4.510000000000000000e+02 2.137287445068359375e+02
4.520000000000000000e+02 1.647376708984375000e+02
4.530000000000000000e+02 1.172070693969726562e+02
4.540000000000000000e+02 1.282407073974609375e+02
4.550000000000000000e+02 1.337025146484375000e+02
4.560000000000000000e+02 1.103953170776367188e+02
4.570000000000000000e+02 8.666265106201171875e+01
4.580000000000000000e+02 6.507395172119140625e+01
4.590000000000000000e+02 5.083724212646484375e+01
4.600000000000000000e+02 4.110689926147460938e+01
4.610000000000000000e+02 3.776575851440429688e+01
4.620000000000000000e+02 3.987294006347656250e+01
4.630000000000000000e+02 5.445784378051757812e+01
4.640000000000000000e+02 6.298582458496093750e+01
4.650000000000000000e+02 5.600746154785156250e+01
4.660000000000000000e+02 4.020895385742187500e+01
4.670000000000000000e+02 2.181733512878417969e+01
4.680000000000000000e+02 1.083533859252929688e+01
4.690000000000000000e+02 7.200456142425537109e+00
4.700000000000000000e+02 6.315527439117431641e+00
4.710000000000000000e+02 8.452505111694335938e+00
4.720000000000000000e+02 1.687370681762695312e+01
4.730000000000000000e+02 2.423935508728027344e+01
4.740000000000000000e+02 3.162127113342285156e+01
4.750000000000000000e+02 3.730023956298828125e+01
4.760000000000000000e+02 1.686431312561035156e+01
4.770000000000000000e+02 6.466523170471191406e+00
4.780000000000000000e+02 1.401552259922027588e-01
4.790000000000000000e+02 2.504161559045314789e-02
4.800000000000000000e+02 2.275280654430389404e-02
4.810000000000000000e+02 2.719921246170997620e-02
4.820000000000000000e+02 3.553234785795211792e-02
4.830000000000000000e+02 3.252674266695976257e-02
4.840000000000000000e+02 1.826946437358856201e-02
4.850000000000000000e+02 1.958905346691608429e-02
4.860000000000000000e+02 7.482414599508047104e-03
4.870000000000000000e+02 4.235639702528715134e-03
4.880000000000000000e+02 2.492848318070173264e-03
4.890000000000000000e+02 1.690041390247642994e-03
4.900000000000000000e+02 0.000000000000000000e+00
4.910000000000000000e+02 3.523428691551089287e-03
4.920000000000000000e+02 0.000000000000000000e+00
4.930000000000000000e+02 2.277477644383907318e-03
4.940000000000000000e+02 2.712812740355730057e-03
4.950000000000000000e+02 1.206581015139818192e-03
4.960000000000000000e+02 0.000000000000000000e+00
4.970000000000000000e+02 0.000000000000000000e+00
4.980000000000000000e+02 0.000000000000000000e+00
4.990000000000000000e+02 2.289730589836835861e-03
5.000000000000000000e+02 0.000000000000000000e+00
5.010000000000000000e+02 0.000000000000000000e+00
5.020000000000000000e+02 0.000000000000000000e+00
5.030000000000000000e+02 0.000000000000000000e+00
5.040000000000000000e+02 2.492968458682298660e-03
