0.000000000000000000e+00 2.221013671875000000e+04
1.008636085316538811e-03 1.659815234375000000e+04
2.017272170633077621e-03 1.279238085937500000e+04
3.025908255949616432e-03 9.572876953125000000e+03
4.034544341266155243e-03 7.313060058593750000e+03
5.043180659413337708e-03 5.781010253906250000e+03
6.051816511899232864e-03 4.546955566406250000e+03
7.060452364385128021e-03 3.617291259765625000e+03
8.069088682532310486e-03 2.921686035156250000e+03
9.077725000679492950e-03 2.444521240234375000e+03
1.008636131882667542e-02 2.025418457031250000e+03
1.109499670565128326e-02 1.667707031250000000e+03
1.210363302379846573e-02 1.421809082031250000e+03
1.311226934194564819e-02 1.198807983398437500e+03
1.412090472877025604e-02 1.023424011230468750e+03
1.512954104691743851e-02 8.783656616210937500e+02
1.613817736506462097e-02 7.478438110351562500e+02
1.714681275188922882e-02 6.587377319335937500e+02
1.815545000135898590e-02 5.728923950195312500e+02
1.916408538818359375e-02 5.100178222656250000e+02
2.017272263765335083e-02 4.560215759277343750e+02
2.118135802447795868e-02 3.957183532714843750e+02
2.218999341130256653e-02 3.532177429199218750e+02
2.319863066077232361e-02 3.106214294433593750e+02
2.420726604759693146e-02 2.808602294921875000e+02
2.521590143442153931e-02 2.494882965087890625e+02
2.622453868389129639e-02 2.266362152099609375e+02
2.723317407071590424e-02 2.044072570800781250e+02
2.824180945754051208e-02 1.853454742431640625e+02
2.925044670701026917e-02 1.686237640380859375e+02
3.025908209383487701e-02 1.544264221191406250e+02
3.126771748065948486e-02 1.394731597900390625e+02
3.227635473012924194e-02 1.272848281860351562e+02
3.328499197959899902e-02 1.175630111694335938e+02
3.429362550377845764e-02 1.076993331909179688e+02
3.530226275324821472e-02 9.865290069580078125e+01
3.631090000271797180e-02 9.081500244140625000e+01
3.731953352689743042e-02 8.405945587158203125e+01
3.832817077636718750e-02 7.867251586914062500e+01
3.933680802583694458e-02 7.281204223632812500e+01
4.034544527530670166e-02 6.775556182861328125e+01
4.135407879948616028e-02 6.328679275512695312e+01
4.236271604895591736e-02 5.815383529663085938e+01
4.337135329842567444e-02 5.405235290527343750e+01
4.437998682260513306e-02 5.108277511596679688e+01
4.538862407207489014e-02 4.816586303710937500e+01
4.639726132154464722e-02 4.452379989624023438e+01
4.740589484572410583e-02 4.174311447143554688e+01
4.841453209519386292e-02 3.930068206787109375e+01
4.942316934466362000e-02 3.715509033203125000e+01
5.043180286884307861e-02 3.510144424438476562e+01
5.144044011831283569e-02 3.297950744628906250e+01
5.244907736778259277e-02 3.132486915588378906e+01
5.345771089196205139e-02 2.935422325134277344e+01
5.446634814143180847e-02 2.785061645507812500e+01
5.547498539090156555e-02 2.648675918579101562e+01
5.648361891508102417e-02 2.546832847595214844e+01
5.749225616455078125e-02 2.402509117126464844e+01
5.850089341402053833e-02 2.272828674316406250e+01
5.950953066349029541e-02 2.157011222839355469e+01
6.051816418766975403e-02 2.051285934448242188e+01
6.152680143713951111e-02 1.955622863769531250e+01
6.253543496131896973e-02 1.861246299743652344e+01
6.354407221078872681e-02 1.791629409790039062e+01
6.455270946025848389e-02 1.696472930908203125e+01
6.556134670972824097e-02 1.621497535705566406e+01
6.656998395919799805e-02 1.575250911712646484e+01
6.757862120866775513e-02 1.506088352203369141e+01
6.858725100755691528e-02 1.429586315155029297e+01
6.959588825702667236e-02 1.371138286590576172e+01
7.060452550649642944e-02 1.343077278137207031e+01
7.161316275596618652e-02 1.279493236541748047e+01
7.262180000543594360e-02 1.225881481170654297e+01
7.363043725490570068e-02 1.172876071929931641e+01
7.463906705379486084e-02 1.144355106353759766e+01
7.564770430326461792e-02 1.119279575347900391e+01
7.665634155273437500e-02 1.069896602630615234e+01
7.766497880220413208e-02 1.025244998931884766e+01
7.867361605167388916e-02 9.906680107116699219e+00
7.968225330114364624e-02 9.615877151489257812e+00
8.069089055061340332e-02 9.206329345703125000e+00
8.169952034950256348e-02 8.974152565002441406e+00
8.270815759897232056e-02 8.647628784179687500e+00
8.371679484844207764e-02 8.516138076782226562e+00
8.472543209791183472e-02 8.216789245605468750e+00
8.573406934738159180e-02 7.948365211486816406e+00
8.674270659685134888e-02 7.766171455383300781e+00
8.775133639574050903e-02 7.572753906250000000e+00
8.875997364521026611e-02 7.258215904235839844e+00
8.976861089468002319e-02 7.248719215393066406e+00
9.077724814414978027e-02 6.949382305145263672e+00
9.178588539361953735e-02 6.702388286590576172e+00
9.279452264308929443e-02 6.479256153106689453e+00
9.380315244197845459e-02 6.359435081481933594e+00
9.481178969144821167e-02 6.175086021423339844e+00
9.582042694091796875e-02 6.173387050628662109e+00
9.682906419038772583e-02 5.918488979339599609e+00
9.783770143985748291e-02 5.807241916656494141e+00
9.884633868932723999e-02 5.714859962463378906e+00
9.985497593879699707e-02 5.672786712646484375e+00
1.008636057376861572e-01 5.480237483978271484e+00
1.018722429871559143e-01 5.345786094665527344e+00
1.028808802366256714e-01 5.396522998809814453e+00
1.038895174860954285e-01 5.124323368072509766e+00
1.048981547355651855e-01 5.091267585754394531e+00
1.059067919850349426e-01 5.004439353942871094e+00
1.069154217839241028e-01 4.820407390594482422e+00
1.079240590333938599e-01 4.730704784393310547e+00
1.089326962828636169e-01 4.714627265930175781e+00
1.099413335323333740e-01 4.530601024627685547e+00
1.109499707818031311e-01 4.521032810211181641e+00
1.119586080312728882e-01 4.475458145141601562e+00
1.129672378301620483e-01 4.446235179901123047e+00
1.139758750796318054e-01 4.314439773559570312e+00
1.149845123291015625e-01 4.298879623413085938e+00
1.159931495785713196e-01 4.206640720367431641e+00
1.170017868280410767e-01 4.177969455718994141e+00
1.180104240775108337e-01 4.065389156341552734e+00
1.190190613269805908e-01 4.110128879547119141e+00
1.200276911258697510e-01 4.009335041046142578e+00
1.210363283753395081e-01 3.980229616165161133e+00
1.220449656248092651e-01 3.890228271484375000e+00
1.230536028742790222e-01 3.877114534378051758e+00
1.240622401237487793e-01 3.816980123519897461e+00
1.250708699226379395e-01 3.722127199172973633e+00
1.260795146226882935e-01 3.696348667144775391e+00
1.270881444215774536e-01 3.607913017272949219e+00
1.280967891216278076e-01 3.631281614303588867e+00
1.291054189205169678e-01 3.582950115203857422e+00
1.301140487194061279e-01 3.533663272857666016e+00
1.311226934194564819e-01 3.484402656555175781e+00
1.321313232183456421e-01 3.464865446090698242e+00
1.331399679183959961e-01 3.517569065093994141e+00
1.341485977172851562e-01 3.379419326782226562e+00
1.351572424173355103e-01 3.397868394851684570e+00
1.361658722162246704e-01 3.364817619323730469e+00
1.371745020151138306e-01 3.307207345962524414e+00
1.381831467151641846e-01 3.297996044158935547e+00
1.391917765140533447e-01 3.289125680923461914e+00
1.402004212141036987e-01 3.237567901611328125e+00
1.412090510129928589e-01 3.209188222885131836e+00
1.422176808118820190e-01 3.195693016052246094e+00
1.432263255119323730e-01 3.170407056808471680e+00
1.442349553108215332e-01 3.128512620925903320e+00
1.452436000108718872e-01 3.126308202743530273e+00
1.462522298097610474e-01 3.130350112915039062e+00
1.472608745098114014e-01 3.096652507781982422e+00
1.482695043087005615e-01 3.007176399230957031e+00
1.492781341075897217e-01 2.953798532485961914e+00
1.502867788076400757e-01 2.996237516403198242e+00
1.512954086065292358e-01 2.967986583709716797e+00
1.523040533065795898e-01 2.902899980545043945e+00
1.533126831054687500e-01 2.970918655395507812e+00
1.543213278055191040e-01 2.931709051132202148e+00
1.553299576044082642e-01 2.814343929290771484e+00
1.563385874032974243e-01 2.825660943984985352e+00
1.573472321033477783e-01 2.842740774154663086e+00
1.583558619022369385e-01 2.901954412460327148e+00
1.593645066022872925e-01 2.845130205154418945e+00
1.603731364011764526e-01 2.805611610412597656e+00
1.613817811012268066e-01 2.812507390975952148e+00
1.623904109001159668e-01 2.786761045455932617e+00
1.633990406990051270e-01 2.790446281433105469e+00
1.644076853990554810e-01 2.766626358032226562e+00
1.654163151979446411e-01 2.776110649108886719e+00
1.664249598979949951e-01 2.742697477340698242e+00
1.674335896968841553e-01 2.710548639297485352e+00
1.684422194957733154e-01 2.747556686401367188e+00
1.694508641958236694e-01 2.664382457733154297e+00
1.704594939947128296e-01 2.692819118499755859e+00
1.714681386947631836e-01 2.674783229827880859e+00
1.724767684936523438e-01 2.650683641433715820e+00
1.734854131937026978e-01 2.623963832855224609e+00
1.744940429925918579e-01 2.642989397048950195e+00
1.755026727914810181e-01 2.619558811187744141e+00
1.765113174915313721e-01 2.618898868560791016e+00
1.775199472904205322e-01 2.668716430664062500e+00
1.785285919904708862e-01 2.613673925399780273e+00
1.795372217893600464e-01 2.636033535003662109e+00
1.805458664894104004e-01 2.581859588623046875e+00
1.815544962882995605e-01 2.531315326690673828e+00
1.825631260871887207e-01 2.553311586380004883e+00
1.835717707872390747e-01 2.568792343139648438e+00
1.845804005861282349e-01 2.549143075942993164e+00
1.855890452861785889e-01 2.555930852890014648e+00
1.865976750850677490e-01 2.538207054138183594e+00
1.876063048839569092e-01 2.498560428619384766e+00
1.886149495840072632e-01 2.506455898284912109e+00
1.896235793828964233e-01 2.509005546569824219e+00
1.906322240829467773e-01 2.560091733932495117e+00
1.916408538818359375e-01 2.548826217651367188e+00
1.926494985818862915e-01 2.501361846923828125e+00
1.936581283807754517e-01 2.480759382247924805e+00
1.946667581796646118e-01 2.515741109848022461e+00
1.956754028797149658e-01 2.526288986206054688e+00
1.966840326786041260e-01 2.479701280593872070e+00
1.976926773786544800e-01 2.481929302215576172e+00
1.987013071775436401e-01 2.433017969131469727e+00
1.997099518775939941e-01 2.430652379989624023e+00
2.007185816764831543e-01 2.444691896438598633e+00
2.017272114753723145e-01 2.436396837234497070e+00
2.027358561754226685e-01 2.405288934707641602e+00
2.037444859743118286e-01 2.422542095184326172e+00
2.047531306743621826e-01 2.473364830017089844e+00
2.057617604732513428e-01 2.471885681152343750e+00
2.067703902721405029e-01 2.430922508239746094e+00
2.077790349721908569e-01 2.392655611038208008e+00
2.087876647710800171e-01 2.417739152908325195e+00
2.097963094711303711e-01 2.350128889083862305e+00
2.108049392700195312e-01 2.366400003433227539e+00
2.118135839700698853e-01 2.382423400878906250e+00
2.128222137689590454e-01 2.400365114212036133e+00
2.138308435678482056e-01 2.402598381042480469e+00
2.148394882678985596e-01 2.390477895736694336e+00
2.158481180667877197e-01 2.394108057022094727e+00
2.168567627668380737e-01 2.367013692855834961e+00
2.178653925657272339e-01 2.380045175552368164e+00
2.188740372657775879e-01 2.348115921020507812e+00
2.198826670646667480e-01 2.355004310607910156e+00
2.208912968635559082e-01 2.362378358840942383e+00
2.218999415636062622e-01 2.340909957885742188e+00
2.229085713624954224e-01 2.339918136596679688e+00
2.239172160625457764e-01 2.337814569473266602e+00
2.249258458614349365e-01 2.335219144821166992e+00
2.259344756603240967e-01 2.391088962554931641e+00
2.269431203603744507e-01 2.384745836257934570e+00
2.279517501592636108e-01 2.363000869750976562e+00
2.289603948593139648e-01 2.322284221649169922e+00
2.299690246582031250e-01 2.316142797470092773e+00
2.309776693582534790e-01 2.288575649261474609e+00
2.319862991571426392e-01 2.308175802230834961e+00
2.329949289560317993e-01 2.340024709701538086e+00
2.340035736560821533e-01 2.301726818084716797e+00
2.350122034549713135e-01 2.319192171096801758e+00
2.360208481550216675e-01 2.292464494705200195e+00
2.370294779539108276e-01 2.309995174407958984e+00
2.380381226539611816e-01 2.308523416519165039e+00
2.390467524528503418e-01 2.285771608352661133e+00
2.400553822517395020e-01 2.345808267593383789e+00
2.410640269517898560e-01 2.292432069778442383e+00
2.420726567506790161e-01 2.346360206604003906e+00
2.430813014507293701e-01 2.449633836746215820e+00
2.440899312496185303e-01 2.324001312255859375e+00
2.450985759496688843e-01 2.267010927200317383e+00
2.461072057485580444e-01 2.303810834884643555e+00
2.471158355474472046e-01 2.312096595764160156e+00
2.481244802474975586e-01 2.339428424835205078e+00
2.491331100463867188e-01 2.310406446456909180e+00
2.501417398452758789e-01 2.279877185821533203e+00
2.511503994464874268e-01 2.319666624069213867e+00
2.521590292453765869e-01 2.299820184707641602e+00
2.531676590442657471e-01 2.301970958709716797e+00
2.541762888431549072e-01 2.290717840194702148e+00
2.551849186420440674e-01 2.318975448608398438e+00
2.561935782432556152e-01 2.297785997390747070e+00
2.572022080421447754e-01 2.309069871902465820e+00
2.582108378410339355e-01 2.304781913757324219e+00
2.592194676399230957e-01 2.300434827804565430e+00
2.602280974388122559e-01 2.335259914398193359e+00
2.612367570400238037e-01 2.281521797180175781e+00
2.622453868389129639e-01 2.330131053924560547e+00
2.632540166378021240e-01 2.334232568740844727e+00
2.642626464366912842e-01 2.322542190551757812e+00
2.652712762355804443e-01 2.287232160568237305e+00
2.662799358367919922e-01 2.304147958755493164e+00
2.672885656356811523e-01 2.296230792999267578e+00
2.682971954345703125e-01 2.332238912582397461e+00
2.693058252334594727e-01 2.347436904907226562e+00
2.703144848346710205e-01 2.330004215240478516e+00
2.713231146335601807e-01 2.335668563842773438e+00
2.723317444324493408e-01 2.317647457122802734e+00
2.733403742313385010e-01 2.365116596221923828e+00
2.743490040302276611e-01 2.358253717422485352e+00
2.753576636314392090e-01 2.330957889556884766e+00
2.763662934303283691e-01 2.323265552520751953e+00
2.773749232292175293e-01 2.312379837036132812e+00
2.783835530281066895e-01 2.304594039916992188e+00
2.793921828269958496e-01 2.303577661514282227e+00
2.804008424282073975e-01 2.323892831802368164e+00
2.814094722270965576e-01 2.293708086013793945e+00
2.824181020259857178e-01 2.329174995422363281e+00
2.834267318248748779e-01 2.319996595382690430e+00
2.844353616237640381e-01 2.313526868820190430e+00
2.854440212249755859e-01 2.352862596511840820e+00
2.864526510238647461e-01 2.330018758773803711e+00
2.874612808227539062e-01 2.350214958190917969e+00
2.884699106216430664e-01 2.300285100936889648e+00
2.894785702228546143e-01 2.306718111038208008e+00
2.904872000217437744e-01 2.351769208908081055e+00
2.914958298206329346e-01 2.277795076370239258e+00
2.925044596195220947e-01 2.292442798614501953e+00
2.935130894184112549e-01 2.316473722457885742e+00
2.945217490196228027e-01 2.305910110473632812e+00
2.955303788185119629e-01 2.339404582977294922e+00
2.965390086174011230e-01 2.295598983764648438e+00
2.975476384162902832e-01 2.315217971801757812e+00
2.985562682151794434e-01 2.358909368515014648e+00
2.995649278163909912e-01 2.353919744491577148e+00
3.005735576152801514e-01 2.354456424713134766e+00
3.015821874141693115e-01 2.364689111709594727e+00
3.025908172130584717e-01 2.342643976211547852e+00
3.035994470119476318e-01 2.349866151809692383e+00
3.046081066131591797e-01 2.363421916961669922e+00
3.056167364120483398e-01 2.333673715591430664e+00
3.066253662109375000e-01 2.273990631103515625e+00
3.076339960098266602e-01 2.350527286529541016e+00
3.086426556110382080e-01 2.330313920974731445e+00
3.096512854099273682e-01 2.338539361953735352e+00
3.106599152088165283e-01 2.319968223571777344e+00
3.116685450077056885e-01 2.322722911834716797e+00
3.126771748065948486e-01 2.353455305099487305e+00
3.136858344078063965e-01 2.361840724945068359e+00
3.146944642066955566e-01 2.364053726196289062e+00
3.157030940055847168e-01 2.403564691543579102e+00
3.167117238044738770e-01 2.357556104660034180e+00
3.177203536033630371e-01 2.381448030471801758e+00
3.187290132045745850e-01 2.355136394500732422e+00
3.197376430034637451e-01 2.395446300506591797e+00
3.207462728023529053e-01 2.368722915649414062e+00
3.217549026012420654e-01 2.350223302841186523e+00
3.227635622024536133e-01 2.364268064498901367e+00
3.237721920013427734e-01 2.340557575225830078e+00
3.247808218002319336e-01 2.374021291732788086e+00
3.257894515991210938e-01 2.365980386734008789e+00
3.267980813980102539e-01 2.382576227188110352e+00
3.278067409992218018e-01 2.358565568923950195e+00
3.288153707981109619e-01 2.364403963088989258e+00
3.298240005970001221e-01 2.401424884796142578e+00
3.308326303958892822e-01 2.386869430541992188e+00
3.318412601947784424e-01 2.364651679992675781e+00
3.328499197959899902e-01 2.391607522964477539e+00
3.338585495948791504e-01 2.360848188400268555e+00
3.348671793937683105e-01 2.396491289138793945e+00
3.358758091926574707e-01 2.403023958206176758e+00
3.368844389915466309e-01 2.375700950622558594e+00
3.378930985927581787e-01 2.394778490066528320e+00
3.389017283916473389e-01 2.398875951766967773e+00
3.399103581905364990e-01 2.399579763412475586e+00
3.409189879894256592e-01 2.385888099670410156e+00
3.419276475906372070e-01 2.409152030944824219e+00
3.429362773895263672e-01 2.402433156967163086e+00
3.439449071884155273e-01 2.413822412490844727e+00
3.449535369873046875e-01 2.395742893218994141e+00
3.459621667861938477e-01 2.421572923660278320e+00
3.469708263874053955e-01 2.382492065429687500e+00
3.479794561862945557e-01 2.378186464309692383e+00
3.489880859851837158e-01 2.398136854171752930e+00
3.499967157840728760e-01 2.395712137222290039e+00
3.510053455829620361e-01 2.395669698715209961e+00
3.520140051841735840e-01 2.425332069396972656e+00
3.530226349830627441e-01 2.431723356246948242e+00
3.540312647819519043e-01 2.422114133834838867e+00
3.550398945808410645e-01 2.444147109985351562e+00
3.560485243797302246e-01 2.446496486663818359e+00
3.570571839809417725e-01 2.422859191894531250e+00
3.580658137798309326e-01 2.401791572570800781e+00
3.590744435787200928e-01 2.422306060791015625e+00
3.600830733776092529e-01 2.384295701980590820e+00
3.610917329788208008e-01 2.412479877471923828e+00
3.621003627777099609e-01 2.369502544403076172e+00
3.631089925765991211e-01 2.378572940826416016e+00
3.641176223754882812e-01 2.380679845809936523e+00
3.651262521743774414e-01 2.417607784271240234e+00
3.661349117755889893e-01 2.454752683639526367e+00
3.671435415744781494e-01 2.402485370635986328e+00
3.681521713733673096e-01 2.426172018051147461e+00
3.691608011722564697e-01 2.426072597503662109e+00
3.701694309711456299e-01 2.433048963546752930e+00
3.711780905723571777e-01 2.424906492233276367e+00
3.721867203712463379e-01 2.413950443267822266e+00
3.731953501701354980e-01 2.420248031616210938e+00
3.742039799690246582e-01 2.405161380767822266e+00
3.752126097679138184e-01 2.423135042190551758e+00
3.762212693691253662e-01 2.428609609603881836e+00
3.772298991680145264e-01 2.405014276504516602e+00
3.782385289669036865e-01 2.433460474014282227e+00
3.792471587657928467e-01 2.457877159118652344e+00
3.802558183670043945e-01 2.451733350753784180e+00
3.812644481658935547e-01 2.429798126220703125e+00
3.822730779647827148e-01 2.437539339065551758e+00
3.832817077636718750e-01 2.426058769226074219e+00
3.842903375625610352e-01 2.448764562606811523e+00
3.852989971637725830e-01 2.425960779190063477e+00
3.863076269626617432e-01 2.427818059921264648e+00
3.873162567615509033e-01 2.450985431671142578e+00
3.883248865604400635e-01 2.449988365173339844e+00
3.893335163593292236e-01 2.445790052413940430e+00
3.903421759605407715e-01 2.428080081939697266e+00
3.913508057594299316e-01 2.447099208831787109e+00
3.923594355583190918e-01 2.418795585632324219e+00
3.933680653572082520e-01 2.456355571746826172e+00
3.943766951560974121e-01 2.448896169662475586e+00
3.953853547573089600e-01 2.412924051284790039e+00
3.963939845561981201e-01 2.426981449127197266e+00
3.974026143550872803e-01 2.449861049652099609e+00
3.984112441539764404e-01 2.457513570785522461e+00
3.994199037551879883e-01 2.469374895095825195e+00
4.004285335540771484e-01 2.450045108795166016e+00
4.014371633529663086e-01 2.459738492965698242e+00
4.024457931518554688e-01 2.463775157928466797e+00
4.034544229507446289e-01 2.477348327636718750e+00
4.044630825519561768e-01 2.443774223327636719e+00
4.054717123508453369e-01 2.447888135910034180e+00
4.064803421497344971e-01 2.434524059295654297e+00
4.074889719486236572e-01 2.457125186920166016e+00
4.084976017475128174e-01 2.449149370193481445e+00
4.095062613487243652e-01 2.428055524826049805e+00
4.105148911476135254e-01 2.441346883773803711e+00
4.115235209465026855e-01 2.456443548202514648e+00
4.125321507453918457e-01 2.453689098358154297e+00
4.135407805442810059e-01 2.441964149475097656e+00
4.145494401454925537e-01 2.442770719528198242e+00
4.155580699443817139e-01 2.451609611511230469e+00
4.165666997432708740e-01 2.493134260177612305e+00
4.175753295421600342e-01 2.462882995605468750e+00
4.185839891433715820e-01 2.447627305984497070e+00
4.195926189422607422e-01 2.399450540542602539e+00
4.206012487411499023e-01 2.440641403198242188e+00
4.216098785400390625e-01 2.434189081192016602e+00
4.226185083389282227e-01 2.443360328674316406e+00
4.236271679401397705e-01 2.455204248428344727e+00
4.246357977390289307e-01 2.431370735168457031e+00
4.256444275379180908e-01 2.419888257980346680e+00
4.266530573368072510e-01 2.451709270477294922e+00
4.276616871356964111e-01 2.424292802810668945e+00
4.286703467369079590e-01 2.412909030914306641e+00
4.296789765357971191e-01 2.402184963226318359e+00
4.306876063346862793e-01 2.407214641571044922e+00
4.316962361335754395e-01 2.408086776733398438e+00
4.327048659324645996e-01 2.429759263992309570e+00
4.337135255336761475e-01 2.437492370605468750e+00
4.347221553325653076e-01 2.435117244720458984e+00
4.357307851314544678e-01 2.422319412231445312e+00
4.367394149303436279e-01 2.420047760009765625e+00
4.377480745315551758e-01 2.424330711364746094e+00
4.387567043304443359e-01 2.429165601730346680e+00
4.397653341293334961e-01 2.419102907180786133e+00
4.407739639282226562e-01 2.410515069961547852e+00
4.417825937271118164e-01 2.424672603607177734e+00
4.427912533283233643e-01 2.437139034271240234e+00
4.437998831272125244e-01 2.395033359527587891e+00
4.448085129261016846e-01 2.412774801254272461e+00
4.458171427249908447e-01 2.420467853546142578e+00
4.468257725238800049e-01 2.404852867126464844e+00
4.478344321250915527e-01 2.425167322158813477e+00
4.488430619239807129e-01 2.411611318588256836e+00
4.498516917228698730e-01 2.416078567504882812e+00
4.508603215217590332e-01 2.427413225173950195e+00
4.518689513206481934e-01 2.387776374816894531e+00
4.528776109218597412e-01 2.377008676528930664e+00
4.538862407207489014e-01 2.377959012985229492e+00
4.548948705196380615e-01 2.400815963745117188e+00
4.559035003185272217e-01 2.417608976364135742e+00
4.569121599197387695e-01 2.424550533294677734e+00
4.579207897186279297e-01 2.413154125213623047e+00
4.589294195175170898e-01 2.403266668319702148e+00
4.599380493164062500e-01 2.419796228408813477e+00
4.609466791152954102e-01 2.400112152099609375e+00
4.619553387165069580e-01 2.400518417358398438e+00
4.629639685153961182e-01 2.388104438781738281e+00
4.639725983142852783e-01 2.398187398910522461e+00
4.649812281131744385e-01 2.394440650939941406e+00
4.659898579120635986e-01 2.398042917251586914e+00
4.669985175132751465e-01 2.404655456542968750e+00
4.680071473121643066e-01 2.408617496490478516e+00
4.690157771110534668e-01 2.408746957778930664e+00
4.700244069099426270e-01 2.380281925201416016e+00
4.710330665111541748e-01 2.393237829208374023e+00
4.720416963100433350e-01 2.404890537261962891e+00
4.730503261089324951e-01 2.400572061538696289e+00
4.740589559078216553e-01 2.373718976974487305e+00
4.750675857067108154e-01 2.386609077453613281e+00
4.760762453079223633e-01 2.371327400207519531e+00
4.770848751068115234e-01 2.339115142822265625e+00
4.780935049057006836e-01 2.370540142059326172e+00
4.791021347045898438e-01 2.390994310379028320e+00
4.801107645034790039e-01 2.373116493225097656e+00
4.811194241046905518e-01 2.367645263671875000e+00
4.821280539035797119e-01 2.338358402252197266e+00
4.831366837024688721e-01 2.361248254776000977e+00
4.841453135013580322e-01 2.345602989196777344e+00
4.851539433002471924e-01 2.359341144561767578e+00
4.861626029014587402e-01 2.355039834976196289e+00
4.871712327003479004e-01 2.350435733795166016e+00
4.881798624992370605e-01 2.333191156387329102e+00
4.891884922981262207e-01 2.348632097244262695e+00
4.901971518993377686e-01 2.327158927917480469e+00
4.912057816982269287e-01 2.348366975784301758e+00
4.922144114971160889e-01 2.368470668792724609e+00
4.932230412960052490e-01 2.354813575744628906e+00
4.942316710948944092e-01 2.341130018234252930e+00
4.952403306961059570e-01 2.333497047424316406e+00
4.962489604949951172e-01 2.318755388259887695e+00
4.972575902938842773e-01 2.324013233184814453e+00
4.982662200927734375e-01 2.350028038024902344e+00
4.992748498916625977e-01 2.349015235900878906e+00
5.002834796905517578e-01 2.344028472900390625e+00
5.012921094894409180e-01 2.360142946243286133e+00
5.023007988929748535e-01 2.344236612319946289e+00
5.033094286918640137e-01 2.340414047241210938e+00
5.043180584907531738e-01 2.393821954727172852e+00
5.053266882896423340e-01 2.342221498489379883e+00
5.063353180885314941e-01 2.328283548355102539e+00
5.073439478874206543e-01 2.316981792449951172e+00
5.083525776863098145e-01 2.301264762878417969e+00
5.093612074851989746e-01 2.311265230178833008e+00
5.103698372840881348e-01 2.302215576171875000e+00
5.113784670829772949e-01 2.302728176116943359e+00
5.123871564865112305e-01 2.299367189407348633e+00
5.133957862854003906e-01 2.322614908218383789e+00
5.144044160842895508e-01 2.351389884948730469e+00
5.154130458831787109e-01 2.331543922424316406e+00
5.164216756820678711e-01 2.289700746536254883e+00
5.174303054809570312e-01 2.286215543746948242e+00
5.184389352798461914e-01 2.307077169418334961e+00
5.194475650787353516e-01 2.279644012451171875e+00
5.204561948776245117e-01 2.292628049850463867e+00
5.214648842811584473e-01 2.291882038116455078e+00
5.224735140800476074e-01 2.267788410186767578e+00
5.234821438789367676e-01 2.268946647644042969e+00
5.244907736778259277e-01 2.268155813217163086e+00
5.254994034767150879e-01 2.241685867309570312e+00
5.265080332756042480e-01 2.279565572738647461e+00
5.275166630744934082e-01 2.247527837753295898e+00
5.285252928733825684e-01 2.269982814788818359e+00
5.295339226722717285e-01 2.282743215560913086e+00
5.305425524711608887e-01 2.278274059295654297e+00
5.315512418746948242e-01 2.290570974349975586e+00
5.325598716735839844e-01 2.301330327987670898e+00
5.335685014724731445e-01 2.288439512252807617e+00
5.345771312713623047e-01 2.260617971420288086e+00
5.355857610702514648e-01 2.254104375839233398e+00
5.365943908691406250e-01 2.291728734970092773e+00
5.376030206680297852e-01 2.276514768600463867e+00
5.386116504669189453e-01 2.259475231170654297e+00
5.396202802658081055e-01 2.288835763931274414e+00
5.406289696693420410e-01 2.257668018341064453e+00
5.416375994682312012e-01 2.259123563766479492e+00
5.426462292671203613e-01 2.252297163009643555e+00
5.436548590660095215e-01 2.273843288421630859e+00
5.446634888648986816e-01 2.288347721099853516e+00
5.456721186637878418e-01 2.258883953094482422e+00
5.466807484626770020e-01 2.264242172241210938e+00
5.476893782615661621e-01 2.282281160354614258e+00
5.486980080604553223e-01 2.288960933685302734e+00
5.497066378593444824e-01 2.290760517120361328e+00
5.507153272628784180e-01 2.270966768264770508e+00
5.517239570617675781e-01 2.256392955780029297e+00
5.527325868606567383e-01 2.249691486358642578e+00
5.537412166595458984e-01 2.256506919860839844e+00
5.547498464584350586e-01 2.247374057769775391e+00
5.557584762573242188e-01 2.271001338958740234e+00
5.567671060562133789e-01 2.244427919387817383e+00
5.577757358551025391e-01 2.241861343383789062e+00
5.587843656539916992e-01 2.263079643249511719e+00
5.597930550575256348e-01 2.272835731506347656e+00
5.608016848564147949e-01 2.243795156478881836e+00
5.618103146553039551e-01 2.225602626800537109e+00
5.628189444541931152e-01 2.233443260192871094e+00
5.638275742530822754e-01 2.213426828384399414e+00
5.648362040519714355e-01 2.233767747879028320e+00
5.658448338508605957e-01 2.268842935562133789e+00
5.668534636497497559e-01 2.269870996475219727e+00
5.678620934486389160e-01 2.247710466384887695e+00
5.688707232475280762e-01 2.237157344818115234e+00
5.698794126510620117e-01 2.227559089660644531e+00
5.708880424499511719e-01 2.240105152130126953e+00
5.718966722488403320e-01 2.256799459457397461e+00
5.729053020477294922e-01 2.268785715103149414e+00
5.739139318466186523e-01 2.273639678955078125e+00
5.749225616455078125e-01 2.269190073013305664e+00
5.759311914443969727e-01 2.254874467849731445e+00
5.769398212432861328e-01 2.226867914199829102e+00
5.779484510421752930e-01 2.219816446304321289e+00
5.789571404457092285e-01 2.226144790649414062e+00
5.799657702445983887e-01 2.231679677963256836e+00
5.809744000434875488e-01 2.228039741516113281e+00
5.819830298423767090e-01 2.200782775878906250e+00
5.829916596412658691e-01 2.264329671859741211e+00
5.840002894401550293e-01 2.255937814712524414e+00
5.850089192390441895e-01 2.250268697738647461e+00
5.860175490379333496e-01 2.246317625045776367e+00
5.870261788368225098e-01 2.230144023895263672e+00
5.880348086357116699e-01 2.232576370239257812e+00
5.890434980392456055e-01 2.259322404861450195e+00
5.900521278381347656e-01 2.231947183609008789e+00
5.910607576370239258e-01 2.233753919601440430e+00
5.920693874359130859e-01 2.204101324081420898e+00
5.930780172348022461e-01 2.213183403015136719e+00
5.940866470336914062e-01 2.231463432312011719e+00
5.950952768325805664e-01 2.220796823501586914e+00
5.961039066314697266e-01 2.213226556777954102e+00
5.971125364303588867e-01 2.235725879669189453e+00
5.981212258338928223e-01 2.214627265930175781e+00
5.991298556327819824e-01 2.218777656555175781e+00
6.001384854316711426e-01 2.240582466125488281e+00
6.011471152305603027e-01 2.220472097396850586e+00
6.021557450294494629e-01 2.242124795913696289e+00
6.031643748283386230e-01 2.211791753768920898e+00
6.041730046272277832e-01 2.215778589248657227e+00
6.051816344261169434e-01 2.231474399566650391e+00
6.061902642250061035e-01 2.219332933425903320e+00
6.071988940238952637e-01 2.223250627517700195e+00
6.082075834274291992e-01 2.253874063491821289e+00
6.092162132263183594e-01 2.212746858596801758e+00
6.102248430252075195e-01 2.237882375717163086e+00
6.112334728240966797e-01 2.247424602508544922e+00
6.122421026229858398e-01 2.247333526611328125e+00
6.132507324218750000e-01 2.218682765960693359e+00
6.142593622207641602e-01 2.235397815704345703e+00
6.152679920196533203e-01 2.233525037765502930e+00
6.162766218185424805e-01 2.243509769439697266e+00
6.172853112220764160e-01 2.239644050598144531e+00
6.182939410209655762e-01 2.228674411773681641e+00
6.193025708198547363e-01 2.214932918548583984e+00
6.203112006187438965e-01 2.236445665359497070e+00
6.213198304176330566e-01 2.258118629455566406e+00
6.223284602165222168e-01 2.235768079757690430e+00
6.233370900154113770e-01 2.206196546554565430e+00
6.243457198143005371e-01 2.228298664093017578e+00
6.253543496131896973e-01 2.218645095825195312e+00
6.263629794120788574e-01 2.225470542907714844e+00
6.273716688156127930e-01 2.204647064208984375e+00
6.283802986145019531e-01 2.218601226806640625e+00
6.293889284133911133e-01 2.233465909957885742e+00
6.303975582122802734e-01 2.254051923751831055e+00
6.314061880111694336e-01 2.252786636352539062e+00
6.324148178100585938e-01 2.221574068069458008e+00
6.334234476089477539e-01 2.241379737854003906e+00
6.344320774078369141e-01 2.251843452453613281e+00
6.354407072067260742e-01 2.236328125000000000e+00
6.364493966102600098e-01 2.212758541107177734e+00
6.374580264091491699e-01 2.217386722564697266e+00
6.384666562080383301e-01 2.265559911727905273e+00
6.394752860069274902e-01 2.234079122543334961e+00
6.404839158058166504e-01 2.209759473800659180e+00
6.414925456047058105e-01 2.210693597793579102e+00
6.425011754035949707e-01 2.236003160476684570e+00
6.435098052024841309e-01 2.201870203018188477e+00
6.445184350013732910e-01 2.189521312713623047e+00
6.455271244049072266e-01 2.244328975677490234e+00
6.465357542037963867e-01 2.214753627777099609e+00
6.475443840026855469e-01 2.220926761627197266e+00
6.485530138015747070e-01 2.228328704833984375e+00
6.495616436004638672e-01 2.217120647430419922e+00
6.505702733993530273e-01 2.217457056045532227e+00
6.515789031982421875e-01 2.239321708679199219e+00
6.525875329971313477e-01 2.258188247680664062e+00
6.535961627960205078e-01 2.258094072341918945e+00
6.546047925949096680e-01 2.220660209655761719e+00
6.556134819984436035e-01 2.214930534362792969e+00
6.566221117973327637e-01 2.233304738998413086e+00
6.576307415962219238e-01 2.250100612640380859e+00
6.586393713951110840e-01 2.245143413543701172e+00
6.596480011940002441e-01 2.241322278976440430e+00
6.606566309928894043e-01 2.267119884490966797e+00
6.616652607917785645e-01 2.228949785232543945e+00
6.626738905906677246e-01 2.235402107238769531e+00
6.636825203895568848e-01 2.243499517440795898e+00
6.646912097930908203e-01 2.230559349060058594e+00
6.656998395919799805e-01 2.250361919403076172e+00
6.667084693908691406e-01 2.254546165466308594e+00
6.677170991897583008e-01 2.261927843093872070e+00
6.687257289886474609e-01 2.241100072860717773e+00
6.697343587875366211e-01 2.228827476501464844e+00
6.707429885864257812e-01 2.254234790802001953e+00
6.717516183853149414e-01 2.219210147857666016e+00
6.727602481842041016e-01 2.256668806076049805e+00
6.737688779830932617e-01 2.251095294952392578e+00
6.747775673866271973e-01 2.254386663436889648e+00
6.757861971855163574e-01 2.243758916854858398e+00
6.767948269844055176e-01 2.243274211883544922e+00
6.778034567832946777e-01 2.281228542327880859e+00
6.788120865821838379e-01 2.307476282119750977e+00
6.798207163810729980e-01 2.263392925262451172e+00
6.808293461799621582e-01 2.293793439865112305e+00
6.818379759788513184e-01 2.281360149383544922e+00
6.828466057777404785e-01 2.272727251052856445e+00
6.838552951812744141e-01 2.288072824478149414e+00
6.848639249801635742e-01 2.272047042846679688e+00
6.858725547790527344e-01 2.254655361175537109e+00
6.868811845779418945e-01 2.267969131469726562e+00
6.878898143768310547e-01 2.271509885787963867e+00
6.888984441757202148e-01 2.271732807159423828e+00
6.899070739746093750e-01 2.293066978454589844e+00
6.909157037734985352e-01 2.308834552764892578e+00
6.919243335723876953e-01 2.234167814254760742e+00
6.929329633712768555e-01 2.265291929244995117e+00
6.939416527748107910e-01 2.261636734008789062e+00
6.949502825736999512e-01 2.263614177703857422e+00
6.959589123725891113e-01 2.291481018066406250e+00
6.969675421714782715e-01 2.300239324569702148e+00
6.979761719703674316e-01 2.282537460327148438e+00
6.989848017692565918e-01 2.242848873138427734e+00
6.999934315681457520e-01 2.276303529739379883e+00
7.010020613670349121e-01 2.301896095275878906e+00
7.020106911659240723e-01 2.309087514877319336e+00
7.030193805694580078e-01 2.332000017166137695e+00
7.040280103683471680e-01 2.305549144744873047e+00
7.050366401672363281e-01 2.329583883285522461e+00
7.060452699661254883e-01 2.316401004791259766e+00
7.070538997650146484e-01 2.292644739151000977e+00
7.080625295639038086e-01 2.307131767272949219e+00
7.090711593627929688e-01 2.298300266265869141e+00
7.100797891616821289e-01 2.306808948516845703e+00
7.110884189605712891e-01 2.328190565109252930e+00
7.120970487594604492e-01 2.330879449844360352e+00
7.131057381629943848e-01 2.338297367095947266e+00
7.141143679618835449e-01 2.309316158294677734e+00
7.151229977607727051e-01 2.290870189666748047e+00
7.161316275596618652e-01 2.318013191223144531e+00
7.171402573585510254e-01 2.334039211273193359e+00
7.181488871574401855e-01 2.320110797882080078e+00
7.191575169563293457e-01 2.348945617675781250e+00
7.201661467552185059e-01 2.323256731033325195e+00
7.211747765541076660e-01 2.338693380355834961e+00
7.221834659576416016e-01 2.316092491149902344e+00
7.231920957565307617e-01 2.357713222503662109e+00
7.242007255554199219e-01 2.343659162521362305e+00
7.252093553543090820e-01 2.369813203811645508e+00
7.262179851531982422e-01 2.367898941040039062e+00
7.272266149520874023e-01 2.341247797012329102e+00
7.282352447509765625e-01 2.351857423782348633e+00
7.292438745498657227e-01 2.370965480804443359e+00
7.302525043487548828e-01 2.354589939117431641e+00
7.312611341476440430e-01 2.342548608779907227e+00
7.322698235511779785e-01 2.353478431701660156e+00
7.332784533500671387e-01 2.368751287460327148e+00
7.342870831489562988e-01 2.382798194885253906e+00
7.352957129478454590e-01 2.393518924713134766e+00
7.363043427467346191e-01 2.360302686691284180e+00
7.373129725456237793e-01 2.370287179946899414e+00
7.383216023445129395e-01 2.375545978546142578e+00
7.393302321434020996e-01 2.377692222595214844e+00
7.403388619422912598e-01 2.390502214431762695e+00
7.413475513458251953e-01 2.400293350219726562e+00
7.423561811447143555e-01 2.381000280380249023e+00
7.433648109436035156e-01 2.392735719680786133e+00
7.443734407424926758e-01 2.402885437011718750e+00
7.453820705413818359e-01 2.401248693466186523e+00
7.463907003402709961e-01 2.391670703887939453e+00
7.473993301391601562e-01 2.419067144393920898e+00
7.484079599380493164e-01 2.388445377349853516e+00
7.494165897369384766e-01 2.401273012161254883e+00
7.504252195358276367e-01 2.381900072097778320e+00
7.514339089393615723e-01 2.412389278411865234e+00
7.524425387382507324e-01 2.484074831008911133e+00
7.534511685371398926e-01 2.499595403671264648e+00
7.544597983360290527e-01 2.442936420440673828e+00
7.554684281349182129e-01 2.446501016616821289e+00
7.564770579338073730e-01 2.424947738647460938e+00
7.574856877326965332e-01 2.423787593841552734e+00
7.584943175315856934e-01 2.427617073059082031e+00
7.595029473304748535e-01 2.417219638824462891e+00
7.605116367340087891e-01 2.438499689102172852e+00
7.615202665328979492e-01 2.465927362442016602e+00
7.625288963317871094e-01 2.450497150421142578e+00
7.635375261306762695e-01 2.430485725402832031e+00
7.645461559295654297e-01 2.437049388885498047e+00
7.655547857284545898e-01 2.433140516281127930e+00
7.665634155273437500e-01 2.435557126998901367e+00
7.675720453262329102e-01 2.462857246398925781e+00
7.685806751251220703e-01 2.484256744384765625e+00
7.695893049240112305e-01 2.461833953857421875e+00
7.705979943275451660e-01 2.449812650680541992e+00
7.716066241264343262e-01 2.483211755752563477e+00
7.726152539253234863e-01 2.515953779220581055e+00
7.736238837242126465e-01 2.455354690551757812e+00
7.746325135231018066e-01 2.462788820266723633e+00
7.756411433219909668e-01 2.489448308944702148e+00
7.766497731208801270e-01 2.508801221847534180e+00
7.776584029197692871e-01 2.510213613510131836e+00
7.786670327186584473e-01 2.496277332305908203e+00
7.796757221221923828e-01 2.484139919281005859e+00
7.806843519210815430e-01 2.485391378402709961e+00
7.816929817199707031e-01 2.468471527099609375e+00
7.827016115188598633e-01 2.501091241836547852e+00
7.837102413177490234e-01 2.508594512939453125e+00
7.847188711166381836e-01 2.522979497909545898e+00
7.857275009155273438e-01 2.527821779251098633e+00
7.867361307144165039e-01 2.526258230209350586e+00
7.877447605133056641e-01 2.520675420761108398e+00
7.887533903121948242e-01 2.556224822998046875e+00
7.897620797157287598e-01 2.555689573287963867e+00
7.907707095146179199e-01 2.539301872253417969e+00
7.917793393135070801e-01 2.518500566482543945e+00
7.927879691123962402e-01 2.547298192977905273e+00
7.937965989112854004e-01 2.548493862152099609e+00
7.948052287101745605e-01 2.512510776519775391e+00
7.958138585090637207e-01 2.558990955352783203e+00
7.968224883079528809e-01 2.543523550033569336e+00
7.978311181068420410e-01 2.534815549850463867e+00
7.988398075103759766e-01 2.553389072418212891e+00
7.998484373092651367e-01 2.532096862792968750e+00
8.008570671081542969e-01 2.543129205703735352e+00
8.018656969070434570e-01 2.604203701019287109e+00
8.028743267059326172e-01 2.575822591781616211e+00
8.038829565048217773e-01 2.572946071624755859e+00
8.048915863037109375e-01 2.582233428955078125e+00
8.059002161026000977e-01 2.572541475296020508e+00
8.069088459014892578e-01 2.575503587722778320e+00
8.079174757003784180e-01 2.606371402740478516e+00
8.089261651039123535e-01 2.600652933120727539e+00
8.099347949028015137e-01 2.616739988327026367e+00
8.109434247016906738e-01 2.618555545806884766e+00
8.119520545005798340e-01 2.611249685287475586e+00
8.129606842994689941e-01 2.599195003509521484e+00
8.139693140983581543e-01 2.621254444122314453e+00
8.149779438972473145e-01 2.606573343276977539e+00
8.159865736961364746e-01 2.581464052200317383e+00
8.169952034950256348e-01 2.623878002166748047e+00
8.180038928985595703e-01 2.638573408126831055e+00
8.190125226974487305e-01 2.650996685028076172e+00
8.200211524963378906e-01 2.635495424270629883e+00
8.210297822952270508e-01 2.640766143798828125e+00
8.220384120941162109e-01 2.610682010650634766e+00
8.230470418930053711e-01 2.621640682220458984e+00
8.240556716918945312e-01 2.653605222702026367e+00
8.250643014907836914e-01 2.652631759643554688e+00
8.260729312896728516e-01 2.669747352600097656e+00
8.270815610885620117e-01 2.669720649719238281e+00
8.280902504920959473e-01 2.617602109909057617e+00
8.290988802909851074e-01 2.676897287368774414e+00
8.301075100898742676e-01 2.658060789108276367e+00
8.311161398887634277e-01 2.649507999420166016e+00
8.321247696876525879e-01 2.668371915817260742e+00
8.331333994865417480e-01 2.654587030410766602e+00
8.341420292854309082e-01 2.656798124313354492e+00
8.351506590843200684e-01 2.662811994552612305e+00
8.361592888832092285e-01 2.696109533309936523e+00
8.371679782867431641e-01 2.690180540084838867e+00
8.381766080856323242e-01 2.707987785339355469e+00
8.391852378845214844e-01 2.702623128890991211e+00
8.401938676834106445e-01 2.702654123306274414e+00
8.412024974822998047e-01 2.693878650665283203e+00
8.422111272811889648e-01 2.678359031677246094e+00
8.432197570800781250e-01 2.698576211929321289e+00
8.442283868789672852e-01 2.752984285354614258e+00
8.452370166778564453e-01 2.734730005264282227e+00
8.462456464767456055e-01 2.774003982543945312e+00
8.472543358802795410e-01 2.757437944412231445e+00
8.482629656791687012e-01 2.774164199829101562e+00
8.492715954780578613e-01 2.741048097610473633e+00
8.502802252769470215e-01 2.763586997985839844e+00
8.512888550758361816e-01 2.745566844940185547e+00
8.522974848747253418e-01 2.751217126846313477e+00
8.533061146736145020e-01 2.781471490859985352e+00
8.543147444725036621e-01 2.817832708358764648e+00
8.553233742713928223e-01 2.796581983566284180e+00
8.563320636749267578e-01 2.766276359558105469e+00
8.573406934738159180e-01 2.799170732498168945e+00
8.583493232727050781e-01 2.789330959320068359e+00
8.593579530715942383e-01 2.802101135253906250e+00
8.603665828704833984e-01 2.802039861679077148e+00
8.613752126693725586e-01 2.824363708496093750e+00
8.623838424682617188e-01 2.833604812622070312e+00
8.633924722671508789e-01 2.835579395294189453e+00
8.644011020660400391e-01 2.846081972122192383e+00
8.654097318649291992e-01 2.819451808929443359e+00
8.664184212684631348e-01 2.842721462249755859e+00
8.674270510673522949e-01 2.841685771942138672e+00
8.684356808662414551e-01 2.891617059707641602e+00
8.694443106651306152e-01 2.861687660217285156e+00
8.704529404640197754e-01 2.864237070083618164e+00
8.714615702629089355e-01 2.851908206939697266e+00
8.724702000617980957e-01 2.874575138092041016e+00
8.734788298606872559e-01 2.881957292556762695e+00
8.744874596595764160e-01 2.855065345764160156e+00
8.754961490631103516e-01 2.881789445877075195e+00
8.765047788619995117e-01 2.872928142547607422e+00
8.775134086608886719e-01 2.886443853378295898e+00
8.785220384597778320e-01 2.856420516967773438e+00
8.795306682586669922e-01 2.915734052658081055e+00
8.805392980575561523e-01 2.918277978897094727e+00
8.815479278564453125e-01 2.875120878219604492e+00
8.825565576553344727e-01 2.903707265853881836e+00
8.835651874542236328e-01 2.906856298446655273e+00
8.845738172531127930e-01 2.895627260208129883e+00
8.855825066566467285e-01 2.910922765731811523e+00
8.865911364555358887e-01 2.903316020965576172e+00
8.875997662544250488e-01 2.898995876312255859e+00
8.886083960533142090e-01 2.891640663146972656e+00
8.896170258522033691e-01 2.908032178878784180e+00
8.906256556510925293e-01 2.898585557937622070e+00
8.916342854499816895e-01 2.938076019287109375e+00
8.926429152488708496e-01 2.943800449371337891e+00
8.936515450477600098e-01 2.923061847686767578e+00
8.946602344512939453e-01 2.936316490173339844e+00
8.956688642501831055e-01 2.975880622863769531e+00
8.966774940490722656e-01 2.961342573165893555e+00
8.976861238479614258e-01 2.965867280960083008e+00
8.986947536468505859e-01 3.019636154174804688e+00
8.997033834457397461e-01 2.994507789611816406e+00
9.007120132446289062e-01 2.972314357757568359e+00
9.017206430435180664e-01 2.958196163177490234e+00
9.027292728424072266e-01 2.952005386352539062e+00
9.037379026412963867e-01 3.003843069076538086e+00
9.047465920448303223e-01 2.953691720962524414e+00
9.057552218437194824e-01 2.947035074234008789e+00
9.067638516426086426e-01 2.981341123580932617e+00
9.077724814414978027e-01 3.031189203262329102e+00
9.087811112403869629e-01 3.006603479385375977e+00
9.097897410392761230e-01 3.028322219848632812e+00
9.107983708381652832e-01 3.073464393615722656e+00
9.118070006370544434e-01 3.050866603851318359e+00
9.128156304359436035e-01 3.020801782608032227e+00
9.138243198394775391e-01 3.024729013442993164e+00
9.148329496383666992e-01 3.027088165283203125e+00
9.158415794372558594e-01 3.086276769638061523e+00
9.168502092361450195e-01 3.065585374832153320e+00
9.178588390350341797e-01 3.071835994720458984e+00
9.188674688339233398e-01 3.077545642852783203e+00
9.198760986328125000e-01 3.103031873703002930e+00
9.208847284317016602e-01 3.090744495391845703e+00
9.218933582305908203e-01 3.052343845367431641e+00
9.229020476341247559e-01 3.098051309585571289e+00
9.239106774330139160e-01 3.101240396499633789e+00
9.249193072319030762e-01 3.091446161270141602e+00
9.259279370307922363e-01 3.157248735427856445e+00
9.269365668296813965e-01 3.132049560546875000e+00
9.279451966285705566e-01 3.101019620895385742e+00
9.289538264274597168e-01 3.102801561355590820e+00
9.299624562263488770e-01 3.148563146591186523e+00
9.309710860252380371e-01 3.113114118576049805e+00
9.319797158241271973e-01 3.166805744171142578e+00
9.329884052276611328e-01 3.120259284973144531e+00
9.339970350265502930e-01 3.140047788619995117e+00
9.350056648254394531e-01 3.177723646163940430e+00
9.360142946243286133e-01 3.178745508193969727e+00
9.370229244232177734e-01 3.179134368896484375e+00
9.380315542221069336e-01 3.198446750640869141e+00
9.390401840209960938e-01 3.118648290634155273e+00
9.400488138198852539e-01 3.216043233871459961e+00
9.410574436187744141e-01 3.186633110046386719e+00
9.420661330223083496e-01 3.246992826461791992e+00
9.430747628211975098e-01 3.212929248809814453e+00
9.440833926200866699e-01 3.205822229385375977e+00
9.450920224189758301e-01 3.199518203735351562e+00
9.461006522178649902e-01 3.190049886703491211e+00
9.471092820167541504e-01 3.220669269561767578e+00
9.481179118156433105e-01 3.207523822784423828e+00
9.491265416145324707e-01 3.256557464599609375e+00
9.501351714134216309e-01 3.298691987991333008e+00
9.511438012123107910e-01 3.219400405883789062e+00
9.521524906158447266e-01 3.267420291900634766e+00
9.531611204147338867e-01 3.276922464370727539e+00
9.541697502136230469e-01 3.336722135543823242e+00
9.551783800125122070e-01 3.306235551834106445e+00
9.561870098114013672e-01 3.317573785781860352e+00
9.571956396102905273e-01 3.295549869537353516e+00
9.582042694091796875e-01 3.288467645645141602e+00
9.592128992080688477e-01 3.221454620361328125e+00
9.602215290069580078e-01 3.295215606689453125e+00
9.612302184104919434e-01 3.313683271408081055e+00
9.622388482093811035e-01 3.350221157073974609e+00
9.632474780082702637e-01 3.307562351226806641e+00
9.642561078071594238e-01 3.297031879425048828e+00
9.652647376060485840e-01 3.357441663742065430e+00
9.662733674049377441e-01 3.364243030548095703e+00
9.672819972038269043e-01 3.430906295776367188e+00
9.682906270027160645e-01 3.398530960083007812e+00
9.692992568016052246e-01 3.348525047302246094e+00
9.703078866004943848e-01 3.406969547271728516e+00
9.713165760040283203e-01 3.382304906845092773e+00
9.723252058029174805e-01 3.431475639343261719e+00
9.733338356018066406e-01 3.404535055160522461e+00
9.743424654006958008e-01 3.440973758697509766e+00
9.753510951995849609e-01 3.357092142105102539e+00
9.763597249984741211e-01 3.422124624252319336e+00
9.773683547973632812e-01 3.403390169143676758e+00
9.783769845962524414e-01 3.412617206573486328e+00
9.793856143951416016e-01 3.495620727539062500e+00
9.803943037986755371e-01 3.530862569808959961e+00
9.814029335975646973e-01 3.536170005798339844e+00
9.824115633964538574e-01 3.521350622177124023e+00
9.834201931953430176e-01 3.528732776641845703e+00
9.844288229942321777e-01 3.420317888259887695e+00
9.854374527931213379e-01 3.369611740112304688e+00
9.864460825920104980e-01 3.453910112380981445e+00
9.874547123908996582e-01 3.546529531478881836e+00
9.884633421897888184e-01 3.527133226394653320e+00
9.894719719886779785e-01 3.563708305358886719e+00
9.904806613922119141e-01 3.613729953765869141e+00
9.914892911911010742e-01 3.544806480407714844e+00
9.924979209899902344e-01 3.559272766113281250e+00
9.935065507888793945e-01 3.548309803009033203e+00
9.945151805877685547e-01 3.671742200851440430e+00
9.955238103866577148e-01 3.588309288024902344e+00
9.965324401855468750e-01 3.557768583297729492e+00
9.975410699844360352e-01 3.574517250061035156e+00
9.985496997833251953e-01 3.662347793579101562e+00
9.995583891868591309e-01 3.622063398361206055e+00
1.000566959381103516e+00 3.654900550842285156e+00
1.001575589179992676e+00 3.687283277511596680e+00
1.002584218978881836e+00 3.677085161209106445e+00
1.003592848777770996e+00 3.724223136901855469e+00
1.004601597785949707e+00 3.676594734191894531e+00
1.005610227584838867e+00 3.702950000762939453e+00
1.006618857383728027e+00 3.713463783264160156e+00
1.007627487182617188e+00 3.686002969741821289e+00
1.008636116981506348e+00 3.705502748489379883e+00
1.009644746780395508e+00 3.623204946517944336e+00
1.010653376579284668e+00 3.770123004913330078e+00
1.011662006378173828e+00 3.743472337722778320e+00
1.012670636177062988e+00 3.639377117156982422e+00
1.013679265975952148e+00 3.691071033477783203e+00
1.014687895774841309e+00 3.704762458801269531e+00
1.015696525573730469e+00 3.742785692214965820e+00
1.016705155372619629e+00 3.796638727188110352e+00
1.017713785171508789e+00 3.795329570770263672e+00
1.018722414970397949e+00 3.701799392700195312e+00
1.019731044769287109e+00 3.832371950149536133e+00
1.020739674568176270e+00 3.751604318618774414e+00
1.021748304367065430e+00 3.797343015670776367e+00
1.022756934165954590e+00 3.870269775390625000e+00
1.023765683174133301e+00 3.925135612487792969e+00
1.024774312973022461e+00 3.827707529067993164e+00
1.025782942771911621e+00 3.767647266387939453e+00
1.026791572570800781e+00 3.858315467834472656e+00
1.027800202369689941e+00 3.881541728973388672e+00
1.028808832168579102e+00 3.810288667678833008e+00
1.029817461967468262e+00 3.941503763198852539e+00
1.030826091766357422e+00 3.851080894470214844e+00
1.031834721565246582e+00 3.930296421051025391e+00
1.032843351364135742e+00 4.019197940826416016e+00
1.033851981163024902e+00 4.003945827484130859e+00
1.034860610961914062e+00 3.914441585540771484e+00
1.035869240760803223e+00 3.844606637954711914e+00
1.036877870559692383e+00 3.885726928710937500e+00
1.037886500358581543e+00 3.954942226409912109e+00
1.038895130157470703e+00 3.954583406448364258e+00
1.039903759956359863e+00 3.998236656188964844e+00
1.040912389755249023e+00 3.932627439498901367e+00
1.041921019554138184e+00 3.976457595825195312e+00
1.042929768562316895e+00 3.949014902114868164e+00
1.043938398361206055e+00 3.986599683761596680e+00
1.044947028160095215e+00 3.977386474609375000e+00
1.045955657958984375e+00 3.997227907180786133e+00
1.046964287757873535e+00 4.049080371856689453e+00
1.047972917556762695e+00 4.146247386932373047e+00
1.048981547355651855e+00 4.208563804626464844e+00
1.049990177154541016e+00 4.143860816955566406e+00
1.050998806953430176e+00 4.202487945556640625e+00
1.052007436752319336e+00 4.108460903167724609e+00
1.053016066551208496e+00 4.070908546447753906e+00
1.054024696350097656e+00 4.088507652282714844e+00
1.055033326148986816e+00 4.150024890899658203e+00
1.056041955947875977e+00 4.079442977905273438e+00
1.057050585746765137e+00 4.047495365142822266e+00
1.058059215545654297e+00 4.099453449249267578e+00
1.059067845344543457e+00 4.073300838470458984e+00
1.060076475143432617e+00 4.163566589355468750e+00
1.061085104942321777e+00 4.019186019897460938e+00
1.062093853950500488e+00 4.085200309753417969e+00
1.063102483749389648e+00 4.202389240264892578e+00
1.064111113548278809e+00 4.169300556182861328e+00
1.065119743347167969e+00 4.211242675781250000e+00
1.066128373146057129e+00 4.260047912597656250e+00
1.067137002944946289e+00 4.182486057281494141e+00
1.068145632743835449e+00 4.148783683776855469e+00
1.069154262542724609e+00 4.257072448730468750e+00
1.070162892341613770e+00 4.174846172332763672e+00
1.071171522140502930e+00 4.273557662963867188e+00
1.072180151939392090e+00 4.290305137634277344e+00
1.073188781738281250e+00 4.232776641845703125e+00
1.074197411537170410e+00 4.166529178619384766e+00
1.075206041336059570e+00 4.260536670684814453e+00
1.076214671134948730e+00 4.240184307098388672e+00
1.077223300933837891e+00 4.137893676757812500e+00
1.078231930732727051e+00 4.102583408355712891e+00
1.079240560531616211e+00 4.168831825256347656e+00
1.080249190330505371e+00 4.323086738586425781e+00
1.081257939338684082e+00 4.351987361907958984e+00
1.082266569137573242e+00 4.271955966949462891e+00
1.083275198936462402e+00 4.304285526275634766e+00
1.084283828735351562e+00 4.308252811431884766e+00
1.085292458534240723e+00 4.391575813293457031e+00
1.086301088333129883e+00 4.419837474822998047e+00
1.087309718132019043e+00 4.385140419006347656e+00
1.088318347930908203e+00 4.321094512939453125e+00
1.089326977729797363e+00 4.324841022491455078e+00
1.090335607528686523e+00 4.351010799407958984e+00
1.091344237327575684e+00 4.340929508209228516e+00
1.092352867126464844e+00 4.308479309082031250e+00
1.093361496925354004e+00 4.492017269134521484e+00
1.094370126724243164e+00 4.404752254486083984e+00
1.095378756523132324e+00 4.479418754577636719e+00
1.096387386322021484e+00 4.462379932403564453e+00
1.097396016120910645e+00 4.447758197784423828e+00
1.098404645919799805e+00 4.462029457092285156e+00
1.099413275718688965e+00 4.566191196441650391e+00
1.100422024726867676e+00 4.564043045043945312e+00
1.101430654525756836e+00 4.453703403472900391e+00
1.102439284324645996e+00 4.511179924011230469e+00
1.103447914123535156e+00 4.532062530517578125e+00
1.104456543922424316e+00 4.646280765533447266e+00
1.105465173721313477e+00 4.666005134582519531e+00
1.106473803520202637e+00 4.454016208648681641e+00
1.107482433319091797e+00 4.498417854309082031e+00
1.108491063117980957e+00 4.649698257446289062e+00
1.109499692916870117e+00 4.531900882720947266e+00
1.110508322715759277e+00 4.537349224090576172e+00
1.111516952514648438e+00 4.682605266571044922e+00
1.112525582313537598e+00 4.644540309906005859e+00
1.113534212112426758e+00 4.568925857543945312e+00
1.114542841911315918e+00 4.529315471649169922e+00
1.115551471710205078e+00 4.537862777709960938e+00
1.116560101509094238e+00 4.548742294311523438e+00
1.117568731307983398e+00 4.647341251373291016e+00
1.118577361106872559e+00 4.741255760192871094e+00
1.119586110115051270e+00 4.702193737030029297e+00
1.120594739913940430e+00 4.597621917724609375e+00
1.121603369712829590e+00 4.582780838012695312e+00
1.122611999511718750e+00 4.526059150695800781e+00
1.123620629310607910e+00 4.823714256286621094e+00
1.124629259109497070e+00 4.835787296295166016e+00
1.125637888908386230e+00 4.713416099548339844e+00
1.126646518707275391e+00 4.745489120483398438e+00
1.127655148506164551e+00 4.708396911621093750e+00
1.128663778305053711e+00 4.818193435668945312e+00
1.129672408103942871e+00 4.781964778900146484e+00
1.130681037902832031e+00 4.891835212707519531e+00
1.131689667701721191e+00 4.825644969940185547e+00
1.132698297500610352e+00 4.939353942871093750e+00
1.133706927299499512e+00 5.049679756164550781e+00
1.134715557098388672e+00 4.865846157073974609e+00
1.135724186897277832e+00 4.689798355102539062e+00
1.136732816696166992e+00 4.742247104644775391e+00
1.137741446495056152e+00 4.797143459320068359e+00
1.138750195503234863e+00 4.790412902832031250e+00
1.139758825302124023e+00 4.806291580200195312e+00
1.140767455101013184e+00 4.945714950561523438e+00
1.141776084899902344e+00 4.971909523010253906e+00
1.142784714698791504e+00 4.816400051116943359e+00
1.143793344497680664e+00 4.929090023040771484e+00
1.144801974296569824e+00 4.810443878173828125e+00
1.145810604095458984e+00 4.874074935913085938e+00
1.146819233894348145e+00 5.073636531829833984e+00
1.147827863693237305e+00 5.225720882415771484e+00
1.148836493492126465e+00 4.835535049438476562e+00
1.149845123291015625e+00 5.052693367004394531e+00
1.150853753089904785e+00 4.941275119781494141e+00
1.151862382888793945e+00 4.922325134277343750e+00
1.152871012687683105e+00 5.102171421051025391e+00
1.153879642486572266e+00 5.088943958282470703e+00
1.154888272285461426e+00 5.141168117523193359e+00
1.155896902084350586e+00 4.976540088653564453e+00
1.156905531883239746e+00 4.841032981872558594e+00
1.157914280891418457e+00 5.058615684509277344e+00
1.158922910690307617e+00 4.941987991333007812e+00
1.159931540489196777e+00 4.899805545806884766e+00
1.160940170288085938e+00 4.842345714569091797e+00
1.161948800086975098e+00 4.946116924285888672e+00
1.162957429885864258e+00 5.075023174285888672e+00
1.163966059684753418e+00 5.289689064025878906e+00
1.164974689483642578e+00 5.234916210174560547e+00
1.165983319282531738e+00 4.948856830596923828e+00
1.166991949081420898e+00 5.094146251678466797e+00
1.168000578880310059e+00 5.121757507324218750e+00
1.169009208679199219e+00 5.366522789001464844e+00
1.170017838478088379e+00 4.974187850952148438e+00
1.171026468276977539e+00 5.158722877502441406e+00
1.172035098075866699e+00 4.942529201507568359e+00
1.173043727874755859e+00 5.371738910675048828e+00
1.174052357673645020e+00 5.160557746887207031e+00
1.175060987472534180e+00 5.120550632476806641e+00
1.176069617271423340e+00 4.907091140747070312e+00
1.177078366279602051e+00 5.182027816772460938e+00
1.178086996078491211e+00 5.092531204223632812e+00
1.179095625877380371e+00 5.270654678344726562e+00
1.180104255676269531e+00 5.452532768249511719e+00
1.181112885475158691e+00 5.144116878509521484e+00
1.182121515274047852e+00 5.311083793640136719e+00
1.183130145072937012e+00 5.188405990600585938e+00
1.184138774871826172e+00 5.408937931060791016e+00
1.185147404670715332e+00 5.577742576599121094e+00
1.186156034469604492e+00 5.325036048889160156e+00
1.187164664268493652e+00 5.339580535888671875e+00
1.188173294067382812e+00 5.360532283782958984e+00
1.189181923866271973e+00 5.555276870727539062e+00
1.190190553665161133e+00 5.705898761749267578e+00
1.191199183464050293e+00 5.213130950927734375e+00
1.192207813262939453e+00 5.505635738372802734e+00
1.193216443061828613e+00 5.342841148376464844e+00
1.194225072860717773e+00 5.156993865966796875e+00
1.195233702659606934e+00 5.365549564361572266e+00
1.196242451667785645e+00 5.325431823730468750e+00
1.197251081466674805e+00 5.115633487701416016e+00
1.198259711265563965e+00 4.772257328033447266e+00
1.199268341064453125e+00 5.178355216979980469e+00
1.200276970863342285e+00 5.566473007202148438e+00
1.201285600662231445e+00 5.670625209808349609e+00
1.202294230461120605e+00 6.248144149780273438e+00
1.203302860260009766e+00 5.871681213378906250e+00
1.204311490058898926e+00 5.091500759124755859e+00
1.205320119857788086e+00 5.905742168426513672e+00
1.206328749656677246e+00 4.704855918884277344e+00
1.207337379455566406e+00 4.871468544006347656e+00
1.208346009254455566e+00 4.810256004333496094e+00
1.209354639053344727e+00 5.173906326293945312e+00
