0.000000000000000000e+00 2.862927148437500000e+04
1.008636085316538811e-03 2.111429296875000000e+04
2.017272170633077621e-03 1.582624511718750000e+04
3.025908255949616432e-03 1.186213671875000000e+04
4.034544341266155243e-03 9.187759765625000000e+03
5.043180659413337708e-03 7.287740722656250000e+03
6.051816511899232864e-03 5.812853515625000000e+03
7.060452364385128021e-03 4.704185546875000000e+03
8.069088682532310486e-03 3.752537841796875000e+03
9.077725000679492950e-03 3.116191406250000000e+03
1.008636131882667542e-02 2.594880859375000000e+03
1.109499670565128326e-02 2.168316650390625000e+03
1.210363302379846573e-02 1.822512207031250000e+03
1.311226934194564819e-02 1.516499755859375000e+03
1.412090472877025604e-02 1.289986938476562500e+03
1.512954104691743851e-02 1.106895996093750000e+03
1.613817736506462097e-02 9.615969848632812500e+02
1.714681275188922882e-02 8.307509155273437500e+02
1.815545000135898590e-02 7.231688842773437500e+02
1.916408538818359375e-02 6.340795288085937500e+02
2.017272263765335083e-02 5.533804321289062500e+02
2.118135802447795868e-02 4.909260864257812500e+02
2.218999341130256653e-02 4.357503051757812500e+02
2.319863066077232361e-02 3.887717590332031250e+02
2.420726604759693146e-02 3.452430419921875000e+02
2.521590143442153931e-02 3.107437133789062500e+02
2.622453868389129639e-02 2.804051818847656250e+02
2.723317407071590424e-02 2.512707366943359375e+02
2.824180945754051208e-02 2.280948028564453125e+02
2.925044670701026917e-02 2.075467071533203125e+02
3.025908209383487701e-02 1.888585662841796875e+02
3.126771748065948486e-02 1.719069366455078125e+02
3.227635473012924194e-02 1.557197418212890625e+02
3.328499197959899902e-02 1.439585266113281250e+02
3.429362550377845764e-02 1.315622253417968750e+02
3.530226275324821472e-02 1.208100891113281250e+02
3.631090000271797180e-02 1.109427032470703125e+02
3.731953352689743042e-02 1.023675384521484375e+02
3.832817077636718750e-02 9.512104797363281250e+01
3.933680802583694458e-02 8.789994049072265625e+01
4.034544527530670166e-02 8.139236450195312500e+01
4.135407879948616028e-02 7.609492492675781250e+01
4.236271604895591736e-02 7.098395538330078125e+01
4.337135329842567444e-02 6.619723510742187500e+01
4.437998682260513306e-02 6.066035079956054688e+01
4.538862407207489014e-02 5.783914184570312500e+01
4.639726132154464722e-02 5.430665206909179688e+01
4.740589484572410583e-02 5.051362228393554688e+01
4.841453209519386292e-02 4.698490905761718750e+01
4.942316934466362000e-02 4.426805114746093750e+01
5.043180286884307861e-02 4.183535003662109375e+01
5.144044011831283569e-02 3.945392608642578125e+01
5.244907736778259277e-02 3.708935928344726562e+01
5.345771089196205139e-02 3.557363510131835938e+01
5.446634814143180847e-02 3.326308822631835938e+01
5.547498539090156555e-02 3.140863418579101562e+01
5.648361891508102417e-02 3.010397338867187500e+01
5.749225616455078125e-02 2.822433090209960938e+01
5.850089341402053833e-02 2.706764984130859375e+01
5.950953066349029541e-02 2.548324966430664062e+01
6.051816418766975403e-02 2.454075050354003906e+01
6.152680143713951111e-02 2.335934066772460938e+01
6.253543496131896973e-02 2.204363250732421875e+01
6.354407221078872681e-02 2.091843032836914062e+01
6.455270946025848389e-02 1.978377532958984375e+01
6.556134670972824097e-02 1.898036575317382812e+01
6.656998395919799805e-02 1.820880317687988281e+01
6.757862120866775513e-02 1.746832466125488281e+01
6.858725100755691528e-02 1.696554374694824219e+01
6.959588825702667236e-02 1.612008857727050781e+01
7.060452550649642944e-02 1.558839893341064453e+01
7.161316275596618652e-02 1.478436946868896484e+01
7.262180000543594360e-02 1.434656429290771484e+01
7.363043725490570068e-02 1.359647464752197266e+01
7.463906705379486084e-02 1.326821041107177734e+01
7.564770430326461792e-02 1.271578788757324219e+01
7.665634155273437500e-02 1.218842029571533203e+01
7.766497880220413208e-02 1.177645301818847656e+01
7.867361605167388916e-02 1.131426429748535156e+01
7.968225330114364624e-02 1.091880702972412109e+01
8.069089055061340332e-02 1.049789237976074219e+01
8.169952034950256348e-02 1.035721206665039062e+01
8.270815759897232056e-02 1.004848384857177734e+01
8.371679484844207764e-02 9.689949989318847656e+00
8.472543209791183472e-02 9.286862373352050781e+00
8.573406934738159180e-02 8.964372634887695312e+00
8.674270659685134888e-02 8.813241004943847656e+00
8.775133639574050903e-02 8.496840476989746094e+00
8.875997364521026611e-02 8.303997039794921875e+00
8.976861089468002319e-02 8.027538299560546875e+00
9.077724814414978027e-02 7.806577205657958984e+00
9.178588539361953735e-02 7.647912979125976562e+00
9.279452264308929443e-02 7.365456104278564453e+00
9.380315244197845459e-02 7.189132690429687500e+00
9.481178969144821167e-02 7.054976463317871094e+00
9.582042694091796875e-02 7.053988456726074219e+00
9.682906419038772583e-02 6.737552642822265625e+00
9.783770143985748291e-02 6.514118671417236328e+00
9.884633868932723999e-02 6.468434333801269531e+00
9.985497593879699707e-02 6.220510482788085938e+00
1.008636057376861572e-01 6.058060646057128906e+00
1.018722429871559143e-01 6.001665592193603516e+00
1.028808802366256714e-01 5.790093898773193359e+00
1.038895174860954285e-01 5.710581302642822266e+00
1.048981547355651855e-01 5.526082038879394531e+00
1.059067919850349426e-01 5.433872699737548828e+00
1.069154217839241028e-01 5.306048870086669922e+00
1.079240590333938599e-01 5.247818946838378906e+00
1.089326962828636169e-01 5.153553009033203125e+00
1.099413335323333740e-01 5.026656150817871094e+00
1.109499707818031311e-01 4.888354778289794922e+00
1.119586080312728882e-01 4.860592365264892578e+00
1.129672378301620483e-01 4.780267238616943359e+00
1.139758750796318054e-01 4.697125434875488281e+00
1.149845123291015625e-01 4.557776927947998047e+00
1.159931495785713196e-01 4.551667213439941406e+00
1.170017868280410767e-01 4.395950794219970703e+00
1.180104240775108337e-01 4.382060050964355469e+00
1.190190613269805908e-01 4.282106399536132812e+00
1.200276911258697510e-01 4.180182456970214844e+00
1.210363283753395081e-01 4.174245357513427734e+00
1.220449656248092651e-01 4.125133514404296875e+00
1.230536028742790222e-01 4.001694202423095703e+00
1.240622401237487793e-01 3.955421209335327148e+00
1.250708699226379395e-01 3.994701385498046875e+00
1.260795146226882935e-01 3.923187971115112305e+00
1.270881444215774536e-01 3.892392158508300781e+00
1.280967891216278076e-01 3.813168764114379883e+00
1.291054189205169678e-01 3.756778240203857422e+00
1.301140487194061279e-01 3.700644254684448242e+00
1.311226934194564819e-01 3.611773490905761719e+00
1.321313232183456421e-01 3.596149682998657227e+00
1.331399679183959961e-01 3.587627887725830078e+00
1.341485977172851562e-01 3.543241024017333984e+00
1.351572424173355103e-01 3.524627208709716797e+00
1.361658722162246704e-01 3.452849388122558594e+00
1.371745020151138306e-01 3.456717252731323242e+00
1.381831467151641846e-01 3.445684194564819336e+00
1.391917765140533447e-01 3.368071079254150391e+00
1.402004212141036987e-01 3.284688949584960938e+00
1.412090510129928589e-01 3.286623239517211914e+00
1.422176808118820190e-01 3.259422302246093750e+00
1.432263255119323730e-01 3.225898504257202148e+00
1.442349553108215332e-01 3.184083938598632812e+00
1.452436000108718872e-01 3.149059057235717773e+00
1.462522298097610474e-01 3.135011434555053711e+00
1.472608745098114014e-01 3.064719676971435547e+00
1.482695043087005615e-01 3.010013580322265625e+00
1.492781341075897217e-01 3.041710376739501953e+00
1.502867788076400757e-01 3.017554044723510742e+00
1.512954086065292358e-01 2.967948436737060547e+00
1.523040533065795898e-01 2.976190567016601562e+00
1.533126831054687500e-01 3.013957262039184570e+00
1.543213278055191040e-01 2.938344478607177734e+00
1.553299576044082642e-01 2.853812456130981445e+00
1.563385874032974243e-01 2.921236515045166016e+00
1.573472321033477783e-01 2.918268918991088867e+00
1.583558619022369385e-01 2.846384048461914062e+00
1.593645066022872925e-01 2.844047307968139648e+00
1.603731364011764526e-01 2.784304618835449219e+00
1.613817811012268066e-01 2.788950681686401367e+00
1.623904109001159668e-01 2.806560993194580078e+00
1.633990406990051270e-01 2.726388692855834961e+00
1.644076853990554810e-01 2.725923299789428711e+00
1.654163151979446411e-01 2.691860914230346680e+00
1.664249598979949951e-01 2.780971288681030273e+00
1.674335896968841553e-01 2.689383268356323242e+00
1.684422194957733154e-01 2.649761676788330078e+00
1.694508641958236694e-01 2.701472759246826172e+00
1.704594939947128296e-01 2.682508707046508789e+00
1.714681386947631836e-01 2.602202415466308594e+00
1.724767684936523438e-01 2.619673728942871094e+00
1.734854131937026978e-01 2.583415508270263672e+00
1.744940429925918579e-01 2.593286991119384766e+00
1.755026727914810181e-01 2.551573753356933594e+00
1.765113174915313721e-01 2.552511692047119141e+00
1.775199472904205322e-01 2.558376789093017578e+00
1.785285919904708862e-01 2.588454961776733398e+00
1.795372217893600464e-01 2.487284660339355469e+00
1.805458664894104004e-01 2.541471719741821289e+00
1.815544962882995605e-01 2.508914947509765625e+00
1.825631260871887207e-01 2.559578895568847656e+00
1.835717707872390747e-01 2.566918373107910156e+00
1.845804005861282349e-01 2.498976230621337891e+00
1.855890452861785889e-01 2.456527948379516602e+00
1.865976750850677490e-01 2.423043489456176758e+00
1.876063048839569092e-01 2.471989154815673828e+00
1.886149495840072632e-01 2.425008773803710938e+00
1.896235793828964233e-01 2.472623348236083984e+00
1.906322240829467773e-01 2.499699831008911133e+00
1.916408538818359375e-01 2.458243846893310547e+00
1.926494985818862915e-01 2.421234607696533203e+00
1.936581283807754517e-01 2.452261209487915039e+00
1.946667581796646118e-01 2.407863140106201172e+00
1.956754028797149658e-01 2.432315111160278320e+00
1.966840326786041260e-01 2.428109407424926758e+00
1.976926773786544800e-01 2.390833616256713867e+00
1.987013071775436401e-01 2.378136634826660156e+00
1.997099518775939941e-01 2.352308273315429688e+00
2.007185816764831543e-01 2.420255184173583984e+00
2.017272114753723145e-01 2.454491376876831055e+00
2.027358561754226685e-01 2.396171092987060547e+00
2.037444859743118286e-01 2.354519128799438477e+00
2.047531306743621826e-01 2.317856788635253906e+00
2.057617604732513428e-01 2.364633798599243164e+00
2.067703902721405029e-01 2.373385667800903320e+00
2.077790349721908569e-01 2.327842712402343750e+00
2.087876647710800171e-01 2.351735115051269531e+00
2.097963094711303711e-01 2.348613977432250977e+00
2.108049392700195312e-01 2.322314739227294922e+00
2.118135839700698853e-01 2.287417173385620117e+00
2.128222137689590454e-01 2.298638105392456055e+00
2.138308435678482056e-01 2.288408279418945312e+00
2.148394882678985596e-01 2.297167539596557617e+00
2.158481180667877197e-01 2.277174234390258789e+00
2.168567627668380737e-01 2.319481134414672852e+00
2.178653925657272339e-01 2.279734373092651367e+00
2.188740372657775879e-01 2.251039028167724609e+00
2.198826670646667480e-01 2.264541625976562500e+00
2.208912968635559082e-01 2.262690782546997070e+00
2.218999415636062622e-01 2.278385400772094727e+00
2.229085713624954224e-01 2.285143852233886719e+00
2.239172160625457764e-01 2.297638654708862305e+00
2.249258458614349365e-01 2.312939167022705078e+00
2.259344756603240967e-01 2.300730228424072266e+00
2.269431203603744507e-01 2.276797533035278320e+00
2.279517501592636108e-01 2.248843431472778320e+00
2.289603948593139648e-01 2.314181327819824219e+00
2.299690246582031250e-01 2.277343988418579102e+00
2.309776693582534790e-01 2.261026620864868164e+00
2.319862991571426392e-01 2.276973724365234375e+00
2.329949289560317993e-01 2.237677812576293945e+00
2.340035736560821533e-01 2.247224569320678711e+00
2.350122034549713135e-01 2.210883617401123047e+00
2.360208481550216675e-01 2.248060941696166992e+00
2.370294779539108276e-01 2.282536983489990234e+00
2.380381226539611816e-01 2.226745367050170898e+00
2.390467524528503418e-01 2.258639574050903320e+00
2.400553822517395020e-01 2.208159208297729492e+00
2.410640269517898560e-01 2.205621480941772461e+00
2.420726567506790161e-01 2.283091545104980469e+00
2.430813014507293701e-01 2.380257368087768555e+00
2.440899312496185303e-01 2.231566667556762695e+00
2.450985759496688843e-01 2.226910114288330078e+00
2.461072057485580444e-01 2.254768610000610352e+00
2.471158355474472046e-01 2.215095281600952148e+00
2.481244802474975586e-01 2.225655555725097656e+00
2.491331100463867188e-01 2.253231048583984375e+00
2.501417398452758789e-01 2.204127311706542969e+00
2.511503994464874268e-01 2.219730854034423828e+00
2.521590292453765869e-01 2.205495595932006836e+00
2.531676590442657471e-01 2.182250976562500000e+00
2.541762888431549072e-01 2.198667287826538086e+00
2.551849186420440674e-01 2.210686683654785156e+00
2.561935782432556152e-01 2.223355531692504883e+00
2.572022080421447754e-01 2.248306989669799805e+00
2.582108378410339355e-01 2.226599693298339844e+00
2.592194676399230957e-01 2.253757476806640625e+00
2.602280974388122559e-01 2.202279329299926758e+00
2.612367570400238037e-01 2.231001138687133789e+00
2.622453868389129639e-01 2.176861524581909180e+00
2.632540166378021240e-01 2.239797592163085938e+00
2.642626464366912842e-01 2.221101999282836914e+00
2.652712762355804443e-01 2.218482732772827148e+00
2.662799358367919922e-01 2.227804899215698242e+00
2.672885656356811523e-01 2.207993030548095703e+00
2.682971954345703125e-01 2.205925941467285156e+00
2.693058252334594727e-01 2.213823080062866211e+00
2.703144848346710205e-01 2.187151432037353516e+00
2.713231146335601807e-01 2.228592157363891602e+00
2.723317444324493408e-01 2.184510231018066406e+00
2.733403742313385010e-01 2.242538452148437500e+00
2.743490040302276611e-01 2.197741746902465820e+00
2.753576636314392090e-01 2.206442117691040039e+00
2.763662934303283691e-01 2.214470863342285156e+00
2.773749232292175293e-01 2.222082138061523438e+00
2.783835530281066895e-01 2.275617361068725586e+00
2.793921828269958496e-01 2.227939128875732422e+00
2.804008424282073975e-01 2.233827114105224609e+00
2.814094722270965576e-01 2.235619306564331055e+00
2.824181020259857178e-01 2.220529794692993164e+00
2.834267318248748779e-01 2.236741781234741211e+00
2.844353616237640381e-01 2.222283601760864258e+00
2.854440212249755859e-01 2.225236654281616211e+00
2.864526510238647461e-01 2.272490024566650391e+00
2.874612808227539062e-01 2.243870735168457031e+00
2.884699106216430664e-01 2.206215858459472656e+00
2.894785702228546143e-01 2.227480411529541016e+00
2.904872000217437744e-01 2.225730180740356445e+00
2.914958298206329346e-01 2.219568729400634766e+00
2.925044596195220947e-01 2.250372648239135742e+00
2.935130894184112549e-01 2.267927885055541992e+00
2.945217490196228027e-01 2.269382715225219727e+00
2.955303788185119629e-01 2.259292125701904297e+00
2.965390086174011230e-01 2.221200466156005859e+00
2.975476384162902832e-01 2.211096525192260742e+00
2.985562682151794434e-01 2.240370035171508789e+00
2.995649278163909912e-01 2.243309259414672852e+00
3.005735576152801514e-01 2.272573709487915039e+00
3.015821874141693115e-01 2.253408908843994141e+00
3.025908172130584717e-01 2.243691444396972656e+00
3.035994470119476318e-01 2.239270448684692383e+00
3.046081066131591797e-01 2.245808124542236328e+00
3.056167364120483398e-01 2.241184234619140625e+00
3.066253662109375000e-01 2.255471944808959961e+00
3.076339960098266602e-01 2.249654769897460938e+00
3.086426556110382080e-01 2.239510059356689453e+00
3.096512854099273682e-01 2.248212099075317383e+00
3.106599152088165283e-01 2.251467227935791016e+00
3.116685450077056885e-01 2.274920463562011719e+00
3.126771748065948486e-01 2.259597539901733398e+00
3.136858344078063965e-01 2.259684324264526367e+00
3.146944642066955566e-01 2.266980648040771484e+00
3.157030940055847168e-01 2.246995449066162109e+00
3.167117238044738770e-01 2.244851827621459961e+00
3.177203536033630371e-01 2.274054288864135742e+00
3.187290132045745850e-01 2.286273717880249023e+00
3.197376430034637451e-01 2.303252458572387695e+00
3.207462728023529053e-01 2.250663518905639648e+00
3.217549026012420654e-01 2.305186033248901367e+00
3.227635622024536133e-01 2.278023958206176758e+00
3.237721920013427734e-01 2.293454170227050781e+00
3.247808218002319336e-01 2.253635883331298828e+00
3.257894515991210938e-01 2.323173284530639648e+00
3.267980813980102539e-01 2.273557662963867188e+00
3.278067409992218018e-01 2.256639957427978516e+00
3.288153707981109619e-01 2.275192022323608398e+00
3.298240005970001221e-01 2.273723125457763672e+00
3.308326303958892822e-01 2.268769264221191406e+00
3.318412601947784424e-01 2.308984756469726562e+00
3.328499197959899902e-01 2.293267011642456055e+00
3.338585495948791504e-01 2.271537542343139648e+00
3.348671793937683105e-01 2.306139945983886719e+00
3.358758091926574707e-01 2.282541275024414062e+00
3.368844389915466309e-01 2.328362464904785156e+00
3.378930985927581787e-01 2.324499368667602539e+00
3.389017283916473389e-01 2.277366876602172852e+00
3.399103581905364990e-01 2.287836313247680664e+00
3.409189879894256592e-01 2.305741548538208008e+00
3.419276475906372070e-01 2.326246500015258789e+00
3.429362773895263672e-01 2.286092519760131836e+00
3.439449071884155273e-01 2.294917345046997070e+00
3.449535369873046875e-01 2.259056329727172852e+00
3.459621667861938477e-01 2.307756662368774414e+00
3.469708263874053955e-01 2.305465698242187500e+00
3.479794561862945557e-01 2.279937028884887695e+00
3.489880859851837158e-01 2.315917730331420898e+00
3.499967157840728760e-01 2.323202848434448242e+00
3.510053455829620361e-01 2.353740215301513672e+00
3.520140051841735840e-01 2.312722206115722656e+00
3.530226349830627441e-01 2.311612129211425781e+00
3.540312647819519043e-01 2.323933601379394531e+00
3.550398945808410645e-01 2.370247364044189453e+00
3.560485243797302246e-01 2.345336914062500000e+00
3.570571839809417725e-01 2.302610635757446289e+00
3.580658137798309326e-01 2.324394941329956055e+00
3.590744435787200928e-01 2.345115423202514648e+00
3.600830733776092529e-01 2.335881471633911133e+00
3.610917329788208008e-01 2.329984426498413086e+00
3.621003627777099609e-01 2.341131687164306641e+00
3.631089925765991211e-01 2.357538223266601562e+00
3.641176223754882812e-01 2.323393344879150391e+00
3.651262521743774414e-01 2.327381372451782227e+00
3.661349117755889893e-01 2.332333326339721680e+00
3.671435415744781494e-01 2.338103294372558594e+00
3.681521713733673096e-01 2.332340240478515625e+00
3.691608011722564697e-01 2.342599391937255859e+00
3.701694309711456299e-01 2.352851390838623047e+00
3.711780905723571777e-01 2.339869260787963867e+00
3.721867203712463379e-01 2.334177255630493164e+00
3.731953501701354980e-01 2.351763725280761719e+00
3.742039799690246582e-01 2.322802305221557617e+00
3.752126097679138184e-01 2.361491203308105469e+00
3.762212693691253662e-01 2.346826553344726562e+00
3.772298991680145264e-01 2.357167720794677734e+00
3.782385289669036865e-01 2.363573551177978516e+00
3.792471587657928467e-01 2.327852964401245117e+00
3.802558183670043945e-01 2.366772413253784180e+00
3.812644481658935547e-01 2.350710391998291016e+00
3.822730779647827148e-01 2.355373859405517578e+00
3.832817077636718750e-01 2.367254257202148438e+00
3.842903375625610352e-01 2.331690788269042969e+00
3.852989971637725830e-01 2.357937097549438477e+00
3.863076269626617432e-01 2.345280885696411133e+00
3.873162567615509033e-01 2.347378969192504883e+00
3.883248865604400635e-01 2.375042200088500977e+00
3.893335163593292236e-01 2.348961591720581055e+00
3.903421759605407715e-01 2.370243787765502930e+00
3.913508057594299316e-01 2.316455841064453125e+00
3.923594355583190918e-01 2.316946268081665039e+00
3.933680653572082520e-01 2.344931840896606445e+00
3.943766951560974121e-01 2.350135087966918945e+00
3.953853547573089600e-01 2.334019899368286133e+00
3.963939845561981201e-01 2.380097627639770508e+00
3.974026143550872803e-01 2.349535465240478516e+00
3.984112441539764404e-01 2.353815793991088867e+00
3.994199037551879883e-01 2.366128683090209961e+00
4.004285335540771484e-01 2.358417034149169922e+00
4.014371633529663086e-01 2.346778631210327148e+00
4.024457931518554688e-01 2.324916839599609375e+00
4.034544229507446289e-01 2.337563037872314453e+00
4.044630825519561768e-01 2.377989530563354492e+00
4.054717123508453369e-01 2.371039628982543945e+00
4.064803421497344971e-01 2.362064361572265625e+00
4.074889719486236572e-01 2.351978778839111328e+00
4.084976017475128174e-01 2.329967975616455078e+00
4.095062613487243652e-01 2.346160650253295898e+00
4.105148911476135254e-01 2.358491897583007812e+00
4.115235209465026855e-01 2.376485109329223633e+00
4.125321507453918457e-01 2.360372066497802734e+00
4.135407805442810059e-01 2.339206218719482422e+00
4.145494401454925537e-01 2.364470243453979492e+00
4.155580699443817139e-01 2.381297588348388672e+00
4.165666997432708740e-01 2.338908195495605469e+00
4.175753295421600342e-01 2.347387790679931641e+00
4.185839891433715820e-01 2.333830595016479492e+00
4.195926189422607422e-01 2.325826406478881836e+00
4.206012487411499023e-01 2.366304636001586914e+00
4.216098785400390625e-01 2.328503131866455078e+00
4.226185083389282227e-01 2.369120121002197266e+00
4.236271679401397705e-01 2.376441478729248047e+00
4.246357977390289307e-01 2.365489006042480469e+00
4.256444275379180908e-01 2.370731830596923828e+00
4.266530573368072510e-01 2.335720062255859375e+00
4.276616871356964111e-01 2.319876194000244141e+00
4.286703467369079590e-01 2.324576616287231445e+00
4.296789765357971191e-01 2.343261003494262695e+00
4.306876063346862793e-01 2.352626562118530273e+00
4.316962361335754395e-01 2.343119382858276367e+00
4.327048659324645996e-01 2.330096244812011719e+00
4.337135255336761475e-01 2.361344337463378906e+00
4.347221553325653076e-01 2.346843957901000977e+00
4.357307851314544678e-01 2.320387840270996094e+00
4.367394149303436279e-01 2.327822685241699219e+00
4.377480745315551758e-01 2.349867582321166992e+00
4.387567043304443359e-01 2.347705125808715820e+00
4.397653341293334961e-01 2.355920553207397461e+00
4.407739639282226562e-01 2.366322278976440430e+00
4.417825937271118164e-01 2.354659795761108398e+00
4.427912533283233643e-01 2.306226968765258789e+00
4.437998831272125244e-01 2.344005584716796875e+00
4.448085129261016846e-01 2.334932804107666016e+00
4.458171427249908447e-01 2.304275035858154297e+00
4.468257725238800049e-01 2.345979213714599609e+00
4.478344321250915527e-01 2.323014736175537109e+00
4.488430619239807129e-01 2.291161060333251953e+00
4.498516917228698730e-01 2.331230640411376953e+00
4.508603215217590332e-01 2.299598932266235352e+00
4.518689513206481934e-01 2.324319839477539062e+00
4.528776109218597412e-01 2.302191495895385742e+00
4.538862407207489014e-01 2.331532716751098633e+00
4.548948705196380615e-01 2.317031383514404297e+00
4.559035003185272217e-01 2.315642595291137695e+00
4.569121599197387695e-01 2.292051553726196289e+00
4.579207897186279297e-01 2.288861751556396484e+00
4.589294195175170898e-01 2.301491975784301758e+00
4.599380493164062500e-01 2.305281639099121094e+00
4.609466791152954102e-01 2.312874078750610352e+00
4.619553387165069580e-01 2.355630874633789062e+00
4.629639685153961182e-01 2.322838306427001953e+00
4.639725983142852783e-01 2.302806615829467773e+00
4.649812281131744385e-01 2.298903942108154297e+00
4.659898579120635986e-01 2.285495996475219727e+00
4.669985175132751465e-01 2.303977966308593750e+00
4.680071473121643066e-01 2.281775951385498047e+00
4.690157771110534668e-01 2.310652971267700195e+00
4.700244069099426270e-01 2.293083190917968750e+00
4.710330665111541748e-01 2.298008680343627930e+00
4.720416963100433350e-01 2.291624784469604492e+00
4.730503261089324951e-01 2.310844898223876953e+00
4.740589559078216553e-01 2.318050622940063477e+00
4.750675857067108154e-01 2.297309398651123047e+00
4.760762453079223633e-01 2.293645620346069336e+00
4.770848751068115234e-01 2.275127649307250977e+00
4.780935049057006836e-01 2.260142564773559570e+00
4.791021347045898438e-01 2.283358573913574219e+00
4.801107645034790039e-01 2.262453317642211914e+00
4.811194241046905518e-01 2.263233423233032227e+00
4.821280539035797119e-01 2.247814178466796875e+00
4.831366837024688721e-01 2.268992185592651367e+00
4.841453135013580322e-01 2.274133443832397461e+00
4.851539433002471924e-01 2.286572456359863281e+00
4.861626029014587402e-01 2.260918617248535156e+00
4.871712327003479004e-01 2.258043289184570312e+00
4.881798624992370605e-01 2.272330522537231445e+00
4.891884922981262207e-01 2.300884246826171875e+00
4.901971518993377686e-01 2.273141384124755859e+00
4.912057816982269287e-01 2.271350622177124023e+00
4.922144114971160889e-01 2.272278547286987305e+00
4.932230412960052490e-01 2.269755840301513672e+00
4.942316710948944092e-01 2.241519212722778320e+00
4.952403306961059570e-01 2.261090278625488281e+00
4.962489604949951172e-01 2.243703842163085938e+00
4.972575902938842773e-01 2.258714914321899414e+00
4.982662200927734375e-01 2.254692316055297852e+00
4.992748498916625977e-01 2.236894845962524414e+00
5.002834796905517578e-01 2.267955064773559570e+00
5.012921094894409180e-01 2.241557359695434570e+00
5.023007988929748535e-01 2.242782831192016602e+00
5.033094286918640137e-01 2.268127679824829102e+00
5.043180584907531738e-01 2.306957244873046875e+00
5.053266882896423340e-01 2.280610799789428711e+00
5.063353180885314941e-01 2.239666461944580078e+00
5.073439478874206543e-01 2.229269027709960938e+00
5.083525776863098145e-01 2.241410493850708008e+00
5.093612074851989746e-01 2.219436883926391602e+00
5.103698372840881348e-01 2.193573713302612305e+00
5.113784670829772949e-01 2.246270895004272461e+00
5.123871564865112305e-01 2.236834526062011719e+00
5.133957862854003906e-01 2.201038837432861328e+00
5.144044160842895508e-01 2.220582246780395508e+00
5.154130458831787109e-01 2.220364570617675781e+00
5.164216756820678711e-01 2.222228288650512695e+00
5.174303054809570312e-01 2.237003326416015625e+00
5.184389352798461914e-01 2.224516391754150391e+00
5.194475650787353516e-01 2.221568107604980469e+00
5.204561948776245117e-01 2.213331699371337891e+00
5.214648842811584473e-01 2.221790790557861328e+00
5.224735140800476074e-01 2.220034837722778320e+00
5.234821438789367676e-01 2.234088420867919922e+00
5.244907736778259277e-01 2.224413156509399414e+00
5.254994034767150879e-01 2.198616027832031250e+00
5.265080332756042480e-01 2.242017745971679688e+00
5.275166630744934082e-01 2.218003988265991211e+00
5.285252928733825684e-01 2.192844390869140625e+00
5.295339226722717285e-01 2.205248117446899414e+00
5.305425524711608887e-01 2.204007387161254883e+00
5.315512418746948242e-01 2.228277206420898438e+00
5.325598716735839844e-01 2.202908754348754883e+00
5.335685014724731445e-01 2.216708183288574219e+00
5.345771312713623047e-01 2.187379360198974609e+00
5.355857610702514648e-01 2.205837488174438477e+00
5.365943908691406250e-01 2.201254129409790039e+00
5.376030206680297852e-01 2.211171388626098633e+00
5.386116504669189453e-01 2.249617576599121094e+00
5.396202802658081055e-01 2.199028491973876953e+00
5.406289696693420410e-01 2.200004816055297852e+00
5.416375994682312012e-01 2.166038274765014648e+00
5.426462292671203613e-01 2.160397768020629883e+00
5.436548590660095215e-01 2.201385974884033203e+00
5.446634888648986816e-01 2.201321125030517578e+00
5.456721186637878418e-01 2.194792509078979492e+00
5.466807484626770020e-01 2.196558237075805664e+00
5.476893782615661621e-01 2.194651603698730469e+00
5.486980080604553223e-01 2.204134464263916016e+00
5.497066378593444824e-01 2.198600769042968750e+00
5.507153272628784180e-01 2.197729349136352539e+00
5.517239570617675781e-01 2.184512138366699219e+00
5.527325868606567383e-01 2.210430383682250977e+00
5.537412166595458984e-01 2.181836843490600586e+00
5.547498464584350586e-01 2.183936595916748047e+00
5.557584762573242188e-01 2.167389631271362305e+00
5.567671060562133789e-01 2.200886487960815430e+00
5.577757358551025391e-01 2.180252313613891602e+00
5.587843656539916992e-01 2.193695068359375000e+00
5.597930550575256348e-01 2.211554050445556641e+00
5.608016848564147949e-01 2.230706691741943359e+00
5.618103146553039551e-01 2.181994676589965820e+00
5.628189444541931152e-01 2.209488391876220703e+00
5.638275742530822754e-01 2.190625190734863281e+00
5.648362040519714355e-01 2.172413825988769531e+00
5.658448338508605957e-01 2.155698299407958984e+00
5.668534636497497559e-01 2.161204576492309570e+00
5.678620934486389160e-01 2.150437355041503906e+00
5.688707232475280762e-01 2.163430690765380859e+00
5.698794126510620117e-01 2.156551837921142578e+00
5.708880424499511719e-01 2.203815460205078125e+00
5.718966722488403320e-01 2.176734685897827148e+00
5.729053020477294922e-01 2.192133188247680664e+00
5.739139318466186523e-01 2.161994218826293945e+00
5.749225616455078125e-01 2.197565793991088867e+00
5.759311914443969727e-01 2.170004844665527344e+00
5.769398212432861328e-01 2.177706956863403320e+00
5.779484510421752930e-01 2.179484844207763672e+00
5.789571404457092285e-01 2.162171840667724609e+00
5.799657702445983887e-01 2.155841112136840820e+00
5.809744000434875488e-01 2.171912908554077148e+00
5.819830298423767090e-01 2.161864519119262695e+00
5.829916596412658691e-01 2.150006532669067383e+00
5.840002894401550293e-01 2.192303419113159180e+00
5.850089192390441895e-01 2.194725990295410156e+00
5.860175490379333496e-01 2.170212984085083008e+00
5.870261788368225098e-01 2.170304298400878906e+00
5.880348086357116699e-01 2.159629583358764648e+00
5.890434980392456055e-01 2.161541938781738281e+00
5.900521278381347656e-01 2.165571212768554688e+00
5.910607576370239258e-01 2.139307975769042969e+00
5.920693874359130859e-01 2.170179843902587891e+00
5.930780172348022461e-01 2.145506381988525391e+00
5.940866470336914062e-01 2.155096054077148438e+00
5.950952768325805664e-01 2.152737379074096680e+00
5.961039066314697266e-01 2.156748771667480469e+00
5.971125364303588867e-01 2.161401748657226562e+00
5.981212258338928223e-01 2.127425193786621094e+00
5.991298556327819824e-01 2.175372600555419922e+00
6.001384854316711426e-01 2.183130502700805664e+00
6.011471152305603027e-01 2.170273303985595703e+00
6.021557450294494629e-01 2.151175022125244141e+00
6.031643748283386230e-01 2.117111682891845703e+00
6.041730046272277832e-01 2.146188735961914062e+00
6.051816344261169434e-01 2.183398008346557617e+00
6.061902642250061035e-01 2.186494588851928711e+00
6.071988940238952637e-01 2.186068773269653320e+00
6.082075834274291992e-01 2.188029766082763672e+00
6.092162132263183594e-01 2.152306318283081055e+00
6.102248430252075195e-01 2.175335407257080078e+00
6.112334728240966797e-01 2.183773994445800781e+00
6.122421026229858398e-01 2.166712999343872070e+00
6.132507324218750000e-01 2.181357622146606445e+00
6.142593622207641602e-01 2.173660278320312500e+00
6.152679920196533203e-01 2.188959360122680664e+00
6.162766218185424805e-01 2.172109842300415039e+00
6.172853112220764160e-01 2.177753925323486328e+00
6.182939410209655762e-01 2.190748214721679688e+00
6.193025708198547363e-01 2.165616989135742188e+00
6.203112006187438965e-01 2.172301530838012695e+00
6.213198304176330566e-01 2.155738830566406250e+00
6.223284602165222168e-01 2.136342287063598633e+00
6.233370900154113770e-01 2.158668041229248047e+00
6.243457198143005371e-01 2.151000022888183594e+00
6.253543496131896973e-01 2.190564393997192383e+00
6.263629794120788574e-01 2.179788827896118164e+00
6.273716688156127930e-01 2.163514137268066406e+00
6.283802986145019531e-01 2.162257909774780273e+00
6.293889284133911133e-01 2.168165922164916992e+00
6.303975582122802734e-01 2.165777921676635742e+00
6.314061880111694336e-01 2.137382745742797852e+00
6.324148178100585938e-01 2.138363599777221680e+00
6.334234476089477539e-01 2.144526958465576172e+00
6.344320774078369141e-01 2.166966915130615234e+00
6.354407072067260742e-01 2.182268619537353516e+00
6.364493966102600098e-01 2.177877426147460938e+00
6.374580264091491699e-01 2.176956653594970703e+00
6.384666562080383301e-01 2.171288013458251953e+00
6.394752860069274902e-01 2.150441408157348633e+00
6.404839158058166504e-01 2.185734748840332031e+00
6.414925456047058105e-01 2.153306722640991211e+00
6.425011754035949707e-01 2.164039611816406250e+00
6.435098052024841309e-01 2.191951513290405273e+00
6.445184350013732910e-01 2.163314580917358398e+00
6.455271244049072266e-01 2.195556879043579102e+00
6.465357542037963867e-01 2.172399044036865234e+00
6.475443840026855469e-01 2.170345067977905273e+00
6.485530138015747070e-01 2.174163103103637695e+00
6.495616436004638672e-01 2.181517124176025391e+00
6.505702733993530273e-01 2.191205501556396484e+00
6.515789031982421875e-01 2.194298744201660156e+00
6.525875329971313477e-01 2.187106847763061523e+00
6.535961627960205078e-01 2.155041694641113281e+00
6.546047925949096680e-01 2.159083604812622070e+00
6.556134819984436035e-01 2.205752134323120117e+00
6.566221117973327637e-01 2.166266441345214844e+00
6.576307415962219238e-01 2.202253580093383789e+00
6.586393713951110840e-01 2.158475875854492188e+00
6.596480011940002441e-01 2.170948982238769531e+00
6.606566309928894043e-01 2.173943042755126953e+00
6.616652607917785645e-01 2.186339139938354492e+00
6.626738905906677246e-01 2.183236360549926758e+00
6.636825203895568848e-01 2.198206901550292969e+00
6.646912097930908203e-01 2.184381484985351562e+00
6.656998395919799805e-01 2.175189256668090820e+00
6.667084693908691406e-01 2.193750143051147461e+00
6.677170991897583008e-01 2.183671236038208008e+00
6.687257289886474609e-01 2.214125633239746094e+00
6.697343587875366211e-01 2.210799694061279297e+00
6.707429885864257812e-01 2.177020072937011719e+00
6.717516183853149414e-01 2.140246152877807617e+00
6.727602481842041016e-01 2.167803525924682617e+00
6.737688779830932617e-01 2.213970899581909180e+00
6.747775673866271973e-01 2.183161258697509766e+00
6.757861971855163574e-01 2.191483259201049805e+00
6.767948269844055176e-01 2.199438095092773438e+00
6.778034567832946777e-01 2.185894250869750977e+00
6.788120865821838379e-01 2.190626382827758789e+00
6.798207163810729980e-01 2.191499710083007812e+00
6.808293461799621582e-01 2.172312259674072266e+00
6.818379759788513184e-01 2.170909643173217773e+00
6.828466057777404785e-01 2.203475236892700195e+00
6.838552951812744141e-01 2.230350732803344727e+00
6.848639249801635742e-01 2.192476034164428711e+00
6.858725547790527344e-01 2.169491291046142578e+00
6.868811845779418945e-01 2.164187669754028320e+00
6.878898143768310547e-01 2.220263242721557617e+00
6.888984441757202148e-01 2.231411218643188477e+00
6.899070739746093750e-01 2.240907430648803711e+00
6.909157037734985352e-01 2.231691360473632812e+00
6.919243335723876953e-01 2.219989776611328125e+00
6.929329633712768555e-01 2.229311227798461914e+00
6.939416527748107910e-01 2.224484682083129883e+00
6.949502825736999512e-01 2.223908185958862305e+00
6.959589123725891113e-01 2.211547851562500000e+00
6.969675421714782715e-01 2.217907667160034180e+00
6.979761719703674316e-01 2.224297285079956055e+00
6.989848017692565918e-01 2.197614192962646484e+00
6.999934315681457520e-01 2.203804969787597656e+00
7.010020613670349121e-01 2.237138986587524414e+00
7.020106911659240723e-01 2.239422321319580078e+00
7.030193805694580078e-01 2.243164300918579102e+00
7.040280103683471680e-01 2.247137546539306641e+00
7.050366401672363281e-01 2.243448972702026367e+00
7.060452699661254883e-01 2.258921861648559570e+00
7.070538997650146484e-01 2.228261470794677734e+00
7.080625295639038086e-01 2.241563558578491211e+00
7.090711593627929688e-01 2.227894783020019531e+00
7.100797891616821289e-01 2.263324737548828125e+00
7.110884189605712891e-01 2.251310110092163086e+00
7.120970487594604492e-01 2.252850294113159180e+00
7.131057381629943848e-01 2.235783815383911133e+00
7.141143679618835449e-01 2.263196706771850586e+00
7.151229977607727051e-01 2.285420417785644531e+00
7.161316275596618652e-01 2.265754222869873047e+00
7.171402573585510254e-01 2.262913703918457031e+00
7.181488871574401855e-01 2.242682218551635742e+00
7.191575169563293457e-01 2.291291236877441406e+00
7.201661467552185059e-01 2.273330450057983398e+00
7.211747765541076660e-01 2.263720750808715820e+00
7.221834659576416016e-01 2.250341176986694336e+00
7.231920957565307617e-01 2.245276451110839844e+00
7.242007255554199219e-01 2.287120103836059570e+00
7.252093553543090820e-01 2.269731998443603516e+00
7.262179851531982422e-01 2.263942241668701172e+00
7.272266149520874023e-01 2.278410911560058594e+00
7.282352447509765625e-01 2.302330493927001953e+00
7.292438745498657227e-01 2.287074565887451172e+00
7.302525043487548828e-01 2.269374370574951172e+00
7.312611341476440430e-01 2.269658565521240234e+00
7.322698235511779785e-01 2.304389715194702148e+00
7.332784533500671387e-01 2.263827323913574219e+00
7.342870831489562988e-01 2.274954795837402344e+00
7.352957129478454590e-01 2.280466794967651367e+00
7.363043427467346191e-01 2.281162977218627930e+00
7.373129725456237793e-01 2.280473709106445312e+00
7.383216023445129395e-01 2.306375503540039062e+00
7.393302321434020996e-01 2.299283504486083984e+00
7.403388619422912598e-01 2.304786920547485352e+00
7.413475513458251953e-01 2.342078924179077148e+00
7.423561811447143555e-01 2.325136899948120117e+00
7.433648109436035156e-01 2.333788633346557617e+00
7.443734407424926758e-01 2.318763256072998047e+00
7.453820705413818359e-01 2.308198213577270508e+00
7.463907003402709961e-01 2.341546058654785156e+00
7.473993301391601562e-01 2.323775768280029297e+00
7.484079599380493164e-01 2.309446096420288086e+00
7.494165897369384766e-01 2.335674285888671875e+00
7.504252195358276367e-01 2.306477785110473633e+00
7.514339089393615723e-01 2.324113130569458008e+00
7.524425387382507324e-01 2.334236383438110352e+00
7.534511685371398926e-01 2.371025323867797852e+00
7.544597983360290527e-01 2.355367660522460938e+00
7.554684281349182129e-01 2.332602262496948242e+00
7.564770579338073730e-01 2.346124172210693359e+00
7.574856877326965332e-01 2.342929601669311523e+00
7.584943175315856934e-01 2.339787483215332031e+00
7.595029473304748535e-01 2.364688396453857422e+00
7.605116367340087891e-01 2.360355615615844727e+00
7.615202665328979492e-01 2.375492334365844727e+00
7.625288963317871094e-01 2.374380826950073242e+00
7.635375261306762695e-01 2.356142759323120117e+00
7.645461559295654297e-01 2.376806974411010742e+00
7.655547857284545898e-01 2.392832279205322266e+00
7.665634155273437500e-01 2.367328166961669922e+00
7.675720453262329102e-01 2.347150802612304688e+00
7.685806751251220703e-01 2.395510911941528320e+00
7.695893049240112305e-01 2.342221736907958984e+00
7.705979943275451660e-01 2.334644556045532227e+00
7.716066241264343262e-01 2.353765487670898438e+00
7.726152539253234863e-01 2.391931533813476562e+00
7.736238837242126465e-01 2.375808000564575195e+00
7.746325135231018066e-01 2.407407283782958984e+00
7.756411433219909668e-01 2.413287639617919922e+00
7.766497731208801270e-01 2.407369375228881836e+00
7.776584029197692871e-01 2.413707733154296875e+00
7.786670327186584473e-01 2.395516633987426758e+00
7.796757221221923828e-01 2.422938346862792969e+00
7.806843519210815430e-01 2.422151803970336914e+00
7.816929817199707031e-01 2.385105848312377930e+00
7.827016115188598633e-01 2.399727344512939453e+00
7.837102413177490234e-01 2.426107168197631836e+00
7.847188711166381836e-01 2.390702009201049805e+00
7.857275009155273438e-01 2.406881332397460938e+00
7.867361307144165039e-01 2.399382829666137695e+00
7.877447605133056641e-01 2.408001184463500977e+00
7.887533903121948242e-01 2.425693035125732422e+00
7.897620797157287598e-01 2.424320697784423828e+00
7.907707095146179199e-01 2.416780233383178711e+00
7.917793393135070801e-01 2.446376085281372070e+00
7.927879691123962402e-01 2.455042123794555664e+00
7.937965989112854004e-01 2.464725017547607422e+00
7.948052287101745605e-01 2.454940080642700195e+00
7.958138585090637207e-01 2.448371887207031250e+00
7.968224883079528809e-01 2.465289592742919922e+00
7.978311181068420410e-01 2.465764045715332031e+00
7.988398075103759766e-01 2.460440397262573242e+00
7.998484373092651367e-01 2.478145599365234375e+00
8.008570671081542969e-01 2.474158525466918945e+00
8.018656969070434570e-01 2.461549282073974609e+00
8.028743267059326172e-01 2.459896326065063477e+00
8.038829565048217773e-01 2.507439613342285156e+00
8.048915863037109375e-01 2.489836215972900391e+00
8.059002161026000977e-01 2.479963064193725586e+00
8.069088459014892578e-01 2.463016510009765625e+00
8.079174757003784180e-01 2.465316057205200195e+00
8.089261651039123535e-01 2.509469032287597656e+00
8.099347949028015137e-01 2.489152908325195312e+00
8.109434247016906738e-01 2.519644975662231445e+00
8.119520545005798340e-01 2.482886791229248047e+00
8.129606842994689941e-01 2.503095865249633789e+00
8.139693140983581543e-01 2.488451480865478516e+00
8.149779438972473145e-01 2.502346992492675781e+00
8.159865736961364746e-01 2.536015510559082031e+00
8.169952034950256348e-01 2.503695249557495117e+00
8.180038928985595703e-01 2.508076429367065430e+00
8.190125226974487305e-01 2.511208534240722656e+00
8.200211524963378906e-01 2.521836519241333008e+00
8.210297822952270508e-01 2.541208267211914062e+00
8.220384120941162109e-01 2.525122404098510742e+00
8.230470418930053711e-01 2.556557416915893555e+00
8.240556716918945312e-01 2.569443941116333008e+00
8.250643014907836914e-01 2.545636177062988281e+00
8.260729312896728516e-01 2.548402070999145508e+00
8.270815610885620117e-01 2.562368869781494141e+00
8.280902504920959473e-01 2.531196594238281250e+00
8.290988802909851074e-01 2.560317993164062500e+00
8.301075100898742676e-01 2.527894258499145508e+00
8.311161398887634277e-01 2.596971988677978516e+00
8.321247696876525879e-01 2.552865266799926758e+00
8.331333994865417480e-01 2.576328039169311523e+00
8.341420292854309082e-01 2.618146181106567383e+00
8.351506590843200684e-01 2.606404781341552734e+00
8.361592888832092285e-01 2.595486164093017578e+00
8.371679782867431641e-01 2.586739063262939453e+00
8.381766080856323242e-01 2.613352537155151367e+00
8.391852378845214844e-01 2.604188203811645508e+00
8.401938676834106445e-01 2.611765623092651367e+00
8.412024974822998047e-01 2.640847444534301758e+00
8.422111272811889648e-01 2.619599342346191406e+00
8.432197570800781250e-01 2.587446928024291992e+00
8.442283868789672852e-01 2.584736108779907227e+00
8.452370166778564453e-01 2.657872915267944336e+00
8.462456464767456055e-01 2.597650289535522461e+00
8.472543358802795410e-01 2.610666990280151367e+00
8.482629656791687012e-01 2.632362365722656250e+00
8.492715954780578613e-01 2.629262447357177734e+00
8.502802252769470215e-01 2.627934455871582031e+00
8.512888550758361816e-01 2.651585817337036133e+00
8.522974848747253418e-01 2.660776853561401367e+00
8.533061146736145020e-01 2.662850618362426758e+00
8.543147444725036621e-01 2.675497055053710938e+00
8.553233742713928223e-01 2.649399280548095703e+00
8.563320636749267578e-01 2.672177314758300781e+00
8.573406934738159180e-01 2.684165716171264648e+00
8.583493232727050781e-01 2.665927410125732422e+00
8.593579530715942383e-01 2.728792667388916016e+00
8.603665828704833984e-01 2.712501049041748047e+00
8.613752126693725586e-01 2.689903020858764648e+00
8.623838424682617188e-01 2.710775136947631836e+00
8.633924722671508789e-01 2.731631755828857422e+00
8.644011020660400391e-01 2.678435087203979492e+00
8.654097318649291992e-01 2.653032302856445312e+00
8.664184212684631348e-01 2.681890726089477539e+00
8.674270510673522949e-01 2.718454122543334961e+00
8.684356808662414551e-01 2.715623140335083008e+00
8.694443106651306152e-01 2.717181444168090820e+00
8.704529404640197754e-01 2.756774663925170898e+00
8.714615702629089355e-01 2.733004093170166016e+00
8.724702000617980957e-01 2.733909130096435547e+00
8.734788298606872559e-01 2.750426292419433594e+00
8.744874596595764160e-01 2.761310338973999023e+00
8.754961490631103516e-01 2.733167171478271484e+00
8.765047788619995117e-01 2.720821857452392578e+00
8.775134086608886719e-01 2.735765218734741211e+00
8.785220384597778320e-01 2.752416849136352539e+00
8.795306682586669922e-01 2.759215831756591797e+00
8.805392980575561523e-01 2.772830247879028320e+00
8.815479278564453125e-01 2.774196147918701172e+00
8.825565576553344727e-01 2.743057727813720703e+00
8.835651874542236328e-01 2.751413583755493164e+00
8.845738172531127930e-01 2.769250392913818359e+00
8.855825066566467285e-01 2.760978698730468750e+00
8.865911364555358887e-01 2.805845737457275391e+00
8.875997662544250488e-01 2.790180206298828125e+00
8.886083960533142090e-01 2.810394287109375000e+00
8.896170258522033691e-01 2.837219476699829102e+00
8.906256556510925293e-01 2.794697284698486328e+00
8.916342854499816895e-01 2.837048292160034180e+00
8.926429152488708496e-01 2.810628175735473633e+00
8.936515450477600098e-01 2.813180446624755859e+00
8.946602344512939453e-01 2.811689615249633789e+00
8.956688642501831055e-01 2.852126359939575195e+00
8.966774940490722656e-01 2.835469961166381836e+00
8.976861238479614258e-01 2.800529003143310547e+00
8.986947536468505859e-01 2.849525451660156250e+00
8.997033834457397461e-01 2.802588939666748047e+00
9.007120132446289062e-01 2.787275552749633789e+00
9.017206430435180664e-01 2.865330934524536133e+00
9.027292728424072266e-01 2.866788625717163086e+00
9.037379026412963867e-01 2.885255098342895508e+00
9.047465920448303223e-01 2.842808246612548828e+00
9.057552218437194824e-01 2.913857460021972656e+00
9.067638516426086426e-01 2.875303506851196289e+00
9.077724814414978027e-01 2.913956880569458008e+00
9.087811112403869629e-01 2.899082660675048828e+00
9.097897410392761230e-01 2.916183948516845703e+00
9.107983708381652832e-01 2.921541452407836914e+00
9.118070006370544434e-01 2.920754909515380859e+00
9.128156304359436035e-01 2.916311264038085938e+00
9.138243198394775391e-01 2.909334182739257812e+00
9.148329496383666992e-01 2.954121589660644531e+00
9.158415794372558594e-01 2.923516988754272461e+00
9.168502092361450195e-01 2.930468797683715820e+00
9.178588390350341797e-01 3.001021862030029297e+00
9.188674688339233398e-01 2.967196464538574219e+00
9.198760986328125000e-01 2.942392349243164062e+00
9.208847284317016602e-01 2.969315528869628906e+00
9.218933582305908203e-01 2.972637414932250977e+00
9.229020476341247559e-01 2.962649106979370117e+00
9.239106774330139160e-01 2.973536014556884766e+00
9.249193072319030762e-01 2.997214555740356445e+00
9.259279370307922363e-01 3.020788908004760742e+00
9.269365668296813965e-01 3.040912628173828125e+00
9.279451966285705566e-01 3.015715837478637695e+00
9.289538264274597168e-01 3.016448736190795898e+00
9.299624562263488770e-01 2.993914127349853516e+00
9.309710860252380371e-01 2.994348049163818359e+00
9.319797158241271973e-01 3.061297893524169922e+00
9.329884052276611328e-01 3.034564495086669922e+00
9.339970350265502930e-01 3.016457557678222656e+00
9.350056648254394531e-01 2.984239578247070312e+00
9.360142946243286133e-01 3.049378156661987305e+00
9.370229244232177734e-01 3.044713020324707031e+00
9.380315542221069336e-01 3.069007396697998047e+00
9.390401840209960938e-01 3.094491481781005859e+00
9.400488138198852539e-01 3.094058990478515625e+00
9.410574436187744141e-01 3.078694105148315430e+00
9.420661330223083496e-01 3.073425054550170898e+00
9.430747628211975098e-01 3.033466339111328125e+00
9.440833926200866699e-01 3.079664468765258789e+00
9.450920224189758301e-01 3.126916646957397461e+00
9.461006522178649902e-01 3.134210109710693359e+00
9.471092820167541504e-01 3.092983722686767578e+00
9.481179118156433105e-01 3.094710588455200195e+00
9.491265416145324707e-01 3.102118730545043945e+00
9.501351714134216309e-01 3.176571369171142578e+00
9.511438012123107910e-01 3.156842231750488281e+00
9.521524906158447266e-01 3.155137062072753906e+00
9.531611204147338867e-01 3.127705097198486328e+00
9.541697502136230469e-01 3.164521694183349609e+00
9.551783800125122070e-01 3.170537471771240234e+00
9.561870098114013672e-01 3.222149610519409180e+00
9.571956396102905273e-01 3.188838958740234375e+00
9.582042694091796875e-01 3.170484304428100586e+00
9.592128992080688477e-01 3.168601989746093750e+00
9.602215290069580078e-01 3.128749847412109375e+00
9.612302184104919434e-01 3.168212890625000000e+00
9.622388482093811035e-01 3.214221954345703125e+00
9.632474780082702637e-01 3.226398229598999023e+00
9.642561078071594238e-01 3.245420455932617188e+00
9.652647376060485840e-01 3.149172067642211914e+00
9.662733674049377441e-01 3.184574842453002930e+00
9.672819972038269043e-01 3.227357387542724609e+00
9.682906270027160645e-01 3.220186710357666016e+00
9.692992568016052246e-01 3.190091371536254883e+00
9.703078866004943848e-01 3.272437810897827148e+00
9.713165760040283203e-01 3.269288539886474609e+00
9.723252058029174805e-01 3.319693565368652344e+00
9.733338356018066406e-01 3.306152582168579102e+00
9.743424654006958008e-01 3.274102210998535156e+00
9.753510951995849609e-01 3.257428407669067383e+00
9.763597249984741211e-01 3.336930274963378906e+00
9.773683547973632812e-01 3.318061828613281250e+00
9.783769845962524414e-01 3.326196432113647461e+00
9.793856143951416016e-01 3.334518909454345703e+00
9.803943037986755371e-01 3.311466932296752930e+00
9.814029335975646973e-01 3.365061521530151367e+00
9.824115633964538574e-01 3.343951702117919922e+00
9.834201931953430176e-01 3.363806724548339844e+00
9.844288229942321777e-01 3.406160354614257812e+00
9.854374527931213379e-01 3.398633956909179688e+00
9.864460825920104980e-01 3.357917547225952148e+00
9.874547123908996582e-01 3.323281049728393555e+00
9.884633421897888184e-01 3.360739946365356445e+00
9.894719719886779785e-01 3.341318845748901367e+00
9.904806613922119141e-01 3.363240480422973633e+00
9.914892911911010742e-01 3.436012744903564453e+00
9.924979209899902344e-01 3.391217231750488281e+00
9.935065507888793945e-01 3.412750005722045898e+00
9.945151805877685547e-01 3.363635063171386719e+00
9.955238103866577148e-01 3.464403152465820312e+00
9.965324401855468750e-01 3.526360750198364258e+00
9.975410699844360352e-01 3.496820926666259766e+00
9.985496997833251953e-01 3.480141639709472656e+00
9.995583891868591309e-01 3.504790306091308594e+00
1.000566959381103516e+00 3.547237634658813477e+00
1.001575589179992676e+00 3.509803771972656250e+00
1.002584218978881836e+00 3.441559553146362305e+00
1.003592848777770996e+00 3.434402227401733398e+00
1.004601597785949707e+00 3.567509651184082031e+00
1.005610227584838867e+00 3.571760654449462891e+00
1.006618857383728027e+00 3.574067831039428711e+00
1.007627487182617188e+00 3.439988613128662109e+00
1.008636116981506348e+00 3.578679323196411133e+00
1.009644746780395508e+00 3.523221731185913086e+00
1.010653376579284668e+00 3.527053117752075195e+00
1.011662006378173828e+00 3.568027973175048828e+00
1.012670636177062988e+00 3.620327711105346680e+00
1.013679265975952148e+00 3.571307659149169922e+00
1.014687895774841309e+00 3.620162010192871094e+00
1.015696525573730469e+00 3.640083312988281250e+00
1.016705155372619629e+00 3.637114048004150391e+00
1.017713785171508789e+00 3.606188297271728516e+00
1.018722414970397949e+00 3.644509792327880859e+00
1.019731044769287109e+00 3.548536300659179688e+00
1.020739674568176270e+00 3.521947145462036133e+00
1.021748304367065430e+00 3.556231260299682617e+00
1.022756934165954590e+00 3.570554018020629883e+00
1.023765683174133301e+00 3.683179616928100586e+00
1.024774312973022461e+00 3.719568490982055664e+00
1.025782942771911621e+00 3.683108329772949219e+00
1.026791572570800781e+00 3.648557662963867188e+00
1.027800202369689941e+00 3.766319274902343750e+00
1.028808832168579102e+00 3.737682342529296875e+00
1.029817461967468262e+00 3.757425546646118164e+00
1.030826091766357422e+00 3.744710683822631836e+00
1.031834721565246582e+00 3.719819545745849609e+00
1.032843351364135742e+00 3.671615362167358398e+00
1.033851981163024902e+00 3.645803928375244141e+00
1.034860610961914062e+00 3.650317907333374023e+00
1.035869240760803223e+00 3.788175821304321289e+00
1.036877870559692383e+00 3.840097188949584961e+00
1.037886500358581543e+00 3.697940111160278320e+00
1.038895130157470703e+00 3.707738637924194336e+00
1.039903759956359863e+00 3.714619636535644531e+00
1.040912389755249023e+00 3.758998632431030273e+00
1.041921019554138184e+00 3.917716741561889648e+00
1.042929768562316895e+00 3.800812721252441406e+00
1.043938398361206055e+00 3.763133287429809570e+00
1.044947028160095215e+00 3.757710218429565430e+00
1.045955657958984375e+00 3.852946519851684570e+00
1.046964287757873535e+00 3.763432025909423828e+00
1.047972917556762695e+00 3.900558471679687500e+00
1.048981547355651855e+00 3.731597423553466797e+00
1.049990177154541016e+00 3.929695606231689453e+00
1.050998806953430176e+00 3.890269756317138672e+00
1.052007436752319336e+00 4.047547817230224609e+00
1.053016066551208496e+00 3.930396318435668945e+00
1.054024696350097656e+00 3.782758235931396484e+00
1.055033326148986816e+00 3.866901397705078125e+00
1.056041955947875977e+00 3.892470121383666992e+00
1.057050585746765137e+00 3.977183818817138672e+00
1.058059215545654297e+00 4.037192344665527344e+00
1.059067845344543457e+00 3.932166099548339844e+00
1.060076475143432617e+00 3.893762588500976562e+00
1.061085104942321777e+00 3.910845279693603516e+00
1.062093853950500488e+00 3.861353158950805664e+00
1.063102483749389648e+00 3.910705327987670898e+00
1.064111113548278809e+00 3.992494821548461914e+00
1.065119743347167969e+00 3.949769020080566406e+00
1.066128373146057129e+00 4.061534404754638672e+00
1.067137002944946289e+00 4.041697502136230469e+00
1.068145632743835449e+00 4.052119255065917969e+00
1.069154262542724609e+00 4.005751132965087891e+00
1.070162892341613770e+00 4.008326530456542969e+00
1.071171522140502930e+00 4.004128932952880859e+00
1.072180151939392090e+00 3.998752593994140625e+00
1.073188781738281250e+00 4.103413581848144531e+00
1.074197411537170410e+00 4.101604461669921875e+00
1.075206041336059570e+00 3.976055145263671875e+00
1.076214671134948730e+00 4.024690151214599609e+00
1.077223300933837891e+00 4.064778804779052734e+00
1.078231930732727051e+00 4.177844524383544922e+00
1.079240560531616211e+00 4.206928730010986328e+00
1.080249190330505371e+00 4.239846706390380859e+00
1.081257939338684082e+00 4.072549819946289062e+00
1.082266569137573242e+00 4.190876007080078125e+00
1.083275198936462402e+00 4.042132854461669922e+00
1.084283828735351562e+00 4.131996154785156250e+00
1.085292458534240723e+00 4.095129489898681641e+00
1.086301088333129883e+00 4.153439998626708984e+00
1.087309718132019043e+00 4.152752876281738281e+00
1.088318347930908203e+00 4.234829425811767578e+00
1.089326977729797363e+00 4.302867412567138672e+00
1.090335607528686523e+00 4.237192153930664062e+00
1.091344237327575684e+00 4.175537109375000000e+00
1.092352867126464844e+00 4.174140453338623047e+00
1.093361496925354004e+00 4.222629547119140625e+00
1.094370126724243164e+00 4.279528617858886719e+00
1.095378756523132324e+00 4.342144489288330078e+00
1.096387386322021484e+00 4.299966812133789062e+00
1.097396016120910645e+00 4.165910243988037109e+00
1.098404645919799805e+00 4.248572349548339844e+00
1.099413275718688965e+00 4.273702621459960938e+00
1.100422024726867676e+00 4.285269737243652344e+00
1.101430654525756836e+00 4.306818962097167969e+00
1.102439284324645996e+00 4.398707389831542969e+00
1.103447914123535156e+00 4.378083705902099609e+00
1.104456543922424316e+00 4.419249534606933594e+00
1.105465173721313477e+00 4.470672607421875000e+00
1.106473803520202637e+00 4.500197887420654297e+00
1.107482433319091797e+00 4.393865585327148438e+00
1.108491063117980957e+00 4.196265697479248047e+00
1.109499692916870117e+00 4.335097312927246094e+00
1.110508322715759277e+00 4.352789402008056641e+00
1.111516952514648438e+00 4.446727752685546875e+00
1.112525582313537598e+00 4.400404453277587891e+00
1.113534212112426758e+00 4.451287269592285156e+00
1.114542841911315918e+00 4.515424251556396484e+00
1.115551471710205078e+00 4.393997192382812500e+00
1.116560101509094238e+00 4.396434783935546875e+00
1.117568731307983398e+00 4.328769207000732422e+00
1.118577361106872559e+00 4.378867626190185547e+00
1.119586110115051270e+00 4.466677665710449219e+00
1.120594739913940430e+00 4.510323524475097656e+00
1.121603369712829590e+00 4.560643196105957031e+00
1.122611999511718750e+00 4.532543659210205078e+00
1.123620629310607910e+00 4.471195697784423828e+00
1.124629259109497070e+00 4.489343166351318359e+00
1.125637888908386230e+00 4.516085147857666016e+00
1.126646518707275391e+00 4.331031322479248047e+00
1.127655148506164551e+00 4.476970672607421875e+00
1.128663778305053711e+00 4.481359481811523438e+00
1.129672408103942871e+00 4.639947891235351562e+00
1.130681037902832031e+00 4.628339767456054688e+00
1.131689667701721191e+00 4.760702133178710938e+00
1.132698297500610352e+00 4.723208427429199219e+00
1.133706927299499512e+00 4.540421962738037109e+00
1.134715557098388672e+00 4.705763816833496094e+00
1.135724186897277832e+00 4.602488517761230469e+00
1.136732816696166992e+00 4.559247016906738281e+00
1.137741446495056152e+00 4.494251251220703125e+00
1.138750195503234863e+00 4.723152637481689453e+00
1.139758825302124023e+00 4.741224288940429688e+00
1.140767455101013184e+00 4.816782474517822266e+00
1.141776084899902344e+00 4.723619937896728516e+00
1.142784714698791504e+00 4.772130012512207031e+00
1.143793344497680664e+00 4.725562095642089844e+00
1.144801974296569824e+00 4.682512283325195312e+00
1.145810604095458984e+00 4.611356735229492188e+00
1.146819233894348145e+00 4.658700466156005859e+00
1.147827863693237305e+00 4.733695507049560547e+00
1.148836493492126465e+00 4.746669769287109375e+00
1.149845123291015625e+00 4.692386150360107422e+00
1.150853753089904785e+00 4.603076457977294922e+00
1.151862382888793945e+00 4.703780651092529297e+00
1.152871012687683105e+00 4.860880374908447266e+00
1.153879642486572266e+00 4.853660106658935547e+00
1.154888272285461426e+00 4.670755863189697266e+00
1.155896902084350586e+00 4.767652034759521484e+00
1.156905531883239746e+00 4.978985786437988281e+00
1.157914280891418457e+00 5.024027824401855469e+00
1.158922910690307617e+00 5.004342555999755859e+00
1.159931540489196777e+00 4.907992839813232422e+00
1.160940170288085938e+00 4.878045082092285156e+00
1.161948800086975098e+00 4.960100173950195312e+00
1.162957429885864258e+00 5.020023822784423828e+00
1.163966059684753418e+00 5.098002910614013672e+00
1.164974689483642578e+00 4.990483760833740234e+00
1.165983319282531738e+00 5.031773090362548828e+00
1.166991949081420898e+00 4.766356468200683594e+00
1.168000578880310059e+00 5.031493186950683594e+00
1.169009208679199219e+00 5.063743591308593750e+00
1.170017838478088379e+00 4.885227680206298828e+00
1.171026468276977539e+00 4.938293457031250000e+00
1.172035098075866699e+00 5.127715587615966797e+00
1.173043727874755859e+00 5.027885437011718750e+00
1.174052357673645020e+00 4.726345539093017578e+00
1.175060987472534180e+00 4.824052333831787109e+00
1.176069617271423340e+00 5.019231796264648438e+00
1.177078366279602051e+00 5.144184589385986328e+00
1.178086996078491211e+00 4.869338512420654297e+00
1.179095625877380371e+00 5.078785419464111328e+00
1.180104255676269531e+00 4.986009597778320312e+00
1.181112885475158691e+00 5.185486316680908203e+00
1.182121515274047852e+00 5.094802379608154297e+00
1.183130145072937012e+00 5.198540687561035156e+00
1.184138774871826172e+00 5.222482681274414062e+00
1.185147404670715332e+00 5.023914337158203125e+00
1.186156034469604492e+00 5.261852264404296875e+00
1.187164664268493652e+00 5.155620098114013672e+00
1.188173294067382812e+00 5.377776145935058594e+00
1.189181923866271973e+00 5.053287506103515625e+00
1.190190553665161133e+00 4.925034999847412109e+00
1.191199183464050293e+00 5.155677795410156250e+00
1.192207813262939453e+00 5.486492156982421875e+00
1.193216443061828613e+00 5.186982631683349609e+00
1.194225072860717773e+00 5.207655429840087891e+00
1.195233702659606934e+00 5.064507484436035156e+00
1.196242451667785645e+00 5.246419906616210938e+00
1.197251081466674805e+00 5.230206489562988281e+00
1.198259711265563965e+00 5.369013786315917969e+00
1.199268341064453125e+00 5.515326976776123047e+00
1.200276970863342285e+00 5.303883075714111328e+00
1.201285600662231445e+00 5.253184318542480469e+00
1.202294230461120605e+00 5.441431045532226562e+00
1.203302860260009766e+00 4.712366104125976562e+00
1.204311490058898926e+00 4.920497894287109375e+00
1.205320119857788086e+00 5.334350585937500000e+00
1.206328749656677246e+00 5.840105533599853516e+00
1.207337379455566406e+00 5.358553409576416016e+00
1.208346009254455566e+00 4.307085514068603516e+00
1.209354639053344727e+00 4.717594146728515625e+00
