0.000000000000000000e+00 5.938770996093750000e+03
1.008636085316538811e-03 4.904113769531250000e+03
2.017272170633077621e-03 4.131930664062500000e+03
3.025908255949616432e-03 3.012975097656250000e+03
4.034544341266155243e-03 2.278200195312500000e+03
5.043180659413337708e-03 1.775014404296875000e+03
6.051816511899232864e-03 1.390883056640625000e+03
7.060452364385128021e-03 1.112009643554687500e+03
8.069088682532310486e-03 9.265756835937500000e+02
9.077725000679492950e-03 7.691008911132812500e+02
1.008636131882667542e-02 6.444883422851562500e+02
1.109499670565128326e-02 5.585244140625000000e+02
1.210363302379846573e-02 4.856962890625000000e+02
1.311226934194564819e-02 4.188547058105468750e+02
1.412090472877025604e-02 3.640215148925781250e+02
1.512954104691743851e-02 3.109673767089843750e+02
1.613817736506462097e-02 2.717042846679687500e+02
1.714681275188922882e-02 2.381248474121093750e+02
1.815545000135898590e-02 2.082908325195312500e+02
1.916408538818359375e-02 1.839890899658203125e+02
2.017272263765335083e-02 1.625726623535156250e+02
2.118135802447795868e-02 1.437303924560546875e+02
2.218999341130256653e-02 1.288703613281250000e+02
2.319863066077232361e-02 1.172187652587890625e+02
2.420726604759693146e-02 1.053877563476562500e+02
2.521590143442153931e-02 9.567526245117187500e+01
2.622453868389129639e-02 8.723791503906250000e+01
2.723317407071590424e-02 7.971152496337890625e+01
2.824180945754051208e-02 7.342798614501953125e+01
2.925044670701026917e-02 6.688219451904296875e+01
3.025908209383487701e-02 6.115041732788085938e+01
3.126771748065948486e-02 5.571828460693359375e+01
3.227635473012924194e-02 5.145521163940429688e+01
3.328499197959899902e-02 4.758727645874023438e+01
3.429362550377845764e-02 4.355223464965820312e+01
3.530226275324821472e-02 3.994991683959960938e+01
3.631090000271797180e-02 3.668623352050781250e+01
3.731953352689743042e-02 3.423463821411132812e+01
3.832817077636718750e-02 3.153637886047363281e+01
3.933680802583694458e-02 2.890191650390625000e+01
4.034544527530670166e-02 2.678351020812988281e+01
4.135407879948616028e-02 2.497737312316894531e+01
4.236271604895591736e-02 2.339239120483398438e+01
4.337135329842567444e-02 2.208798599243164062e+01
4.437998682260513306e-02 2.034720039367675781e+01
4.538862407207489014e-02 1.929219818115234375e+01
4.639726132154464722e-02 1.821282196044921875e+01
4.740589484572410583e-02 1.694393348693847656e+01
4.841453209519386292e-02 1.592112541198730469e+01
4.942316934466362000e-02 1.526605129241943359e+01
5.043180286884307861e-02 1.405554580688476562e+01
5.144044011831283569e-02 1.329235172271728516e+01
5.244907736778259277e-02 1.286260604858398438e+01
5.345771089196205139e-02 1.213080024719238281e+01
5.446634814143180847e-02 1.142714309692382812e+01
5.547498539090156555e-02 1.084310531616210938e+01
5.648361891508102417e-02 1.034406948089599609e+01
5.749225616455078125e-02 9.732782363891601562e+00
5.850089341402053833e-02 9.480610847473144531e+00
5.950953066349029541e-02 8.995253562927246094e+00
6.051816418766975403e-02 8.507523536682128906e+00
6.152680143713951111e-02 8.279707908630371094e+00
6.253543496131896973e-02 7.863454818725585938e+00
6.354407221078872681e-02 7.674497127532958984e+00
6.455270946025848389e-02 7.247025966644287109e+00
6.556134670972824097e-02 7.138998985290527344e+00
6.656998395919799805e-02 6.945681571960449219e+00
6.757862120866775513e-02 6.620301246643066406e+00
6.858725100755691528e-02 6.364496707916259766e+00
6.959588825702667236e-02 6.142217159271240234e+00
7.060452550649642944e-02 5.849130153656005859e+00
7.161316275596618652e-02 5.709540367126464844e+00
7.262180000543594360e-02 5.642806529998779297e+00
7.363043725490570068e-02 5.390839576721191406e+00
7.463906705379486084e-02 5.385876655578613281e+00
7.564770430326461792e-02 5.059387207031250000e+00
7.665634155273437500e-02 4.953253269195556641e+00
7.766497880220413208e-02 4.812979698181152344e+00
7.867361605167388916e-02 4.705207824707031250e+00
7.968225330114364624e-02 4.685027599334716797e+00
8.069089055061340332e-02 4.447617530822753906e+00
8.169952034950256348e-02 4.318487644195556641e+00
8.270815759897232056e-02 4.256878376007080078e+00
8.371679484844207764e-02 4.209364414215087891e+00
8.472543209791183472e-02 4.107348442077636719e+00
8.573406934738159180e-02 4.023240566253662109e+00
8.674270659685134888e-02 3.981451511383056641e+00
8.775133639574050903e-02 3.823175907135009766e+00
8.875997364521026611e-02 3.756466388702392578e+00
8.976861089468002319e-02 3.723694562911987305e+00
9.077724814414978027e-02 3.588076353073120117e+00
9.178588539361953735e-02 3.541662931442260742e+00
9.279452264308929443e-02 3.529674291610717773e+00
9.380315244197845459e-02 3.491277694702148438e+00
9.481178969144821167e-02 3.349255800247192383e+00
9.582042694091796875e-02 3.341968774795532227e+00
9.682906419038772583e-02 3.282689809799194336e+00
9.783770143985748291e-02 3.243850946426391602e+00
9.884633868932723999e-02 3.197349071502685547e+00
9.985497593879699707e-02 3.111464500427246094e+00
1.008636057376861572e-01 3.146652221679687500e+00
1.018722429871559143e-01 3.115447282791137695e+00
1.028808802366256714e-01 3.052988290786743164e+00
1.038895174860954285e-01 3.055675268173217773e+00
1.048981547355651855e-01 2.989997863769531250e+00
1.059067919850349426e-01 2.995772361755371094e+00
1.069154217839241028e-01 2.883273601531982422e+00
1.079240590333938599e-01 2.780703067779541016e+00
1.089326962828636169e-01 2.852039337158203125e+00
1.099413335323333740e-01 2.790625095367431641e+00
1.109499707818031311e-01 2.724309921264648438e+00
1.119586080312728882e-01 2.720569849014282227e+00
1.129672378301620483e-01 2.785256624221801758e+00
1.139758750796318054e-01 2.652809381484985352e+00
1.149845123291015625e-01 2.638514280319213867e+00
1.159931495785713196e-01 2.618797063827514648e+00
1.170017868280410767e-01 2.624074220657348633e+00
1.180104240775108337e-01 2.601771116256713867e+00
1.190190613269805908e-01 2.593275308609008789e+00
1.200276911258697510e-01 2.627882957458496094e+00
1.210363283753395081e-01 2.562192440032958984e+00
1.220449656248092651e-01 2.490423917770385742e+00
1.230536028742790222e-01 2.529105901718139648e+00
1.240622401237487793e-01 2.501281976699829102e+00
1.250708699226379395e-01 2.512833595275878906e+00
1.260795146226882935e-01 2.427829027175903320e+00
1.270881444215774536e-01 2.438740491867065430e+00
1.280967891216278076e-01 2.395644187927246094e+00
1.291054189205169678e-01 2.376455068588256836e+00
1.301140487194061279e-01 2.316700458526611328e+00
1.311226934194564819e-01 2.353722572326660156e+00
1.321313232183456421e-01 2.380459547042846680e+00
1.331399679183959961e-01 2.385134220123291016e+00
1.341485977172851562e-01 2.289630651473999023e+00
1.351572424173355103e-01 2.306450366973876953e+00
1.361658722162246704e-01 2.309361696243286133e+00
1.371745020151138306e-01 2.290690660476684570e+00
1.381831467151641846e-01 2.243785381317138672e+00
1.391917765140533447e-01 2.266388654708862305e+00
1.402004212141036987e-01 2.289970397949218750e+00
1.412090510129928589e-01 2.281668424606323242e+00
1.422176808118820190e-01 2.288887500762939453e+00
1.432263255119323730e-01 2.249632596969604492e+00
1.442349553108215332e-01 2.250062465667724609e+00
1.452436000108718872e-01 2.281136989593505859e+00
1.462522298097610474e-01 2.204986095428466797e+00
1.472608745098114014e-01 2.159611225128173828e+00
1.482695043087005615e-01 2.210012912750244141e+00
1.492781341075897217e-01 2.205896615982055664e+00
1.502867788076400757e-01 2.241311311721801758e+00
1.512954086065292358e-01 2.257921934127807617e+00
1.523040533065795898e-01 2.209041118621826172e+00
1.533126831054687500e-01 2.183738946914672852e+00
1.543213278055191040e-01 2.194891691207885742e+00
1.553299576044082642e-01 2.136792421340942383e+00
1.563385874032974243e-01 2.133316755294799805e+00
1.573472321033477783e-01 2.147288799285888672e+00
1.583558619022369385e-01 2.178183317184448242e+00
1.593645066022872925e-01 2.180309772491455078e+00
1.603731364011764526e-01 2.120001077651977539e+00
1.613817811012268066e-01 2.054507255554199219e+00
1.623904109001159668e-01 2.114263057708740234e+00
1.633990406990051270e-01 2.098241806030273438e+00
1.644076853990554810e-01 2.116311550140380859e+00
1.654163151979446411e-01 2.041044235229492188e+00
1.664249598979949951e-01 2.098616600036621094e+00
1.674335896968841553e-01 2.075428247451782227e+00
1.684422194957733154e-01 2.083945035934448242e+00
1.694508641958236694e-01 2.038728713989257812e+00
1.704594939947128296e-01 1.997029900550842285e+00
1.714681386947631836e-01 2.035965442657470703e+00
1.724767684936523438e-01 1.991642713546752930e+00
1.734854131937026978e-01 1.999443173408508301e+00
1.744940429925918579e-01 2.015400886535644531e+00
1.755026727914810181e-01 2.004827976226806641e+00
1.765113174915313721e-01 1.970693349838256836e+00
1.775199472904205322e-01 1.953363299369812012e+00
1.785285919904708862e-01 1.953863143920898438e+00
1.795372217893600464e-01 2.005019426345825195e+00
1.805458664894104004e-01 1.934728145599365234e+00
1.815544962882995605e-01 1.906704664230346680e+00
1.825631260871887207e-01 1.938573479652404785e+00
1.835717707872390747e-01 1.937683105468750000e+00
1.845804005861282349e-01 1.912848353385925293e+00
1.855890452861785889e-01 1.921534419059753418e+00
1.865976750850677490e-01 1.883933663368225098e+00
1.876063048839569092e-01 1.847886562347412109e+00
1.886149495840072632e-01 1.855701088905334473e+00
1.896235793828964233e-01 1.856440782546997070e+00
1.906322240829467773e-01 1.880593419075012207e+00
1.916408538818359375e-01 1.866906285285949707e+00
1.926494985818862915e-01 1.847628235816955566e+00
1.936581283807754517e-01 1.807450652122497559e+00
1.946667581796646118e-01 1.816640853881835938e+00
1.956754028797149658e-01 1.822065114974975586e+00
1.966840326786041260e-01 1.850234150886535645e+00
1.976926773786544800e-01 1.796117305755615234e+00
1.987013071775436401e-01 1.816787481307983398e+00
1.997099518775939941e-01 1.828403115272521973e+00
2.007185816764831543e-01 1.814299583435058594e+00
2.017272114753723145e-01 1.799822092056274414e+00
2.027358561754226685e-01 1.772564291954040527e+00
2.037444859743118286e-01 1.788980722427368164e+00
2.047531306743621826e-01 1.751893877983093262e+00
2.057617604732513428e-01 1.761863470077514648e+00
2.067703902721405029e-01 1.736758470535278320e+00
2.077790349721908569e-01 1.747181653976440430e+00
2.087876647710800171e-01 1.756474852561950684e+00
2.097963094711303711e-01 1.776183485984802246e+00
2.108049392700195312e-01 1.772568464279174805e+00
2.118135839700698853e-01 1.772693157196044922e+00
2.128222137689590454e-01 1.759051680564880371e+00
2.138308435678482056e-01 1.745875358581542969e+00
2.148394882678985596e-01 1.744589686393737793e+00
2.158481180667877197e-01 1.758026838302612305e+00
2.168567627668380737e-01 1.749490737915039062e+00
2.178653925657272339e-01 1.758953452110290527e+00
2.188740372657775879e-01 1.738243222236633301e+00
2.198826670646667480e-01 1.726582169532775879e+00
2.208912968635559082e-01 1.742594003677368164e+00
2.218999415636062622e-01 1.731120586395263672e+00
2.229085713624954224e-01 1.719419240951538086e+00
2.239172160625457764e-01 1.720244407653808594e+00
2.249258458614349365e-01 1.745276212692260742e+00
2.259344756603240967e-01 1.730863571166992188e+00
2.269431203603744507e-01 1.689742445945739746e+00
2.279517501592636108e-01 1.753410220146179199e+00
2.289603948593139648e-01 1.713135004043579102e+00
2.299690246582031250e-01 1.692471504211425781e+00
2.309776693582534790e-01 1.717216372489929199e+00
2.319862991571426392e-01 1.749949216842651367e+00
2.329949289560317993e-01 1.686412572860717773e+00
2.340035736560821533e-01 1.693568944931030273e+00
2.350122034549713135e-01 1.718076586723327637e+00
2.360208481550216675e-01 1.646420717239379883e+00
2.370294779539108276e-01 1.716703653335571289e+00
2.380381226539611816e-01 1.687689781188964844e+00
2.390467524528503418e-01 1.686432123184204102e+00
2.400553822517395020e-01 1.702415108680725098e+00
2.410640269517898560e-01 1.674456596374511719e+00
2.420726567506790161e-01 1.729140758514404297e+00
2.430813014507293701e-01 1.893632769584655762e+00
2.440899312496185303e-01 1.646961450576782227e+00
2.450985759496688843e-01 1.637386441230773926e+00
2.461072057485580444e-01 1.671479582786560059e+00
2.471158355474472046e-01 1.669609785079956055e+00
2.481244802474975586e-01 1.694319844245910645e+00
2.491331100463867188e-01 1.693773865699768066e+00
2.501417398452758789e-01 1.680891752243041992e+00
2.511503994464874268e-01 1.685346007347106934e+00
2.521590292453765869e-01 1.620454788208007812e+00
2.531676590442657471e-01 1.620373845100402832e+00
2.541762888431549072e-01 1.632965683937072754e+00
2.551849186420440674e-01 1.648294568061828613e+00
2.561935782432556152e-01 1.652812123298645020e+00
2.572022080421447754e-01 1.680421710014343262e+00
2.582108378410339355e-01 1.676539421081542969e+00
2.592194676399230957e-01 1.680379867553710938e+00
2.602280974388122559e-01 1.675431609153747559e+00
2.612367570400238037e-01 1.638912796974182129e+00
2.622453868389129639e-01 1.652554869651794434e+00
2.632540166378021240e-01 1.624284625053405762e+00
2.642626464366912842e-01 1.595618486404418945e+00
2.652712762355804443e-01 1.637732863426208496e+00
2.662799358367919922e-01 1.645033001899719238e+00
2.672885656356811523e-01 1.660484075546264648e+00
2.682971954345703125e-01 1.649473547935485840e+00
2.693058252334594727e-01 1.625341892242431641e+00
2.703144848346710205e-01 1.620650410652160645e+00
2.713231146335601807e-01 1.633022189140319824e+00
2.723317444324493408e-01 1.620999097824096680e+00
2.733403742313385010e-01 1.619703531265258789e+00
2.743490040302276611e-01 1.611993432044982910e+00
2.753576636314392090e-01 1.592604756355285645e+00
2.763662934303283691e-01 1.587127923965454102e+00
2.773749232292175293e-01 1.615301728248596191e+00
2.783835530281066895e-01 1.587506771087646484e+00
2.793921828269958496e-01 1.576669454574584961e+00
2.804008424282073975e-01 1.576975226402282715e+00
2.814094722270965576e-01 1.608525872230529785e+00
2.824181020259857178e-01 1.606204271316528320e+00
2.834267318248748779e-01 1.581971287727355957e+00
2.844353616237640381e-01 1.597047805786132812e+00
2.854440212249755859e-01 1.575040102005004883e+00
2.864526510238647461e-01 1.621060371398925781e+00
2.874612808227539062e-01 1.623358964920043945e+00
2.884699106216430664e-01 1.610295057296752930e+00
2.894785702228546143e-01 1.581527471542358398e+00
2.904872000217437744e-01 1.583564400672912598e+00
2.914958298206329346e-01 1.562103033065795898e+00
2.925044596195220947e-01 1.553786754608154297e+00
2.935130894184112549e-01 1.584785819053649902e+00
2.945217490196228027e-01 1.576431274414062500e+00
2.955303788185119629e-01 1.569583892822265625e+00
2.965390086174011230e-01 1.571854472160339355e+00
2.975476384162902832e-01 1.584257841110229492e+00
2.985562682151794434e-01 1.554594516754150391e+00
2.995649278163909912e-01 1.583759546279907227e+00
3.005735576152801514e-01 1.573530197143554688e+00
3.015821874141693115e-01 1.569396138191223145e+00
3.025908172130584717e-01 1.562489748001098633e+00
3.035994470119476318e-01 1.566137790679931641e+00
3.046081066131591797e-01 1.558798074722290039e+00
3.056167364120483398e-01 1.590952396392822266e+00
3.066253662109375000e-01 1.545361399650573730e+00
3.076339960098266602e-01 1.566491842269897461e+00
3.086426556110382080e-01 1.563518643379211426e+00
3.096512854099273682e-01 1.590496063232421875e+00
3.106599152088165283e-01 1.556295156478881836e+00
3.116685450077056885e-01 1.510965943336486816e+00
3.126771748065948486e-01 1.550039410591125488e+00
3.136858344078063965e-01 1.522831797599792480e+00
3.146944642066955566e-01 1.532636284828186035e+00
3.157030940055847168e-01 1.575803279876708984e+00
3.167117238044738770e-01 1.582385420799255371e+00
3.177203536033630371e-01 1.552367568016052246e+00
3.187290132045745850e-01 1.540856957435607910e+00
3.197376430034637451e-01 1.541057229042053223e+00
3.207462728023529053e-01 1.529830455780029297e+00
3.217549026012420654e-01 1.520545959472656250e+00
3.227635622024536133e-01 1.549053788185119629e+00
3.237721920013427734e-01 1.531279802322387695e+00
3.247808218002319336e-01 1.513890624046325684e+00
3.257894515991210938e-01 1.515346169471740723e+00
3.267980813980102539e-01 1.528750181198120117e+00
3.278067409992218018e-01 1.504875779151916504e+00
3.288153707981109619e-01 1.542043447494506836e+00
3.298240005970001221e-01 1.522760391235351562e+00
3.308326303958892822e-01 1.534098625183105469e+00
3.318412601947784424e-01 1.526171088218688965e+00
3.328499197959899902e-01 1.551382660865783691e+00
3.338585495948791504e-01 1.539057731628417969e+00
3.348671793937683105e-01 1.509440302848815918e+00
3.358758091926574707e-01 1.558596014976501465e+00
3.368844389915466309e-01 1.552448630332946777e+00
3.378930985927581787e-01 1.504112124443054199e+00
3.389017283916473389e-01 1.503059148788452148e+00
3.399103581905364990e-01 1.531087636947631836e+00
3.409189879894256592e-01 1.565740942955017090e+00
3.419276475906372070e-01 1.533846378326416016e+00
3.429362773895263672e-01 1.505788564682006836e+00
3.439449071884155273e-01 1.543866991996765137e+00
3.449535369873046875e-01 1.489089727401733398e+00
3.459621667861938477e-01 1.510440587997436523e+00
3.469708263874053955e-01 1.557151317596435547e+00
3.479794561862945557e-01 1.508226156234741211e+00
3.489880859851837158e-01 1.494906425476074219e+00
3.499967157840728760e-01 1.504240989685058594e+00
3.510053455829620361e-01 1.521725058555603027e+00
3.520140051841735840e-01 1.520138144493103027e+00
3.530226349830627441e-01 1.500219821929931641e+00
3.540312647819519043e-01 1.500548720359802246e+00
3.550398945808410645e-01 1.498263716697692871e+00
3.560485243797302246e-01 1.506038308143615723e+00
3.570571839809417725e-01 1.506343245506286621e+00
3.580658137798309326e-01 1.506193637847900391e+00
3.590744435787200928e-01 1.480524301528930664e+00
3.600830733776092529e-01 1.485483407974243164e+00
3.610917329788208008e-01 1.505382299423217773e+00
3.621003627777099609e-01 1.483761548995971680e+00
3.631089925765991211e-01 1.494554400444030762e+00
3.641176223754882812e-01 1.518366098403930664e+00
3.651262521743774414e-01 1.496395230293273926e+00
3.661349117755889893e-01 1.479271054267883301e+00
3.671435415744781494e-01 1.477411508560180664e+00
3.681521713733673096e-01 1.493765592575073242e+00
3.691608011722564697e-01 1.487205386161804199e+00
3.701694309711456299e-01 1.488692641258239746e+00
3.711780905723571777e-01 1.492501378059387207e+00
3.721867203712463379e-01 1.490787625312805176e+00
3.731953501701354980e-01 1.496518254280090332e+00
3.742039799690246582e-01 1.465481281280517578e+00
3.752126097679138184e-01 1.462748885154724121e+00
3.762212693691253662e-01 1.471358656883239746e+00
3.772298991680145264e-01 1.480297207832336426e+00
3.782385289669036865e-01 1.480339169502258301e+00
3.792471587657928467e-01 1.477690458297729492e+00
3.802558183670043945e-01 1.453879594802856445e+00
3.812644481658935547e-01 1.483417987823486328e+00
3.822730779647827148e-01 1.460905313491821289e+00
3.832817077636718750e-01 1.474750161170959473e+00
3.842903375625610352e-01 1.477744936943054199e+00
3.852989971637725830e-01 1.482303977012634277e+00
3.863076269626617432e-01 1.472465634346008301e+00
3.873162567615509033e-01 1.480795860290527344e+00
3.883248865604400635e-01 1.490306615829467773e+00
3.893335163593292236e-01 1.459728240966796875e+00
3.903421759605407715e-01 1.466749548912048340e+00
3.913508057594299316e-01 1.455284476280212402e+00
3.923594355583190918e-01 1.458769559860229492e+00
3.933680653572082520e-01 1.455884695053100586e+00
3.943766951560974121e-01 1.447913527488708496e+00
3.953853547573089600e-01 1.464340090751647949e+00
3.963939845561981201e-01 1.480655074119567871e+00
3.974026143550872803e-01 1.450556635856628418e+00
3.984112441539764404e-01 1.486328363418579102e+00
3.994199037551879883e-01 1.491811513900756836e+00
4.004285335540771484e-01 1.463754773139953613e+00
4.014371633529663086e-01 1.466351032257080078e+00
4.024457931518554688e-01 1.467363715171813965e+00
4.034544229507446289e-01 1.467890858650207520e+00
4.044630825519561768e-01 1.432892441749572754e+00
4.054717123508453369e-01 1.412855505943298340e+00
4.064803421497344971e-01 1.450105309486389160e+00
4.074889719486236572e-01 1.457732439041137695e+00
4.084976017475128174e-01 1.429616332054138184e+00
4.095062613487243652e-01 1.437208890914916992e+00
4.105148911476135254e-01 1.444575786590576172e+00
4.115235209465026855e-01 1.480773210525512695e+00
4.125321507453918457e-01 1.460924744606018066e+00
4.135407805442810059e-01 1.451505780220031738e+00
4.145494401454925537e-01 1.455106019973754883e+00
4.155580699443817139e-01 1.411900639533996582e+00
4.165666997432708740e-01 1.440262317657470703e+00
4.175753295421600342e-01 1.423236250877380371e+00
4.185839891433715820e-01 1.431331753730773926e+00
4.195926189422607422e-01 1.460578322410583496e+00
4.206012487411499023e-01 1.442300200462341309e+00
4.216098785400390625e-01 1.419600248336791992e+00
4.226185083389282227e-01 1.458670139312744141e+00
4.236271679401397705e-01 1.439559102058410645e+00
4.246357977390289307e-01 1.452108025550842285e+00
4.256444275379180908e-01 1.432357788085937500e+00
4.266530573368072510e-01 1.430658459663391113e+00
4.276616871356964111e-01 1.422956347465515137e+00
4.286703467369079590e-01 1.422529101371765137e+00
4.296789765357971191e-01 1.425220608711242676e+00
4.306876063346862793e-01 1.431667447090148926e+00
4.316962361335754395e-01 1.432470798492431641e+00
4.327048659324645996e-01 1.452231645584106445e+00
4.337135255336761475e-01 1.439108252525329590e+00
4.347221553325653076e-01 1.425021171569824219e+00
4.357307851314544678e-01 1.450874090194702148e+00
4.367394149303436279e-01 1.441447854042053223e+00
4.377480745315551758e-01 1.429497361183166504e+00
4.387567043304443359e-01 1.437113165855407715e+00
4.397653341293334961e-01 1.418847084045410156e+00
4.407739639282226562e-01 1.408805370330810547e+00
4.417825937271118164e-01 1.421325683593750000e+00
4.427912533283233643e-01 1.411645650863647461e+00
4.437998831272125244e-01 1.409019112586975098e+00
4.448085129261016846e-01 1.418630957603454590e+00
4.458171427249908447e-01 1.444815516471862793e+00
4.468257725238800049e-01 1.413927078247070312e+00
4.478344321250915527e-01 1.428302764892578125e+00
4.488430619239807129e-01 1.418034076690673828e+00
4.498516917228698730e-01 1.393541097640991211e+00
4.508603215217590332e-01 1.406521320343017578e+00
4.518689513206481934e-01 1.404860258102416992e+00
4.528776109218597412e-01 1.391026616096496582e+00
4.538862407207489014e-01 1.406992554664611816e+00
4.548948705196380615e-01 1.406115889549255371e+00
4.559035003185272217e-01 1.428146958351135254e+00
4.569121599197387695e-01 1.406091451644897461e+00
4.579207897186279297e-01 1.377147555351257324e+00
4.589294195175170898e-01 1.395815491676330566e+00
4.599380493164062500e-01 1.399290561676025391e+00
4.609466791152954102e-01 1.389402866363525391e+00
4.619553387165069580e-01 1.400823831558227539e+00
4.629639685153961182e-01 1.406772255897521973e+00
4.639725983142852783e-01 1.398179888725280762e+00
4.649812281131744385e-01 1.383542895317077637e+00
4.659898579120635986e-01 1.393262267112731934e+00
4.669985175132751465e-01 1.389912962913513184e+00
4.680071473121643066e-01 1.376784443855285645e+00
4.690157771110534668e-01 1.381787538528442383e+00
4.700244069099426270e-01 1.377625703811645508e+00
4.710330665111541748e-01 1.377973914146423340e+00
4.720416963100433350e-01 1.370990872383117676e+00
4.730503261089324951e-01 1.389485478401184082e+00
4.740589559078216553e-01 1.388730883598327637e+00
4.750675857067108154e-01 1.368825793266296387e+00
4.760762453079223633e-01 1.395020723342895508e+00
4.770848751068115234e-01 1.395628213882446289e+00
4.780935049057006836e-01 1.378466367721557617e+00
4.791021347045898438e-01 1.380978941917419434e+00
4.801107645034790039e-01 1.386810541152954102e+00
4.811194241046905518e-01 1.387482762336730957e+00
4.821280539035797119e-01 1.379639148712158203e+00
4.831366837024688721e-01 1.383477926254272461e+00
4.841453135013580322e-01 1.375632405281066895e+00
4.851539433002471924e-01 1.399827718734741211e+00
4.861626029014587402e-01 1.367177724838256836e+00
4.871712327003479004e-01 1.384933829307556152e+00
4.881798624992370605e-01 1.399360418319702148e+00
4.891884922981262207e-01 1.406282663345336914e+00
4.901971518993377686e-01 1.402914643287658691e+00
4.912057816982269287e-01 1.377519845962524414e+00
4.922144114971160889e-01 1.380481839179992676e+00
4.932230412960052490e-01 1.376023769378662109e+00
4.942316710948944092e-01 1.365371584892272949e+00
4.952403306961059570e-01 1.379433512687683105e+00
4.962489604949951172e-01 1.355653882026672363e+00
4.972575902938842773e-01 1.353710055351257324e+00
4.982662200927734375e-01 1.344579935073852539e+00
4.992748498916625977e-01 1.370781421661376953e+00
5.002834796905517578e-01 1.372183084487915039e+00
5.012921094894409180e-01 1.361427903175354004e+00
5.023007988929748535e-01 1.369605302810668945e+00
5.033094286918640137e-01 1.362782716751098633e+00
5.043180584907531738e-01 1.423402786254882812e+00
5.053266882896423340e-01 1.422317266464233398e+00
5.063353180885314941e-01 1.373140573501586914e+00
5.073439478874206543e-01 1.365696191787719727e+00
5.083525776863098145e-01 1.389230608940124512e+00
5.093612074851989746e-01 1.374118208885192871e+00
5.103698372840881348e-01 1.370954751968383789e+00
5.113784670829772949e-01 1.356391310691833496e+00
5.123871564865112305e-01 1.369740009307861328e+00
5.133957862854003906e-01 1.373001575469970703e+00
5.144044160842895508e-01 1.377469301223754883e+00
5.154130458831787109e-01 1.383808255195617676e+00
5.164216756820678711e-01 1.371206521987915039e+00
5.174303054809570312e-01 1.376131296157836914e+00
5.184389352798461914e-01 1.368892073631286621e+00
5.194475650787353516e-01 1.366142511367797852e+00
5.204561948776245117e-01 1.362473368644714355e+00
5.214648842811584473e-01 1.370591640472412109e+00
5.224735140800476074e-01 1.373547554016113281e+00
5.234821438789367676e-01 1.353756427764892578e+00
5.244907736778259277e-01 1.358391642570495605e+00
5.254994034767150879e-01 1.366384029388427734e+00
5.265080332756042480e-01 1.363304495811462402e+00
5.275166630744934082e-01 1.365320324897766113e+00
5.285252928733825684e-01 1.368597626686096191e+00
5.295339226722717285e-01 1.353475809097290039e+00
5.305425524711608887e-01 1.376616954803466797e+00
5.315512418746948242e-01 1.358264803886413574e+00
5.325598716735839844e-01 1.359206557273864746e+00
5.335685014724731445e-01 1.333909988403320312e+00
5.345771312713623047e-01 1.363161921501159668e+00
5.355857610702514648e-01 1.349863886833190918e+00
5.365943908691406250e-01 1.376086711883544922e+00
5.376030206680297852e-01 1.361647486686706543e+00
5.386116504669189453e-01 1.356303930282592773e+00
5.396202802658081055e-01 1.338501572608947754e+00
5.406289696693420410e-01 1.356118202209472656e+00
5.416375994682312012e-01 1.336213231086730957e+00
5.426462292671203613e-01 1.350416302680969238e+00
5.436548590660095215e-01 1.332145929336547852e+00
5.446634888648986816e-01 1.355334520339965820e+00
5.456721186637878418e-01 1.355560541152954102e+00
5.466807484626770020e-01 1.349453568458557129e+00
5.476893782615661621e-01 1.333845615386962891e+00
5.486980080604553223e-01 1.341322302818298340e+00
5.497066378593444824e-01 1.323126316070556641e+00
5.507153272628784180e-01 1.334313750267028809e+00
5.517239570617675781e-01 1.332901120185852051e+00
5.527325868606567383e-01 1.325911760330200195e+00
5.537412166595458984e-01 1.324305295944213867e+00
5.547498464584350586e-01 1.332421183586120605e+00
5.557584762573242188e-01 1.347722411155700684e+00
5.567671060562133789e-01 1.322040081024169922e+00
5.577757358551025391e-01 1.320570707321166992e+00
5.587843656539916992e-01 1.339703679084777832e+00
5.597930550575256348e-01 1.328360795974731445e+00
5.608016848564147949e-01 1.335919976234436035e+00
5.618103146553039551e-01 1.328535318374633789e+00
5.628189444541931152e-01 1.303710699081420898e+00
5.638275742530822754e-01 1.324521064758300781e+00
5.648362040519714355e-01 1.321506500244140625e+00
5.658448338508605957e-01 1.329851508140563965e+00
5.668534636497497559e-01 1.311630010604858398e+00
5.678620934486389160e-01 1.319248914718627930e+00
5.688707232475280762e-01 1.311709523200988770e+00
5.698794126510620117e-01 1.309919714927673340e+00
5.708880424499511719e-01 1.299852132797241211e+00
5.718966722488403320e-01 1.314493894577026367e+00
5.729053020477294922e-01 1.301776051521301270e+00
5.739139318466186523e-01 1.293877363204956055e+00
5.749225616455078125e-01 1.310085773468017578e+00
5.759311914443969727e-01 1.290920138359069824e+00
5.769398212432861328e-01 1.273035764694213867e+00
5.779484510421752930e-01 1.284247756004333496e+00
5.789571404457092285e-01 1.317961573600769043e+00
5.799657702445983887e-01 1.320883393287658691e+00
5.809744000434875488e-01 1.294436097145080566e+00
5.819830298423767090e-01 1.301954030990600586e+00
5.829916596412658691e-01 1.297227978706359863e+00
5.840002894401550293e-01 1.315424799919128418e+00
5.850089192390441895e-01 1.293202042579650879e+00
5.860175490379333496e-01 1.305568099021911621e+00
5.870261788368225098e-01 1.307848095893859863e+00
5.880348086357116699e-01 1.311218738555908203e+00
5.890434980392456055e-01 1.299271941184997559e+00
5.900521278381347656e-01 1.302774190902709961e+00
5.910607576370239258e-01 1.295572996139526367e+00
5.920693874359130859e-01 1.307430863380432129e+00
5.930780172348022461e-01 1.281081318855285645e+00
5.940866470336914062e-01 1.300183892250061035e+00
5.950952768325805664e-01 1.290633082389831543e+00
5.961039066314697266e-01 1.318787813186645508e+00
5.971125364303588867e-01 1.317117929458618164e+00
5.981212258338928223e-01 1.295534014701843262e+00
5.991298556327819824e-01 1.306089162826538086e+00
6.001384854316711426e-01 1.296146154403686523e+00
6.011471152305603027e-01 1.294648170471191406e+00
6.021557450294494629e-01 1.299221992492675781e+00
6.031643748283386230e-01 1.294922351837158203e+00
6.041730046272277832e-01 1.278461575508117676e+00
6.051816344261169434e-01 1.279479265213012695e+00
6.061902642250061035e-01 1.313368320465087891e+00
6.071988940238952637e-01 1.297191023826599121e+00
6.082075834274291992e-01 1.295081615447998047e+00
6.092162132263183594e-01 1.306896924972534180e+00
6.102248430252075195e-01 1.311598896980285645e+00
6.112334728240966797e-01 1.293157100677490234e+00
6.122421026229858398e-01 1.285833120346069336e+00
6.132507324218750000e-01 1.279523372650146484e+00
6.142593622207641602e-01 1.274887919425964355e+00
6.152679920196533203e-01 1.277793765068054199e+00
6.162766218185424805e-01 1.286858558654785156e+00
6.172853112220764160e-01 1.305975079536437988e+00
6.182939410209655762e-01 1.296165227890014648e+00
6.193025708198547363e-01 1.291387557983398438e+00
6.203112006187438965e-01 1.267003178596496582e+00
6.213198304176330566e-01 1.289620280265808105e+00
6.223284602165222168e-01 1.298357248306274414e+00
6.233370900154113770e-01 1.290600180625915527e+00
6.243457198143005371e-01 1.296197533607482910e+00
6.253543496131896973e-01 1.297777175903320312e+00
6.263629794120788574e-01 1.287548780441284180e+00
6.273716688156127930e-01 1.288984894752502441e+00
6.283802986145019531e-01 1.285772204399108887e+00
6.293889284133911133e-01 1.276636838912963867e+00
6.303975582122802734e-01 1.269753217697143555e+00
6.314061880111694336e-01 1.278743743896484375e+00
6.324148178100585938e-01 1.276492238044738770e+00
6.334234476089477539e-01 1.279710054397583008e+00
6.344320774078369141e-01 1.276358485221862793e+00
6.354407072067260742e-01 1.264137387275695801e+00
6.364493966102600098e-01 1.265234351158142090e+00
6.374580264091491699e-01 1.294138431549072266e+00
6.384666562080383301e-01 1.270082235336303711e+00
6.394752860069274902e-01 1.266555309295654297e+00
6.404839158058166504e-01 1.285535693168640137e+00
6.414925456047058105e-01 1.265275835990905762e+00
6.425011754035949707e-01 1.270311236381530762e+00
6.435098052024841309e-01 1.269395828247070312e+00
6.445184350013732910e-01 1.266119122505187988e+00
6.455271244049072266e-01 1.283322930335998535e+00
6.465357542037963867e-01 1.271976232528686523e+00
6.475443840026855469e-01 1.273950695991516113e+00
6.485530138015747070e-01 1.253806829452514648e+00
6.495616436004638672e-01 1.251590609550476074e+00
6.505702733993530273e-01 1.300492525100708008e+00
6.515789031982421875e-01 1.276742219924926758e+00
6.525875329971313477e-01 1.264747262001037598e+00
6.535961627960205078e-01 1.275249838829040527e+00
6.546047925949096680e-01 1.253370523452758789e+00
6.556134819984436035e-01 1.265647530555725098e+00
6.566221117973327637e-01 1.254732728004455566e+00
6.576307415962219238e-01 1.247812628746032715e+00
6.586393713951110840e-01 1.262117385864257812e+00
6.596480011940002441e-01 1.241774320602416992e+00
6.606566309928894043e-01 1.254221916198730469e+00
6.616652607917785645e-01 1.285918712615966797e+00
6.626738905906677246e-01 1.257405519485473633e+00
6.636825203895568848e-01 1.272050261497497559e+00
6.646912097930908203e-01 1.262303948402404785e+00
6.656998395919799805e-01 1.266818165779113770e+00
6.667084693908691406e-01 1.269558906555175781e+00
6.677170991897583008e-01 1.237438678741455078e+00
6.687257289886474609e-01 1.260357737541198730e+00
6.697343587875366211e-01 1.274276256561279297e+00
6.707429885864257812e-01 1.276324868202209473e+00
6.717516183853149414e-01 1.257042169570922852e+00
6.727602481842041016e-01 1.251086950302124023e+00
6.737688779830932617e-01 1.265191197395324707e+00
6.747775673866271973e-01 1.293359041213989258e+00
6.757861971855163574e-01 1.285782337188720703e+00
6.767948269844055176e-01 1.269421219825744629e+00
6.778034567832946777e-01 1.254745006561279297e+00
6.788120865821838379e-01 1.267704010009765625e+00
6.798207163810729980e-01 1.276618838310241699e+00
6.808293461799621582e-01 1.259964942932128906e+00
6.818379759788513184e-01 1.284612059593200684e+00
6.828466057777404785e-01 1.281175374984741211e+00
6.838552951812744141e-01 1.271997094154357910e+00
6.848639249801635742e-01 1.255917549133300781e+00
6.858725547790527344e-01 1.260255932807922363e+00
6.868811845779418945e-01 1.281511306762695312e+00
6.878898143768310547e-01 1.270864963531494141e+00
6.888984441757202148e-01 1.272571086883544922e+00
6.899070739746093750e-01 1.274908065795898438e+00
6.909157037734985352e-01 1.255958437919616699e+00
6.919243335723876953e-01 1.266049504280090332e+00
6.929329633712768555e-01 1.249712824821472168e+00
6.939416527748107910e-01 1.241345286369323730e+00
6.949502825736999512e-01 1.242635726928710938e+00
6.959589123725891113e-01 1.288941621780395508e+00
6.969675421714782715e-01 1.278112530708312988e+00
6.979761719703674316e-01 1.248054862022399902e+00
6.989848017692565918e-01 1.251770377159118652e+00
6.999934315681457520e-01 1.278224825859069824e+00
7.010020613670349121e-01 1.264181137084960938e+00
7.020106911659240723e-01 1.265889763832092285e+00
7.030193805694580078e-01 1.262645959854125977e+00
7.040280103683471680e-01 1.256400465965270996e+00
7.050366401672363281e-01 1.264542818069458008e+00
7.060452699661254883e-01 1.277067065238952637e+00
7.070538997650146484e-01 1.258213400840759277e+00
7.080625295639038086e-01 1.263789415359497070e+00
7.090711593627929688e-01 1.278728365898132324e+00
7.100797891616821289e-01 1.255448460578918457e+00
7.110884189605712891e-01 1.260525703430175781e+00
7.120970487594604492e-01 1.271628618240356445e+00
7.131057381629943848e-01 1.273397564888000488e+00
7.141143679618835449e-01 1.276591300964355469e+00
7.151229977607727051e-01 1.280998706817626953e+00
7.161316275596618652e-01 1.275820970535278320e+00
7.171402573585510254e-01 1.273542284965515137e+00
7.181488871574401855e-01 1.285969018936157227e+00
7.191575169563293457e-01 1.285948038101196289e+00
7.201661467552185059e-01 1.268938183784484863e+00
7.211747765541076660e-01 1.276060938835144043e+00
7.221834659576416016e-01 1.287094116210937500e+00
7.231920957565307617e-01 1.276703119277954102e+00
7.242007255554199219e-01 1.302680730819702148e+00
7.252093553543090820e-01 1.278148174285888672e+00
7.262179851531982422e-01 1.269807338714599609e+00
7.272266149520874023e-01 1.270800948143005371e+00
7.282352447509765625e-01 1.269526243209838867e+00
7.292438745498657227e-01 1.274300575256347656e+00
7.302525043487548828e-01 1.282980203628540039e+00
7.312611341476440430e-01 1.293657302856445312e+00
7.322698235511779785e-01 1.295882821083068848e+00
7.332784533500671387e-01 1.279020905494689941e+00
7.342870831489562988e-01 1.269548296928405762e+00
7.352957129478454590e-01 1.295082926750183105e+00
7.363043427467346191e-01 1.286722421646118164e+00
7.373129725456237793e-01 1.253498554229736328e+00
7.383216023445129395e-01 1.286456465721130371e+00
7.393302321434020996e-01 1.255695939064025879e+00
7.403388619422912598e-01 1.286851048469543457e+00
7.413475513458251953e-01 1.267130494117736816e+00
7.423561811447143555e-01 1.274755120277404785e+00
7.433648109436035156e-01 1.265286684036254883e+00
7.443734407424926758e-01 1.267845153808593750e+00
7.453820705413818359e-01 1.261076927185058594e+00
7.463907003402709961e-01 1.243468523025512695e+00
7.473993301391601562e-01 1.271529793739318848e+00
7.484079599380493164e-01 1.287286639213562012e+00
7.494165897369384766e-01 1.301769137382507324e+00
7.504252195358276367e-01 1.279241204261779785e+00
7.514339089393615723e-01 1.296110391616821289e+00
7.524425387382507324e-01 1.341714859008789062e+00
7.534511685371398926e-01 1.334989666938781738e+00
7.544597983360290527e-01 1.296720981597900391e+00
7.554684281349182129e-01 1.278697848320007324e+00
7.564770579338073730e-01 1.274648666381835938e+00
7.574856877326965332e-01 1.286308765411376953e+00
7.584943175315856934e-01 1.280164837837219238e+00
7.595029473304748535e-01 1.281192183494567871e+00
7.605116367340087891e-01 1.308177709579467773e+00
7.615202665328979492e-01 1.281196832656860352e+00
7.625288963317871094e-01 1.282191991806030273e+00
7.635375261306762695e-01 1.280901670455932617e+00
7.645461559295654297e-01 1.300248980522155762e+00
7.655547857284545898e-01 1.298264503479003906e+00
7.665634155273437500e-01 1.291554093360900879e+00
7.675720453262329102e-01 1.264908671379089355e+00
7.685806751251220703e-01 1.285043716430664062e+00
7.695893049240112305e-01 1.315921068191528320e+00
7.705979943275451660e-01 1.294132947921752930e+00
7.716066241264343262e-01 1.270726561546325684e+00
7.726152539253234863e-01 1.278940916061401367e+00
7.736238837242126465e-01 1.279280900955200195e+00
7.746325135231018066e-01 1.288168787956237793e+00
7.756411433219909668e-01 1.294597268104553223e+00
7.766497731208801270e-01 1.317429184913635254e+00
7.776584029197692871e-01 1.293294072151184082e+00
7.786670327186584473e-01 1.297700881958007812e+00
7.796757221221923828e-01 1.271657109260559082e+00
7.806843519210815430e-01 1.307235240936279297e+00
7.816929817199707031e-01 1.294279694557189941e+00
7.827016115188598633e-01 1.274094939231872559e+00
7.837102413177490234e-01 1.291442513465881348e+00
7.847188711166381836e-01 1.316549181938171387e+00
7.857275009155273438e-01 1.315594196319580078e+00
7.867361307144165039e-01 1.305493235588073730e+00
7.877447605133056641e-01 1.288181424140930176e+00
7.887533903121948242e-01 1.296398997306823730e+00
7.897620797157287598e-01 1.301621198654174805e+00
7.907707095146179199e-01 1.307414889335632324e+00
7.917793393135070801e-01 1.300401568412780762e+00
7.927879691123962402e-01 1.316751360893249512e+00
7.937965989112854004e-01 1.276447892189025879e+00
7.948052287101745605e-01 1.309157013893127441e+00
7.958138585090637207e-01 1.281829357147216797e+00
7.968224883079528809e-01 1.291026115417480469e+00
7.978311181068420410e-01 1.277206301689147949e+00
7.988398075103759766e-01 1.266303300857543945e+00
7.998484373092651367e-01 1.312512040138244629e+00
8.008570671081542969e-01 1.322191834449768066e+00
8.018656969070434570e-01 1.300379753112792969e+00
8.028743267059326172e-01 1.277934789657592773e+00
8.038829565048217773e-01 1.308503866195678711e+00
8.048915863037109375e-01 1.316728830337524414e+00
8.059002161026000977e-01 1.315754175186157227e+00
8.069088459014892578e-01 1.306510210037231445e+00
8.079174757003784180e-01 1.309814929962158203e+00
8.089261651039123535e-01 1.326087594032287598e+00
8.099347949028015137e-01 1.327325344085693359e+00
8.109434247016906738e-01 1.304725289344787598e+00
8.119520545005798340e-01 1.314259052276611328e+00
8.129606842994689941e-01 1.333529114723205566e+00
8.139693140983581543e-01 1.302725672721862793e+00
8.149779438972473145e-01 1.323628306388854980e+00
8.159865736961364746e-01 1.317100167274475098e+00
8.169952034950256348e-01 1.348071932792663574e+00
8.180038928985595703e-01 1.335548400878906250e+00
8.190125226974487305e-01 1.342083334922790527e+00
8.200211524963378906e-01 1.323279142379760742e+00
8.210297822952270508e-01 1.331563353538513184e+00
8.220384120941162109e-01 1.340349078178405762e+00
8.230470418930053711e-01 1.328035712242126465e+00
8.240556716918945312e-01 1.320361971855163574e+00
8.250643014907836914e-01 1.322381377220153809e+00
8.260729312896728516e-01 1.331417798995971680e+00
8.270815610885620117e-01 1.336024761199951172e+00
8.280902504920959473e-01 1.330890536308288574e+00
8.290988802909851074e-01 1.324016690254211426e+00
8.301075100898742676e-01 1.312738418579101562e+00
8.311161398887634277e-01 1.327093005180358887e+00
8.321247696876525879e-01 1.318595647811889648e+00
8.331333994865417480e-01 1.310453653335571289e+00
8.341420292854309082e-01 1.339447498321533203e+00
8.351506590843200684e-01 1.335920929908752441e+00
8.361592888832092285e-01 1.338052630424499512e+00
8.371679782867431641e-01 1.361541271209716797e+00
8.381766080856323242e-01 1.357048630714416504e+00
8.391852378845214844e-01 1.334029555320739746e+00
8.401938676834106445e-01 1.328326463699340820e+00
8.412024974822998047e-01 1.327264785766601562e+00
8.422111272811889648e-01 1.331346154212951660e+00
8.432197570800781250e-01 1.337437987327575684e+00
8.442283868789672852e-01 1.329662203788757324e+00
8.452370166778564453e-01 1.346655249595642090e+00
8.462456464767456055e-01 1.346759438514709473e+00
8.472543358802795410e-01 1.340695977210998535e+00
8.482629656791687012e-01 1.320656776428222656e+00
8.492715954780578613e-01 1.315262913703918457e+00
8.502802252769470215e-01 1.313818454742431641e+00
8.512888550758361816e-01 1.302475452423095703e+00
8.522974848747253418e-01 1.294688940048217773e+00
8.533061146736145020e-01 1.324497938156127930e+00
8.543147444725036621e-01 1.315479636192321777e+00
8.553233742713928223e-01 1.287630558013916016e+00
8.563320636749267578e-01 1.305821537971496582e+00
8.573406934738159180e-01 1.286138892173767090e+00
8.583493232727050781e-01 1.306694030761718750e+00
8.593579530715942383e-01 1.311358809471130371e+00
8.603665828704833984e-01 1.299132227897644043e+00
8.613752126693725586e-01 1.298780679702758789e+00
8.623838424682617188e-01 1.273584961891174316e+00
8.633924722671508789e-01 1.292642951011657715e+00
8.644011020660400391e-01 1.269357204437255859e+00
8.654097318649291992e-01 1.266344904899597168e+00
8.664184212684631348e-01 1.284814596176147461e+00
8.674270510673522949e-01 1.266907930374145508e+00
8.684356808662414551e-01 1.295532464981079102e+00
8.694443106651306152e-01 1.304571986198425293e+00
8.704529404640197754e-01 1.325930595397949219e+00
8.714615702629089355e-01 1.322346568107604980e+00
8.724702000617980957e-01 1.299428820610046387e+00
8.734788298606872559e-01 1.305136203765869141e+00
8.744874596595764160e-01 1.295126795768737793e+00
8.754961490631103516e-01 1.295341968536376953e+00
8.765047788619995117e-01 1.280625581741333008e+00
8.775134086608886719e-01 1.289877772331237793e+00
8.785220384597778320e-01 1.274997234344482422e+00
8.795306682586669922e-01 1.273713231086730957e+00
8.805392980575561523e-01 1.290486216545104980e+00
8.815479278564453125e-01 1.281763434410095215e+00
8.825565576553344727e-01 1.305364370346069336e+00
8.835651874542236328e-01 1.273759007453918457e+00
8.845738172531127930e-01 1.301490545272827148e+00
8.855825066566467285e-01 1.279086947441101074e+00
8.865911364555358887e-01 1.298178791999816895e+00
8.875997662544250488e-01 1.279607892036437988e+00
8.886083960533142090e-01 1.307734608650207520e+00
8.896170258522033691e-01 1.276432633399963379e+00
8.906256556510925293e-01 1.284387111663818359e+00
8.916342854499816895e-01 1.313697576522827148e+00
8.926429152488708496e-01 1.298040747642517090e+00
8.936515450477600098e-01 1.308427214622497559e+00
8.946602344512939453e-01 1.312313795089721680e+00
8.956688642501831055e-01 1.348149895668029785e+00
8.966774940490722656e-01 1.328054666519165039e+00
8.976861238479614258e-01 1.284730434417724609e+00
8.986947536468505859e-01 1.296134591102600098e+00
8.997033834457397461e-01 1.307538509368896484e+00
9.007120132446289062e-01 1.302511453628540039e+00
9.017206430435180664e-01 1.258560776710510254e+00
9.027292728424072266e-01 1.286131024360656738e+00
9.037379026412963867e-01 1.289375185966491699e+00
9.047465920448303223e-01 1.295318961143493652e+00
9.057552218437194824e-01 1.332872509956359863e+00
9.067638516426086426e-01 1.292040348052978516e+00
9.077724814414978027e-01 1.306088685989379883e+00
9.087811112403869629e-01 1.300368070602416992e+00
9.097897410392761230e-01 1.325544595718383789e+00
9.107983708381652832e-01 1.294374942779541016e+00
9.118070006370544434e-01 1.294799447059631348e+00
9.128156304359436035e-01 1.285153865814208984e+00
9.138243198394775391e-01 1.308469772338867188e+00
9.148329496383666992e-01 1.325832486152648926e+00
9.158415794372558594e-01 1.313765406608581543e+00
9.168502092361450195e-01 1.292837858200073242e+00
9.178588390350341797e-01 1.304755091667175293e+00
9.188674688339233398e-01 1.337919235229492188e+00
9.198760986328125000e-01 1.321658968925476074e+00
9.208847284317016602e-01 1.326354503631591797e+00
9.218933582305908203e-01 1.325446248054504395e+00
9.229020476341247559e-01 1.321864128112792969e+00
9.239106774330139160e-01 1.299311995506286621e+00
9.249193072319030762e-01 1.340792655944824219e+00
9.259279370307922363e-01 1.298720955848693848e+00
9.269365668296813965e-01 1.306639552116394043e+00
9.279451966285705566e-01 1.300691604614257812e+00
9.289538264274597168e-01 1.307486653327941895e+00
9.299624562263488770e-01 1.324712038040161133e+00
9.309710860252380371e-01 1.329431414604187012e+00
9.319797158241271973e-01 1.312289834022521973e+00
9.329884052276611328e-01 1.345422983169555664e+00
9.339970350265502930e-01 1.333757400512695312e+00
9.350056648254394531e-01 1.332012772560119629e+00
9.360142946243286133e-01 1.322210550308227539e+00
9.370229244232177734e-01 1.295091629028320312e+00
9.380315542221069336e-01 1.307561516761779785e+00
9.390401840209960938e-01 1.332732915878295898e+00
9.400488138198852539e-01 1.338559627532958984e+00
9.410574436187744141e-01 1.314390778541564941e+00
9.420661330223083496e-01 1.321492195129394531e+00
9.430747628211975098e-01 1.328133583068847656e+00
9.440833926200866699e-01 1.365059852600097656e+00
9.450920224189758301e-01 1.335582852363586426e+00
9.461006522178649902e-01 1.345573425292968750e+00
9.471092820167541504e-01 1.308026075363159180e+00
9.481179118156433105e-01 1.350651741027832031e+00
9.491265416145324707e-01 1.337100625038146973e+00
9.501351714134216309e-01 1.357639551162719727e+00
9.511438012123107910e-01 1.316827654838562012e+00
9.521524906158447266e-01 1.375645160675048828e+00
9.531611204147338867e-01 1.336402058601379395e+00
9.541697502136230469e-01 1.318206071853637695e+00
9.551783800125122070e-01 1.323503017425537109e+00
9.561870098114013672e-01 1.332211613655090332e+00
9.571956396102905273e-01 1.335554599761962891e+00
9.582042694091796875e-01 1.345640540122985840e+00
9.592128992080688477e-01 1.307587742805480957e+00
9.602215290069580078e-01 1.299755454063415527e+00
9.612302184104919434e-01 1.304221987724304199e+00
9.622388482093811035e-01 1.323715925216674805e+00
9.632474780082702637e-01 1.345563054084777832e+00
9.642561078071594238e-01 1.305977344512939453e+00
9.652647376060485840e-01 1.321998834609985352e+00
9.662733674049377441e-01 1.315909981727600098e+00
9.672819972038269043e-01 1.332019448280334473e+00
9.682906270027160645e-01 1.350072503089904785e+00
9.692992568016052246e-01 1.339216709136962891e+00
9.703078866004943848e-01 1.352730274200439453e+00
9.713165760040283203e-01 1.344519019126892090e+00
9.723252058029174805e-01 1.373674154281616211e+00
9.733338356018066406e-01 1.318025469779968262e+00
9.743424654006958008e-01 1.345600366592407227e+00
9.753510951995849609e-01 1.344516038894653320e+00
9.763597249984741211e-01 1.338164806365966797e+00
9.773683547973632812e-01 1.334689974784851074e+00
9.783769845962524414e-01 1.297649502754211426e+00
9.793856143951416016e-01 1.317852020263671875e+00
9.803943037986755371e-01 1.353670358657836914e+00
9.814029335975646973e-01 1.378458261489868164e+00
9.824115633964538574e-01 1.355420827865600586e+00
9.834201931953430176e-01 1.332669615745544434e+00
9.844288229942321777e-01 1.321720242500305176e+00
9.854374527931213379e-01 1.376485347747802734e+00
9.864460825920104980e-01 1.363003849983215332e+00
9.874547123908996582e-01 1.316522479057312012e+00
9.884633421897888184e-01 1.314920306205749512e+00
9.894719719886779785e-01 1.335857152938842773e+00
9.904806613922119141e-01 1.344098091125488281e+00
9.914892911911010742e-01 1.363824367523193359e+00
9.924979209899902344e-01 1.310708880424499512e+00
9.935065507888793945e-01 1.282614231109619141e+00
9.945151805877685547e-01 1.283673763275146484e+00
9.955238103866577148e-01 1.292885899543762207e+00
9.965324401855468750e-01 1.328647255897521973e+00
9.975410699844360352e-01 1.350254297256469727e+00
9.985496997833251953e-01 1.317849040031433105e+00
9.995583891868591309e-01 1.316140294075012207e+00
1.000566959381103516e+00 1.311429500579833984e+00
1.001575589179992676e+00 1.310486555099487305e+00
1.002584218978881836e+00 1.306196451187133789e+00
1.003592848777770996e+00 1.326389908790588379e+00
1.004601597785949707e+00 1.300388097763061523e+00
1.005610227584838867e+00 1.322597503662109375e+00
1.006618857383728027e+00 1.320746064186096191e+00
1.007627487182617188e+00 1.320787549018859863e+00
1.008636116981506348e+00 1.296161890029907227e+00
1.009644746780395508e+00 1.302645325660705566e+00
1.010653376579284668e+00 1.319511890411376953e+00
1.011662006378173828e+00 1.378271818161010742e+00
1.012670636177062988e+00 1.371934413909912109e+00
1.013679265975952148e+00 1.330383658409118652e+00
1.014687895774841309e+00 1.289313077926635742e+00
1.015696525573730469e+00 1.298793673515319824e+00
1.016705155372619629e+00 1.298546075820922852e+00
1.017713785171508789e+00 1.303556442260742188e+00
1.018722414970397949e+00 1.284452319145202637e+00
1.019731044769287109e+00 1.326105356216430664e+00
1.020739674568176270e+00 1.372557997703552246e+00
1.021748304367065430e+00 1.302731871604919434e+00
1.022756934165954590e+00 1.290673255920410156e+00
1.023765683174133301e+00 1.299968361854553223e+00
1.024774312973022461e+00 1.306904435157775879e+00
1.025782942771911621e+00 1.304233551025390625e+00
1.026791572570800781e+00 1.291997551918029785e+00
1.027800202369689941e+00 1.339805722236633301e+00
1.028808832168579102e+00 1.331559181213378906e+00
1.029817461967468262e+00 1.278021335601806641e+00
1.030826091766357422e+00 1.316837668418884277e+00
1.031834721565246582e+00 1.413268923759460449e+00
1.032843351364135742e+00 1.342583537101745605e+00
1.033851981163024902e+00 1.362067580223083496e+00
1.034860610961914062e+00 1.368606567382812500e+00
1.035869240760803223e+00 1.278797984123229980e+00
1.036877870559692383e+00 1.366013765335083008e+00
1.037886500358581543e+00 1.329235434532165527e+00
1.038895130157470703e+00 1.345614194869995117e+00
1.039903759956359863e+00 1.336410999298095703e+00
1.040912389755249023e+00 1.381925106048583984e+00
1.041921019554138184e+00 1.346320152282714844e+00
1.042929768562316895e+00 1.371214509010314941e+00
1.043938398361206055e+00 1.352116584777832031e+00
1.044947028160095215e+00 1.371282696723937988e+00
1.045955657958984375e+00 1.439711809158325195e+00
1.046964287757873535e+00 1.355944514274597168e+00
1.047972917556762695e+00 1.335525155067443848e+00
1.048981547355651855e+00 1.342689037322998047e+00
1.049990177154541016e+00 1.311972975730895996e+00
1.050998806953430176e+00 1.367129802703857422e+00
1.052007436752319336e+00 1.353856801986694336e+00
1.053016066551208496e+00 1.360313534736633301e+00
1.054024696350097656e+00 1.396586298942565918e+00
1.055033326148986816e+00 1.374765276908874512e+00
1.056041955947875977e+00 1.387868046760559082e+00
1.057050585746765137e+00 1.385603189468383789e+00
1.058059215545654297e+00 1.391635537147521973e+00
1.059067845344543457e+00 1.373776555061340332e+00
1.060076475143432617e+00 1.297263741493225098e+00
1.061085104942321777e+00 1.327266454696655273e+00
1.062093853950500488e+00 1.377568244934082031e+00
1.063102483749389648e+00 1.382638692855834961e+00
1.064111113548278809e+00 1.353923201560974121e+00
1.065119743347167969e+00 1.357043266296386719e+00
1.066128373146057129e+00 1.386018991470336914e+00
1.067137002944946289e+00 1.380465388298034668e+00
1.068145632743835449e+00 1.437287807464599609e+00
1.069154262542724609e+00 1.433948874473571777e+00
1.070162892341613770e+00 1.371379733085632324e+00
1.071171522140502930e+00 1.372018456459045410e+00
1.072180151939392090e+00 1.384955286979675293e+00
1.073188781738281250e+00 1.425615668296813965e+00
1.074197411537170410e+00 1.383025765419006348e+00
1.075206041336059570e+00 1.374794363975524902e+00
1.076214671134948730e+00 1.460948109626770020e+00
1.077223300933837891e+00 1.509737610816955566e+00
1.078231930732727051e+00 1.426895737648010254e+00
1.079240560531616211e+00 1.458030343055725098e+00
1.080249190330505371e+00 1.420899271965026855e+00
1.081257939338684082e+00 1.496141195297241211e+00
1.082266569137573242e+00 1.382259249687194824e+00
1.083275198936462402e+00 1.372799992561340332e+00
1.084283828735351562e+00 1.330614686012268066e+00
1.085292458534240723e+00 1.359592556953430176e+00
1.086301088333129883e+00 1.381363987922668457e+00
1.087309718132019043e+00 1.470800042152404785e+00
1.088318347930908203e+00 1.423863530158996582e+00
1.089326977729797363e+00 1.441847205162048340e+00
1.090335607528686523e+00 1.389137625694274902e+00
1.091344237327575684e+00 1.403033256530761719e+00
1.092352867126464844e+00 1.467802286148071289e+00
1.093361496925354004e+00 1.434276819229125977e+00
1.094370126724243164e+00 1.349529862403869629e+00
1.095378756523132324e+00 1.362838149070739746e+00
1.096387386322021484e+00 1.356294989585876465e+00
1.097396016120910645e+00 1.383477926254272461e+00
1.098404645919799805e+00 1.394549727439880371e+00
1.099413275718688965e+00 1.465704679489135742e+00
1.100422024726867676e+00 1.464713692665100098e+00
1.101430654525756836e+00 1.420368075370788574e+00
1.102439284324645996e+00 1.465087652206420898e+00
1.103447914123535156e+00 1.412672042846679688e+00
1.104456543922424316e+00 1.344790816307067871e+00
1.105465173721313477e+00 1.390220761299133301e+00
1.106473803520202637e+00 1.413874387741088867e+00
1.107482433319091797e+00 1.453787446022033691e+00
1.108491063117980957e+00 1.418524980545043945e+00
1.109499692916870117e+00 1.426887869834899902e+00
1.110508322715759277e+00 1.430753946304321289e+00
1.111516952514648438e+00 1.485675692558288574e+00
1.112525582313537598e+00 1.408439636230468750e+00
1.113534212112426758e+00 1.401251912117004395e+00
1.114542841911315918e+00 1.418751239776611328e+00
1.115551471710205078e+00 1.541300058364868164e+00
1.116560101509094238e+00 1.455407261848449707e+00
1.117568731307983398e+00 1.431744813919067383e+00
1.118577361106872559e+00 1.522218823432922363e+00
1.119586110115051270e+00 1.491081833839416504e+00
1.120594739913940430e+00 1.412413954734802246e+00
1.121603369712829590e+00 1.471736192703247070e+00
1.122611999511718750e+00 1.512457132339477539e+00
1.123620629310607910e+00 1.497514843940734863e+00
1.124629259109497070e+00 1.457680583000183105e+00
1.125637888908386230e+00 1.450224995613098145e+00
1.126646518707275391e+00 1.459284782409667969e+00
1.127655148506164551e+00 1.441114664077758789e+00
1.128663778305053711e+00 1.446270823478698730e+00
1.129672408103942871e+00 1.454795002937316895e+00
1.130681037902832031e+00 1.546851277351379395e+00
1.131689667701721191e+00 1.470399260520935059e+00
1.132698297500610352e+00 1.499004721641540527e+00
1.133706927299499512e+00 1.388405442237854004e+00
1.134715557098388672e+00 1.570467114448547363e+00
1.135724186897277832e+00 1.554218530654907227e+00
1.136732816696166992e+00 1.509688735008239746e+00
1.137741446495056152e+00 1.469696402549743652e+00
1.138750195503234863e+00 1.490128755569458008e+00
1.139758825302124023e+00 1.589169859886169434e+00
1.140767455101013184e+00 1.582950234413146973e+00
1.141776084899902344e+00 1.506878852844238281e+00
1.142784714698791504e+00 1.495145559310913086e+00
1.143793344497680664e+00 1.480869293212890625e+00
1.144801974296569824e+00 1.448726177215576172e+00
1.145810604095458984e+00 1.470042943954467773e+00
1.146819233894348145e+00 1.556418657302856445e+00
1.147827863693237305e+00 1.448764562606811523e+00
1.148836493492126465e+00 1.409462928771972656e+00
1.149845123291015625e+00 1.531483292579650879e+00
1.150853753089904785e+00 1.603897809982299805e+00
1.151862382888793945e+00 1.469421148300170898e+00
1.152871012687683105e+00 1.595093011856079102e+00
1.153879642486572266e+00 1.541115164756774902e+00
1.154888272285461426e+00 1.537539124488830566e+00
1.155896902084350586e+00 1.482398629188537598e+00
1.156905531883239746e+00 1.455033779144287109e+00
1.157914280891418457e+00 1.515474915504455566e+00
1.158922910690307617e+00 1.531062006950378418e+00
1.159931540489196777e+00 1.609733462333679199e+00
1.160940170288085938e+00 1.764960169792175293e+00
1.161948800086975098e+00 1.651421546936035156e+00
1.162957429885864258e+00 1.539705276489257812e+00
1.163966059684753418e+00 1.484708905220031738e+00
1.164974689483642578e+00 1.648354530334472656e+00
1.165983319282531738e+00 1.784164905548095703e+00
1.166991949081420898e+00 1.593857645988464355e+00
1.168000578880310059e+00 1.508181333541870117e+00
1.169009208679199219e+00 1.668397784233093262e+00
1.170017838478088379e+00 1.612324595451354980e+00
1.171026468276977539e+00 1.638856172561645508e+00
1.172035098075866699e+00 1.595570087432861328e+00
1.173043727874755859e+00 1.647475004196166992e+00
1.174052357673645020e+00 1.627057909965515137e+00
1.175060987472534180e+00 1.523710131645202637e+00
1.176069617271423340e+00 1.538758993148803711e+00
1.177078366279602051e+00 1.539274454116821289e+00
1.178086996078491211e+00 1.649327516555786133e+00
1.179095625877380371e+00 1.600969433784484863e+00
1.180104255676269531e+00 1.643610954284667969e+00
1.181112885475158691e+00 1.626306295394897461e+00
1.182121515274047852e+00 1.650102496147155762e+00
1.183130145072937012e+00 1.585157752037048340e+00
1.184138774871826172e+00 1.627367138862609863e+00
1.185147404670715332e+00 1.439334630966186523e+00
1.186156034469604492e+00 1.651682734489440918e+00
1.187164664268493652e+00 1.684632420539855957e+00
1.188173294067382812e+00 1.714215040206909180e+00
1.189181923866271973e+00 1.625823855400085449e+00
1.190190553665161133e+00 1.739964246749877930e+00
1.191199183464050293e+00 1.968137264251708984e+00
1.192207813262939453e+00 1.810912251472473145e+00
1.193216443061828613e+00 1.839831113815307617e+00
1.194225072860717773e+00 1.644073963165283203e+00
1.195233702659606934e+00 1.600711822509765625e+00
1.196242451667785645e+00 1.937820553779602051e+00
1.197251081466674805e+00 1.767149925231933594e+00
1.198259711265563965e+00 1.839727044105529785e+00
1.199268341064453125e+00 1.758288860321044922e+00
1.200276970863342285e+00 1.387890815734863281e+00
1.201285600662231445e+00 1.737541675567626953e+00
1.202294230461120605e+00 1.604890704154968262e+00
1.203302860260009766e+00 1.870639324188232422e+00
1.204311490058898926e+00 1.677664279937744141e+00
1.205320119857788086e+00 1.647930502891540527e+00
1.206328749656677246e+00 1.879428625106811523e+00
1.207337379455566406e+00 1.917244315147399902e+00
1.208346009254455566e+00 1.888416171073913574e+00
1.209354639053344727e+00 1.623617053031921387e+00
