0.000000000000000000e+00 1.807231689453125000e+03
1.008636085316538811e-03 1.391781982421875000e+03
2.017272170633077621e-03 1.047124267578125000e+03
3.025908255949616432e-03 8.371210327148437500e+02
4.034544341266155243e-03 6.748119506835937500e+02
5.043180659413337708e-03 5.616193847656250000e+02
6.051816511899232864e-03 4.568647460937500000e+02
7.060452364385128021e-03 3.854498596191406250e+02
8.069088682532310486e-03 3.322225646972656250e+02
9.077725000679492950e-03 2.812774047851562500e+02
1.008636131882667542e-02 2.422942352294921875e+02
1.109499670565128326e-02 2.135251770019531250e+02
1.210363302379846573e-02 1.827159423828125000e+02
1.311226934194564819e-02 1.591305236816406250e+02
1.412090472877025604e-02 1.418007659912109375e+02
1.512954104691743851e-02 1.257874603271484375e+02
1.613817736506462097e-02 1.108348541259765625e+02
1.714681275188922882e-02 1.003492889404296875e+02
1.815545000135898590e-02 9.131251525878906250e+01
1.916408538818359375e-02 8.230627441406250000e+01
2.017272263765335083e-02 7.516880035400390625e+01
2.118135802447795868e-02 6.851492309570312500e+01
2.218999341130256653e-02 6.240546035766601562e+01
2.319863066077232361e-02 5.747706985473632812e+01
2.420726604759693146e-02 5.295884323120117188e+01
2.521590143442153931e-02 4.844497680664062500e+01
2.622453868389129639e-02 4.418082427978515625e+01
2.723317407071590424e-02 4.082330703735351562e+01
2.824180945754051208e-02 3.830147933959960938e+01
2.925044670701026917e-02 3.501160812377929688e+01
3.025908209383487701e-02 3.284764480590820312e+01
3.126771748065948486e-02 3.110009002685546875e+01
3.227635473012924194e-02 2.860990905761718750e+01
3.328499197959899902e-02 2.680026626586914062e+01
3.429362550377845764e-02 2.509246253967285156e+01
3.530226275324821472e-02 2.335496520996093750e+01
3.631090000271797180e-02 2.201796150207519531e+01
3.731953352689743042e-02 2.030694580078125000e+01
3.832817077636718750e-02 1.938719749450683594e+01
3.933680802583694458e-02 1.795197486877441406e+01
4.034544527530670166e-02 1.689101600646972656e+01
4.135407879948616028e-02 1.577147006988525391e+01
4.236271604895591736e-02 1.509941387176513672e+01
4.337135329842567444e-02 1.410337162017822266e+01
4.437998682260513306e-02 1.316345119476318359e+01
4.538862407207489014e-02 1.289054489135742188e+01
4.639726132154464722e-02 1.227285480499267578e+01
4.740589484572410583e-02 1.151746273040771484e+01
4.841453209519386292e-02 1.106570720672607422e+01
4.942316934466362000e-02 1.054728507995605469e+01
5.043180286884307861e-02 9.861729621887207031e+00
5.144044011831283569e-02 9.438823699951171875e+00
5.244907736778259277e-02 9.135296821594238281e+00
5.345771089196205139e-02 8.809528350830078125e+00
5.446634814143180847e-02 8.306699752807617188e+00
5.547498539090156555e-02 8.071379661560058594e+00
5.648361891508102417e-02 7.689817428588867188e+00
5.749225616455078125e-02 7.338471412658691406e+00
5.850089341402053833e-02 7.139226913452148438e+00
5.950953066349029541e-02 6.897913932800292969e+00
6.051816418766975403e-02 6.736073017120361328e+00
6.152680143713951111e-02 6.475370883941650391e+00
6.253543496131896973e-02 6.130658626556396484e+00
6.354407221078872681e-02 5.952931404113769531e+00
6.455270946025848389e-02 5.786295413970947266e+00
6.556134670972824097e-02 5.634313583374023438e+00
6.656998395919799805e-02 5.383175373077392578e+00
6.757862120866775513e-02 5.244945049285888672e+00
6.858725100755691528e-02 5.142323493957519531e+00
6.959588825702667236e-02 5.152085304260253906e+00
7.060452550649642944e-02 4.959030151367187500e+00
7.161316275596618652e-02 4.786643028259277344e+00
7.262180000543594360e-02 4.747233867645263672e+00
7.363043725490570068e-02 4.658369541168212891e+00
7.463906705379486084e-02 4.471932888031005859e+00
7.564770430326461792e-02 4.317587375640869141e+00
7.665634155273437500e-02 4.312996387481689453e+00
7.766497880220413208e-02 4.247962474822998047e+00
7.867361605167388916e-02 4.116585254669189453e+00
7.968225330114364624e-02 4.031474590301513672e+00
8.069089055061340332e-02 3.857690095901489258e+00
8.169952034950256348e-02 3.888257503509521484e+00
8.270815759897232056e-02 3.791806936264038086e+00
8.371679484844207764e-02 3.678691148757934570e+00
8.472543209791183472e-02 3.708892107009887695e+00
8.573406934738159180e-02 3.645846128463745117e+00
8.674270659685134888e-02 3.614755153656005859e+00
8.775133639574050903e-02 3.539071321487426758e+00
8.875997364521026611e-02 3.544546127319335938e+00
8.976861089468002319e-02 3.434197664260864258e+00
9.077724814414978027e-02 3.420663356781005859e+00
9.178588539361953735e-02 3.336127042770385742e+00
9.279452264308929443e-02 3.345293045043945312e+00
9.380315244197845459e-02 3.249151229858398438e+00
9.481178969144821167e-02 3.222591400146484375e+00
9.582042694091796875e-02 3.146472454071044922e+00
9.682906419038772583e-02 3.182095527648925781e+00
9.783770143985748291e-02 3.130789995193481445e+00
9.884633868932723999e-02 3.105137348175048828e+00
9.985497593879699707e-02 3.030433416366577148e+00
1.008636057376861572e-01 3.003586769104003906e+00
1.018722429871559143e-01 2.981346845626831055e+00
1.028808802366256714e-01 3.008105993270874023e+00
1.038895174860954285e-01 3.003020524978637695e+00
1.048981547355651855e-01 2.953764200210571289e+00
1.059067919850349426e-01 2.860974311828613281e+00
1.069154217839241028e-01 2.895853042602539062e+00
1.079240590333938599e-01 2.863647699356079102e+00
1.089326962828636169e-01 2.809101581573486328e+00
1.099413335323333740e-01 2.744518041610717773e+00
1.109499707818031311e-01 2.806967020034790039e+00
1.119586080312728882e-01 2.773791074752807617e+00
1.129672378301620483e-01 2.707826137542724609e+00
1.139758750796318054e-01 2.737364768981933594e+00
1.149845123291015625e-01 2.732124328613281250e+00
1.159931495785713196e-01 2.651873111724853516e+00
1.170017868280410767e-01 2.707564353942871094e+00
1.180104240775108337e-01 2.664495468139648438e+00
1.190190613269805908e-01 2.651386260986328125e+00
1.200276911258697510e-01 2.597937583923339844e+00
1.210363283753395081e-01 2.555512666702270508e+00
1.220449656248092651e-01 2.567241907119750977e+00
1.230536028742790222e-01 2.578912019729614258e+00
1.240622401237487793e-01 2.590464115142822266e+00
1.250708699226379395e-01 2.532904386520385742e+00
1.260795146226882935e-01 2.570298194885253906e+00
1.270881444215774536e-01 2.481411933898925781e+00
1.280967891216278076e-01 2.536335229873657227e+00
1.291054189205169678e-01 2.502201557159423828e+00
1.301140487194061279e-01 2.515594482421875000e+00
1.311226934194564819e-01 2.496147155761718750e+00
1.321313232183456421e-01 2.500963211059570312e+00
1.331399679183959961e-01 2.397989273071289062e+00
1.341485977172851562e-01 2.415869474411010742e+00
1.351572424173355103e-01 2.409244537353515625e+00
1.361658722162246704e-01 2.436983108520507812e+00
1.371745020151138306e-01 2.484892845153808594e+00
1.381831467151641846e-01 2.424408912658691406e+00
1.391917765140533447e-01 2.418846845626831055e+00
1.402004212141036987e-01 2.380367040634155273e+00
1.412090510129928589e-01 2.404263257980346680e+00
1.422176808118820190e-01 2.437782764434814453e+00
1.432263255119323730e-01 2.410485029220581055e+00
1.442349553108215332e-01 2.409762144088745117e+00
1.452436000108718872e-01 2.365198850631713867e+00
1.462522298097610474e-01 2.331094503402709961e+00
1.472608745098114014e-01 2.308319568634033203e+00
1.482695043087005615e-01 2.322937965393066406e+00
1.492781341075897217e-01 2.368242740631103516e+00
1.502867788076400757e-01 2.364098310470581055e+00
1.512954086065292358e-01 2.284249305725097656e+00
1.523040533065795898e-01 2.369148969650268555e+00
1.533126831054687500e-01 2.336630344390869141e+00
1.543213278055191040e-01 2.306516885757446289e+00
1.553299576044082642e-01 2.337294340133666992e+00
1.563385874032974243e-01 2.290378093719482422e+00
1.573472321033477783e-01 2.255255937576293945e+00
1.583558619022369385e-01 2.251116752624511719e+00
1.593645066022872925e-01 2.219980955123901367e+00
1.603731364011764526e-01 2.224862098693847656e+00
1.613817811012268066e-01 2.222703456878662109e+00
1.623904109001159668e-01 2.207286357879638672e+00
1.633990406990051270e-01 2.233897924423217773e+00
1.644076853990554810e-01 2.240246057510375977e+00
1.654163151979446411e-01 2.301385641098022461e+00
1.664249598979949951e-01 2.244836568832397461e+00
1.674335896968841553e-01 2.242120504379272461e+00
1.684422194957733154e-01 2.190911531448364258e+00
1.694508641958236694e-01 2.204295635223388672e+00
1.704594939947128296e-01 2.173240184783935547e+00
1.714681386947631836e-01 2.151022195816040039e+00
1.724767684936523438e-01 2.137830734252929688e+00
1.734854131937026978e-01 2.159413814544677734e+00
1.744940429925918579e-01 2.168035745620727539e+00
1.755026727914810181e-01 2.176552295684814453e+00
1.765113174915313721e-01 2.202317953109741211e+00
1.775199472904205322e-01 2.189905405044555664e+00
1.785285919904708862e-01 2.173730373382568359e+00
1.795372217893600464e-01 2.193620681762695312e+00
1.805458664894104004e-01 2.170540809631347656e+00
1.815544962882995605e-01 2.179148197174072266e+00
1.825631260871887207e-01 2.123168230056762695e+00
1.835717707872390747e-01 2.127640962600708008e+00
1.845804005861282349e-01 2.113556385040283203e+00
1.855890452861785889e-01 2.094137430191040039e+00
1.865976750850677490e-01 2.158918857574462891e+00
1.876063048839569092e-01 2.141015529632568359e+00
1.886149495840072632e-01 2.065928697586059570e+00
1.896235793828964233e-01 2.105816125869750977e+00
1.906322240829467773e-01 2.089316606521606445e+00
1.916408538818359375e-01 2.149385452270507812e+00
1.926494985818862915e-01 2.095259904861450195e+00
1.936581283807754517e-01 2.059174776077270508e+00
1.946667581796646118e-01 2.110696792602539062e+00
1.956754028797149658e-01 2.063732385635375977e+00
1.966840326786041260e-01 2.080868959426879883e+00
1.976926773786544800e-01 2.077404975891113281e+00
1.987013071775436401e-01 2.052770376205444336e+00
1.997099518775939941e-01 2.064883708953857422e+00
2.007185816764831543e-01 2.061586856842041016e+00
2.017272114753723145e-01 2.039944648742675781e+00
2.027358561754226685e-01 2.057942867279052734e+00
2.037444859743118286e-01 2.095167636871337891e+00
2.047531306743621826e-01 2.063692808151245117e+00
2.057617604732513428e-01 2.065789699554443359e+00
2.067703902721405029e-01 2.076096296310424805e+00
2.077790349721908569e-01 2.075453996658325195e+00
2.087876647710800171e-01 2.042634248733520508e+00
2.097963094711303711e-01 2.011742591857910156e+00
2.108049392700195312e-01 2.089467287063598633e+00
2.118135839700698853e-01 2.102486848831176758e+00
2.128222137689590454e-01 2.043313264846801758e+00
2.138308435678482056e-01 2.032247543334960938e+00
2.148394882678985596e-01 2.081301689147949219e+00
2.158481180667877197e-01 2.022999286651611328e+00
2.168567627668380737e-01 2.040317058563232422e+00
2.178653925657272339e-01 2.049159288406372070e+00
2.188740372657775879e-01 2.019345521926879883e+00
2.198826670646667480e-01 1.987474560737609863e+00
2.208912968635559082e-01 2.015724420547485352e+00
2.218999415636062622e-01 2.053670883178710938e+00
2.229085713624954224e-01 2.031070232391357422e+00
2.239172160625457764e-01 2.041590929031372070e+00
2.249258458614349365e-01 2.020890235900878906e+00
2.259344756603240967e-01 2.027526855468750000e+00
2.269431203603744507e-01 2.016235828399658203e+00
2.279517501592636108e-01 2.038349390029907227e+00
2.289603948593139648e-01 2.008186578750610352e+00
2.299690246582031250e-01 2.024466991424560547e+00
2.309776693582534790e-01 1.998584270477294922e+00
2.319862991571426392e-01 2.047349929809570312e+00
2.329949289560317993e-01 2.010814428329467773e+00
2.340035736560821533e-01 1.975783705711364746e+00
2.350122034549713135e-01 1.992928981781005859e+00
2.360208481550216675e-01 1.967808485031127930e+00
2.370294779539108276e-01 1.990169048309326172e+00
2.380381226539611816e-01 2.041515350341796875e+00
2.390467524528503418e-01 1.992207288742065430e+00
2.400553822517395020e-01 1.989583730697631836e+00
2.410640269517898560e-01 2.016823768615722656e+00
2.420726567506790161e-01 2.088895082473754883e+00
2.430813014507293701e-01 2.162452697753906250e+00
2.440899312496185303e-01 2.003630876541137695e+00
2.450985759496688843e-01 1.986748933792114258e+00
2.461072057485580444e-01 2.005680561065673828e+00
2.471158355474472046e-01 2.001719236373901367e+00
2.481244802474975586e-01 2.006690025329589844e+00
2.491331100463867188e-01 1.992151856422424316e+00
2.501417398452758789e-01 2.003822326660156250e+00
2.511503994464874268e-01 2.014728069305419922e+00
2.521590292453765869e-01 2.033058881759643555e+00
2.531676590442657471e-01 1.974581480026245117e+00
2.541762888431549072e-01 2.022287368774414062e+00
2.551849186420440674e-01 2.024549484252929688e+00
2.561935782432556152e-01 1.999315381050109863e+00
2.572022080421447754e-01 2.017172098159790039e+00
2.582108378410339355e-01 2.041642665863037109e+00
2.592194676399230957e-01 2.005156517028808594e+00
2.602280974388122559e-01 2.031765699386596680e+00
2.612367570400238037e-01 2.001378536224365234e+00
2.622453868389129639e-01 2.030782222747802734e+00
2.632540166378021240e-01 2.006995439529418945e+00
2.642626464366912842e-01 2.004978895187377930e+00
2.652712762355804443e-01 2.012964725494384766e+00
2.662799358367919922e-01 2.019962787628173828e+00
2.672885656356811523e-01 2.022910594940185547e+00
2.682971954345703125e-01 2.014071941375732422e+00
2.693058252334594727e-01 1.997305750846862793e+00
2.703144848346710205e-01 2.011052131652832031e+00
2.713231146335601807e-01 2.011343002319335938e+00
2.723317444324493408e-01 2.010140895843505859e+00
2.733403742313385010e-01 2.015072345733642578e+00
2.743490040302276611e-01 2.043189764022827148e+00
2.753576636314392090e-01 2.005843639373779297e+00
2.763662934303283691e-01 2.034388065338134766e+00
2.773749232292175293e-01 2.000178098678588867e+00
2.783835530281066895e-01 2.000076055526733398e+00
2.793921828269958496e-01 2.014296054840087891e+00
2.804008424282073975e-01 2.031635761260986328e+00
2.814094722270965576e-01 1.993302941322326660e+00
2.824181020259857178e-01 2.031521081924438477e+00
2.834267318248748779e-01 1.981739759445190430e+00
2.844353616237640381e-01 1.999542713165283203e+00
2.854440212249755859e-01 1.988577842712402344e+00
2.864526510238647461e-01 2.011630058288574219e+00
2.874612808227539062e-01 2.016520738601684570e+00
2.884699106216430664e-01 2.030456066131591797e+00
2.894785702228546143e-01 2.001384019851684570e+00
2.904872000217437744e-01 2.014739990234375000e+00
2.914958298206329346e-01 2.007609128952026367e+00
2.925044596195220947e-01 2.036685228347778320e+00
2.935130894184112549e-01 2.024764060974121094e+00
2.945217490196228027e-01 2.029165744781494141e+00
2.955303788185119629e-01 2.004917383193969727e+00
2.965390086174011230e-01 1.989773750305175781e+00
2.975476384162902832e-01 2.003958225250244141e+00
2.985562682151794434e-01 2.028658628463745117e+00
2.995649278163909912e-01 2.018507003784179688e+00
3.005735576152801514e-01 2.052892923355102539e+00
3.015821874141693115e-01 2.056287050247192383e+00
3.025908172130584717e-01 2.007606983184814453e+00
3.035994470119476318e-01 2.013338327407836914e+00
3.046081066131591797e-01 2.018273353576660156e+00
3.056167364120483398e-01 2.019234418869018555e+00
3.066253662109375000e-01 2.021579980850219727e+00
3.076339960098266602e-01 2.042212963104248047e+00
3.086426556110382080e-01 2.061243295669555664e+00
3.096512854099273682e-01 2.075109243392944336e+00
3.106599152088165283e-01 2.024841547012329102e+00
3.116685450077056885e-01 2.066664457321166992e+00
3.126771748065948486e-01 2.054624557495117188e+00
3.136858344078063965e-01 2.034062862396240234e+00
3.146944642066955566e-01 2.030441522598266602e+00
3.157030940055847168e-01 2.035821914672851562e+00
3.167117238044738770e-01 2.013752698898315430e+00
3.177203536033630371e-01 2.039203643798828125e+00
3.187290132045745850e-01 2.052704811096191406e+00
3.197376430034637451e-01 2.066961050033569336e+00
3.207462728023529053e-01 2.033724784851074219e+00
3.217549026012420654e-01 2.045095205307006836e+00
3.227635622024536133e-01 2.040184497833251953e+00
3.237721920013427734e-01 2.063420295715332031e+00
3.247808218002319336e-01 2.067599058151245117e+00
3.257894515991210938e-01 2.078208684921264648e+00
3.267980813980102539e-01 2.082471847534179688e+00
3.278067409992218018e-01 2.044938087463378906e+00
3.288153707981109619e-01 2.048106908798217773e+00
3.298240005970001221e-01 2.044228076934814453e+00
3.308326303958892822e-01 2.033833265304565430e+00
3.318412601947784424e-01 2.059209585189819336e+00
3.328499197959899902e-01 2.051493406295776367e+00
3.338585495948791504e-01 2.057882547378540039e+00
3.348671793937683105e-01 2.044664859771728516e+00
3.358758091926574707e-01 2.044123411178588867e+00
3.368844389915466309e-01 2.052789211273193359e+00
3.378930985927581787e-01 2.062058925628662109e+00
3.389017283916473389e-01 2.085422754287719727e+00
3.399103581905364990e-01 2.062687635421752930e+00
3.409189879894256592e-01 2.054466009140014648e+00
3.419276475906372070e-01 2.033559560775756836e+00
3.429362773895263672e-01 2.052962541580200195e+00
3.439449071884155273e-01 2.089722633361816406e+00
3.449535369873046875e-01 2.088190793991088867e+00
3.459621667861938477e-01 2.088044643402099609e+00
3.469708263874053955e-01 2.105340003967285156e+00
3.479794561862945557e-01 2.074019670486450195e+00
3.489880859851837158e-01 2.092044591903686523e+00
3.499967157840728760e-01 2.113912582397460938e+00
3.510053455829620361e-01 2.082560777664184570e+00
3.520140051841735840e-01 2.108240842819213867e+00
3.530226349830627441e-01 2.091459989547729492e+00
3.540312647819519043e-01 2.110359668731689453e+00
3.550398945808410645e-01 2.110440015792846680e+00
3.560485243797302246e-01 2.096827268600463867e+00
3.570571839809417725e-01 2.053119659423828125e+00
3.580658137798309326e-01 2.099487304687500000e+00
3.590744435787200928e-01 2.072176933288574219e+00
3.600830733776092529e-01 2.102247714996337891e+00
3.610917329788208008e-01 2.121372461318969727e+00
3.621003627777099609e-01 2.089929819107055664e+00
3.631089925765991211e-01 2.071988105773925781e+00
3.641176223754882812e-01 2.089352607727050781e+00
3.651262521743774414e-01 2.103313446044921875e+00
3.661349117755889893e-01 2.114295482635498047e+00
3.671435415744781494e-01 2.113938570022583008e+00
3.681521713733673096e-01 2.087381124496459961e+00
3.691608011722564697e-01 2.070950508117675781e+00
3.701694309711456299e-01 2.100820779800415039e+00
3.711780905723571777e-01 2.088914394378662109e+00
3.721867203712463379e-01 2.081466436386108398e+00
3.731953501701354980e-01 2.107300281524658203e+00
3.742039799690246582e-01 2.082965135574340820e+00
3.752126097679138184e-01 2.086079359054565430e+00
3.762212693691253662e-01 2.111982107162475586e+00
3.772298991680145264e-01 2.112901926040649414e+00
3.782385289669036865e-01 2.081895589828491211e+00
3.792471587657928467e-01 2.114962100982666016e+00
3.802558183670043945e-01 2.091789960861206055e+00
3.812644481658935547e-01 2.090147972106933594e+00
3.822730779647827148e-01 2.084260463714599609e+00
3.832817077636718750e-01 2.112193584442138672e+00
3.842903375625610352e-01 2.095651865005493164e+00
3.852989971637725830e-01 2.121098995208740234e+00
3.863076269626617432e-01 2.113619089126586914e+00
3.873162567615509033e-01 2.113565921783447266e+00
3.883248865604400635e-01 2.103480577468872070e+00
3.893335163593292236e-01 2.112652778625488281e+00
3.903421759605407715e-01 2.088574171066284180e+00
3.913508057594299316e-01 2.118745803833007812e+00
3.923594355583190918e-01 2.122396469116210938e+00
3.933680653572082520e-01 2.109976053237915039e+00
3.943766951560974121e-01 2.115176200866699219e+00
3.953853547573089600e-01 2.110619306564331055e+00
3.963939845561981201e-01 2.111915349960327148e+00
3.974026143550872803e-01 2.126402378082275391e+00
3.984112441539764404e-01 2.097187042236328125e+00
3.994199037551879883e-01 2.120958805084228516e+00
4.004285335540771484e-01 2.102859258651733398e+00
4.014371633529663086e-01 2.108495473861694336e+00
4.024457931518554688e-01 2.098394393920898438e+00
4.034544229507446289e-01 2.108796596527099609e+00
4.044630825519561768e-01 2.100487470626831055e+00
4.054717123508453369e-01 2.110794782638549805e+00
4.064803421497344971e-01 2.141660928726196289e+00
4.074889719486236572e-01 2.099555730819702148e+00
4.084976017475128174e-01 2.096737623214721680e+00
4.095062613487243652e-01 2.084006547927856445e+00
4.105148911476135254e-01 2.135353326797485352e+00
4.115235209465026855e-01 2.099939346313476562e+00
4.125321507453918457e-01 2.090997457504272461e+00
4.135407805442810059e-01 2.092409372329711914e+00
4.145494401454925537e-01 2.117420196533203125e+00
4.155580699443817139e-01 2.098563671112060547e+00
4.165666997432708740e-01 2.107875585556030273e+00
4.175753295421600342e-01 2.089965581893920898e+00
4.185839891433715820e-01 2.094491720199584961e+00
4.195926189422607422e-01 2.102601766586303711e+00
4.206012487411499023e-01 2.102933168411254883e+00
4.216098785400390625e-01 2.119445085525512695e+00
4.226185083389282227e-01 2.127953052520751953e+00
4.236271679401397705e-01 2.092088699340820312e+00
4.246357977390289307e-01 2.108437299728393555e+00
4.256444275379180908e-01 2.104517936706542969e+00
4.266530573368072510e-01 2.085152626037597656e+00
4.276616871356964111e-01 2.094386339187622070e+00
4.286703467369079590e-01 2.078487396240234375e+00
4.296789765357971191e-01 2.095270872116088867e+00
4.306876063346862793e-01 2.102294683456420898e+00
4.316962361335754395e-01 2.088418960571289062e+00
4.327048659324645996e-01 2.112004995346069336e+00
4.337135255336761475e-01 2.083576679229736328e+00
4.347221553325653076e-01 2.100699663162231445e+00
4.357307851314544678e-01 2.105852603912353516e+00
4.367394149303436279e-01 2.099001169204711914e+00
4.377480745315551758e-01 2.124611139297485352e+00
4.387567043304443359e-01 2.082904100418090820e+00
4.397653341293334961e-01 2.108809232711791992e+00
4.407739639282226562e-01 2.119315624237060547e+00
4.417825937271118164e-01 2.081355571746826172e+00
4.427912533283233643e-01 2.088190793991088867e+00
4.437998831272125244e-01 2.082279920578002930e+00
4.448085129261016846e-01 2.075462102890014648e+00
4.458171427249908447e-01 2.075216054916381836e+00
4.468257725238800049e-01 2.059807538986206055e+00
4.478344321250915527e-01 2.082423448562622070e+00
4.488430619239807129e-01 2.081624746322631836e+00
4.498516917228698730e-01 2.101264953613281250e+00
4.508603215217590332e-01 2.092965126037597656e+00
4.518689513206481934e-01 2.085006713867187500e+00
4.528776109218597412e-01 2.073668003082275391e+00
4.538862407207489014e-01 2.072900772094726562e+00
4.548948705196380615e-01 2.093132257461547852e+00
4.559035003185272217e-01 2.067065715789794922e+00
4.569121599197387695e-01 2.062004089355468750e+00
4.579207897186279297e-01 2.078157424926757812e+00
4.589294195175170898e-01 2.081979274749755859e+00
4.599380493164062500e-01 2.055171966552734375e+00
4.609466791152954102e-01 2.094889640808105469e+00
4.619553387165069580e-01 2.072250127792358398e+00
4.629639685153961182e-01 2.078104496002197266e+00
4.639725983142852783e-01 2.072855710983276367e+00
4.649812281131744385e-01 2.053774595260620117e+00
4.659898579120635986e-01 2.060475587844848633e+00
4.669985175132751465e-01 2.084810733795166016e+00
4.680071473121643066e-01 2.067105531692504883e+00
4.690157771110534668e-01 2.049573183059692383e+00
4.700244069099426270e-01 2.015633583068847656e+00
4.710330665111541748e-01 2.075732231140136719e+00
4.720416963100433350e-01 2.021492719650268555e+00
4.730503261089324951e-01 2.070629358291625977e+00
4.740589559078216553e-01 2.096148014068603516e+00
4.750675857067108154e-01 2.038198471069335938e+00
4.760762453079223633e-01 2.057620048522949219e+00
4.770848751068115234e-01 2.056855678558349609e+00
4.780935049057006836e-01 2.044677734375000000e+00
4.791021347045898438e-01 2.043217897415161133e+00
4.801107645034790039e-01 2.051706790924072266e+00
4.811194241046905518e-01 2.044140577316284180e+00
4.821280539035797119e-01 2.032798051834106445e+00
4.831366837024688721e-01 2.038518667221069336e+00
4.841453135013580322e-01 2.049637079238891602e+00
4.851539433002471924e-01 2.038213729858398438e+00
4.861626029014587402e-01 2.046098232269287109e+00
4.871712327003479004e-01 2.069626569747924805e+00
4.881798624992370605e-01 2.029511928558349609e+00
4.891884922981262207e-01 2.042100906372070312e+00
4.901971518993377686e-01 2.037756919860839844e+00
4.912057816982269287e-01 2.025737762451171875e+00
4.922144114971160889e-01 2.024367570877075195e+00
4.932230412960052490e-01 2.016485452651977539e+00
4.942316710948944092e-01 2.038241386413574219e+00
4.952403306961059570e-01 2.027089834213256836e+00
4.962489604949951172e-01 2.023802757263183594e+00
4.972575902938842773e-01 2.009273052215576172e+00
4.982662200927734375e-01 2.032710313796997070e+00
4.992748498916625977e-01 2.005244255065917969e+00
5.002834796905517578e-01 2.002373933792114258e+00
5.012921094894409180e-01 2.028054714202880859e+00
5.023007988929748535e-01 2.017483949661254883e+00
5.033094286918640137e-01 2.023728370666503906e+00
5.043180584907531738e-01 2.092509269714355469e+00
5.053266882896423340e-01 2.052093029022216797e+00
5.063353180885314941e-01 1.995790123939514160e+00
5.073439478874206543e-01 2.030858993530273438e+00
5.083525776863098145e-01 2.012308359146118164e+00
5.093612074851989746e-01 1.983570456504821777e+00
5.103698372840881348e-01 1.969536304473876953e+00
5.113784670829772949e-01 2.008150339126586914e+00
5.123871564865112305e-01 2.025640964508056641e+00
5.133957862854003906e-01 2.015244960784912109e+00
5.144044160842895508e-01 2.040384531021118164e+00
5.154130458831787109e-01 2.022660017013549805e+00
5.164216756820678711e-01 2.001043081283569336e+00
5.174303054809570312e-01 2.013236284255981445e+00
5.184389352798461914e-01 2.022030830383300781e+00
5.194475650787353516e-01 2.012450933456420898e+00
5.204561948776245117e-01 2.016328096389770508e+00
5.214648842811584473e-01 2.051470041275024414e+00
5.224735140800476074e-01 2.021251678466796875e+00
5.234821438789367676e-01 1.997026085853576660e+00
5.244907736778259277e-01 2.012637615203857422e+00
5.254994034767150879e-01 2.030250549316406250e+00
5.265080332756042480e-01 2.013483524322509766e+00
5.275166630744934082e-01 1.987759470939636230e+00
5.285252928733825684e-01 1.991571903228759766e+00
5.295339226722717285e-01 2.004241466522216797e+00
5.305425524711608887e-01 2.054291963577270508e+00
5.315512418746948242e-01 2.016885280609130859e+00
5.325598716735839844e-01 2.027588605880737305e+00
5.335685014724731445e-01 1.993968725204467773e+00
5.345771312713623047e-01 1.988040804862976074e+00
5.355857610702514648e-01 1.988502979278564453e+00
5.365943908691406250e-01 2.031377553939819336e+00
5.376030206680297852e-01 2.034844398498535156e+00
5.386116504669189453e-01 2.020740747451782227e+00
5.396202802658081055e-01 2.003204822540283203e+00
5.406289696693420410e-01 2.003902673721313477e+00
5.416375994682312012e-01 1.999201297760009766e+00
5.426462292671203613e-01 1.995851874351501465e+00
5.436548590660095215e-01 2.002682924270629883e+00
5.446634888648986816e-01 2.022859811782836914e+00
5.456721186637878418e-01 2.021449565887451172e+00
5.466807484626770020e-01 2.000442028045654297e+00
5.476893782615661621e-01 1.979245543479919434e+00
5.486980080604553223e-01 2.017332077026367188e+00
5.497066378593444824e-01 2.007182359695434570e+00
5.507153272628784180e-01 1.995507597923278809e+00
5.517239570617675781e-01 1.986052632331848145e+00
5.527325868606567383e-01 1.999627947807312012e+00
5.537412166595458984e-01 1.994866847991943359e+00
5.547498464584350586e-01 1.968224048614501953e+00
5.557584762573242188e-01 1.991497755050659180e+00
5.567671060562133789e-01 1.992794394493103027e+00
5.577757358551025391e-01 1.969471812248229980e+00
5.587843656539916992e-01 1.966426372528076172e+00
5.597930550575256348e-01 1.978823184967041016e+00
5.608016848564147949e-01 1.973350286483764648e+00
5.618103146553039551e-01 1.979151129722595215e+00
5.628189444541931152e-01 1.978434443473815918e+00
5.638275742530822754e-01 1.983296513557434082e+00
5.648362040519714355e-01 1.934112668037414551e+00
5.658448338508605957e-01 1.931665539741516113e+00
5.668534636497497559e-01 1.951719880104064941e+00
5.678620934486389160e-01 1.963101029396057129e+00
5.688707232475280762e-01 1.995742082595825195e+00
5.698794126510620117e-01 1.975456118583679199e+00
5.708880424499511719e-01 1.976353526115417480e+00
5.718966722488403320e-01 1.976206660270690918e+00
5.729053020477294922e-01 1.953792095184326172e+00
5.739139318466186523e-01 1.961335301399230957e+00
5.749225616455078125e-01 1.975182175636291504e+00
5.759311914443969727e-01 1.962384581565856934e+00
5.769398212432861328e-01 1.965269327163696289e+00
5.779484510421752930e-01 1.971311926841735840e+00
5.789571404457092285e-01 1.967899799346923828e+00
5.799657702445983887e-01 1.959220051765441895e+00
5.809744000434875488e-01 1.938518404960632324e+00
5.819830298423767090e-01 1.954156517982482910e+00
5.829916596412658691e-01 1.986712217330932617e+00
5.840002894401550293e-01 1.976575016975402832e+00
5.850089192390441895e-01 1.954489707946777344e+00
5.860175490379333496e-01 1.972975015640258789e+00
5.870261788368225098e-01 1.948665499687194824e+00
5.880348086357116699e-01 1.961243629455566406e+00
5.890434980392456055e-01 1.966278314590454102e+00
5.900521278381347656e-01 1.921685934066772461e+00
5.910607576370239258e-01 1.925855875015258789e+00
5.920693874359130859e-01 1.925111174583435059e+00
5.930780172348022461e-01 1.948000431060791016e+00
5.940866470336914062e-01 1.979424953460693359e+00
5.950952768325805664e-01 1.973700642585754395e+00
5.961039066314697266e-01 1.984576702117919922e+00
5.971125364303588867e-01 1.950432419776916504e+00
5.981212258338928223e-01 1.968204617500305176e+00
5.991298556327819824e-01 1.943902373313903809e+00
6.001384854316711426e-01 1.946936845779418945e+00
6.011471152305603027e-01 1.918507218360900879e+00
6.021557450294494629e-01 1.949522256851196289e+00
6.031643748283386230e-01 1.955134630203247070e+00
6.041730046272277832e-01 1.976262211799621582e+00
6.051816344261169434e-01 1.944067120552062988e+00
6.061902642250061035e-01 1.954915881156921387e+00
6.071988940238952637e-01 1.937953591346740723e+00
6.082075834274291992e-01 1.919068336486816406e+00
6.092162132263183594e-01 1.934910058975219727e+00
6.102248430252075195e-01 1.938050031661987305e+00
6.112334728240966797e-01 1.961499452590942383e+00
6.122421026229858398e-01 1.962857365608215332e+00
6.132507324218750000e-01 1.921716332435607910e+00
6.142593622207641602e-01 1.918782234191894531e+00
6.152679920196533203e-01 1.955386996269226074e+00
6.162766218185424805e-01 1.942946314811706543e+00
6.172853112220764160e-01 1.928565979003906250e+00
6.182939410209655762e-01 1.918112277984619141e+00
6.193025708198547363e-01 1.908765435218811035e+00
6.203112006187438965e-01 1.921576619148254395e+00
6.213198304176330566e-01 1.934555530548095703e+00
6.223284602165222168e-01 1.950063586235046387e+00
6.233370900154113770e-01 1.917674303054809570e+00
6.243457198143005371e-01 1.925097346305847168e+00
6.253543496131896973e-01 1.924805164337158203e+00
6.263629794120788574e-01 1.941427350044250488e+00
6.273716688156127930e-01 1.935972094535827637e+00
6.283802986145019531e-01 1.943627119064331055e+00
6.293889284133911133e-01 1.929001927375793457e+00
6.303975582122802734e-01 1.919260978698730469e+00
6.314061880111694336e-01 1.928209066390991211e+00
6.324148178100585938e-01 1.936588406562805176e+00
6.334234476089477539e-01 1.913879036903381348e+00
6.344320774078369141e-01 1.913757443428039551e+00
6.354407072067260742e-01 1.904546976089477539e+00
6.364493966102600098e-01 1.915032744407653809e+00
6.374580264091491699e-01 1.916244983673095703e+00
6.384666562080383301e-01 1.926528096199035645e+00
6.394752860069274902e-01 1.951353311538696289e+00
6.404839158058166504e-01 1.929714322090148926e+00
6.414925456047058105e-01 1.907821059226989746e+00
6.425011754035949707e-01 1.935941815376281738e+00
6.435098052024841309e-01 1.923944830894470215e+00
6.445184350013732910e-01 1.933907508850097656e+00
6.455271244049072266e-01 1.952267646789550781e+00
6.465357542037963867e-01 1.939737677574157715e+00
6.475443840026855469e-01 1.925475835800170898e+00
6.485530138015747070e-01 1.936039447784423828e+00
6.495616436004638672e-01 1.942606449127197266e+00
6.505702733993530273e-01 1.916206121444702148e+00
6.515789031982421875e-01 1.923016428947448730e+00
6.525875329971313477e-01 1.920172572135925293e+00
6.535961627960205078e-01 1.963807940483093262e+00
6.546047925949096680e-01 1.920346498489379883e+00
6.556134819984436035e-01 1.930146574974060059e+00
6.566221117973327637e-01 1.943845748901367188e+00
6.576307415962219238e-01 1.927834033966064453e+00
6.586393713951110840e-01 1.916226863861083984e+00
6.596480011940002441e-01 1.911435246467590332e+00
6.606566309928894043e-01 1.957372665405273438e+00
6.616652607917785645e-01 1.890234827995300293e+00
6.626738905906677246e-01 1.928575038909912109e+00
6.636825203895568848e-01 1.940663933753967285e+00
6.646912097930908203e-01 1.912436366081237793e+00
6.656998395919799805e-01 1.924413561820983887e+00
6.667084693908691406e-01 1.914149045944213867e+00
6.677170991897583008e-01 1.936982512474060059e+00
6.687257289886474609e-01 1.939671635627746582e+00
6.697343587875366211e-01 1.949037194252014160e+00
6.707429885864257812e-01 1.913031816482543945e+00
6.717516183853149414e-01 1.917327523231506348e+00
6.727602481842041016e-01 1.888209223747253418e+00
6.737688779830932617e-01 1.895261883735656738e+00
6.747775673866271973e-01 1.906369328498840332e+00
6.757861971855163574e-01 1.916704416275024414e+00
6.767948269844055176e-01 1.894465923309326172e+00
6.778034567832946777e-01 1.903107285499572754e+00
6.788120865821838379e-01 1.924029469490051270e+00
6.798207163810729980e-01 1.939246058464050293e+00
6.808293461799621582e-01 1.923692107200622559e+00
6.818379759788513184e-01 1.912814736366271973e+00
6.828466057777404785e-01 1.914075732231140137e+00
6.838552951812744141e-01 1.927996635437011719e+00
6.848639249801635742e-01 1.908692002296447754e+00
6.858725547790527344e-01 1.951075911521911621e+00
6.868811845779418945e-01 1.923700332641601562e+00
6.878898143768310547e-01 1.931112766265869141e+00
6.888984441757202148e-01 1.965211868286132812e+00
6.899070739746093750e-01 1.944314718246459961e+00
6.909157037734985352e-01 1.888546824455261230e+00
6.919243335723876953e-01 1.937998175621032715e+00
6.929329633712768555e-01 1.909565448760986328e+00
6.939416527748107910e-01 1.921643137931823730e+00
6.949502825736999512e-01 1.926626563072204590e+00
6.959589123725891113e-01 1.895880818367004395e+00
6.969675421714782715e-01 1.943999052047729492e+00
6.979761719703674316e-01 1.934853315353393555e+00
6.989848017692565918e-01 1.946874380111694336e+00
6.999934315681457520e-01 1.932742238044738770e+00
7.010020613670349121e-01 1.943765401840209961e+00
7.020106911659240723e-01 1.927901744842529297e+00
7.030193805694580078e-01 1.931703448295593262e+00
7.040280103683471680e-01 1.943531751632690430e+00
7.050366401672363281e-01 1.952099561691284180e+00
7.060452699661254883e-01 1.948289155960083008e+00
7.070538997650146484e-01 1.950035214424133301e+00
7.080625295639038086e-01 1.919662356376647949e+00
7.090711593627929688e-01 1.924964189529418945e+00
7.100797891616821289e-01 1.941347360610961914e+00
7.110884189605712891e-01 1.916767716407775879e+00
7.120970487594604492e-01 1.921341538429260254e+00
7.131057381629943848e-01 1.923610568046569824e+00
7.141143679618835449e-01 1.933038592338562012e+00
7.151229977607727051e-01 1.952314734458923340e+00
7.161316275596618652e-01 1.905711174011230469e+00
7.171402573585510254e-01 1.966265082359313965e+00
7.181488871574401855e-01 1.944607496261596680e+00
7.191575169563293457e-01 1.949347376823425293e+00
7.201661467552185059e-01 1.942957043647766113e+00
7.211747765541076660e-01 1.932914018630981445e+00
7.221834659576416016e-01 1.937108755111694336e+00
7.231920957565307617e-01 1.961832404136657715e+00
7.242007255554199219e-01 1.958279848098754883e+00
7.252093553543090820e-01 1.954096078872680664e+00
7.262179851531982422e-01 1.982770919799804688e+00
7.272266149520874023e-01 1.932144045829772949e+00
7.282352447509765625e-01 1.971390247344970703e+00
7.292438745498657227e-01 1.953420400619506836e+00
7.302525043487548828e-01 1.945990443229675293e+00
7.312611341476440430e-01 1.957813143730163574e+00
7.322698235511779785e-01 1.913759708404541016e+00
7.332784533500671387e-01 1.923402070999145508e+00
7.342870831489562988e-01 1.920222043991088867e+00
7.352957129478454590e-01 1.942070245742797852e+00
7.363043427467346191e-01 1.944974780082702637e+00
7.373129725456237793e-01 1.938265800476074219e+00
7.383216023445129395e-01 1.961273550987243652e+00
7.393302321434020996e-01 1.978630304336547852e+00
7.403388619422912598e-01 1.950996398925781250e+00
7.413475513458251953e-01 1.975507140159606934e+00
7.423561811447143555e-01 1.969183683395385742e+00
7.433648109436035156e-01 1.978938817977905273e+00
7.443734407424926758e-01 1.976933479309082031e+00
7.453820705413818359e-01 1.948058247566223145e+00
7.463907003402709961e-01 1.972106456756591797e+00
7.473993301391601562e-01 1.955268502235412598e+00
7.484079599380493164e-01 1.945709586143493652e+00
7.494165897369384766e-01 1.945765614509582520e+00
7.504252195358276367e-01 1.956078767776489258e+00
7.514339089393615723e-01 1.941986680030822754e+00
7.524425387382507324e-01 2.012825012207031250e+00
7.534511685371398926e-01 2.024386167526245117e+00
7.544597983360290527e-01 1.961368441581726074e+00
7.554684281349182129e-01 1.942494034767150879e+00
7.564770579338073730e-01 1.948549747467041016e+00
7.574856877326965332e-01 1.956874847412109375e+00
7.584943175315856934e-01 1.979703545570373535e+00
7.595029473304748535e-01 1.979946613311767578e+00
7.605116367340087891e-01 1.956660270690917969e+00
7.615202665328979492e-01 1.981832981109619141e+00
7.625288963317871094e-01 1.996080398559570312e+00
7.635375261306762695e-01 1.958041906356811523e+00
7.645461559295654297e-01 1.997624993324279785e+00
7.655547857284545898e-01 2.003695487976074219e+00
7.665634155273437500e-01 2.008446931838989258e+00
7.675720453262329102e-01 1.957529902458190918e+00
7.685806751251220703e-01 1.963659763336181641e+00
7.695893049240112305e-01 1.975868105888366699e+00
7.705979943275451660e-01 1.978365302085876465e+00
7.716066241264343262e-01 2.010252475738525391e+00
7.726152539253234863e-01 2.021115303039550781e+00
7.736238837242126465e-01 2.010520935058593750e+00
7.746325135231018066e-01 2.001136064529418945e+00
7.756411433219909668e-01 1.978630781173706055e+00
7.766497731208801270e-01 1.967517852783203125e+00
7.776584029197692871e-01 1.990947842597961426e+00
7.786670327186584473e-01 1.987092852592468262e+00
7.796757221221923828e-01 1.972261667251586914e+00
7.806843519210815430e-01 2.013971805572509766e+00
7.816929817199707031e-01 2.024190902709960938e+00
7.827016115188598633e-01 2.027289867401123047e+00
7.837102413177490234e-01 1.977737545967102051e+00
7.847188711166381836e-01 1.995191335678100586e+00
7.857275009155273438e-01 2.019140720367431641e+00
7.867361307144165039e-01 2.007598638534545898e+00
7.877447605133056641e-01 2.045032262802124023e+00
7.887533903121948242e-01 1.980575442314147949e+00
7.897620797157287598e-01 2.015417575836181641e+00
7.907707095146179199e-01 2.024675607681274414e+00
7.917793393135070801e-01 2.010592222213745117e+00
7.927879691123962402e-01 2.025231122970581055e+00
7.937965989112854004e-01 2.008196830749511719e+00
7.948052287101745605e-01 2.031640529632568359e+00
7.958138585090637207e-01 2.022878170013427734e+00
7.968224883079528809e-01 2.032304763793945312e+00
7.978311181068420410e-01 2.003831386566162109e+00
7.988398075103759766e-01 2.008668422698974609e+00
7.998484373092651367e-01 2.021770477294921875e+00
8.008570671081542969e-01 2.003200292587280273e+00
8.018656969070434570e-01 2.054179668426513672e+00
8.028743267059326172e-01 2.037290811538696289e+00
8.038829565048217773e-01 2.073125362396240234e+00
8.048915863037109375e-01 2.027218103408813477e+00
8.059002161026000977e-01 2.011394023895263672e+00
8.069088459014892578e-01 2.046617031097412109e+00
8.079174757003784180e-01 2.069689989089965820e+00
8.089261651039123535e-01 2.038997888565063477e+00
8.099347949028015137e-01 2.048744916915893555e+00
8.109434247016906738e-01 2.041718244552612305e+00
8.119520545005798340e-01 2.064713478088378906e+00
8.129606842994689941e-01 2.034476995468139648e+00
8.139693140983581543e-01 2.032467126846313477e+00
8.149779438972473145e-01 2.078143835067749023e+00
8.159865736961364746e-01 2.033723831176757812e+00
8.169952034950256348e-01 2.042481899261474609e+00
8.180038928985595703e-01 2.059350728988647461e+00
8.190125226974487305e-01 2.077679395675659180e+00
8.200211524963378906e-01 2.054828882217407227e+00
8.210297822952270508e-01 2.073694944381713867e+00
8.220384120941162109e-01 2.097346544265747070e+00
8.230470418930053711e-01 2.070767164230346680e+00
8.240556716918945312e-01 2.056739568710327148e+00
8.250643014907836914e-01 2.056688070297241211e+00
8.260729312896728516e-01 2.049399614334106445e+00
8.270815610885620117e-01 2.065349340438842773e+00
8.280902504920959473e-01 2.053919553756713867e+00
8.290988802909851074e-01 2.044020652770996094e+00
8.301075100898742676e-01 2.067839860916137695e+00
8.311161398887634277e-01 2.081572771072387695e+00
8.321247696876525879e-01 2.059061765670776367e+00
8.331333994865417480e-01 2.070933103561401367e+00
8.341420292854309082e-01 2.069888591766357422e+00
8.351506590843200684e-01 2.088299036026000977e+00
8.361592888832092285e-01 2.108150482177734375e+00
8.371679782867431641e-01 2.057121276855468750e+00
8.381766080856323242e-01 2.056549072265625000e+00
8.391852378845214844e-01 2.073644399642944336e+00
8.401938676834106445e-01 2.109606981277465820e+00
8.412024974822998047e-01 2.100824594497680664e+00
8.422111272811889648e-01 2.081940889358520508e+00
8.432197570800781250e-01 2.123536825180053711e+00
8.442283868789672852e-01 2.110479831695556641e+00
8.452370166778564453e-01 2.103569746017456055e+00
8.462456464767456055e-01 2.092097282409667969e+00
8.472543358802795410e-01 2.110686302185058594e+00
8.482629656791687012e-01 2.142183303833007812e+00
8.492715954780578613e-01 2.076853275299072266e+00
8.502802252769470215e-01 2.072165250778198242e+00
8.512888550758361816e-01 2.071787118911743164e+00
8.522974848747253418e-01 2.057908773422241211e+00
8.533061146736145020e-01 2.071514844894409180e+00
8.543147444725036621e-01 2.084728717803955078e+00
8.553233742713928223e-01 2.050042629241943359e+00
8.563320636749267578e-01 2.039100170135498047e+00
8.573406934738159180e-01 2.061777830123901367e+00
8.583493232727050781e-01 2.070848703384399414e+00
8.593579530715942383e-01 2.062456607818603516e+00
8.603665828704833984e-01 2.064006805419921875e+00
8.613752126693725586e-01 2.066140413284301758e+00
8.623838424682617188e-01 2.063337564468383789e+00
8.633924722671508789e-01 2.088460206985473633e+00
8.644011020660400391e-01 2.069723606109619141e+00
8.654097318649291992e-01 2.064226388931274414e+00
8.664184212684631348e-01 2.072397470474243164e+00
8.674270510673522949e-01 2.089692115783691406e+00
8.684356808662414551e-01 2.068779468536376953e+00
8.694443106651306152e-01 2.073114871978759766e+00
8.704529404640197754e-01 2.081271648406982422e+00
8.714615702629089355e-01 2.071302652359008789e+00
8.724702000617980957e-01 2.084174156188964844e+00
8.734788298606872559e-01 2.119214534759521484e+00
8.744874596595764160e-01 2.120883703231811523e+00
8.754961490631103516e-01 2.099632263183593750e+00
8.765047788619995117e-01 2.088188409805297852e+00
8.775134086608886719e-01 2.101771354675292969e+00
8.785220384597778320e-01 2.134256362915039062e+00
8.795306682586669922e-01 2.129224538803100586e+00
8.805392980575561523e-01 2.132568359375000000e+00
8.815479278564453125e-01 2.131985902786254883e+00
8.825565576553344727e-01 2.151658773422241211e+00
8.835651874542236328e-01 2.145772933959960938e+00
8.845738172531127930e-01 2.133226871490478516e+00
8.855825066566467285e-01 2.110606193542480469e+00
8.865911364555358887e-01 2.124486684799194336e+00
8.875997662544250488e-01 2.135086297988891602e+00
8.886083960533142090e-01 2.119557619094848633e+00
8.896170258522033691e-01 2.134404897689819336e+00
8.906256556510925293e-01 2.122701883316040039e+00
8.916342854499816895e-01 2.147685050964355469e+00
8.926429152488708496e-01 2.144384145736694336e+00
8.936515450477600098e-01 2.126108884811401367e+00
8.946602344512939453e-01 2.168528079986572266e+00
8.956688642501831055e-01 2.192982912063598633e+00
8.966774940490722656e-01 2.140687227249145508e+00
8.976861238479614258e-01 2.140392303466796875e+00
8.986947536468505859e-01 2.205573081970214844e+00
8.997033834457397461e-01 2.185975551605224609e+00
9.007120132446289062e-01 2.160509109497070312e+00
9.017206430435180664e-01 2.168815612792968750e+00
9.027292728424072266e-01 2.155915260314941406e+00
9.037379026412963867e-01 2.165618419647216797e+00
9.047465920448303223e-01 2.190317392349243164e+00
9.057552218437194824e-01 2.191984415054321289e+00
9.067638516426086426e-01 2.153307676315307617e+00
9.077724814414978027e-01 2.185122251510620117e+00
9.087811112403869629e-01 2.205002784729003906e+00
9.097897410392761230e-01 2.167817115783691406e+00
9.107983708381652832e-01 2.164551496505737305e+00
9.118070006370544434e-01 2.139771938323974609e+00
9.128156304359436035e-01 2.189290761947631836e+00
9.138243198394775391e-01 2.165826320648193359e+00
9.148329496383666992e-01 2.197337627410888672e+00
9.158415794372558594e-01 2.220966815948486328e+00
9.168502092361450195e-01 2.211283206939697266e+00
9.178588390350341797e-01 2.156262397766113281e+00
9.188674688339233398e-01 2.157088041305541992e+00
9.198760986328125000e-01 2.190774679183959961e+00
9.208847284317016602e-01 2.211715698242187500e+00
9.218933582305908203e-01 2.181673526763916016e+00
9.229020476341247559e-01 2.220839500427246094e+00
9.239106774330139160e-01 2.230898141860961914e+00
9.249193072319030762e-01 2.186124563217163086e+00
9.259279370307922363e-01 2.195175409317016602e+00
9.269365668296813965e-01 2.252430677413940430e+00
9.279451966285705566e-01 2.275440692901611328e+00
9.289538264274597168e-01 2.216581821441650391e+00
9.299624562263488770e-01 2.220980644226074219e+00
9.309710860252380371e-01 2.260787248611450195e+00
9.319797158241271973e-01 2.186311721801757812e+00
9.329884052276611328e-01 2.193957090377807617e+00
9.339970350265502930e-01 2.234807014465332031e+00
9.350056648254394531e-01 2.252080202102661133e+00
9.360142946243286133e-01 2.199980974197387695e+00
9.370229244232177734e-01 2.233258724212646484e+00
9.380315542221069336e-01 2.255808830261230469e+00
9.390401840209960938e-01 2.265939474105834961e+00
9.400488138198852539e-01 2.250751018524169922e+00
9.410574436187744141e-01 2.265420198440551758e+00
9.420661330223083496e-01 2.242758989334106445e+00
9.430747628211975098e-01 2.261101007461547852e+00
9.440833926200866699e-01 2.285753965377807617e+00
9.450920224189758301e-01 2.233791589736938477e+00
9.461006522178649902e-01 2.240974426269531250e+00
9.471092820167541504e-01 2.280251502990722656e+00
9.481179118156433105e-01 2.235331058502197266e+00
9.491265416145324707e-01 2.240509033203125000e+00
9.501351714134216309e-01 2.233829259872436523e+00
9.511438012123107910e-01 2.242833614349365234e+00
9.521524906158447266e-01 2.264769554138183594e+00
9.531611204147338867e-01 2.229023933410644531e+00
9.541697502136230469e-01 2.248041868209838867e+00
9.551783800125122070e-01 2.240829706192016602e+00
9.561870098114013672e-01 2.220503807067871094e+00
9.571956396102905273e-01 2.213405370712280273e+00
9.582042694091796875e-01 2.258970499038696289e+00
9.592128992080688477e-01 2.248275041580200195e+00
9.602215290069580078e-01 2.287546396255493164e+00
9.612302184104919434e-01 2.248374462127685547e+00
9.622388482093811035e-01 2.246196031570434570e+00
9.632474780082702637e-01 2.277364015579223633e+00
9.642561078071594238e-01 2.215786218643188477e+00
9.652647376060485840e-01 2.276960134506225586e+00
9.662733674049377441e-01 2.241080522537231445e+00
9.672819972038269043e-01 2.244806051254272461e+00
9.682906270027160645e-01 2.273150920867919922e+00
9.692992568016052246e-01 2.222575187683105469e+00
9.703078866004943848e-01 2.277266740798950195e+00
9.713165760040283203e-01 2.268394231796264648e+00
9.723252058029174805e-01 2.282590627670288086e+00
9.733338356018066406e-01 2.295299291610717773e+00
9.743424654006958008e-01 2.283575773239135742e+00
9.753510951995849609e-01 2.262408494949340820e+00
9.763597249984741211e-01 2.253975152969360352e+00
9.773683547973632812e-01 2.266269683837890625e+00
9.783769845962524414e-01 2.307974815368652344e+00
9.793856143951416016e-01 2.249407529830932617e+00
9.803943037986755371e-01 2.218131065368652344e+00
9.814029335975646973e-01 2.219369888305664062e+00
9.824115633964538574e-01 2.252870798110961914e+00
9.834201931953430176e-01 2.243907928466796875e+00
9.844288229942321777e-01 2.200632572174072266e+00
9.854374527931213379e-01 2.238045215606689453e+00
9.864460825920104980e-01 2.231707811355590820e+00
9.874547123908996582e-01 2.251537799835205078e+00
9.884633421897888184e-01 2.279056072235107422e+00
9.894719719886779785e-01 2.287523508071899414e+00
9.904806613922119141e-01 2.255382299423217773e+00
9.914892911911010742e-01 2.292412281036376953e+00
9.924979209899902344e-01 2.255969762802124023e+00
9.935065507888793945e-01 2.256211996078491211e+00
9.945151805877685547e-01 2.234509706497192383e+00
9.955238103866577148e-01 2.272675514221191406e+00
9.965324401855468750e-01 2.226724147796630859e+00
9.975410699844360352e-01 2.268130540847778320e+00
9.985496997833251953e-01 2.287480831146240234e+00
9.995583891868591309e-01 2.286402702331542969e+00
1.000566959381103516e+00 2.310549974441528320e+00
1.001575589179992676e+00 2.215180158615112305e+00
1.002584218978881836e+00 2.257110357284545898e+00
1.003592848777770996e+00 2.265727043151855469e+00
1.004601597785949707e+00 2.266810894012451172e+00
1.005610227584838867e+00 2.224012613296508789e+00
1.006618857383728027e+00 2.240540742874145508e+00
1.007627487182617188e+00 2.333308696746826172e+00
1.008636116981506348e+00 2.202272176742553711e+00
1.009644746780395508e+00 2.234463214874267578e+00
1.010653376579284668e+00 2.198517799377441406e+00
1.011662006378173828e+00 2.217134237289428711e+00
1.012670636177062988e+00 2.272386550903320312e+00
1.013679265975952148e+00 2.262950897216796875e+00
1.014687895774841309e+00 2.216169595718383789e+00
1.015696525573730469e+00 2.152254819869995117e+00
1.016705155372619629e+00 2.221760511398315430e+00
1.017713785171508789e+00 2.242025136947631836e+00
1.018722414970397949e+00 2.300041913986206055e+00
1.019731044769287109e+00 2.216260194778442383e+00
1.020739674568176270e+00 2.278132438659667969e+00
1.021748304367065430e+00 2.205197334289550781e+00
1.022756934165954590e+00 2.205143928527832031e+00
1.023765683174133301e+00 2.208466291427612305e+00
1.024774312973022461e+00 2.245528697967529297e+00
1.025782942771911621e+00 2.227063179016113281e+00
1.026791572570800781e+00 2.220004081726074219e+00
1.027800202369689941e+00 2.173300266265869141e+00
1.028808832168579102e+00 2.282909154891967773e+00
1.029817461967468262e+00 2.299451351165771484e+00
1.030826091766357422e+00 2.295876026153564453e+00
1.031834721565246582e+00 2.313009262084960938e+00
1.032843351364135742e+00 2.238055467605590820e+00
1.033851981163024902e+00 2.320636749267578125e+00
1.034860610961914062e+00 2.253003597259521484e+00
1.035869240760803223e+00 2.283530235290527344e+00
1.036877870559692383e+00 2.239081621170043945e+00
1.037886500358581543e+00 2.284123659133911133e+00
1.038895130157470703e+00 2.279014348983764648e+00
1.039903759956359863e+00 2.253188610076904297e+00
1.040912389755249023e+00 2.248008489608764648e+00
1.041921019554138184e+00 2.298711061477661133e+00
1.042929768562316895e+00 2.232264995574951172e+00
1.043938398361206055e+00 2.313923835754394531e+00
1.044947028160095215e+00 2.234843969345092773e+00
1.045955657958984375e+00 2.230458259582519531e+00
1.046964287757873535e+00 2.293000698089599609e+00
1.047972917556762695e+00 2.303675413131713867e+00
1.048981547355651855e+00 2.253898859024047852e+00
1.049990177154541016e+00 2.335759162902832031e+00
1.050998806953430176e+00 2.301222562789916992e+00
1.052007436752319336e+00 2.310238361358642578e+00
1.053016066551208496e+00 2.349770784378051758e+00
1.054024696350097656e+00 2.271054744720458984e+00
1.055033326148986816e+00 2.249717712402343750e+00
1.056041955947875977e+00 2.283777952194213867e+00
1.057050585746765137e+00 2.272028684616088867e+00
1.058059215545654297e+00 2.285317420959472656e+00
1.059067845344543457e+00 2.240196228027343750e+00
1.060076475143432617e+00 2.244921922683715820e+00
1.061085104942321777e+00 2.242815971374511719e+00
1.062093853950500488e+00 2.331061124801635742e+00
1.063102483749389648e+00 2.275112628936767578e+00
1.064111113548278809e+00 2.295419216156005859e+00
1.065119743347167969e+00 2.362640380859375000e+00
1.066128373146057129e+00 2.322531938552856445e+00
1.067137002944946289e+00 2.329642295837402344e+00
1.068145632743835449e+00 2.289905071258544922e+00
1.069154262542724609e+00 2.386875391006469727e+00
1.070162892341613770e+00 2.350880384445190430e+00
1.071171522140502930e+00 2.292697429656982422e+00
1.072180151939392090e+00 2.291352272033691406e+00
1.073188781738281250e+00 2.304577589035034180e+00
1.074197411537170410e+00 2.355153322219848633e+00
1.075206041336059570e+00 2.381546974182128906e+00
1.076214671134948730e+00 2.349705696105957031e+00
1.077223300933837891e+00 2.336963653564453125e+00
1.078231930732727051e+00 2.284819602966308594e+00
1.079240560531616211e+00 2.287779331207275391e+00
1.080249190330505371e+00 2.313892602920532227e+00
1.081257939338684082e+00 2.350647926330566406e+00
1.082266569137573242e+00 2.392204046249389648e+00
1.083275198936462402e+00 2.399359226226806641e+00
1.084283828735351562e+00 2.423150777816772461e+00
1.085292458534240723e+00 2.244795322418212891e+00
1.086301088333129883e+00 2.280186653137207031e+00
1.087309718132019043e+00 2.391828298568725586e+00
1.088318347930908203e+00 2.469216108322143555e+00
1.089326977729797363e+00 2.328259229660034180e+00
1.090335607528686523e+00 2.366908073425292969e+00
1.091344237327575684e+00 2.437968254089355469e+00
1.092352867126464844e+00 2.393132925033569336e+00
1.093361496925354004e+00 2.441205978393554688e+00
1.094370126724243164e+00 2.459110975265502930e+00
1.095378756523132324e+00 2.406656026840209961e+00
1.096387386322021484e+00 2.379643440246582031e+00
1.097396016120910645e+00 2.388314008712768555e+00
1.098404645919799805e+00 2.468908309936523438e+00
1.099413275718688965e+00 2.389537811279296875e+00
1.100422024726867676e+00 2.477662563323974609e+00
1.101430654525756836e+00 2.424718856811523438e+00
1.102439284324645996e+00 2.368083000183105469e+00
1.103447914123535156e+00 2.430719614028930664e+00
1.104456543922424316e+00 2.380954980850219727e+00
1.105465173721313477e+00 2.351974964141845703e+00
1.106473803520202637e+00 2.540447235107421875e+00
1.107482433319091797e+00 2.481557607650756836e+00
1.108491063117980957e+00 2.443067789077758789e+00
1.109499692916870117e+00 2.373463153839111328e+00
1.110508322715759277e+00 2.481096267700195312e+00
1.111516952514648438e+00 2.458504199981689453e+00
1.112525582313537598e+00 2.482322454452514648e+00
1.113534212112426758e+00 2.422382831573486328e+00
1.114542841911315918e+00 2.411041975021362305e+00
1.115551471710205078e+00 2.407755136489868164e+00
1.116560101509094238e+00 2.515710592269897461e+00
1.117568731307983398e+00 2.633719444274902344e+00
1.118577361106872559e+00 2.512694835662841797e+00
1.119586110115051270e+00 2.418451547622680664e+00
1.120594739913940430e+00 2.502971649169921875e+00
1.121603369712829590e+00 2.401751756668090820e+00
1.122611999511718750e+00 2.475739479064941406e+00
1.123620629310607910e+00 2.480438232421875000e+00
1.124629259109497070e+00 2.431351900100708008e+00
1.125637888908386230e+00 2.620679616928100586e+00
1.126646518707275391e+00 2.508236646652221680e+00
1.127655148506164551e+00 2.373583078384399414e+00
1.128663778305053711e+00 2.465499401092529297e+00
1.129672408103942871e+00 2.624924182891845703e+00
1.130681037902832031e+00 2.548758983612060547e+00
1.131689667701721191e+00 2.523957967758178711e+00
1.132698297500610352e+00 2.452315330505371094e+00
1.133706927299499512e+00 2.582936525344848633e+00
1.134715557098388672e+00 2.429055213928222656e+00
1.135724186897277832e+00 2.378559589385986328e+00
1.136732816696166992e+00 2.434091806411743164e+00
1.137741446495056152e+00 2.504973649978637695e+00
1.138750195503234863e+00 2.561574935913085938e+00
1.139758825302124023e+00 2.532426357269287109e+00
1.140767455101013184e+00 2.540153980255126953e+00
1.141776084899902344e+00 2.454388380050659180e+00
1.142784714698791504e+00 2.436944007873535156e+00
1.143793344497680664e+00 2.441135406494140625e+00
1.144801974296569824e+00 2.504515886306762695e+00
1.145810604095458984e+00 2.549744129180908203e+00
1.146819233894348145e+00 2.559861660003662109e+00
1.147827863693237305e+00 2.686816692352294922e+00
1.148836493492126465e+00 2.544183254241943359e+00
1.149845123291015625e+00 2.427974224090576172e+00
1.150853753089904785e+00 2.493550300598144531e+00
1.151862382888793945e+00 2.540914058685302734e+00
1.152871012687683105e+00 2.623349428176879883e+00
1.153879642486572266e+00 2.549588918685913086e+00
1.154888272285461426e+00 2.537524461746215820e+00
1.155896902084350586e+00 2.640944480895996094e+00
1.156905531883239746e+00 2.430551052093505859e+00
1.157914280891418457e+00 2.483482122421264648e+00
1.158922910690307617e+00 2.604146957397460938e+00
1.159931540489196777e+00 2.586750745773315430e+00
1.160940170288085938e+00 2.509915590286254883e+00
1.161948800086975098e+00 2.560277938842773438e+00
1.162957429885864258e+00 2.622901678085327148e+00
1.163966059684753418e+00 2.533455848693847656e+00
1.164974689483642578e+00 2.665955305099487305e+00
1.165983319282531738e+00 2.471137046813964844e+00
1.166991949081420898e+00 2.710676193237304688e+00
1.168000578880310059e+00 2.549140214920043945e+00
1.169009208679199219e+00 2.515549898147583008e+00
1.170017838478088379e+00 2.564478397369384766e+00
1.171026468276977539e+00 2.592264413833618164e+00
1.172035098075866699e+00 2.487455606460571289e+00
1.173043727874755859e+00 2.560921430587768555e+00
1.174052357673645020e+00 2.653469324111938477e+00
1.175060987472534180e+00 2.758336782455444336e+00
1.176069617271423340e+00 2.611044168472290039e+00
1.177078366279602051e+00 2.590116977691650391e+00
1.178086996078491211e+00 2.589270114898681641e+00
1.179095625877380371e+00 2.702381134033203125e+00
1.180104255676269531e+00 2.625672817230224609e+00
1.181112885475158691e+00 2.667872428894042969e+00
1.182121515274047852e+00 2.611150503158569336e+00
1.183130145072937012e+00 2.684462070465087891e+00
1.184138774871826172e+00 2.655764341354370117e+00
1.185147404670715332e+00 2.592665910720825195e+00
1.186156034469604492e+00 2.483174800872802734e+00
1.187164664268493652e+00 2.600994110107421875e+00
1.188173294067382812e+00 2.761212110519409180e+00
1.189181923866271973e+00 2.948735952377319336e+00
1.190190553665161133e+00 3.225582361221313477e+00
1.191199183464050293e+00 2.928503036499023438e+00
1.192207813262939453e+00 2.714590549468994141e+00
1.193216443061828613e+00 2.602643251419067383e+00
1.194225072860717773e+00 2.729045629501342773e+00
1.195233702659606934e+00 2.656338453292846680e+00
1.196242451667785645e+00 2.820795774459838867e+00
1.197251081466674805e+00 2.762054204940795898e+00
1.198259711265563965e+00 2.566374063491821289e+00
1.199268341064453125e+00 2.611224651336669922e+00
1.200276970863342285e+00 2.718814134597778320e+00
1.201285600662231445e+00 2.846929311752319336e+00
1.202294230461120605e+00 2.669957637786865234e+00
1.203302860260009766e+00 2.391702890396118164e+00
1.204311490058898926e+00 2.729105949401855469e+00
1.205320119857788086e+00 2.798125982284545898e+00
1.206328749656677246e+00 2.811606884002685547e+00
1.207337379455566406e+00 2.324475765228271484e+00
1.208346009254455566e+00 2.307550191879272461e+00
1.209354639053344727e+00 3.031345129013061523e+00
