0.000000000000000000e+00 4.728745117187500000e+03
1.008636085316538811e-03 3.612464111328125000e+03
2.017272170633077621e-03 2.843944824218750000e+03
3.025908255949616432e-03 2.257115234375000000e+03
4.034544341266155243e-03 1.791674804687500000e+03
5.043180659413337708e-03 1.463526855468750000e+03
6.051816511899232864e-03 1.173499877929687500e+03
7.060452364385128021e-03 9.843271484375000000e+02
8.069088682532310486e-03 8.001402587890625000e+02
9.077725000679492950e-03 6.693060913085937500e+02
1.008636131882667542e-02 5.706713867187500000e+02
1.109499670565128326e-02 4.802841796875000000e+02
1.210363302379846573e-02 4.191710815429687500e+02
1.311226934194564819e-02 3.615552673339843750e+02
1.412090472877025604e-02 3.134449462890625000e+02
1.512954104691743851e-02 2.709329528808593750e+02
1.613817736506462097e-02 2.366945495605468750e+02
1.714681275188922882e-02 2.112040100097656250e+02
1.815545000135898590e-02 1.862700958251953125e+02
1.916408538818359375e-02 1.646827697753906250e+02
2.017272263765335083e-02 1.491761322021484375e+02
2.118135802447795868e-02 1.327011260986328125e+02
2.218999341130256653e-02 1.188698577880859375e+02
2.319863066077232361e-02 1.070579833984375000e+02
2.420726604759693146e-02 9.784483337402343750e+01
2.521590143442153931e-02 8.827459716796875000e+01
2.622453868389129639e-02 8.070664215087890625e+01
2.723317407071590424e-02 7.374205780029296875e+01
2.824180945754051208e-02 6.784377288818359375e+01
2.925044670701026917e-02 6.167033386230468750e+01
3.025908209383487701e-02 5.685422897338867188e+01
3.126771748065948486e-02 5.297716903686523438e+01
3.227635473012924194e-02 4.866523361206054688e+01
3.328499197959899902e-02 4.512123870849609375e+01
3.429362550377845764e-02 4.214981079101562500e+01
3.530226275324821472e-02 3.911290359497070312e+01
3.631090000271797180e-02 3.665372085571289062e+01
3.731953352689743042e-02 3.391357803344726562e+01
3.832817077636718750e-02 3.180927276611328125e+01
3.933680802583694458e-02 2.959197044372558594e+01
4.034544527530670166e-02 2.774582481384277344e+01
4.135407879948616028e-02 2.593206977844238281e+01
4.236271604895591736e-02 2.445593261718750000e+01
4.337135329842567444e-02 2.304955673217773438e+01
4.437998682260513306e-02 2.176219367980957031e+01
4.538862407207489014e-02 2.050487709045410156e+01
4.639726132154464722e-02 1.928185462951660156e+01
4.740589484572410583e-02 1.854690551757812500e+01
4.841453209519386292e-02 1.744776725769042969e+01
4.942316934466362000e-02 1.649515914916992188e+01
5.043180286884307861e-02 1.565616512298583984e+01
5.144044011831283569e-02 1.493894004821777344e+01
5.244907736778259277e-02 1.401880455017089844e+01
5.345771089196205139e-02 1.329654216766357422e+01
5.446634814143180847e-02 1.301943111419677734e+01
5.547498539090156555e-02 1.217423439025878906e+01
5.648361891508102417e-02 1.175659275054931641e+01
5.749225616455078125e-02 1.129917812347412109e+01
5.850089341402053833e-02 1.091323661804199219e+01
5.950953066349029541e-02 1.046477222442626953e+01
6.051816418766975403e-02 1.006792449951171875e+01
6.152680143713951111e-02 9.604670524597167969e+00
6.253543496131896973e-02 9.323063850402832031e+00
6.354407221078872681e-02 8.750767707824707031e+00
6.455270946025848389e-02 8.515292167663574219e+00
6.556134670972824097e-02 8.208174705505371094e+00
6.656998395919799805e-02 8.010663032531738281e+00
6.757862120866775513e-02 7.721860408782958984e+00
6.858725100755691528e-02 7.465371608734130859e+00
6.959588825702667236e-02 7.431729316711425781e+00
7.060452550649642944e-02 7.078733921051025391e+00
7.161316275596618652e-02 6.811964988708496094e+00
7.262180000543594360e-02 6.696481227874755859e+00
7.363043725490570068e-02 6.442006111145019531e+00
7.463906705379486084e-02 6.230503082275390625e+00
7.564770430326461792e-02 6.023801803588867188e+00
7.665634155273437500e-02 5.935794353485107422e+00
7.766497880220413208e-02 5.687925815582275391e+00
7.867361605167388916e-02 5.721127510070800781e+00
7.968225330114364624e-02 5.510330677032470703e+00
8.069089055061340332e-02 5.329647064208984375e+00
8.169952034950256348e-02 5.261808872222900391e+00
8.270815759897232056e-02 5.214381694793701172e+00
8.371679484844207764e-02 5.105329513549804688e+00
8.472543209791183472e-02 4.984707355499267578e+00
8.573406934738159180e-02 4.860855579376220703e+00
8.674270659685134888e-02 4.766684055328369141e+00
8.775133639574050903e-02 4.579443931579589844e+00
8.875997364521026611e-02 4.604146480560302734e+00
8.976861089468002319e-02 4.563981533050537109e+00
9.077724814414978027e-02 4.515158653259277344e+00
9.178588539361953735e-02 4.450706481933593750e+00
9.279452264308929443e-02 4.378206253051757812e+00
9.380315244197845459e-02 4.356823444366455078e+00
9.481178969144821167e-02 4.201225280761718750e+00
9.582042694091796875e-02 4.134370803833007812e+00
9.682906419038772583e-02 4.122851848602294922e+00
9.783770143985748291e-02 4.123809337615966797e+00
9.884633868932723999e-02 3.937587261199951172e+00
9.985497593879699707e-02 3.943726539611816406e+00
1.008636057376861572e-01 3.881685495376586914e+00
1.018722429871559143e-01 3.834334611892700195e+00
1.028808802366256714e-01 3.773447036743164062e+00
1.038895174860954285e-01 3.703751087188720703e+00
1.048981547355651855e-01 3.662621974945068359e+00
1.059067919850349426e-01 3.682557344436645508e+00
1.069154217839241028e-01 3.634792327880859375e+00
1.079240590333938599e-01 3.616738080978393555e+00
1.089326962828636169e-01 3.484642505645751953e+00
1.099413335323333740e-01 3.462118387222290039e+00
1.109499707818031311e-01 3.454450130462646484e+00
1.119586080312728882e-01 3.354050874710083008e+00
1.129672378301620483e-01 3.422242164611816406e+00
1.139758750796318054e-01 3.432525157928466797e+00
1.149845123291015625e-01 3.434402227401733398e+00
1.159931495785713196e-01 3.342091798782348633e+00
1.170017868280410767e-01 3.258988142013549805e+00
1.180104240775108337e-01 3.296639442443847656e+00
1.190190613269805908e-01 3.242261648178100586e+00
1.200276911258697510e-01 3.267626285552978516e+00
1.210363283753395081e-01 3.295240163803100586e+00
1.220449656248092651e-01 3.165187358856201172e+00
1.230536028742790222e-01 3.127176284790039062e+00
1.240622401237487793e-01 3.145030736923217773e+00
1.250708699226379395e-01 3.061104297637939453e+00
1.260795146226882935e-01 3.039561033248901367e+00
1.270881444215774536e-01 3.050808429718017578e+00
1.280967891216278076e-01 3.078048229217529297e+00
1.291054189205169678e-01 2.967106819152832031e+00
1.301140487194061279e-01 2.980070829391479492e+00
1.311226934194564819e-01 2.939916372299194336e+00
1.321313232183456421e-01 2.962012052536010742e+00
1.331399679183959961e-01 2.968918085098266602e+00
1.341485977172851562e-01 2.869695901870727539e+00
1.351572424173355103e-01 2.907833337783813477e+00
1.361658722162246704e-01 2.875676393508911133e+00
1.371745020151138306e-01 2.832422494888305664e+00
1.381831467151641846e-01 2.885348320007324219e+00
1.391917765140533447e-01 2.844975471496582031e+00
1.402004212141036987e-01 2.810342073440551758e+00
1.412090510129928589e-01 2.786847829818725586e+00
1.422176808118820190e-01 2.783719301223754883e+00
1.432263255119323730e-01 2.817260265350341797e+00
1.442349553108215332e-01 2.748996734619140625e+00
1.452436000108718872e-01 2.799859285354614258e+00
1.462522298097610474e-01 2.800333738327026367e+00
1.472608745098114014e-01 2.729521036148071289e+00
1.482695043087005615e-01 2.726124763488769531e+00
1.492781341075897217e-01 2.711113929748535156e+00
1.502867788076400757e-01 2.712833642959594727e+00
1.512954086065292358e-01 2.734217882156372070e+00
1.523040533065795898e-01 2.673021793365478516e+00
1.533126831054687500e-01 2.648226976394653320e+00
1.543213278055191040e-01 2.665078878402709961e+00
1.553299576044082642e-01 2.671384811401367188e+00
1.563385874032974243e-01 2.655567169189453125e+00
1.573472321033477783e-01 2.690582036972045898e+00
1.583558619022369385e-01 2.632184267044067383e+00
1.593645066022872925e-01 2.571735858917236328e+00
1.603731364011764526e-01 2.525771617889404297e+00
1.613817811012268066e-01 2.606304883956909180e+00
1.623904109001159668e-01 2.575863122940063477e+00
1.633990406990051270e-01 2.588108301162719727e+00
1.644076853990554810e-01 2.522413492202758789e+00
1.654163151979446411e-01 2.474571704864501953e+00
1.664249598979949951e-01 2.514773368835449219e+00
1.674335896968841553e-01 2.559655427932739258e+00
1.684422194957733154e-01 2.527171373367309570e+00
1.694508641958236694e-01 2.438773870468139648e+00
1.704594939947128296e-01 2.428292512893676758e+00
1.714681386947631836e-01 2.412365198135375977e+00
1.724767684936523438e-01 2.393728256225585938e+00
1.734854131937026978e-01 2.364108562469482422e+00
1.744940429925918579e-01 2.381920337677001953e+00
1.755026727914810181e-01 2.375289678573608398e+00
1.765113174915313721e-01 2.416615962982177734e+00
1.775199472904205322e-01 2.356558799743652344e+00
1.785285919904708862e-01 2.359858036041259766e+00
1.795372217893600464e-01 2.351285696029663086e+00
1.805458664894104004e-01 2.332139253616333008e+00
1.815544962882995605e-01 2.306218624114990234e+00
1.825631260871887207e-01 2.315617322921752930e+00
1.835717707872390747e-01 2.326757907867431641e+00
1.845804005861282349e-01 2.261017084121704102e+00
1.855890452861785889e-01 2.260101318359375000e+00
1.865976750850677490e-01 2.242806434631347656e+00
1.876063048839569092e-01 2.223704338073730469e+00
1.886149495840072632e-01 2.214603185653686523e+00
1.896235793828964233e-01 2.205692768096923828e+00
1.906322240829467773e-01 2.244652986526489258e+00
1.916408538818359375e-01 2.223368406295776367e+00
1.926494985818862915e-01 2.138748168945312500e+00
1.936581283807754517e-01 2.181876659393310547e+00
1.946667581796646118e-01 2.156778573989868164e+00
1.956754028797149658e-01 2.198580741882324219e+00
1.966840326786041260e-01 2.155484437942504883e+00
1.976926773786544800e-01 2.099315881729125977e+00
1.987013071775436401e-01 2.105898141860961914e+00
1.997099518775939941e-01 2.135474920272827148e+00
2.007185816764831543e-01 2.107362508773803711e+00
2.017272114753723145e-01 2.076108932495117188e+00
2.027358561754226685e-01 2.090808629989624023e+00
2.037444859743118286e-01 2.046025514602661133e+00
2.047531306743621826e-01 2.057805776596069336e+00
2.057617604732513428e-01 2.027250289916992188e+00
2.067703902721405029e-01 2.040421247482299805e+00
2.077790349721908569e-01 2.059815645217895508e+00
2.087876647710800171e-01 2.084661006927490234e+00
2.097963094711303711e-01 2.061467647552490234e+00
2.108049392700195312e-01 2.036173105239868164e+00
2.118135839700698853e-01 2.058671712875366211e+00
2.128222137689590454e-01 2.015840053558349609e+00
2.138308435678482056e-01 2.044574260711669922e+00
2.148394882678985596e-01 2.010171175003051758e+00
2.158481180667877197e-01 2.029031038284301758e+00
2.168567627668380737e-01 2.015562772750854492e+00
2.178653925657272339e-01 1.976463317871093750e+00
2.188740372657775879e-01 1.961943268775939941e+00
2.198826670646667480e-01 1.968334197998046875e+00
2.208912968635559082e-01 1.998022079467773438e+00
2.218999415636062622e-01 1.970127224922180176e+00
2.229085713624954224e-01 1.962230920791625977e+00
2.239172160625457764e-01 1.960674047470092773e+00
2.249258458614349365e-01 1.950101852416992188e+00
2.259344756603240967e-01 1.958763718605041504e+00
2.269431203603744507e-01 1.952881932258605957e+00
2.279517501592636108e-01 1.959211230278015137e+00
2.289603948593139648e-01 1.979882359504699707e+00
2.299690246582031250e-01 1.940103530883789062e+00
2.309776693582534790e-01 1.941467046737670898e+00
2.319862991571426392e-01 1.885914087295532227e+00
2.329949289560317993e-01 1.897500038146972656e+00
2.340035736560821533e-01 1.948115825653076172e+00
2.350122034549713135e-01 1.909448981285095215e+00
2.360208481550216675e-01 1.918839573860168457e+00
2.370294779539108276e-01 1.906543135643005371e+00
2.380381226539611816e-01 1.868056058883666992e+00
2.390467524528503418e-01 1.820199847221374512e+00
2.400553822517395020e-01 1.884862303733825684e+00
2.410640269517898560e-01 1.842403292655944824e+00
2.420726567506790161e-01 1.901158452033996582e+00
2.430813014507293701e-01 2.019225835800170898e+00
2.440899312496185303e-01 1.890113830566406250e+00
2.450985759496688843e-01 1.818102240562438965e+00
2.461072057485580444e-01 1.871657490730285645e+00
2.471158355474472046e-01 1.873929381370544434e+00
2.481244802474975586e-01 1.848427057266235352e+00
2.491331100463867188e-01 1.844035863876342773e+00
2.501417398452758789e-01 1.857633352279663086e+00
2.511503994464874268e-01 1.822432041168212891e+00
2.521590292453765869e-01 1.821122646331787109e+00
2.531676590442657471e-01 1.808391809463500977e+00
2.541762888431549072e-01 1.810294270515441895e+00
2.551849186420440674e-01 1.772681474685668945e+00
2.561935782432556152e-01 1.776269316673278809e+00
2.572022080421447754e-01 1.798416137695312500e+00
2.582108378410339355e-01 1.791338682174682617e+00
2.592194676399230957e-01 1.767212629318237305e+00
2.602280974388122559e-01 1.744048357009887695e+00
2.612367570400238037e-01 1.772791147232055664e+00
2.622453868389129639e-01 1.750356197357177734e+00
2.632540166378021240e-01 1.786771655082702637e+00
2.642626464366912842e-01 1.737044453620910645e+00
2.652712762355804443e-01 1.726167082786560059e+00
2.662799358367919922e-01 1.754764556884765625e+00
2.672885656356811523e-01 1.757950305938720703e+00
2.682971954345703125e-01 1.751354694366455078e+00
2.693058252334594727e-01 1.731125831604003906e+00
2.703144848346710205e-01 1.717442154884338379e+00
2.713231146335601807e-01 1.716138720512390137e+00
2.723317444324493408e-01 1.698969006538391113e+00
2.733403742313385010e-01 1.691042780876159668e+00
2.743490040302276611e-01 1.708814263343811035e+00
2.753576636314392090e-01 1.663825392723083496e+00
2.763662934303283691e-01 1.687999010086059570e+00
2.773749232292175293e-01 1.693551421165466309e+00
2.783835530281066895e-01 1.701910853385925293e+00
2.793921828269958496e-01 1.665544271469116211e+00
2.804008424282073975e-01 1.695263147354125977e+00
2.814094722270965576e-01 1.703707456588745117e+00
2.824181020259857178e-01 1.659430265426635742e+00
2.834267318248748779e-01 1.678591609001159668e+00
2.844353616237640381e-01 1.661175251007080078e+00
2.854440212249755859e-01 1.690480709075927734e+00
2.864526510238647461e-01 1.693633675575256348e+00
2.874612808227539062e-01 1.683029294013977051e+00
2.884699106216430664e-01 1.662072658538818359e+00
2.894785702228546143e-01 1.659801483154296875e+00
2.904872000217437744e-01 1.658131122589111328e+00
2.914958298206329346e-01 1.633180379867553711e+00
2.925044596195220947e-01 1.661782741546630859e+00
2.935130894184112549e-01 1.650000214576721191e+00
2.945217490196228027e-01 1.646956086158752441e+00
2.955303788185119629e-01 1.634276151657104492e+00
2.965390086174011230e-01 1.609728574752807617e+00
2.975476384162902832e-01 1.636407852172851562e+00
2.985562682151794434e-01 1.638547420501708984e+00
2.995649278163909912e-01 1.633382916450500488e+00
3.005735576152801514e-01 1.605864405632019043e+00
3.015821874141693115e-01 1.603833675384521484e+00
3.025908172130584717e-01 1.592904806137084961e+00
3.035994470119476318e-01 1.628112196922302246e+00
3.046081066131591797e-01 1.571928262710571289e+00
3.056167364120483398e-01 1.599268794059753418e+00
3.066253662109375000e-01 1.573132753372192383e+00
3.076339960098266602e-01 1.569697976112365723e+00
3.086426556110382080e-01 1.570897459983825684e+00
3.096512854099273682e-01 1.622615575790405273e+00
3.106599152088165283e-01 1.603700160980224609e+00
3.116685450077056885e-01 1.623523354530334473e+00
3.126771748065948486e-01 1.594884872436523438e+00
3.136858344078063965e-01 1.574389934539794922e+00
3.146944642066955566e-01 1.601285099983215332e+00
3.157030940055847168e-01 1.545867204666137695e+00
3.167117238044738770e-01 1.570420622825622559e+00
3.177203536033630371e-01 1.557582020759582520e+00
3.187290132045745850e-01 1.549200892448425293e+00
3.197376430034637451e-01 1.552276372909545898e+00
3.207462728023529053e-01 1.540730714797973633e+00
3.217549026012420654e-01 1.512150526046752930e+00
3.227635622024536133e-01 1.563252568244934082e+00
3.237721920013427734e-01 1.545416712760925293e+00
3.247808218002319336e-01 1.543877840042114258e+00
3.257894515991210938e-01 1.555892705917358398e+00
3.267980813980102539e-01 1.545681238174438477e+00
3.278067409992218018e-01 1.540178656578063965e+00
3.288153707981109619e-01 1.521685242652893066e+00
3.298240005970001221e-01 1.554782748222351074e+00
3.308326303958892822e-01 1.545081257820129395e+00
3.318412601947784424e-01 1.509626984596252441e+00
3.328499197959899902e-01 1.492242574691772461e+00
3.338585495948791504e-01 1.506694912910461426e+00
3.348671793937683105e-01 1.511521935462951660e+00
3.358758091926574707e-01 1.519466519355773926e+00
3.368844389915466309e-01 1.535832166671752930e+00
3.378930985927581787e-01 1.516910195350646973e+00
3.389017283916473389e-01 1.523223996162414551e+00
3.399103581905364990e-01 1.501440405845642090e+00
3.409189879894256592e-01 1.520959854125976562e+00
3.419276475906372070e-01 1.500457167625427246e+00
3.429362773895263672e-01 1.501402258872985840e+00
3.439449071884155273e-01 1.481416821479797363e+00
3.449535369873046875e-01 1.487620472908020020e+00
3.459621667861938477e-01 1.496889948844909668e+00
3.469708263874053955e-01 1.515450358390808105e+00
3.479794561862945557e-01 1.512334823608398438e+00
3.489880859851837158e-01 1.511746764183044434e+00
3.499967157840728760e-01 1.495517730712890625e+00
3.510053455829620361e-01 1.507709980010986328e+00
3.520140051841735840e-01 1.519204139709472656e+00
3.530226349830627441e-01 1.494401216506958008e+00
3.540312647819519043e-01 1.499207615852355957e+00
3.550398945808410645e-01 1.488909721374511719e+00
3.560485243797302246e-01 1.473186612129211426e+00
3.570571839809417725e-01 1.473603367805480957e+00
3.580658137798309326e-01 1.488598704338073730e+00
3.590744435787200928e-01 1.475977778434753418e+00
3.600830733776092529e-01 1.468664526939392090e+00
3.610917329788208008e-01 1.460473775863647461e+00
3.621003627777099609e-01 1.486830711364746094e+00
3.631089925765991211e-01 1.437700271606445312e+00
3.641176223754882812e-01 1.458223462104797363e+00
3.651262521743774414e-01 1.470885038375854492e+00
3.661349117755889893e-01 1.455086588859558105e+00
3.671435415744781494e-01 1.448464035987854004e+00
3.681521713733673096e-01 1.467248916625976562e+00
3.691608011722564697e-01 1.461380839347839355e+00
3.701694309711456299e-01 1.461410403251647949e+00
3.711780905723571777e-01 1.455877661705017090e+00
3.721867203712463379e-01 1.477483391761779785e+00
3.731953501701354980e-01 1.486132502555847168e+00
3.742039799690246582e-01 1.465913057327270508e+00
3.752126097679138184e-01 1.444505095481872559e+00
3.762212693691253662e-01 1.448100209236145020e+00
3.772298991680145264e-01 1.467631936073303223e+00
3.782385289669036865e-01 1.451117873191833496e+00
3.792471587657928467e-01 1.449024677276611328e+00
3.802558183670043945e-01 1.446771502494812012e+00
3.812644481658935547e-01 1.445593833923339844e+00
3.822730779647827148e-01 1.454954624176025391e+00
3.832817077636718750e-01 1.414753079414367676e+00
3.842903375625610352e-01 1.419300079345703125e+00
3.852989971637725830e-01 1.431747794151306152e+00
3.863076269626617432e-01 1.410853385925292969e+00
3.873162567615509033e-01 1.425739526748657227e+00
3.883248865604400635e-01 1.422327995300292969e+00
3.893335163593292236e-01 1.444408893585205078e+00
3.903421759605407715e-01 1.431656479835510254e+00
3.913508057594299316e-01 1.424253225326538086e+00
3.923594355583190918e-01 1.422547698020935059e+00
3.933680653572082520e-01 1.433645367622375488e+00
3.943766951560974121e-01 1.409200549125671387e+00
3.953853547573089600e-01 1.438257217407226562e+00
3.963939845561981201e-01 1.417813181877136230e+00
3.974026143550872803e-01 1.423526048660278320e+00
3.984112441539764404e-01 1.412008881568908691e+00
3.994199037551879883e-01 1.418028593063354492e+00
4.004285335540771484e-01 1.424291610717773438e+00
4.014371633529663086e-01 1.446721553802490234e+00
4.024457931518554688e-01 1.421397566795349121e+00
4.034544229507446289e-01 1.406212687492370605e+00
4.044630825519561768e-01 1.431663393974304199e+00
4.054717123508453369e-01 1.422940373420715332e+00
4.064803421497344971e-01 1.419811964035034180e+00
4.074889719486236572e-01 1.421626567840576172e+00
4.084976017475128174e-01 1.406397700309753418e+00
4.095062613487243652e-01 1.420611143112182617e+00
4.105148911476135254e-01 1.400420069694519043e+00
4.115235209465026855e-01 1.383543729782104492e+00
4.125321507453918457e-01 1.385832667350769043e+00
4.135407805442810059e-01 1.397522687911987305e+00
4.145494401454925537e-01 1.410522699356079102e+00
4.155580699443817139e-01 1.376414775848388672e+00
4.165666997432708740e-01 1.374468088150024414e+00
4.175753295421600342e-01 1.380730032920837402e+00
4.185839891433715820e-01 1.403792977333068848e+00
4.195926189422607422e-01 1.415810585021972656e+00
4.206012487411499023e-01 1.377640008926391602e+00
4.216098785400390625e-01 1.392352938652038574e+00
4.226185083389282227e-01 1.388156771659851074e+00
4.236271679401397705e-01 1.393963813781738281e+00
4.246357977390289307e-01 1.396632313728332520e+00
4.256444275379180908e-01 1.385254859924316406e+00
4.266530573368072510e-01 1.360489487648010254e+00
4.276616871356964111e-01 1.365981817245483398e+00
4.286703467369079590e-01 1.387016654014587402e+00
4.296789765357971191e-01 1.385833144187927246e+00
4.306876063346862793e-01 1.393552780151367188e+00
4.316962361335754395e-01 1.417583107948303223e+00
4.327048659324645996e-01 1.394486188888549805e+00
4.337135255336761475e-01 1.368014574050903320e+00
4.347221553325653076e-01 1.396604776382446289e+00
4.357307851314544678e-01 1.388492107391357422e+00
4.367394149303436279e-01 1.381507873535156250e+00
4.377480745315551758e-01 1.383159995079040527e+00
4.387567043304443359e-01 1.389415144920349121e+00
4.397653341293334961e-01 1.367506861686706543e+00
4.407739639282226562e-01 1.336721539497375488e+00
4.417825937271118164e-01 1.384500741958618164e+00
4.427912533283233643e-01 1.379519343376159668e+00
4.437998831272125244e-01 1.399708867073059082e+00
4.448085129261016846e-01 1.373907446861267090e+00
4.458171427249908447e-01 1.378203511238098145e+00
4.468257725238800049e-01 1.369010448455810547e+00
4.478344321250915527e-01 1.364697575569152832e+00
4.488430619239807129e-01 1.385681271553039551e+00
4.498516917228698730e-01 1.357520222663879395e+00
4.508603215217590332e-01 1.366084337234497070e+00
4.518689513206481934e-01 1.380580067634582520e+00
4.528776109218597412e-01 1.366770744323730469e+00
4.538862407207489014e-01 1.360862970352172852e+00
4.548948705196380615e-01 1.367466807365417480e+00
4.559035003185272217e-01 1.343289613723754883e+00
4.569121599197387695e-01 1.373437404632568359e+00
4.579207897186279297e-01 1.371913552284240723e+00
4.589294195175170898e-01 1.371916651725769043e+00
4.599380493164062500e-01 1.374790310859680176e+00
4.609466791152954102e-01 1.343067646026611328e+00
4.619553387165069580e-01 1.353462815284729004e+00
4.629639685153961182e-01 1.361272931098937988e+00
4.639725983142852783e-01 1.359199881553649902e+00
4.649812281131744385e-01 1.384004831314086914e+00
4.659898579120635986e-01 1.332821488380432129e+00
4.669985175132751465e-01 1.327827334403991699e+00
4.680071473121643066e-01 1.350075602531433105e+00
4.690157771110534668e-01 1.359422445297241211e+00
4.700244069099426270e-01 1.357022166252136230e+00
4.710330665111541748e-01 1.349546313285827637e+00
4.720416963100433350e-01 1.330140709877014160e+00
4.730503261089324951e-01 1.340472340583801270e+00
4.740589559078216553e-01 1.367605090141296387e+00
4.750675857067108154e-01 1.348795533180236816e+00
4.760762453079223633e-01 1.354310274124145508e+00
4.770848751068115234e-01 1.356665611267089844e+00
4.780935049057006836e-01 1.339448809623718262e+00
4.791021347045898438e-01 1.334386348724365234e+00
4.801107645034790039e-01 1.345950484275817871e+00
4.811194241046905518e-01 1.341993451118469238e+00
4.821280539035797119e-01 1.325730681419372559e+00
4.831366837024688721e-01 1.342854380607604980e+00
4.841453135013580322e-01 1.353394627571105957e+00
4.851539433002471924e-01 1.350375056266784668e+00
4.861626029014587402e-01 1.354353189468383789e+00
4.871712327003479004e-01 1.347510457038879395e+00
4.881798624992370605e-01 1.351346969604492188e+00
4.891884922981262207e-01 1.344293236732482910e+00
4.901971518993377686e-01 1.358128666877746582e+00
4.912057816982269287e-01 1.338562607765197754e+00
4.922144114971160889e-01 1.346805334091186523e+00
4.932230412960052490e-01 1.337342858314514160e+00
4.942316710948944092e-01 1.330940723419189453e+00
4.952403306961059570e-01 1.322115063667297363e+00
4.962489604949951172e-01 1.339194774627685547e+00
4.972575902938842773e-01 1.330259561538696289e+00
4.982662200927734375e-01 1.321861386299133301e+00
4.992748498916625977e-01 1.347311973571777344e+00
5.002834796905517578e-01 1.339938521385192871e+00
5.012921094894409180e-01 1.324858546257019043e+00
5.023007988929748535e-01 1.327276825904846191e+00
5.033094286918640137e-01 1.345988273620605469e+00
5.043180584907531738e-01 1.402081489562988281e+00
5.053266882896423340e-01 1.366784572601318359e+00
5.063353180885314941e-01 1.336437225341796875e+00
5.073439478874206543e-01 1.330133795738220215e+00
5.083525776863098145e-01 1.317037105560302734e+00
5.093612074851989746e-01 1.337461709976196289e+00
5.103698372840881348e-01 1.326121807098388672e+00
5.113784670829772949e-01 1.353640913963317871e+00
5.123871564865112305e-01 1.383887410163879395e+00
5.133957862854003906e-01 1.349153399467468262e+00
5.144044160842895508e-01 1.342495799064636230e+00
5.154130458831787109e-01 1.347361683845520020e+00
5.164216756820678711e-01 1.350726962089538574e+00
5.174303054809570312e-01 1.359372615814208984e+00
5.184389352798461914e-01 1.343531250953674316e+00
5.194475650787353516e-01 1.341388702392578125e+00
5.204561948776245117e-01 1.357285380363464355e+00
5.214648842811584473e-01 1.363563060760498047e+00
5.224735140800476074e-01 1.346042990684509277e+00
5.234821438789367676e-01 1.336523175239562988e+00
5.244907736778259277e-01 1.376724362373352051e+00
5.254994034767150879e-01 1.346395134925842285e+00
5.265080332756042480e-01 1.362502813339233398e+00
5.275166630744934082e-01 1.361237525939941406e+00
5.285252928733825684e-01 1.359628438949584961e+00
5.295339226722717285e-01 1.358764052391052246e+00
5.305425524711608887e-01 1.350246787071228027e+00
5.315512418746948242e-01 1.374991536140441895e+00
5.325598716735839844e-01 1.373911261558532715e+00
5.335685014724731445e-01 1.372595906257629395e+00
5.345771312713623047e-01 1.349404692649841309e+00
5.355857610702514648e-01 1.322522878646850586e+00
5.365943908691406250e-01 1.338402390480041504e+00
5.376030206680297852e-01 1.353949427604675293e+00
5.386116504669189453e-01 1.345247864723205566e+00
5.396202802658081055e-01 1.351663947105407715e+00
5.406289696693420410e-01 1.335398197174072266e+00
5.416375994682312012e-01 1.332399845123291016e+00
5.426462292671203613e-01 1.342589020729064941e+00
5.436548590660095215e-01 1.329040050506591797e+00
5.446634888648986816e-01 1.339041709899902344e+00
5.456721186637878418e-01 1.339459896087646484e+00
5.466807484626770020e-01 1.329460740089416504e+00
5.476893782615661621e-01 1.346233367919921875e+00
5.486980080604553223e-01 1.341408252716064453e+00
5.497066378593444824e-01 1.348749518394470215e+00
5.507153272628784180e-01 1.339874744415283203e+00
5.517239570617675781e-01 1.334346294403076172e+00
5.527325868606567383e-01 1.313889145851135254e+00
5.537412166595458984e-01 1.330893635749816895e+00
5.547498464584350586e-01 1.350210785865783691e+00
5.557584762573242188e-01 1.326588869094848633e+00
5.567671060562133789e-01 1.330530881881713867e+00
5.577757358551025391e-01 1.335307717323303223e+00
5.587843656539916992e-01 1.335969686508178711e+00
5.597930550575256348e-01 1.323977470397949219e+00
5.608016848564147949e-01 1.316961288452148438e+00
5.618103146553039551e-01 1.315770626068115234e+00
5.628189444541931152e-01 1.339119553565979004e+00
5.638275742530822754e-01 1.326297163963317871e+00
5.648362040519714355e-01 1.303225636482238770e+00
5.658448338508605957e-01 1.284845709800720215e+00
5.668534636497497559e-01 1.295807003974914551e+00
5.678620934486389160e-01 1.306455731391906738e+00
5.688707232475280762e-01 1.292759418487548828e+00
5.698794126510620117e-01 1.321688890457153320e+00
5.708880424499511719e-01 1.317835807800292969e+00
5.718966722488403320e-01 1.309980154037475586e+00
5.729053020477294922e-01 1.300307393074035645e+00
5.739139318466186523e-01 1.305303692817687988e+00
5.749225616455078125e-01 1.308983802795410156e+00
5.759311914443969727e-01 1.302989125251770020e+00
5.769398212432861328e-01 1.311496376991271973e+00
5.779484510421752930e-01 1.304407835006713867e+00
5.789571404457092285e-01 1.319010615348815918e+00
5.799657702445983887e-01 1.309886813163757324e+00
5.809744000434875488e-01 1.294434189796447754e+00
5.819830298423767090e-01 1.303645133972167969e+00
5.829916596412658691e-01 1.305439114570617676e+00
5.840002894401550293e-01 1.327189564704895020e+00
5.850089192390441895e-01 1.299674272537231445e+00
5.860175490379333496e-01 1.312500715255737305e+00
5.870261788368225098e-01 1.318423151969909668e+00
5.880348086357116699e-01 1.320404767990112305e+00
5.890434980392456055e-01 1.302019715309143066e+00
5.900521278381347656e-01 1.307881832122802734e+00
5.910607576370239258e-01 1.313302993774414062e+00
5.920693874359130859e-01 1.306808471679687500e+00
5.930780172348022461e-01 1.305085659027099609e+00
5.940866470336914062e-01 1.281866550445556641e+00
5.950952768325805664e-01 1.288487195968627930e+00
5.961039066314697266e-01 1.301749348640441895e+00
5.971125364303588867e-01 1.306678414344787598e+00
5.981212258338928223e-01 1.288281917572021484e+00
5.991298556327819824e-01 1.310052275657653809e+00
6.001384854316711426e-01 1.294486880302429199e+00
6.011471152305603027e-01 1.316270947456359863e+00
6.021557450294494629e-01 1.309037685394287109e+00
6.031643748283386230e-01 1.293677568435668945e+00
6.041730046272277832e-01 1.281241416931152344e+00
6.051816344261169434e-01 1.302928924560546875e+00
6.061902642250061035e-01 1.301869988441467285e+00
6.071988940238952637e-01 1.293824672698974609e+00
6.082075834274291992e-01 1.305174350738525391e+00
6.092162132263183594e-01 1.311831235885620117e+00
6.102248430252075195e-01 1.306241869926452637e+00
6.112334728240966797e-01 1.305584073066711426e+00
6.122421026229858398e-01 1.287674665451049805e+00
6.132507324218750000e-01 1.289905309677124023e+00
6.142593622207641602e-01 1.313732385635375977e+00
6.152679920196533203e-01 1.307101607322692871e+00
6.162766218185424805e-01 1.313267469406127930e+00
6.172853112220764160e-01 1.310373306274414062e+00
6.182939410209655762e-01 1.271083950996398926e+00
6.193025708198547363e-01 1.293724536895751953e+00
6.203112006187438965e-01 1.280185937881469727e+00
6.213198304176330566e-01 1.293639779090881348e+00
6.223284602165222168e-01 1.257485389709472656e+00
6.233370900154113770e-01 1.297097206115722656e+00
6.243457198143005371e-01 1.279802799224853516e+00
6.253543496131896973e-01 1.283462285995483398e+00
6.263629794120788574e-01 1.309486389160156250e+00
6.273716688156127930e-01 1.300048708915710449e+00
6.283802986145019531e-01 1.294701576232910156e+00
6.293889284133911133e-01 1.265307545661926270e+00
6.303975582122802734e-01 1.261622786521911621e+00
6.314061880111694336e-01 1.269710421562194824e+00
6.324148178100585938e-01 1.267611622810363770e+00
6.334234476089477539e-01 1.266438841819763184e+00
6.344320774078369141e-01 1.283270239830017090e+00
6.354407072067260742e-01 1.296490311622619629e+00
6.364493966102600098e-01 1.285188794136047363e+00
6.374580264091491699e-01 1.278931498527526855e+00
6.384666562080383301e-01 1.303272366523742676e+00
6.394752860069274902e-01 1.262983679771423340e+00
6.404839158058166504e-01 1.274834990501403809e+00
6.414925456047058105e-01 1.288366675376892090e+00
6.425011754035949707e-01 1.280976176261901855e+00
6.435098052024841309e-01 1.281117558479309082e+00
6.445184350013732910e-01 1.288240194320678711e+00
6.455271244049072266e-01 1.307882428169250488e+00
6.465357542037963867e-01 1.314185976982116699e+00
6.475443840026855469e-01 1.297096729278564453e+00
6.485530138015747070e-01 1.267719149589538574e+00
6.495616436004638672e-01 1.278439164161682129e+00
6.505702733993530273e-01 1.274830460548400879e+00
6.515789031982421875e-01 1.263966202735900879e+00
6.525875329971313477e-01 1.281270861625671387e+00
6.535961627960205078e-01 1.287649035453796387e+00
6.546047925949096680e-01 1.279393672943115234e+00
6.556134819984436035e-01 1.293170690536499023e+00
6.566221117973327637e-01 1.284258604049682617e+00
6.576307415962219238e-01 1.287667751312255859e+00
6.586393713951110840e-01 1.292525053024291992e+00
6.596480011940002441e-01 1.303058981895446777e+00
6.606566309928894043e-01 1.292171359062194824e+00
6.616652607917785645e-01 1.263674378395080566e+00
6.626738905906677246e-01 1.262793540954589844e+00
6.636825203895568848e-01 1.276161551475524902e+00
6.646912097930908203e-01 1.301752328872680664e+00
6.656998395919799805e-01 1.301108956336975098e+00
6.667084693908691406e-01 1.275186061859130859e+00
6.677170991897583008e-01 1.272623419761657715e+00
6.687257289886474609e-01 1.305321455001831055e+00
6.697343587875366211e-01 1.308488130569458008e+00
6.707429885864257812e-01 1.284984588623046875e+00
6.717516183853149414e-01 1.272488117218017578e+00
6.727602481842041016e-01 1.286765098571777344e+00
6.737688779830932617e-01 1.258684635162353516e+00
6.747775673866271973e-01 1.264430403709411621e+00
6.757861971855163574e-01 1.296096324920654297e+00
6.767948269844055176e-01 1.279647827148437500e+00
6.778034567832946777e-01 1.290701746940612793e+00
6.788120865821838379e-01 1.294406771659851074e+00
6.798207163810729980e-01 1.292749762535095215e+00
6.808293461799621582e-01 1.295350432395935059e+00
6.818379759788513184e-01 1.287333011627197266e+00
6.828466057777404785e-01 1.294847607612609863e+00
6.838552951812744141e-01 1.277206659317016602e+00
6.848639249801635742e-01 1.281809687614440918e+00
6.858725547790527344e-01 1.276441335678100586e+00
6.868811845779418945e-01 1.292308211326599121e+00
6.878898143768310547e-01 1.288803219795227051e+00
6.888984441757202148e-01 1.281468033790588379e+00
6.899070739746093750e-01 1.277661323547363281e+00
6.909157037734985352e-01 1.290759444236755371e+00
6.919243335723876953e-01 1.300567626953125000e+00
6.929329633712768555e-01 1.263109087944030762e+00
6.939416527748107910e-01 1.276214718818664551e+00
6.949502825736999512e-01 1.282730937004089355e+00
6.959589123725891113e-01 1.264824390411376953e+00
6.969675421714782715e-01 1.281601190567016602e+00
6.979761719703674316e-01 1.253687024116516113e+00
6.989848017692565918e-01 1.298376321792602539e+00
6.999934315681457520e-01 1.276387095451354980e+00
7.010020613670349121e-01 1.266042351722717285e+00
7.020106911659240723e-01 1.286912560462951660e+00
7.030193805694580078e-01 1.277299880981445312e+00
7.040280103683471680e-01 1.275330305099487305e+00
7.050366401672363281e-01 1.273229718208312988e+00
7.060452699661254883e-01 1.273384571075439453e+00
7.070538997650146484e-01 1.282020211219787598e+00
7.080625295639038086e-01 1.256386995315551758e+00
7.090711593627929688e-01 1.285456776618957520e+00
7.100797891616821289e-01 1.301775932312011719e+00
7.110884189605712891e-01 1.296566009521484375e+00
7.120970487594604492e-01 1.290835261344909668e+00
7.131057381629943848e-01 1.284490466117858887e+00
7.141143679618835449e-01 1.297756791114807129e+00
7.151229977607727051e-01 1.294566631317138672e+00
7.161316275596618652e-01 1.292991638183593750e+00
7.171402573585510254e-01 1.284382104873657227e+00
7.181488871574401855e-01 1.307908535003662109e+00
7.191575169563293457e-01 1.293235898017883301e+00
7.201661467552185059e-01 1.291687369346618652e+00
7.211747765541076660e-01 1.289634943008422852e+00
7.221834659576416016e-01 1.284516096115112305e+00
7.231920957565307617e-01 1.296724081039428711e+00
7.242007255554199219e-01 1.280198931694030762e+00
7.252093553543090820e-01 1.295853734016418457e+00
7.262179851531982422e-01 1.301171779632568359e+00
7.272266149520874023e-01 1.291141867637634277e+00
7.282352447509765625e-01 1.299437880516052246e+00
7.292438745498657227e-01 1.304935336112976074e+00
7.302525043487548828e-01 1.261741280555725098e+00
7.312611341476440430e-01 1.278083324432373047e+00
7.322698235511779785e-01 1.276407361030578613e+00
7.332784533500671387e-01 1.303111314773559570e+00
7.342870831489562988e-01 1.270012974739074707e+00
7.352957129478454590e-01 1.298452973365783691e+00
7.363043427467346191e-01 1.292523026466369629e+00
7.373129725456237793e-01 1.292086005210876465e+00
7.383216023445129395e-01 1.265346884727478027e+00
7.393302321434020996e-01 1.281697034835815430e+00
7.403388619422912598e-01 1.292237281799316406e+00
7.413475513458251953e-01 1.303204894065856934e+00
7.423561811447143555e-01 1.305022358894348145e+00
7.433648109436035156e-01 1.287288069725036621e+00
7.443734407424926758e-01 1.311666727066040039e+00
7.453820705413818359e-01 1.301832079887390137e+00
7.463907003402709961e-01 1.293793678283691406e+00
7.473993301391601562e-01 1.309639334678649902e+00
7.484079599380493164e-01 1.303882598876953125e+00
7.494165897369384766e-01 1.273252010345458984e+00
7.504252195358276367e-01 1.285164594650268555e+00
7.514339089393615723e-01 1.282242059707641602e+00
7.524425387382507324e-01 1.331303000450134277e+00
7.534511685371398926e-01 1.341701865196228027e+00
7.544597983360290527e-01 1.300684690475463867e+00
7.554684281349182129e-01 1.307702422142028809e+00
7.564770579338073730e-01 1.306286811828613281e+00
7.574856877326965332e-01 1.300016283988952637e+00
7.584943175315856934e-01 1.301311016082763672e+00
7.595029473304748535e-01 1.342064857482910156e+00
7.605116367340087891e-01 1.307474493980407715e+00
7.615202665328979492e-01 1.325677394866943359e+00
7.625288963317871094e-01 1.327225327491760254e+00
7.635375261306762695e-01 1.303732275962829590e+00
7.645461559295654297e-01 1.319565296173095703e+00
7.655547857284545898e-01 1.310584306716918945e+00
7.665634155273437500e-01 1.305480480194091797e+00
7.675720453262329102e-01 1.304692506790161133e+00
7.685806751251220703e-01 1.298173189163208008e+00
7.695893049240112305e-01 1.311246752738952637e+00
7.705979943275451660e-01 1.324571847915649414e+00
7.716066241264343262e-01 1.319385886192321777e+00
7.726152539253234863e-01 1.316207408905029297e+00
7.736238837242126465e-01 1.325855016708374023e+00
7.746325135231018066e-01 1.320576667785644531e+00
7.756411433219909668e-01 1.309395074844360352e+00
7.766497731208801270e-01 1.308667778968811035e+00
7.776584029197692871e-01 1.313620448112487793e+00
7.786670327186584473e-01 1.322186946868896484e+00
7.796757221221923828e-01 1.340643286705017090e+00
7.806843519210815430e-01 1.325546264648437500e+00
7.816929817199707031e-01 1.344529628753662109e+00
7.827016115188598633e-01 1.332805037498474121e+00
7.837102413177490234e-01 1.325376391410827637e+00
7.847188711166381836e-01 1.314925193786621094e+00
7.857275009155273438e-01 1.303613424301147461e+00
7.867361307144165039e-01 1.344218850135803223e+00
7.877447605133056641e-01 1.344301223754882812e+00
7.887533903121948242e-01 1.309442639350891113e+00
7.897620797157287598e-01 1.323184728622436523e+00
7.907707095146179199e-01 1.354536175727844238e+00
7.917793393135070801e-01 1.334061384201049805e+00
7.927879691123962402e-01 1.357530593872070312e+00
7.937965989112854004e-01 1.325877308845520020e+00
7.948052287101745605e-01 1.333719134330749512e+00
7.958138585090637207e-01 1.346940398216247559e+00
7.968224883079528809e-01 1.320393800735473633e+00
7.978311181068420410e-01 1.319467902183532715e+00
7.988398075103759766e-01 1.350354909896850586e+00
7.998484373092651367e-01 1.316911578178405762e+00
8.008570671081542969e-01 1.325073719024658203e+00
8.018656969070434570e-01 1.343560099601745605e+00
8.028743267059326172e-01 1.336395978927612305e+00
8.038829565048217773e-01 1.356206059455871582e+00
8.048915863037109375e-01 1.357164740562438965e+00
8.059002161026000977e-01 1.328276395797729492e+00
8.069088459014892578e-01 1.329145193099975586e+00
8.079174757003784180e-01 1.346643805503845215e+00
8.089261651039123535e-01 1.329475641250610352e+00
8.099347949028015137e-01 1.333433508872985840e+00
8.109434247016906738e-01 1.343792080879211426e+00
8.119520545005798340e-01 1.382590055465698242e+00
8.129606842994689941e-01 1.363583445549011230e+00
8.139693140983581543e-01 1.357957482337951660e+00
8.149779438972473145e-01 1.351814866065979004e+00
8.159865736961364746e-01 1.356745958328247070e+00
8.169952034950256348e-01 1.354368448257446289e+00
8.180038928985595703e-01 1.336449742317199707e+00
8.190125226974487305e-01 1.313256740570068359e+00
8.200211524963378906e-01 1.334470868110656738e+00
8.210297822952270508e-01 1.355183362960815430e+00
8.220384120941162109e-01 1.376072168350219727e+00
8.230470418930053711e-01 1.333977699279785156e+00
8.240556716918945312e-01 1.369207739830017090e+00
8.250643014907836914e-01 1.371241331100463867e+00
8.260729312896728516e-01 1.353747248649597168e+00
8.270815610885620117e-01 1.385281682014465332e+00
8.280902504920959473e-01 1.391372799873352051e+00
8.290988802909851074e-01 1.341788530349731445e+00
8.301075100898742676e-01 1.349986910820007324e+00
8.311161398887634277e-01 1.355559587478637695e+00
8.321247696876525879e-01 1.391637921333312988e+00
8.331333994865417480e-01 1.385112285614013672e+00
8.341420292854309082e-01 1.379822492599487305e+00
8.351506590843200684e-01 1.363228797912597656e+00
8.361592888832092285e-01 1.361574649810791016e+00
8.371679782867431641e-01 1.379217028617858887e+00
8.381766080856323242e-01 1.369604945182800293e+00
8.391852378845214844e-01 1.381325364112854004e+00
8.401938676834106445e-01 1.390791296958923340e+00
8.412024974822998047e-01 1.387848496437072754e+00
8.422111272811889648e-01 1.374239563941955566e+00
8.432197570800781250e-01 1.372925639152526855e+00
8.442283868789672852e-01 1.376261949539184570e+00
8.452370166778564453e-01 1.372879147529602051e+00
8.462456464767456055e-01 1.392293095588684082e+00
8.472543358802795410e-01 1.383054614067077637e+00
8.482629656791687012e-01 1.366087794303894043e+00
8.492715954780578613e-01 1.371806621551513672e+00
8.502802252769470215e-01 1.354351162910461426e+00
8.512888550758361816e-01 1.363559126853942871e+00
8.522974848747253418e-01 1.324881315231323242e+00
8.533061146736145020e-01 1.340888619422912598e+00
8.543147444725036621e-01 1.341374039649963379e+00
8.553233742713928223e-01 1.353880643844604492e+00
8.563320636749267578e-01 1.320264458656311035e+00
8.573406934738159180e-01 1.326989054679870605e+00
8.583493232727050781e-01 1.298726797103881836e+00
8.593579530715942383e-01 1.369343996047973633e+00
8.603665828704833984e-01 1.353636026382446289e+00
8.613752126693725586e-01 1.319904804229736328e+00
8.623838424682617188e-01 1.331996560096740723e+00
8.633924722671508789e-01 1.357078194618225098e+00
8.644011020660400391e-01 1.311272740364074707e+00
8.654097318649291992e-01 1.332175970077514648e+00
8.664184212684631348e-01 1.352783679962158203e+00
8.674270510673522949e-01 1.326125741004943848e+00
8.684356808662414551e-01 1.322868943214416504e+00
8.694443106651306152e-01 1.333420753479003906e+00
8.704529404640197754e-01 1.342833161354064941e+00
8.714615702629089355e-01 1.372098088264465332e+00
8.724702000617980957e-01 1.350982785224914551e+00
8.734788298606872559e-01 1.338105440139770508e+00
8.744874596595764160e-01 1.363985896110534668e+00
8.754961490631103516e-01 1.378074407577514648e+00
8.765047788619995117e-01 1.387669801712036133e+00
8.775134086608886719e-01 1.354860544204711914e+00
8.785220384597778320e-01 1.355214953422546387e+00
8.795306682586669922e-01 1.351697325706481934e+00
8.805392980575561523e-01 1.354899883270263672e+00
8.815479278564453125e-01 1.361069440841674805e+00
8.825565576553344727e-01 1.358845829963684082e+00
8.835651874542236328e-01 1.353710889816284180e+00
8.845738172531127930e-01 1.332323670387268066e+00
8.855825066566467285e-01 1.348869919776916504e+00
8.865911364555358887e-01 1.359464406967163086e+00
8.875997662544250488e-01 1.396220803260803223e+00
8.886083960533142090e-01 1.373173594474792480e+00
8.896170258522033691e-01 1.369178056716918945e+00
8.906256556510925293e-01 1.370800614356994629e+00
8.916342854499816895e-01 1.365738511085510254e+00
8.926429152488708496e-01 1.352768182754516602e+00
8.936515450477600098e-01 1.374256730079650879e+00
8.946602344512939453e-01 1.384364724159240723e+00
8.956688642501831055e-01 1.396356940269470215e+00
8.966774940490722656e-01 1.396522521972656250e+00
8.976861238479614258e-01 1.379685282707214355e+00
8.986947536468505859e-01 1.373332738876342773e+00
8.997033834457397461e-01 1.398409843444824219e+00
9.007120132446289062e-01 1.398957252502441406e+00
9.017206430435180664e-01 1.403215885162353516e+00
9.027292728424072266e-01 1.398028492927551270e+00
9.037379026412963867e-01 1.405699133872985840e+00
9.047465920448303223e-01 1.347089409828186035e+00
9.057552218437194824e-01 1.358474731445312500e+00
9.067638516426086426e-01 1.365815997123718262e+00
9.077724814414978027e-01 1.370520472526550293e+00
9.087811112403869629e-01 1.416617989540100098e+00
9.097897410392761230e-01 1.440930008888244629e+00
9.107983708381652832e-01 1.421182870864868164e+00
9.118070006370544434e-01 1.384796380996704102e+00
9.128156304359436035e-01 1.350074887275695801e+00
9.138243198394775391e-01 1.401705145835876465e+00
9.148329496383666992e-01 1.403104066848754883e+00
9.158415794372558594e-01 1.387252926826477051e+00
9.168502092361450195e-01 1.380428552627563477e+00
9.178588390350341797e-01 1.415174126625061035e+00
9.188674688339233398e-01 1.404485225677490234e+00
9.198760986328125000e-01 1.436635613441467285e+00
9.208847284317016602e-01 1.419429302215576172e+00
9.218933582305908203e-01 1.378475546836853027e+00
9.229020476341247559e-01 1.393402338027954102e+00
9.239106774330139160e-01 1.413094520568847656e+00
9.249193072319030762e-01 1.428487062454223633e+00
9.259279370307922363e-01 1.412274122238159180e+00
9.269365668296813965e-01 1.405305147171020508e+00
9.279451966285705566e-01 1.457765102386474609e+00
9.289538264274597168e-01 1.441968441009521484e+00
9.299624562263488770e-01 1.422190427780151367e+00
9.309710860252380371e-01 1.416566848754882812e+00
9.319797158241271973e-01 1.409105896949768066e+00
9.329884052276611328e-01 1.396518826484680176e+00
9.339970350265502930e-01 1.389849305152893066e+00
9.350056648254394531e-01 1.400661826133728027e+00
9.360142946243286133e-01 1.432067275047302246e+00
9.370229244232177734e-01 1.425537347793579102e+00
9.380315542221069336e-01 1.405374407768249512e+00
9.390401840209960938e-01 1.387951612472534180e+00
9.400488138198852539e-01 1.378372669219970703e+00
9.410574436187744141e-01 1.383854985237121582e+00
9.420661330223083496e-01 1.445015072822570801e+00
9.430747628211975098e-01 1.449293375015258789e+00
9.440833926200866699e-01 1.444433450698852539e+00
9.450920224189758301e-01 1.360798478126525879e+00
9.461006522178649902e-01 1.384787559509277344e+00
9.471092820167541504e-01 1.422773480415344238e+00
9.481179118156433105e-01 1.422833442687988281e+00
9.491265416145324707e-01 1.389643669128417969e+00
9.501351714134216309e-01 1.454026579856872559e+00
9.511438012123107910e-01 1.427825331687927246e+00
9.521524906158447266e-01 1.418370127677917480e+00
9.531611204147338867e-01 1.384401082992553711e+00
9.541697502136230469e-01 1.353585362434387207e+00
9.551783800125122070e-01 1.393211245536804199e+00
9.561870098114013672e-01 1.411533951759338379e+00
9.571956396102905273e-01 1.427218914031982422e+00
9.582042694091796875e-01 1.429544448852539062e+00
9.592128992080688477e-01 1.425714015960693359e+00
9.602215290069580078e-01 1.425454854965209961e+00
9.612302184104919434e-01 1.390605568885803223e+00
9.622388482093811035e-01 1.410782098770141602e+00
9.632474780082702637e-01 1.435574054718017578e+00
9.642561078071594238e-01 1.408254027366638184e+00
9.652647376060485840e-01 1.414650321006774902e+00
9.662733674049377441e-01 1.410669326782226562e+00
9.672819972038269043e-01 1.432173967361450195e+00
9.682906270027160645e-01 1.418931961059570312e+00
9.692992568016052246e-01 1.372513413429260254e+00
9.703078866004943848e-01 1.386951208114624023e+00
9.713165760040283203e-01 1.436522126197814941e+00
9.723252058029174805e-01 1.480434060096740723e+00
9.733338356018066406e-01 1.380077719688415527e+00
9.743424654006958008e-01 1.408878326416015625e+00
9.753510951995849609e-01 1.396502256393432617e+00
9.763597249984741211e-01 1.422166585922241211e+00
9.773683547973632812e-01 1.404784917831420898e+00
9.783769845962524414e-01 1.390451908111572266e+00
9.793856143951416016e-01 1.390509247779846191e+00
9.803943037986755371e-01 1.410431981086730957e+00
9.814029335975646973e-01 1.423755645751953125e+00
9.824115633964538574e-01 1.434518098831176758e+00
9.834201931953430176e-01 1.403752565383911133e+00
9.844288229942321777e-01 1.426311731338500977e+00
9.854374527931213379e-01 1.433775663375854492e+00
9.864460825920104980e-01 1.381024599075317383e+00
9.874547123908996582e-01 1.432155609130859375e+00
9.884633421897888184e-01 1.371562838554382324e+00
9.894719719886779785e-01 1.397954940795898438e+00
9.904806613922119141e-01 1.448646783828735352e+00
9.914892911911010742e-01 1.366910219192504883e+00
9.924979209899902344e-01 1.370469689369201660e+00
9.935065507888793945e-01 1.324262022972106934e+00
9.945151805877685547e-01 1.366742134094238281e+00
9.955238103866577148e-01 1.387540102005004883e+00
9.965324401855468750e-01 1.380510091781616211e+00
9.975410699844360352e-01 1.410163283348083496e+00
9.985496997833251953e-01 1.373064279556274414e+00
9.995583891868591309e-01 1.404413700103759766e+00
1.000566959381103516e+00 1.350384354591369629e+00
1.001575589179992676e+00 1.359981656074523926e+00
1.002584218978881836e+00 1.385164260864257812e+00
1.003592848777770996e+00 1.374583244323730469e+00
1.004601597785949707e+00 1.370404124259948730e+00
1.005610227584838867e+00 1.367493987083435059e+00
1.006618857383728027e+00 1.337012648582458496e+00
1.007627487182617188e+00 1.393177390098571777e+00
1.008636116981506348e+00 1.329700231552124023e+00
1.009644746780395508e+00 1.340836882591247559e+00
1.010653376579284668e+00 1.377227544784545898e+00
1.011662006378173828e+00 1.320205330848693848e+00
1.012670636177062988e+00 1.326812028884887695e+00
1.013679265975952148e+00 1.290226221084594727e+00
1.014687895774841309e+00 1.364717602729797363e+00
1.015696525573730469e+00 1.375939607620239258e+00
1.016705155372619629e+00 1.307841897010803223e+00
1.017713785171508789e+00 1.309446573257446289e+00
1.018722414970397949e+00 1.349391222000122070e+00
1.019731044769287109e+00 1.329685568809509277e+00
1.020739674568176270e+00 1.301445484161376953e+00
1.021748304367065430e+00 1.333290457725524902e+00
1.022756934165954590e+00 1.354440569877624512e+00
1.023765683174133301e+00 1.313796043395996094e+00
1.024774312973022461e+00 1.385492205619812012e+00
1.025782942771911621e+00 1.391326308250427246e+00
1.026791572570800781e+00 1.365102529525756836e+00
1.027800202369689941e+00 1.397626042366027832e+00
1.028808832168579102e+00 1.313432097434997559e+00
1.029817461967468262e+00 1.381464838981628418e+00
1.030826091766357422e+00 1.317558884620666504e+00
1.031834721565246582e+00 1.363349437713623047e+00
1.032843351364135742e+00 1.354132413864135742e+00
1.033851981163024902e+00 1.371052503585815430e+00
1.034860610961914062e+00 1.385213255882263184e+00
1.035869240760803223e+00 1.416154623031616211e+00
1.036877870559692383e+00 1.415975809097290039e+00
1.037886500358581543e+00 1.369686603546142578e+00
1.038895130157470703e+00 1.331074357032775879e+00
1.039903759956359863e+00 1.346284389495849609e+00
1.040912389755249023e+00 1.380187869071960449e+00
1.041921019554138184e+00 1.413279175758361816e+00
1.042929768562316895e+00 1.379526138305664062e+00
1.043938398361206055e+00 1.371765971183776855e+00
1.044947028160095215e+00 1.320447206497192383e+00
1.045955657958984375e+00 1.359481453895568848e+00
1.046964287757873535e+00 1.395055770874023438e+00
1.047972917556762695e+00 1.385200738906860352e+00
1.048981547355651855e+00 1.389546155929565430e+00
1.049990177154541016e+00 1.430933356285095215e+00
1.050998806953430176e+00 1.403184890747070312e+00
1.052007436752319336e+00 1.413644433021545410e+00
1.053016066551208496e+00 1.389727234840393066e+00
1.054024696350097656e+00 1.401574015617370605e+00
1.055033326148986816e+00 1.373404026031494141e+00
1.056041955947875977e+00 1.376869082450866699e+00
1.057050585746765137e+00 1.357636690139770508e+00
1.058059215545654297e+00 1.441923379898071289e+00
1.059067845344543457e+00 1.367017984390258789e+00
1.060076475143432617e+00 1.423029541969299316e+00
1.061085104942321777e+00 1.443725228309631348e+00
1.062093853950500488e+00 1.399549961090087891e+00
1.063102483749389648e+00 1.453605413436889648e+00
1.064111113548278809e+00 1.397543072700500488e+00
1.065119743347167969e+00 1.390597701072692871e+00
1.066128373146057129e+00 1.427465558052062988e+00
1.067137002944946289e+00 1.420399785041809082e+00
1.068145632743835449e+00 1.399649262428283691e+00
1.069154262542724609e+00 1.387564301490783691e+00
1.070162892341613770e+00 1.405998349189758301e+00
1.071171522140502930e+00 1.383331060409545898e+00
1.072180151939392090e+00 1.364024996757507324e+00
1.073188781738281250e+00 1.443992018699645996e+00
1.074197411537170410e+00 1.453345537185668945e+00
1.075206041336059570e+00 1.396675825119018555e+00
1.076214671134948730e+00 1.477092027664184570e+00
1.077223300933837891e+00 1.427245020866394043e+00
1.078231930732727051e+00 1.475586414337158203e+00
1.079240560531616211e+00 1.441335558891296387e+00
1.080249190330505371e+00 1.438817143440246582e+00
1.081257939338684082e+00 1.534291028976440430e+00
1.082266569137573242e+00 1.399444580078125000e+00
1.083275198936462402e+00 1.418952345848083496e+00
1.084283828735351562e+00 1.488978981971740723e+00
1.085292458534240723e+00 1.507097244262695312e+00
1.086301088333129883e+00 1.483847379684448242e+00
1.087309718132019043e+00 1.350327134132385254e+00
1.088318347930908203e+00 1.372774362564086914e+00
1.089326977729797363e+00 1.366074085235595703e+00
1.090335607528686523e+00 1.393107652664184570e+00
1.091344237327575684e+00 1.421179652214050293e+00
1.092352867126464844e+00 1.429379224777221680e+00
1.093361496925354004e+00 1.514037847518920898e+00
1.094370126724243164e+00 1.456492662429809570e+00
1.095378756523132324e+00 1.426713943481445312e+00
1.096387386322021484e+00 1.533789038658142090e+00
1.097396016120910645e+00 1.456385612487792969e+00
1.098404645919799805e+00 1.463982582092285156e+00
1.099413275718688965e+00 1.518541097640991211e+00
1.100422024726867676e+00 1.509853959083557129e+00
1.101430654525756836e+00 1.416623711585998535e+00
1.102439284324645996e+00 1.512573361396789551e+00
1.103447914123535156e+00 1.553883910179138184e+00
1.104456543922424316e+00 1.541087627410888672e+00
1.105465173721313477e+00 1.542838692665100098e+00
1.106473803520202637e+00 1.503862857818603516e+00
1.107482433319091797e+00 1.507301807403564453e+00
1.108491063117980957e+00 1.488408684730529785e+00
1.109499692916870117e+00 1.569187879562377930e+00
1.110508322715759277e+00 1.391449570655822754e+00
1.111516952514648438e+00 1.428548932075500488e+00
1.112525582313537598e+00 1.548035502433776855e+00
1.113534212112426758e+00 1.499899864196777344e+00
1.114542841911315918e+00 1.573165178298950195e+00
1.115551471710205078e+00 1.480450868606567383e+00
1.116560101509094238e+00 1.587267756462097168e+00
1.117568731307983398e+00 1.461209177970886230e+00
1.118577361106872559e+00 1.436631202697753906e+00
1.119586110115051270e+00 1.461356282234191895e+00
1.120594739913940430e+00 1.489532232284545898e+00
1.121603369712829590e+00 1.566758155822753906e+00
1.122611999511718750e+00 1.492174863815307617e+00
1.123620629310607910e+00 1.489578962326049805e+00
1.124629259109497070e+00 1.523013830184936523e+00
1.125637888908386230e+00 1.545853137969970703e+00
1.126646518707275391e+00 1.591048121452331543e+00
1.127655148506164551e+00 1.474541544914245605e+00
1.128663778305053711e+00 1.498169183731079102e+00
1.129672408103942871e+00 1.531426072120666504e+00
1.130681037902832031e+00 1.527112245559692383e+00
1.131689667701721191e+00 1.563485145568847656e+00
1.132698297500610352e+00 1.584802627563476562e+00
1.133706927299499512e+00 1.670809745788574219e+00
1.134715557098388672e+00 1.594013810157775879e+00
1.135724186897277832e+00 1.573188781738281250e+00
1.136732816696166992e+00 1.522607445716857910e+00
1.137741446495056152e+00 1.602472066879272461e+00
1.138750195503234863e+00 1.503087162971496582e+00
1.139758825302124023e+00 1.540342450141906738e+00
1.140767455101013184e+00 1.508001923561096191e+00
1.141776084899902344e+00 1.618719220161437988e+00
1.142784714698791504e+00 1.557628512382507324e+00
1.143793344497680664e+00 1.592472434043884277e+00
1.144801974296569824e+00 1.578932762145996094e+00
1.145810604095458984e+00 1.606755018234252930e+00
1.146819233894348145e+00 1.604740500450134277e+00
1.147827863693237305e+00 1.650681972503662109e+00
1.148836493492126465e+00 1.599309921264648438e+00
1.149845123291015625e+00 1.578384399414062500e+00
1.150853753089904785e+00 1.576679348945617676e+00
1.151862382888793945e+00 1.605926632881164551e+00
1.152871012687683105e+00 1.546199917793273926e+00
1.153879642486572266e+00 1.591038227081298828e+00
1.154888272285461426e+00 1.567529320716857910e+00
1.155896902084350586e+00 1.585813403129577637e+00
1.156905531883239746e+00 1.634690046310424805e+00
1.157914280891418457e+00 1.625241398811340332e+00
1.158922910690307617e+00 1.629260420799255371e+00
1.159931540489196777e+00 1.611943244934082031e+00
1.160940170288085938e+00 1.562730073928833008e+00
1.161948800086975098e+00 1.535244107246398926e+00
1.162957429885864258e+00 1.660173416137695312e+00
1.163966059684753418e+00 1.641809344291687012e+00
1.164974689483642578e+00 1.544502854347229004e+00
1.165983319282531738e+00 1.655475497245788574e+00
1.166991949081420898e+00 1.645590424537658691e+00
1.168000578880310059e+00 1.614238262176513672e+00
1.169009208679199219e+00 1.457726597785949707e+00
1.170017838478088379e+00 1.520893454551696777e+00
1.171026468276977539e+00 1.640502572059631348e+00
1.172035098075866699e+00 1.582850217819213867e+00
1.173043727874755859e+00 1.624040126800537109e+00
1.174052357673645020e+00 1.589310288429260254e+00
1.175060987472534180e+00 1.658381819725036621e+00
1.176069617271423340e+00 1.627331852912902832e+00
1.177078366279602051e+00 1.645466685295104980e+00
1.178086996078491211e+00 1.582014083862304688e+00
1.179095625877380371e+00 1.746877312660217285e+00
1.180104255676269531e+00 1.661893010139465332e+00
1.181112885475158691e+00 1.642526507377624512e+00
1.182121515274047852e+00 1.830817222595214844e+00
1.183130145072937012e+00 1.697226762771606445e+00
1.184138774871826172e+00 1.658825635910034180e+00
1.185147404670715332e+00 1.678942322731018066e+00
1.186156034469604492e+00 1.750445604324340820e+00
1.187164664268493652e+00 1.627804636955261230e+00
1.188173294067382812e+00 1.599072933197021484e+00
1.189181923866271973e+00 1.804697394371032715e+00
1.190190553665161133e+00 1.608367562294006348e+00
1.191199183464050293e+00 1.791468739509582520e+00
1.192207813262939453e+00 1.718543529510498047e+00
1.193216443061828613e+00 1.699305057525634766e+00
1.194225072860717773e+00 1.640536665916442871e+00
1.195233702659606934e+00 1.817852973937988281e+00
1.196242451667785645e+00 1.966038703918457031e+00
1.197251081466674805e+00 1.993688941001892090e+00
1.198259711265563965e+00 1.718110084533691406e+00
1.199268341064453125e+00 1.760377764701843262e+00
1.200276970863342285e+00 1.885511398315429688e+00
1.201285600662231445e+00 2.009648323059082031e+00
1.202294230461120605e+00 1.916007757186889648e+00
1.203302860260009766e+00 1.864156961441040039e+00
1.204311490058898926e+00 1.402705788612365723e+00
1.205320119857788086e+00 1.912217855453491211e+00
1.206328749656677246e+00 1.853810667991638184e+00
1.207337379455566406e+00 1.638377666473388672e+00
1.208346009254455566e+00 1.510646700859069824e+00
1.209354639053344727e+00 1.324463725090026855e+00
