0.000000000000000000e+00 2.743307113647460938e+01
1.008636085316538811e-03 2.320990562438964844e+01
2.017272170633077621e-03 1.646268653869628906e+01
3.025908255949616432e-03 1.297614288330078125e+01
4.034544341266155243e-03 1.026888275146484375e+01
5.043180659413337708e-03 8.138132095336914062e+00
6.051816511899232864e-03 6.715271472930908203e+00
7.060452364385128021e-03 5.583246707916259766e+00
8.069088682532310486e-03 4.978195190429687500e+00
9.077725000679492950e-03 4.268409252166748047e+00
1.008636131882667542e-02 3.404816150665283203e+00
1.109499670565128326e-02 3.185025691986083984e+00
1.210363302379846573e-02 3.604614734649658203e+00
1.311226934194564819e-02 3.465135335922241211e+00
1.412090472877025604e-02 2.971925497055053711e+00
1.512954104691743851e-02 2.651529312133789062e+00
1.613817736506462097e-02 2.443650245666503906e+00
1.714681275188922882e-02 2.232475757598876953e+00
1.815545000135898590e-02 1.998297214508056641e+00
1.916408538818359375e-02 1.884539604187011719e+00
2.017272263765335083e-02 1.612947106361389160e+00
2.118135802447795868e-02 1.561558961868286133e+00
2.218999341130256653e-02 1.403334856033325195e+00
2.319863066077232361e-02 1.277615547180175781e+00
2.420726604759693146e-02 1.079406976699829102e+00
2.521590143442153931e-02 1.047614693641662598e+00
2.622453868389129639e-02 9.605339169502258301e-01
2.723317407071590424e-02 9.044822454452514648e-01
2.824180945754051208e-02 7.602602243423461914e-01
2.925044670701026917e-02 7.147748470306396484e-01
3.025908209383487701e-02 6.519349217414855957e-01
3.126771748065948486e-02 6.408230662345886230e-01
3.227635473012924194e-02 6.756123900413513184e-01
3.328499197959899902e-02 5.791758894920349121e-01
3.429362550377845764e-02 5.037735700607299805e-01
3.530226275324821472e-02 4.452534019947052002e-01
3.631090000271797180e-02 4.507189989089965820e-01
3.731953352689743042e-02 3.986951112747192383e-01
3.832817077636718750e-02 3.675359487533569336e-01
3.933680802583694458e-02 3.647997975349426270e-01
4.034544527530670166e-02 3.034410774707794189e-01
4.135407879948616028e-02 3.399959504604339600e-01
4.236271604895591736e-02 2.788556814193725586e-01
4.337135329842567444e-02 3.051429092884063721e-01
4.437998682260513306e-02 2.368864715099334717e-01
4.538862407207489014e-02 2.622208893299102783e-01
4.639726132154464722e-02 2.678734958171844482e-01
4.740589484572410583e-02 2.317136824131011963e-01
4.841453209519386292e-02 2.440438419580459595e-01
4.942316934466362000e-02 2.366312444210052490e-01
5.043180286884307861e-02 2.086916267871856689e-01
5.144044011831283569e-02 1.926137655973434448e-01
5.244907736778259277e-02 2.233725935220718384e-01
5.345771089196205139e-02 2.139527946710586548e-01
5.446634814143180847e-02 2.215900272130966187e-01
5.547498539090156555e-02 1.862018108367919922e-01
5.648361891508102417e-02 1.808788031339645386e-01
5.749225616455078125e-02 1.727325767278671265e-01
5.850089341402053833e-02 1.671970933675765991e-01
5.950953066349029541e-02 1.649690419435501099e-01
6.051816418766975403e-02 1.653296947479248047e-01
6.152680143713951111e-02 1.670244634151458740e-01
6.253543496131896973e-02 1.593000888824462891e-01
6.354407221078872681e-02 1.391169726848602295e-01
6.455270946025848389e-02 1.516888290643692017e-01
6.556134670972824097e-02 1.458584070205688477e-01
6.656998395919799805e-02 1.426539123058319092e-01
6.757862120866775513e-02 1.500663459300994873e-01
6.858725100755691528e-02 1.422641724348068237e-01
6.959588825702667236e-02 1.504697203636169434e-01
7.060452550649642944e-02 1.600160002708435059e-01
7.161316275596618652e-02 1.464714109897613525e-01
7.262180000543594360e-02 1.381120830774307251e-01
7.363043725490570068e-02 1.296233832836151123e-01
7.463906705379486084e-02 1.534785926342010498e-01
7.564770430326461792e-02 1.455511897802352905e-01
7.665634155273437500e-02 1.446875333786010742e-01
7.766497880220413208e-02 1.498002707958221436e-01
7.867361605167388916e-02 1.633189618587493896e-01
7.968225330114364624e-02 1.469592750072479248e-01
8.069089055061340332e-02 1.321543008089065552e-01
8.169952034950256348e-02 1.490629464387893677e-01
8.270815759897232056e-02 1.427121907472610474e-01
8.371679484844207764e-02 1.686081141233444214e-01
8.472543209791183472e-02 1.485570222139358521e-01
8.573406934738159180e-02 1.643721461296081543e-01
8.674270659685134888e-02 1.512516289949417114e-01
8.775133639574050903e-02 1.533476263284683228e-01
8.875997364521026611e-02 1.360272467136383057e-01
8.976861089468002319e-02 1.456322818994522095e-01
9.077724814414978027e-02 1.538157612085342407e-01
9.178588539361953735e-02 1.428325176239013672e-01
9.279452264308929443e-02 1.255254447460174561e-01
9.380315244197845459e-02 1.288898289203643799e-01
9.481178969144821167e-02 1.295789480209350586e-01
9.582042694091796875e-02 1.382673680782318115e-01
9.682906419038772583e-02 1.550490111112594604e-01
9.783770143985748291e-02 1.503843665122985840e-01
9.884633868932723999e-02 1.544391661882400513e-01
9.985497593879699707e-02 1.434257477521896362e-01
1.008636057376861572e-01 1.246915981173515320e-01
1.018722429871559143e-01 1.439514756202697754e-01
1.028808802366256714e-01 1.294972300529479980e-01
1.038895174860954285e-01 1.554239839315414429e-01
1.048981547355651855e-01 1.464763879776000977e-01
1.059067919850349426e-01 1.384412199258804321e-01
1.069154217839241028e-01 1.427331417798995972e-01
1.079240590333938599e-01 1.449005752801895142e-01
1.089326962828636169e-01 1.395862847566604614e-01
1.099413335323333740e-01 1.404698938131332397e-01
1.109499707818031311e-01 1.412810385227203369e-01
1.119586080312728882e-01 1.443607211112976074e-01
1.129672378301620483e-01 1.490909457206726074e-01
1.139758750796318054e-01 1.364785730838775635e-01
1.149845123291015625e-01 1.315088719129562378e-01
1.159931495785713196e-01 1.300884038209915161e-01
1.170017868280410767e-01 1.362517923116683960e-01
1.180104240775108337e-01 1.476457864046096802e-01
1.190190613269805908e-01 1.432339996099472046e-01
1.200276911258697510e-01 1.463785171508789062e-01
1.210363283753395081e-01 1.305292993783950806e-01
1.220449656248092651e-01 1.396614164113998413e-01
1.230536028742790222e-01 1.316886693239212036e-01
1.240622401237487793e-01 1.376985907554626465e-01
1.250708699226379395e-01 1.404527723789215088e-01
1.260795146226882935e-01 1.365915983915328979e-01
1.270881444215774536e-01 1.371359378099441528e-01
1.280967891216278076e-01 1.355803608894348145e-01
1.291054189205169678e-01 1.386547684669494629e-01
1.301140487194061279e-01 1.246684938669204712e-01
1.311226934194564819e-01 1.355672031641006470e-01
1.321313232183456421e-01 1.301027387380599976e-01
1.331399679183959961e-01 1.308610588312149048e-01
1.341485977172851562e-01 1.298608928918838501e-01
1.351572424173355103e-01 1.163627281785011292e-01
1.361658722162246704e-01 1.247568204998970032e-01
1.371745020151138306e-01 1.186967119574546814e-01
1.381831467151641846e-01 1.162922978401184082e-01
1.391917765140533447e-01 1.253075450658798218e-01
1.402004212141036987e-01 1.197660565376281738e-01
1.412090510129928589e-01 1.125986352562904358e-01
1.422176808118820190e-01 1.235702559351921082e-01
1.432263255119323730e-01 1.228981465101242065e-01
1.442349553108215332e-01 1.065538972616195679e-01
1.452436000108718872e-01 1.289243102073669434e-01
1.462522298097610474e-01 1.213680952787399292e-01
1.472608745098114014e-01 1.160258948802947998e-01
1.482695043087005615e-01 1.191808879375457764e-01
1.492781341075897217e-01 1.311195790767669678e-01
1.502867788076400757e-01 1.126556545495986938e-01
1.512954086065292358e-01 1.150592565536499023e-01
1.523040533065795898e-01 1.167399436235427856e-01
1.533126831054687500e-01 1.076855957508087158e-01
1.543213278055191040e-01 1.142313405871391296e-01
1.553299576044082642e-01 1.079270541667938232e-01
1.563385874032974243e-01 9.843773394823074341e-02
1.573472321033477783e-01 1.083658114075660706e-01
1.583558619022369385e-01 1.099541559815406799e-01
1.593645066022872925e-01 1.044776737689971924e-01
1.603731364011764526e-01 1.029214188456535339e-01
1.613817811012268066e-01 1.058969125151634216e-01
1.623904109001159668e-01 1.178741380572319031e-01
1.633990406990051270e-01 1.183602288365364075e-01
1.644076853990554810e-01 1.026890277862548828e-01
1.654163151979446411e-01 1.002625375986099243e-01
1.664249598979949951e-01 9.357503056526184082e-02
1.674335896968841553e-01 9.057158976793289185e-02
1.684422194957733154e-01 9.332028776407241821e-02
1.694508641958236694e-01 8.484203368425369263e-02
1.704594939947128296e-01 8.346802741289138794e-02
1.714681386947631836e-01 8.735600858926773071e-02
1.724767684936523438e-01 7.899221032857894897e-02
1.734854131937026978e-01 8.338133990764617920e-02
1.744940429925918579e-01 9.472267329692840576e-02
1.755026727914810181e-01 7.800500094890594482e-02
1.765113174915313721e-01 8.278769999742507935e-02
1.775199472904205322e-01 7.631554454565048218e-02
1.785285919904708862e-01 7.568197697401046753e-02
1.795372217893600464e-01 7.375554740428924561e-02
1.805458664894104004e-01 8.224255591630935669e-02
1.815544962882995605e-01 8.179301023483276367e-02
1.825631260871887207e-01 6.861408799886703491e-02
1.835717707872390747e-01 7.419983297586441040e-02
1.845804005861282349e-01 7.357615977525711060e-02
1.855890452861785889e-01 7.156665623188018799e-02
1.865976750850677490e-01 6.632806360721588135e-02
1.876063048839569092e-01 6.796903163194656372e-02
1.886149495840072632e-01 5.898087099194526672e-02
1.896235793828964233e-01 6.980358064174652100e-02
1.906322240829467773e-01 5.842237547039985657e-02
1.916408538818359375e-01 6.365799903869628906e-02
1.926494985818862915e-01 6.328099220991134644e-02
1.936581283807754517e-01 5.871067941188812256e-02
1.946667581796646118e-01 5.550099909305572510e-02
1.956754028797149658e-01 5.288612097501754761e-02
1.966840326786041260e-01 6.777195632457733154e-02
1.976926773786544800e-01 5.966432020068168640e-02
1.987013071775436401e-01 6.721066683530807495e-02
1.997099518775939941e-01 6.660555303096771240e-02
2.007185816764831543e-01 6.288477033376693726e-02
2.017272114753723145e-01 6.022496148943901062e-02
2.027358561754226685e-01 6.271672248840332031e-02
2.037444859743118286e-01 6.093737483024597168e-02
2.047531306743621826e-01 6.083035469055175781e-02
2.057617604732513428e-01 6.237364932894706726e-02
2.067703902721405029e-01 5.799579247832298279e-02
2.077790349721908569e-01 5.248423665761947632e-02
2.087876647710800171e-01 4.927381873130798340e-02
2.097963094711303711e-01 5.778413265943527222e-02
2.108049392700195312e-01 5.726879835128784180e-02
2.118135839700698853e-01 5.885824188590049744e-02
2.128222137689590454e-01 5.949343740940093994e-02
2.138308435678482056e-01 5.285741016268730164e-02
2.148394882678985596e-01 5.640897899866104126e-02
2.158481180667877197e-01 5.367917567491531372e-02
2.168567627668380737e-01 4.874345660209655762e-02
2.178653925657272339e-01 5.898621678352355957e-02
2.188740372657775879e-01 5.881554260849952698e-02
2.198826670646667480e-01 5.305191129446029663e-02
2.208912968635559082e-01 4.868357628583908081e-02
2.218999415636062622e-01 4.973189532756805420e-02
2.229085713624954224e-01 5.454603210091590881e-02
2.239172160625457764e-01 4.853316769003868103e-02
2.249258458614349365e-01 6.030530855059623718e-02
2.259344756603240967e-01 5.530222877860069275e-02
2.269431203603744507e-01 5.245781689882278442e-02
2.279517501592636108e-01 5.365465953946113586e-02
2.289603948593139648e-01 5.494204163551330566e-02
2.299690246582031250e-01 5.023429542779922485e-02
2.309776693582534790e-01 5.021080002188682556e-02
2.319862991571426392e-01 5.300718545913696289e-02
2.329949289560317993e-01 4.900950565934181213e-02
2.340035736560821533e-01 5.105068534612655640e-02
2.350122034549713135e-01 5.273697897791862488e-02
2.360208481550216675e-01 5.199365690350532532e-02
2.370294779539108276e-01 5.339879542589187622e-02
2.380381226539611816e-01 5.189516767859458923e-02
2.390467524528503418e-01 4.574052616953849792e-02
2.400553822517395020e-01 5.172192677855491638e-02
2.410640269517898560e-01 5.239627137780189514e-02
2.420726567506790161e-01 9.036058187484741211e-02
2.430813014507293701e-01 2.034974843263626099e-01
2.440899312496185303e-01 5.625845491886138916e-02
2.450985759496688843e-01 4.733888059854507446e-02
2.461072057485580444e-01 4.949288815259933472e-02
2.471158355474472046e-01 5.722461268305778503e-02
2.481244802474975586e-01 5.286957323551177979e-02
2.491331100463867188e-01 5.543704330921173096e-02
2.501417398452758789e-01 5.307460948824882507e-02
2.511503994464874268e-01 5.345305427908897400e-02
2.521590292453765869e-01 5.745395645499229431e-02
2.531676590442657471e-01 5.541372299194335938e-02
2.541762888431549072e-01 5.613999813795089722e-02
2.551849186420440674e-01 5.495223775506019592e-02
2.561935782432556152e-01 5.250379443168640137e-02
2.572022080421447754e-01 5.038052052259445190e-02
2.582108378410339355e-01 4.989264905452728271e-02
2.592194676399230957e-01 5.073776841163635254e-02
2.602280974388122559e-01 5.285039544105529785e-02
2.612367570400238037e-01 5.431060492992401123e-02
2.622453868389129639e-01 5.360634997487068176e-02
2.632540166378021240e-01 5.068464577198028564e-02
2.642626464366912842e-01 5.539538711309432983e-02
2.652712762355804443e-01 4.281020909547805786e-02
2.662799358367919922e-01 5.430170148611068726e-02
2.672885656356811523e-01 5.271464213728904724e-02
2.682971954345703125e-01 5.368708446621894836e-02
2.693058252334594727e-01 5.384698882699012756e-02
2.703144848346710205e-01 5.063180997967720032e-02
2.713231146335601807e-01 4.911473020911216736e-02
2.723317444324493408e-01 5.113109201192855835e-02
2.733403742313385010e-01 5.112605541944503784e-02
2.743490040302276611e-01 5.274049937725067139e-02
2.753576636314392090e-01 5.222677066922187805e-02
2.763662934303283691e-01 5.675177276134490967e-02
2.773749232292175293e-01 5.792756751179695129e-02
2.783835530281066895e-01 5.252181366086006165e-02
2.793921828269958496e-01 5.878693610429763794e-02
2.804008424282073975e-01 5.519340932369232178e-02
2.814094722270965576e-01 6.051660701632499695e-02
2.824181020259857178e-01 5.695328861474990845e-02
2.834267318248748779e-01 6.283874809741973877e-02
2.844353616237640381e-01 5.632563307881355286e-02
2.854440212249755859e-01 5.146367847919464111e-02
2.864526510238647461e-01 5.727079510688781738e-02
2.874612808227539062e-01 6.299611181020736694e-02
2.884699106216430664e-01 5.463448539376258850e-02
2.894785702228546143e-01 5.707053095102310181e-02
2.904872000217437744e-01 5.438217148184776306e-02
2.914958298206329346e-01 5.333426594734191895e-02
2.925044596195220947e-01 5.525696277618408203e-02
2.935130894184112549e-01 5.460190027952194214e-02
2.945217490196228027e-01 5.658713355660438538e-02
2.955303788185119629e-01 6.064039096236228943e-02
2.965390086174011230e-01 6.112087145447731018e-02
2.975476384162902832e-01 5.639658123254776001e-02
2.985562682151794434e-01 5.781676620244979858e-02
2.995649278163909912e-01 5.786174908280372620e-02
3.005735576152801514e-01 6.237482279539108276e-02
3.015821874141693115e-01 6.004321202635765076e-02
3.025908172130584717e-01 5.616683512926101685e-02
3.035994470119476318e-01 5.758038908243179321e-02
3.046081066131591797e-01 5.650161579251289368e-02
3.056167364120483398e-01 5.823630094528198242e-02
3.066253662109375000e-01 5.883825570344924927e-02
3.076339960098266602e-01 6.091783195734024048e-02
3.086426556110382080e-01 6.185652688145637512e-02
3.096512854099273682e-01 6.073430553078651428e-02
3.106599152088165283e-01 6.244295090436935425e-02
3.116685450077056885e-01 6.618725508451461792e-02
3.126771748065948486e-01 6.316558271646499634e-02
3.136858344078063965e-01 5.975461378693580627e-02
3.146944642066955566e-01 5.877975374460220337e-02
3.157030940055847168e-01 6.839289516210556030e-02
3.167117238044738770e-01 6.318159401416778564e-02
3.177203536033630371e-01 6.002440303564071655e-02
3.187290132045745850e-01 6.336317956447601318e-02
3.197376430034637451e-01 6.750410795211791992e-02
3.207462728023529053e-01 6.958673894405364990e-02
3.217549026012420654e-01 6.928331404924392700e-02
3.227635622024536133e-01 6.649963557720184326e-02
3.237721920013427734e-01 6.507714837789535522e-02
3.247808218002319336e-01 6.626954674720764160e-02
3.257894515991210938e-01 6.730000674724578857e-02
3.267980813980102539e-01 6.693738698959350586e-02
3.278067409992218018e-01 6.608171015977859497e-02
3.288153707981109619e-01 6.654291599988937378e-02
3.298240005970001221e-01 6.587027013301849365e-02
3.308326303958892822e-01 6.797564774751663208e-02
3.318412601947784424e-01 5.995211750268936157e-02
3.328499197959899902e-01 5.957655236124992371e-02
3.338585495948791504e-01 6.336931139230728149e-02
3.348671793937683105e-01 6.136672198772430420e-02
3.358758091926574707e-01 6.421658396720886230e-02
3.368844389915466309e-01 6.828595697879791260e-02
3.378930985927581787e-01 7.125985622406005859e-02
3.389017283916473389e-01 6.807472556829452515e-02
3.399103581905364990e-01 6.789813935756683350e-02
3.409189879894256592e-01 7.129127532243728638e-02
3.419276475906372070e-01 6.609882414340972900e-02
3.429362773895263672e-01 6.759148091077804565e-02
3.439449071884155273e-01 6.685747951269149780e-02
3.449535369873046875e-01 6.926090270280838013e-02
3.459621667861938477e-01 7.626265287399291992e-02
3.469708263874053955e-01 7.935689389705657959e-02
3.479794561862945557e-01 7.472905516624450684e-02
3.489880859851837158e-01 7.368237525224685669e-02
3.499967157840728760e-01 6.955662369728088379e-02
3.510053455829620361e-01 6.885676085948944092e-02
3.520140051841735840e-01 8.225616067647933960e-02
3.530226349830627441e-01 8.244822919368743896e-02
3.540312647819519043e-01 7.710182666778564453e-02
3.550398945808410645e-01 7.350320369005203247e-02
3.560485243797302246e-01 7.681453973054885864e-02
3.570571839809417725e-01 7.531379908323287964e-02
3.580658137798309326e-01 7.630386203527450562e-02
3.590744435787200928e-01 7.688301801681518555e-02
3.600830733776092529e-01 7.760202884674072266e-02
3.610917329788208008e-01 7.672666013240814209e-02
3.621003627777099609e-01 8.387204259634017944e-02
3.631089925765991211e-01 7.635898888111114502e-02
3.641176223754882812e-01 7.272725552320480347e-02
3.651262521743774414e-01 7.655091583728790283e-02
3.661349117755889893e-01 7.856259495019912720e-02
3.671435415744781494e-01 7.922799140214920044e-02
3.681521713733673096e-01 7.711227983236312866e-02
3.691608011722564697e-01 7.390417903661727905e-02
3.701694309711456299e-01 7.646451145410537720e-02
3.711780905723571777e-01 8.424661308526992798e-02
3.721867203712463379e-01 7.184639573097229004e-02
3.731953501701354980e-01 7.757327705621719360e-02
3.742039799690246582e-01 7.832749187946319580e-02
3.752126097679138184e-01 8.526809513568878174e-02
3.762212693691253662e-01 8.425600826740264893e-02
3.772298991680145264e-01 8.075864613056182861e-02
3.782385289669036865e-01 8.815015852451324463e-02
3.792471587657928467e-01 8.187133073806762695e-02
3.802558183670043945e-01 7.876590639352798462e-02
3.812644481658935547e-01 8.252859860658645630e-02
3.822730779647827148e-01 7.956054806709289551e-02
3.832817077636718750e-01 8.227461576461791992e-02
3.842903375625610352e-01 8.358191698789596558e-02
3.852989971637725830e-01 8.065770566463470459e-02
3.863076269626617432e-01 8.159932494163513184e-02
3.873162567615509033e-01 8.519277721643447876e-02
3.883248865604400635e-01 8.225356787443161011e-02
3.893335163593292236e-01 8.557628840208053589e-02
3.903421759605407715e-01 8.431529253721237183e-02
3.913508057594299316e-01 9.494481980800628662e-02
3.923594355583190918e-01 9.238235652446746826e-02
3.933680653572082520e-01 8.487343043088912964e-02
3.943766951560974121e-01 8.499719947576522827e-02
3.953853547573089600e-01 8.635739982128143311e-02
3.963939845561981201e-01 8.171334117650985718e-02
3.974026143550872803e-01 8.106558769941329956e-02
3.984112441539764404e-01 8.440710604190826416e-02
3.994199037551879883e-01 9.250573068857192993e-02
4.004285335540771484e-01 8.378301560878753662e-02
4.014371633529663086e-01 8.566033095121383667e-02
4.024457931518554688e-01 9.000381082296371460e-02
4.034544229507446289e-01 8.587766438722610474e-02
4.044630825519561768e-01 9.044549614191055298e-02
4.054717123508453369e-01 9.073706716299057007e-02
4.064803421497344971e-01 8.509066700935363770e-02
4.074889719486236572e-01 8.378810435533523560e-02
4.084976017475128174e-01 8.978788554668426514e-02
4.095062613487243652e-01 9.239622205495834351e-02
4.105148911476135254e-01 8.762408792972564697e-02
4.115235209465026855e-01 8.934722095727920532e-02
4.125321507453918457e-01 9.299255907535552979e-02
4.135407805442810059e-01 9.105475246906280518e-02
4.145494401454925537e-01 8.931060135364532471e-02
4.155580699443817139e-01 8.800555020570755005e-02
4.165666997432708740e-01 8.815315365791320801e-02
4.175753295421600342e-01 9.025999903678894043e-02
4.185839891433715820e-01 9.141986072063446045e-02
4.195926189422607422e-01 8.911921083927154541e-02
4.206012487411499023e-01 9.187157452106475830e-02
4.216098785400390625e-01 8.753859251737594604e-02
4.226185083389282227e-01 8.405809104442596436e-02
4.236271679401397705e-01 8.053009212017059326e-02
4.246357977390289307e-01 8.823244273662567139e-02
4.256444275379180908e-01 8.244541287422180176e-02
4.266530573368072510e-01 8.530141413211822510e-02
4.276616871356964111e-01 9.139406681060791016e-02
4.286703467369079590e-01 9.587105363607406616e-02
4.296789765357971191e-01 8.636418730020523071e-02
4.306876063346862793e-01 7.954763621091842651e-02
4.316962361335754395e-01 8.581929653882980347e-02
4.327048659324645996e-01 8.619774878025054932e-02
4.337135255336761475e-01 8.568444103002548218e-02
4.347221553325653076e-01 8.631268143653869629e-02
4.357307851314544678e-01 9.160707145929336548e-02
4.367394149303436279e-01 9.084018319845199585e-02
4.377480745315551758e-01 8.756636828184127808e-02
4.387567043304443359e-01 8.566753566265106201e-02
4.397653341293334961e-01 8.799707144498825073e-02
4.407739639282226562e-01 9.092097729444503784e-02
4.417825937271118164e-01 9.045366942882537842e-02
4.427912533283233643e-01 8.041514456272125244e-02
4.437998831272125244e-01 8.991292864084243774e-02
4.448085129261016846e-01 9.033785760402679443e-02
4.458171427249908447e-01 9.332599490880966187e-02
4.468257725238800049e-01 9.003289043903350830e-02
4.478344321250915527e-01 8.677215874195098877e-02
4.488430619239807129e-01 8.905702084302902222e-02
4.498516917228698730e-01 8.926885575056076050e-02
4.508603215217590332e-01 8.566639572381973267e-02
4.518689513206481934e-01 8.423154801130294800e-02
4.528776109218597412e-01 9.222454577684402466e-02
4.538862407207489014e-01 8.361382782459259033e-02
4.548948705196380615e-01 8.484561741352081299e-02
4.559035003185272217e-01 8.523051440715789795e-02
4.569121599197387695e-01 8.613564074039459229e-02
4.579207897186279297e-01 8.168295025825500488e-02
4.589294195175170898e-01 8.427696675062179565e-02
4.599380493164062500e-01 8.664388954639434814e-02
4.609466791152954102e-01 8.956856280565261841e-02
4.619553387165069580e-01 9.124831855297088623e-02
4.629639685153961182e-01 8.765558153390884399e-02
4.639725983142852783e-01 8.706865459680557251e-02
4.649812281131744385e-01 8.398237824440002441e-02
4.659898579120635986e-01 9.103944152593612671e-02
4.669985175132751465e-01 8.742085844278335571e-02
4.680071473121643066e-01 8.523799479007720947e-02
4.690157771110534668e-01 8.526527136564254761e-02
4.700244069099426270e-01 8.662159740924835205e-02
4.710330665111541748e-01 8.600563555955886841e-02
4.720416963100433350e-01 8.601239323616027832e-02
4.730503261089324951e-01 8.543365448713302612e-02
4.740589559078216553e-01 9.262093901634216309e-02
4.750675857067108154e-01 8.984496444463729858e-02
4.760762453079223633e-01 8.658470213413238525e-02
4.770848751068115234e-01 8.333180099725723267e-02
4.780935049057006836e-01 9.202872961759567261e-02
4.791021347045898438e-01 8.849398046731948853e-02
4.801107645034790039e-01 8.951629698276519775e-02
4.811194241046905518e-01 8.980167657136917114e-02
4.821280539035797119e-01 8.627198636531829834e-02
4.831366837024688721e-01 8.916135132312774658e-02
4.841453135013580322e-01 8.693860471248626709e-02
4.851539433002471924e-01 8.607652038335800171e-02
4.861626029014587402e-01 8.979934453964233398e-02
4.871712327003479004e-01 8.415373414754867554e-02
4.881798624992370605e-01 8.686784654855728149e-02
4.891884922981262207e-01 8.919033408164978027e-02
4.901971518993377686e-01 8.838933706283569336e-02
4.912057816982269287e-01 7.775481790304183960e-02
4.922144114971160889e-01 8.375658094882965088e-02
4.932230412960052490e-01 8.326323330402374268e-02
4.942316710948944092e-01 8.665398508310317993e-02
4.952403306961059570e-01 8.474645018577575684e-02
4.962489604949951172e-01 8.486900478601455688e-02
4.972575902938842773e-01 8.847103267908096313e-02
4.982662200927734375e-01 8.357269316911697388e-02
4.992748498916625977e-01 8.498524874448776245e-02
5.002834796905517578e-01 8.971524983644485474e-02
5.012921094894409180e-01 9.009841084480285645e-02
5.023007988929748535e-01 8.718752861022949219e-02
5.033094286918640137e-01 8.450021594762802124e-02
5.043180584907531738e-01 1.457114219665527344e-01
5.053266882896423340e-01 1.134684532880783081e-01
5.063353180885314941e-01 8.175888657569885254e-02
5.073439478874206543e-01 8.507260680198669434e-02
5.083525776863098145e-01 8.472362905740737915e-02
5.093612074851989746e-01 7.764042913913726807e-02
5.103698372840881348e-01 7.353364676237106323e-02
5.113784670829772949e-01 8.020182698965072632e-02
5.123871564865112305e-01 7.834961265325546265e-02
5.133957862854003906e-01 7.737345993518829346e-02
5.144044160842895508e-01 7.990329712629318237e-02
5.154130458831787109e-01 7.910187542438507080e-02
5.164216756820678711e-01 7.758995145559310913e-02
5.174303054809570312e-01 7.898975163698196411e-02
5.184389352798461914e-01 8.175770193338394165e-02
5.194475650787353516e-01 7.840635627508163452e-02
5.204561948776245117e-01 7.905292510986328125e-02
5.214648842811584473e-01 7.712876051664352417e-02
5.224735140800476074e-01 7.530308514833450317e-02
5.234821438789367676e-01 7.516913115978240967e-02
5.244907736778259277e-01 7.140363752841949463e-02
5.254994034767150879e-01 7.117062062025070190e-02
5.265080332756042480e-01 7.458721846342086792e-02
5.275166630744934082e-01 7.598033547401428223e-02
5.285252928733825684e-01 7.577988505363464355e-02
5.295339226722717285e-01 7.613430172204971313e-02
5.305425524711608887e-01 7.324583083391189575e-02
5.315512418746948242e-01 7.610883563756942749e-02
5.325598716735839844e-01 7.504544407129287720e-02
5.335685014724731445e-01 8.021811395883560181e-02
5.345771312713623047e-01 8.437280356884002686e-02
5.355857610702514648e-01 8.085276931524276733e-02
5.365943908691406250e-01 7.886465638875961304e-02
5.376030206680297852e-01 7.990475744009017944e-02
5.386116504669189453e-01 8.804132044315338135e-02
5.396202802658081055e-01 8.206655830144882202e-02
5.406289696693420410e-01 8.302047103643417358e-02
5.416375994682312012e-01 8.423582464456558228e-02
5.426462292671203613e-01 8.954007923603057861e-02
5.436548590660095215e-01 8.600138127803802490e-02
5.446634888648986816e-01 8.350837230682373047e-02
5.456721186637878418e-01 8.316624909639358521e-02
5.466807484626770020e-01 8.090734481811523438e-02
5.476893782615661621e-01 8.813308179378509521e-02
5.486980080604553223e-01 8.970692008733749390e-02
5.497066378593444824e-01 8.506634831428527832e-02
5.507153272628784180e-01 8.400254696607589722e-02
5.517239570617675781e-01 8.943880349397659302e-02
5.527325868606567383e-01 8.822314441204071045e-02
5.537412166595458984e-01 8.977209031581878662e-02
5.547498464584350586e-01 9.296641498804092407e-02
5.557584762573242188e-01 9.481514245271682739e-02
5.567671060562133789e-01 9.558610618114471436e-02
5.577757358551025391e-01 9.381470084190368652e-02
5.587843656539916992e-01 9.040985256433486938e-02
5.597930550575256348e-01 9.172346442937850952e-02
5.608016848564147949e-01 9.441103041172027588e-02
5.618103146553039551e-01 9.745237976312637329e-02
5.628189444541931152e-01 8.925489336252212524e-02
5.638275742530822754e-01 9.027187526226043701e-02
5.648362040519714355e-01 9.352909028530120850e-02
5.658448338508605957e-01 9.407948702573776245e-02
5.668534636497497559e-01 9.271898120641708374e-02
5.678620934486389160e-01 9.596924483776092529e-02
5.688707232475280762e-01 9.374754875898361206e-02
5.698794126510620117e-01 9.982676804065704346e-02
5.708880424499511719e-01 1.001644805073738098e-01
5.718966722488403320e-01 9.718989580869674683e-02
5.729053020477294922e-01 9.348099678754806519e-02
5.739139318466186523e-01 9.882057458162307739e-02
5.749225616455078125e-01 1.012553870677947998e-01
5.759311914443969727e-01 9.756617993116378784e-02
5.769398212432861328e-01 9.819588065147399902e-02
5.779484510421752930e-01 9.454687684774398804e-02
5.789571404457092285e-01 9.386915713548660278e-02
5.799657702445983887e-01 9.809335321187973022e-02
5.809744000434875488e-01 1.013695225119590759e-01
5.819830298423767090e-01 9.516909718513488770e-02
5.829916596412658691e-01 1.000889912247657776e-01
5.840002894401550293e-01 1.006864458322525024e-01
5.850089192390441895e-01 9.967090934514999390e-02
5.860175490379333496e-01 1.039163246750831604e-01
5.870261788368225098e-01 1.042766869068145752e-01
5.880348086357116699e-01 1.023753136396408081e-01
5.890434980392456055e-01 1.015685424208641052e-01
5.900521278381347656e-01 9.876687079668045044e-02
5.910607576370239258e-01 9.682512283325195312e-02
5.920693874359130859e-01 1.055813953280448914e-01
5.930780172348022461e-01 1.032230108976364136e-01
5.940866470336914062e-01 9.836045652627944946e-02
5.950952768325805664e-01 1.048963591456413269e-01
5.961039066314697266e-01 1.036553010344505310e-01
5.971125364303588867e-01 1.015217751264572144e-01
5.981212258338928223e-01 1.070353239774703979e-01
5.991298556327819824e-01 1.024188846349716187e-01
6.001384854316711426e-01 1.017336323857307434e-01
6.011471152305603027e-01 1.072921752929687500e-01
6.021557450294494629e-01 1.023815646767616272e-01
6.031643748283386230e-01 1.077540144324302673e-01
6.041730046272277832e-01 1.044825240969657898e-01
6.051816344261169434e-01 1.047854572534561157e-01
6.061902642250061035e-01 1.070081889629364014e-01
6.071988940238952637e-01 1.059951409697532654e-01
6.082075834274291992e-01 1.118892803788185120e-01
6.092162132263183594e-01 1.058181598782539368e-01
6.102248430252075195e-01 1.145026087760925293e-01
6.112334728240966797e-01 1.024955287575721741e-01
6.122421026229858398e-01 1.010417565703392029e-01
6.132507324218750000e-01 1.061099097132682800e-01
6.142593622207641602e-01 1.068095564842224121e-01
6.152679920196533203e-01 1.062631532549858093e-01
6.162766218185424805e-01 1.082754358649253845e-01
6.172853112220764160e-01 1.080457866191864014e-01
6.182939410209655762e-01 1.083748191595077515e-01
6.193025708198547363e-01 1.049750670790672302e-01
6.203112006187438965e-01 1.136920601129531860e-01
6.213198304176330566e-01 1.059840172529220581e-01
6.223284602165222168e-01 1.073248088359832764e-01
6.233370900154113770e-01 1.106647104024887085e-01
6.243457198143005371e-01 1.197688058018684387e-01
6.253543496131896973e-01 1.156627237796783447e-01
6.263629794120788574e-01 1.131946370005607605e-01
6.273716688156127930e-01 1.100877523422241211e-01
6.283802986145019531e-01 1.072094962000846863e-01
6.293889284133911133e-01 1.144477576017379761e-01
6.303975582122802734e-01 1.162307187914848328e-01
6.314061880111694336e-01 1.134097427129745483e-01
6.324148178100585938e-01 1.109605059027671814e-01
6.334234476089477539e-01 1.189971789717674255e-01
6.344320774078369141e-01 1.141927167773246765e-01
6.354407072067260742e-01 1.127058267593383789e-01
6.364493966102600098e-01 1.201246380805969238e-01
6.374580264091491699e-01 1.211697012186050415e-01
6.384666562080383301e-01 1.145892292261123657e-01
6.394752860069274902e-01 1.095110848546028137e-01
6.404839158058166504e-01 1.142008602619171143e-01
6.414925456047058105e-01 1.209309026598930359e-01
6.425011754035949707e-01 1.166632473468780518e-01
6.435098052024841309e-01 1.220828741788864136e-01
6.445184350013732910e-01 1.219957619905471802e-01
6.455271244049072266e-01 1.290911734104156494e-01
6.465357542037963867e-01 1.159307584166526794e-01
6.475443840026855469e-01 1.167573183774948120e-01
6.485530138015747070e-01 1.222577691078186035e-01
6.495616436004638672e-01 1.183732897043228149e-01
6.505702733993530273e-01 1.213039830327033997e-01
6.515789031982421875e-01 1.289096176624298096e-01
6.525875329971313477e-01 1.260532140731811523e-01
6.535961627960205078e-01 1.251595765352249146e-01
6.546047925949096680e-01 1.219651103019714355e-01
6.556134819984436035e-01 1.191703230142593384e-01
6.566221117973327637e-01 1.200054809451103210e-01
6.576307415962219238e-01 1.192450448870658875e-01
6.586393713951110840e-01 1.169762164354324341e-01
6.596480011940002441e-01 1.170692816376686096e-01
6.606566309928894043e-01 1.191987320780754089e-01
6.616652607917785645e-01 1.220282539725303650e-01
6.626738905906677246e-01 1.224667951464653015e-01
6.636825203895568848e-01 1.250570267438888550e-01
6.646912097930908203e-01 1.235150396823883057e-01
6.656998395919799805e-01 1.250628232955932617e-01
6.667084693908691406e-01 1.237563714385032654e-01
6.677170991897583008e-01 1.301435232162475586e-01
6.687257289886474609e-01 1.194067671895027161e-01
6.697343587875366211e-01 1.228423118591308594e-01
6.707429885864257812e-01 1.295692324638366699e-01
6.717516183853149414e-01 1.297644227743148804e-01
6.727602481842041016e-01 1.348196864128112793e-01
6.737688779830932617e-01 1.233158707618713379e-01
6.747775673866271973e-01 1.265788525342941284e-01
6.757861971855163574e-01 1.270002722740173340e-01
6.767948269844055176e-01 1.311372518539428711e-01
6.778034567832946777e-01 1.316024959087371826e-01
6.788120865821838379e-01 1.263397037982940674e-01
6.798207163810729980e-01 1.229823380708694458e-01
6.808293461799621582e-01 1.230118796229362488e-01
6.818379759788513184e-01 1.235282421112060547e-01
6.828466057777404785e-01 1.310082077980041504e-01
6.838552951812744141e-01 1.371307522058486938e-01
6.848639249801635742e-01 1.304277628660202026e-01
6.858725547790527344e-01 1.375274658203125000e-01
6.868811845779418945e-01 1.415490210056304932e-01
6.878898143768310547e-01 1.272332668304443359e-01
6.888984441757202148e-01 1.288582980632781982e-01
6.899070739746093750e-01 1.371462196111679077e-01
6.909157037734985352e-01 1.432548016309738159e-01
6.919243335723876953e-01 1.457329243421554565e-01
6.929329633712768555e-01 1.402526050806045532e-01
6.939416527748107910e-01 1.293715685606002808e-01
6.949502825736999512e-01 1.406015902757644653e-01
6.959589123725891113e-01 1.385542154312133789e-01
6.969675421714782715e-01 1.373249292373657227e-01
6.979761719703674316e-01 1.361407339572906494e-01
6.989848017692565918e-01 1.381185203790664673e-01
6.999934315681457520e-01 1.325334608554840088e-01
7.010020613670349121e-01 1.402671337127685547e-01
7.020106911659240723e-01 1.475643366575241089e-01
7.030193805694580078e-01 1.439777314662933350e-01
7.040280103683471680e-01 1.466630399227142334e-01
7.050366401672363281e-01 1.488038152456283569e-01
7.060452699661254883e-01 1.338889896869659424e-01
7.070538997650146484e-01 1.376469433307647705e-01
7.080625295639038086e-01 1.473572999238967896e-01
7.090711593627929688e-01 1.473291665315628052e-01
7.100797891616821289e-01 1.409516930580139160e-01
7.110884189605712891e-01 1.385044902563095093e-01
7.120970487594604492e-01 1.433656215667724609e-01
7.131057381629943848e-01 1.524440050125122070e-01
7.141143679618835449e-01 1.486479192972183228e-01
7.151229977607727051e-01 1.372475028038024902e-01
7.161316275596618652e-01 1.406704932451248169e-01
7.171402573585510254e-01 1.498913466930389404e-01
7.181488871574401855e-01 1.443651616573333740e-01
7.191575169563293457e-01 1.499921232461929321e-01
7.201661467552185059e-01 1.513623148202896118e-01
7.211747765541076660e-01 1.491720676422119141e-01
7.221834659576416016e-01 1.582775115966796875e-01
7.231920957565307617e-01 1.476217508316040039e-01
7.242007255554199219e-01 1.507971435785293579e-01
7.252093553543090820e-01 1.488296389579772949e-01
7.262179851531982422e-01 1.589205861091613770e-01
7.272266149520874023e-01 1.544823944568634033e-01
7.282352447509765625e-01 1.553556770086288452e-01
7.292438745498657227e-01 1.524394750595092773e-01
7.302525043487548828e-01 1.582002192735671997e-01
7.312611341476440430e-01 1.619246900081634521e-01
7.322698235511779785e-01 1.543733924627304077e-01
7.332784533500671387e-01 1.548296064138412476e-01
7.342870831489562988e-01 1.505589485168457031e-01
7.352957129478454590e-01 1.611269712448120117e-01
7.363043427467346191e-01 1.639501154422760010e-01
7.373129725456237793e-01 1.615097671747207642e-01
7.383216023445129395e-01 1.578384339809417725e-01
7.393302321434020996e-01 1.604557782411575317e-01
7.403388619422912598e-01 1.526055932044982910e-01
7.413475513458251953e-01 1.602150946855545044e-01
7.423561811447143555e-01 1.715885847806930542e-01
7.433648109436035156e-01 1.617244780063629150e-01
7.443734407424926758e-01 1.622982025146484375e-01
7.453820705413818359e-01 1.526019424200057983e-01
7.463907003402709961e-01 1.631990522146224976e-01
7.473993301391601562e-01 1.687932312488555908e-01
7.484079599380493164e-01 1.685533225536346436e-01
7.494165897369384766e-01 1.631794273853302002e-01
7.504252195358276367e-01 1.564888805150985718e-01
7.514339089393615723e-01 1.713438779115676880e-01
7.524425387382507324e-01 2.082771658897399902e-01
7.534511685371398926e-01 2.194721847772598267e-01
7.544597983360290527e-01 1.721888035535812378e-01
7.554684281349182129e-01 1.652238219976425171e-01
7.564770579338073730e-01 1.636645048856735229e-01
7.574856877326965332e-01 1.681096702814102173e-01
7.584943175315856934e-01 1.728821098804473877e-01
7.595029473304748535e-01 1.712234020233154297e-01
7.605116367340087891e-01 1.775622665882110596e-01
7.615202665328979492e-01 1.767881512641906738e-01
7.625288963317871094e-01 1.667834967374801636e-01
7.635375261306762695e-01 1.680945158004760742e-01
7.645461559295654297e-01 1.771001368761062622e-01
7.655547857284545898e-01 1.822469830513000488e-01
7.665634155273437500e-01 1.753983646631240845e-01
7.675720453262329102e-01 1.815462261438369751e-01
7.685806751251220703e-01 1.834249049425125122e-01
7.695893049240112305e-01 1.824922114610671997e-01
7.705979943275451660e-01 1.787273883819580078e-01
7.716066241264343262e-01 1.721114367246627808e-01
7.726152539253234863e-01 1.675100475549697876e-01
7.736238837242126465e-01 1.695918142795562744e-01
7.746325135231018066e-01 1.788686066865921021e-01
7.756411433219909668e-01 1.790329962968826294e-01
7.766497731208801270e-01 1.855099052190780640e-01
7.776584029197692871e-01 1.862721294164657593e-01
7.786670327186584473e-01 1.843503415584564209e-01
7.796757221221923828e-01 1.866959780454635620e-01
7.806843519210815430e-01 1.805784702301025391e-01
7.816929817199707031e-01 1.749702095985412598e-01
7.827016115188598633e-01 1.760755479335784912e-01
7.837102413177490234e-01 1.786359250545501709e-01
7.847188711166381836e-01 1.797164827585220337e-01
7.857275009155273438e-01 1.803716421127319336e-01
7.867361307144165039e-01 1.820663958787918091e-01
7.877447605133056641e-01 1.891335695981979370e-01
7.887533903121948242e-01 1.901814192533493042e-01
7.897620797157287598e-01 1.834282726049423218e-01
7.907707095146179199e-01 1.909265369176864624e-01
7.917793393135070801e-01 1.823749393224716187e-01
7.927879691123962402e-01 1.875210553407669067e-01
7.937965989112854004e-01 1.962378323078155518e-01
7.948052287101745605e-01 1.833405941724777222e-01
7.958138585090637207e-01 1.817601323127746582e-01
7.968224883079528809e-01 1.876839101314544678e-01
7.978311181068420410e-01 1.900399923324584961e-01
7.988398075103759766e-01 1.846539378166198730e-01
7.998484373092651367e-01 1.848575621843338013e-01
8.008570671081542969e-01 1.940701156854629517e-01
8.018656969070434570e-01 1.928715258836746216e-01
8.028743267059326172e-01 1.804565191268920898e-01
8.038829565048217773e-01 1.862586438655853271e-01
8.048915863037109375e-01 1.852343082427978516e-01
8.059002161026000977e-01 1.930921822786331177e-01
8.069088459014892578e-01 1.965809911489486694e-01
8.079174757003784180e-01 1.840434372425079346e-01
8.089261651039123535e-01 1.936854273080825806e-01
8.099347949028015137e-01 1.975875198841094971e-01
8.109434247016906738e-01 2.088364511728286743e-01
8.119520545005798340e-01 2.000817507505416870e-01
8.129606842994689941e-01 2.000015825033187866e-01
8.139693140983581543e-01 2.054262161254882812e-01
8.149779438972473145e-01 2.005440443754196167e-01
8.159865736961364746e-01 1.946242600679397583e-01
8.169952034950256348e-01 1.987667232751846313e-01
8.180038928985595703e-01 2.068757563829421997e-01
8.190125226974487305e-01 2.077669501304626465e-01
8.200211524963378906e-01 1.920295208692550659e-01
8.210297822952270508e-01 1.992050409317016602e-01
8.220384120941162109e-01 2.038054317235946655e-01
8.230470418930053711e-01 2.050179094076156616e-01
8.240556716918945312e-01 2.119099646806716919e-01
8.250643014907836914e-01 2.047753185033798218e-01
8.260729312896728516e-01 2.108987420797348022e-01
8.270815610885620117e-01 2.098240554332733154e-01
8.280902504920959473e-01 2.073195278644561768e-01
8.290988802909851074e-01 2.211789041757583618e-01
8.301075100898742676e-01 2.109729796648025513e-01
8.311161398887634277e-01 2.195899486541748047e-01
8.321247696876525879e-01 2.161272913217544556e-01
8.331333994865417480e-01 2.054481804370880127e-01
8.341420292854309082e-01 2.082129269838333130e-01
8.351506590843200684e-01 2.123310267925262451e-01
8.361592888832092285e-01 2.205312550067901611e-01
8.371679782867431641e-01 2.181709557771682739e-01
8.381766080856323242e-01 2.231895327568054199e-01
8.391852378845214844e-01 2.108656764030456543e-01
8.401938676834106445e-01 2.135665118694305420e-01
8.412024974822998047e-01 2.149526923894882202e-01
8.422111272811889648e-01 2.136360704898834229e-01
8.432197570800781250e-01 2.163766026496887207e-01
8.442283868789672852e-01 2.196424007415771484e-01
8.452370166778564453e-01 2.266239970922470093e-01
8.462456464767456055e-01 2.314445376396179199e-01
8.472543358802795410e-01 2.330835461616516113e-01
8.482629656791687012e-01 2.346971631050109863e-01
8.492715954780578613e-01 2.285859733819961548e-01
8.502802252769470215e-01 2.272149026393890381e-01
8.512888550758361816e-01 2.371417731046676636e-01
8.522974848747253418e-01 2.428231984376907349e-01
8.533061146736145020e-01 2.390782684087753296e-01
8.543147444725036621e-01 2.424452453851699829e-01
8.553233742713928223e-01 2.503817677497863770e-01
8.563320636749267578e-01 2.433853447437286377e-01
8.573406934738159180e-01 2.439731061458587646e-01
8.583493232727050781e-01 2.505727410316467285e-01
8.593579530715942383e-01 2.531189322471618652e-01
8.603665828704833984e-01 2.551526129245758057e-01
8.613752126693725586e-01 2.537148594856262207e-01
8.623838424682617188e-01 2.437456995248794556e-01
8.633924722671508789e-01 2.460186779499053955e-01
8.644011020660400391e-01 2.557204961776733398e-01
8.654097318649291992e-01 2.592759132385253906e-01
8.664184212684631348e-01 2.611235976219177246e-01
8.674270510673522949e-01 2.486125826835632324e-01
8.684356808662414551e-01 2.602364420890808105e-01
8.694443106651306152e-01 2.666977643966674805e-01
8.704529404640197754e-01 2.708770930767059326e-01
8.714615702629089355e-01 2.651233971118927002e-01
8.724702000617980957e-01 2.480106651782989502e-01
8.734788298606872559e-01 2.536534667015075684e-01
8.744874596595764160e-01 2.566175162792205811e-01
8.754961490631103516e-01 2.570419311523437500e-01
8.765047788619995117e-01 2.642365992069244385e-01
8.775134086608886719e-01 2.661924362182617188e-01
8.785220384597778320e-01 2.788258492946624756e-01
8.795306682586669922e-01 2.740521728992462158e-01
8.805392980575561523e-01 2.632198333740234375e-01
8.815479278564453125e-01 2.610923051834106445e-01
8.825565576553344727e-01 2.597495019435882568e-01
8.835651874542236328e-01 2.523994445800781250e-01
8.845738172531127930e-01 2.686424255371093750e-01
8.855825066566467285e-01 2.710645198822021484e-01
8.865911364555358887e-01 2.758993208408355713e-01
8.875997662544250488e-01 2.599401473999023438e-01
8.886083960533142090e-01 2.626927793025970459e-01
8.896170258522033691e-01 2.642773389816284180e-01
8.906256556510925293e-01 2.685154378414154053e-01
8.916342854499816895e-01 2.611271440982818604e-01
8.926429152488708496e-01 2.491033673286437988e-01
8.936515450477600098e-01 2.486050575971603394e-01
8.946602344512939453e-01 2.755461037158966064e-01
8.956688642501831055e-01 2.973489761352539062e-01
8.966774940490722656e-01 2.684704959392547607e-01
8.976861238479614258e-01 2.717373967170715332e-01
8.986947536468505859e-01 2.798228561878204346e-01
8.997033834457397461e-01 2.801682651042938232e-01
9.007120132446289062e-01 2.862390875816345215e-01
9.017206430435180664e-01 2.705536484718322754e-01
9.027292728424072266e-01 2.585574984550476074e-01
9.037379026412963867e-01 2.726496160030364990e-01
9.047465920448303223e-01 2.671756446361541748e-01
9.057552218437194824e-01 2.739995121955871582e-01
9.067638516426086426e-01 2.542958259582519531e-01
9.077724814414978027e-01 2.656611502170562744e-01
9.087811112403869629e-01 2.740320265293121338e-01
9.097897410392761230e-01 2.646133601665496826e-01
9.107983708381652832e-01 2.830272614955902100e-01
9.118070006370544434e-01 2.750119268894195557e-01
9.128156304359436035e-01 2.782815694808959961e-01
9.138243198394775391e-01 2.752769887447357178e-01
9.148329496383666992e-01 2.762106657028198242e-01
9.158415794372558594e-01 2.830287218093872070e-01
9.168502092361450195e-01 2.925976514816284180e-01
9.178588390350341797e-01 2.794663608074188232e-01
9.188674688339233398e-01 2.872357070446014404e-01
9.198760986328125000e-01 2.816012203693389893e-01
9.208847284317016602e-01 2.827239930629730225e-01
9.218933582305908203e-01 2.912330627441406250e-01
9.229020476341247559e-01 2.897755801677703857e-01
9.239106774330139160e-01 2.766833305358886719e-01
9.249193072319030762e-01 2.954573035240173340e-01
9.259279370307922363e-01 2.977277934551239014e-01
9.269365668296813965e-01 2.988480627536773682e-01
9.279451966285705566e-01 2.857753038406372070e-01
9.289538264274597168e-01 2.910936772823333740e-01
9.299624562263488770e-01 3.003631532192230225e-01
9.309710860252380371e-01 2.990784943103790283e-01
9.319797158241271973e-01 3.053769469261169434e-01
9.329884052276611328e-01 3.004366755485534668e-01
9.339970350265502930e-01 3.111183345317840576e-01
9.350056648254394531e-01 2.933727502822875977e-01
9.360142946243286133e-01 2.984241843223571777e-01
9.370229244232177734e-01 3.010438382625579834e-01
9.380315542221069336e-01 3.032038807868957520e-01
9.390401840209960938e-01 3.125218451023101807e-01
9.400488138198852539e-01 3.263512253761291504e-01
9.410574436187744141e-01 3.134401440620422363e-01
9.420661330223083496e-01 3.055457174777984619e-01
9.430747628211975098e-01 2.999894618988037109e-01
9.440833926200866699e-01 3.077981770038604736e-01
9.450920224189758301e-01 3.094608485698699951e-01
9.461006522178649902e-01 2.965139448642730713e-01
9.471092820167541504e-01 3.102910816669464111e-01
9.481179118156433105e-01 3.085257112979888916e-01
9.491265416145324707e-01 3.093823194503784180e-01
9.501351714134216309e-01 3.114059269428253174e-01
9.511438012123107910e-01 3.325056731700897217e-01
9.521524906158447266e-01 3.327139914035797119e-01
9.531611204147338867e-01 3.259764909744262695e-01
9.541697502136230469e-01 3.228602111339569092e-01
9.551783800125122070e-01 3.172640502452850342e-01
9.561870098114013672e-01 3.325139582157135010e-01
9.571956396102905273e-01 3.409146368503570557e-01
9.582042694091796875e-01 3.198740184307098389e-01
9.592128992080688477e-01 3.452693819999694824e-01
9.602215290069580078e-01 3.457862734794616699e-01
9.612302184104919434e-01 3.218310475349426270e-01
9.622388482093811035e-01 3.180571198463439941e-01
9.632474780082702637e-01 3.244119584560394287e-01
9.642561078071594238e-01 3.372023999691009521e-01
9.652647376060485840e-01 3.150314986705780029e-01
9.662733674049377441e-01 3.505850732326507568e-01
9.672819972038269043e-01 3.524725139141082764e-01
9.682906270027160645e-01 3.446798324584960938e-01
9.692992568016052246e-01 3.234935402870178223e-01
9.703078866004943848e-01 3.367655873298645020e-01
9.713165760040283203e-01 3.352309465408325195e-01
9.723252058029174805e-01 3.433875739574432373e-01
9.733338356018066406e-01 3.458234965801239014e-01
9.743424654006958008e-01 3.553050458431243896e-01
9.753510951995849609e-01 3.562407791614532471e-01
9.763597249984741211e-01 3.681783974170684814e-01
9.773683547973632812e-01 3.560741543769836426e-01
9.783769845962524414e-01 3.594875633716583252e-01
9.793856143951416016e-01 3.745392262935638428e-01
9.803943037986755371e-01 3.788658380508422852e-01
9.814029335975646973e-01 3.696723878383636475e-01
9.824115633964538574e-01 3.788059651851654053e-01
9.834201931953430176e-01 3.941262066364288330e-01
9.844288229942321777e-01 3.623817861080169678e-01
9.854374527931213379e-01 3.511398732662200928e-01
9.864460825920104980e-01 3.740767836570739746e-01
9.874547123908996582e-01 3.642915487289428711e-01
9.884633421897888184e-01 3.499646186828613281e-01
9.894719719886779785e-01 3.676801919937133789e-01
9.904806613922119141e-01 4.186829626560211182e-01
9.914892911911010742e-01 3.837421834468841553e-01
9.924979209899902344e-01 3.895693719387054443e-01
9.935065507888793945e-01 3.783963322639465332e-01
9.945151805877685547e-01 3.768593668937683105e-01
9.955238103866577148e-01 3.868966400623321533e-01
9.965324401855468750e-01 4.040026962757110596e-01
9.975410699844360352e-01 4.029074907302856445e-01
9.985496997833251953e-01 4.013073742389678955e-01
9.995583891868591309e-01 3.964847326278686523e-01
1.000566959381103516e+00 3.747501075267791748e-01
1.001575589179992676e+00 4.018394947052001953e-01
1.002584218978881836e+00 3.976612389087677002e-01
1.003592848777770996e+00 4.173228740692138672e-01
1.004601597785949707e+00 4.045352935791015625e-01
1.005610227584838867e+00 4.138157665729522705e-01
1.006618857383728027e+00 4.471513628959655762e-01
1.007627487182617188e+00 4.312344789505004883e-01
1.008636116981506348e+00 4.273354113101959229e-01
1.009644746780395508e+00 4.212189912796020508e-01
1.010653376579284668e+00 4.212513864040374756e-01
1.011662006378173828e+00 4.511389136314392090e-01
1.012670636177062988e+00 4.244714081287384033e-01
1.013679265975952148e+00 4.158359766006469727e-01
1.014687895774841309e+00 4.508495926856994629e-01
1.015696525573730469e+00 4.259618818759918213e-01
1.016705155372619629e+00 4.043366611003875732e-01
1.017713785171508789e+00 4.516649842262268066e-01
1.018722414970397949e+00 4.089717268943786621e-01
1.019731044769287109e+00 4.346884191036224365e-01
1.020739674568176270e+00 4.482561945915222168e-01
1.021748304367065430e+00 4.477083086967468262e-01
1.022756934165954590e+00 4.368329942226409912e-01
1.023765683174133301e+00 4.615808427333831787e-01
1.024774312973022461e+00 4.505778849124908447e-01
1.025782942771911621e+00 4.326082766056060791e-01
1.026791572570800781e+00 4.141291677951812744e-01
1.027800202369689941e+00 4.329973459243774414e-01
1.028808832168579102e+00 4.530806839466094971e-01
1.029817461967468262e+00 4.352661371231079102e-01
1.030826091766357422e+00 4.038096666336059570e-01
1.031834721565246582e+00 4.436729550361633301e-01
1.032843351364135742e+00 4.767634570598602295e-01
1.033851981163024902e+00 4.590730369091033936e-01
1.034860610961914062e+00 4.838482737541198730e-01
1.035869240760803223e+00 4.490886330604553223e-01
1.036877870559692383e+00 4.748803079128265381e-01
1.037886500358581543e+00 4.769665300846099854e-01
1.038895130157470703e+00 4.774778187274932861e-01
1.039903759956359863e+00 4.914352297782897949e-01
1.040912389755249023e+00 4.885319471359252930e-01
1.041921019554138184e+00 5.007078647613525391e-01
1.042929768562316895e+00 4.391881227493286133e-01
1.043938398361206055e+00 4.800005555152893066e-01
1.044947028160095215e+00 4.856305718421936035e-01
1.045955657958984375e+00 4.619574248790740967e-01
1.046964287757873535e+00 4.870215952396392822e-01
1.047972917556762695e+00 4.598649442195892334e-01
1.048981547355651855e+00 4.736334681510925293e-01
1.049990177154541016e+00 5.131459832191467285e-01
1.050998806953430176e+00 4.900276064872741699e-01
1.052007436752319336e+00 4.712516367435455322e-01
1.053016066551208496e+00 4.551787674427032471e-01
1.054024696350097656e+00 4.578956663608551025e-01
1.055033326148986816e+00 4.944927692413330078e-01
1.056041955947875977e+00 4.751050472259521484e-01
1.057050585746765137e+00 5.421076416969299316e-01
1.058059215545654297e+00 5.156844258308410645e-01
1.059067845344543457e+00 4.728166162967681885e-01
1.060076475143432617e+00 4.752473533153533936e-01
1.061085104942321777e+00 5.242660045623779297e-01
1.062093853950500488e+00 5.065205693244934082e-01
1.063102483749389648e+00 5.142183303833007812e-01
1.064111113548278809e+00 5.286612510681152344e-01
1.065119743347167969e+00 5.324887633323669434e-01
1.066128373146057129e+00 5.356725454330444336e-01
1.067137002944946289e+00 5.421362519264221191e-01
1.068145632743835449e+00 5.411662459373474121e-01
1.069154262542724609e+00 5.524052381515502930e-01
1.070162892341613770e+00 5.544249415397644043e-01
1.071171522140502930e+00 5.641316175460815430e-01
1.072180151939392090e+00 5.698649287223815918e-01
1.073188781738281250e+00 5.493342280387878418e-01
1.074197411537170410e+00 5.329751968383789062e-01
1.075206041336059570e+00 5.336632132530212402e-01
1.076214671134948730e+00 5.456603169441223145e-01
1.077223300933837891e+00 5.657808184623718262e-01
1.078231930732727051e+00 5.538161993026733398e-01
1.079240560531616211e+00 5.448406338691711426e-01
1.080249190330505371e+00 5.294989943504333496e-01
1.081257939338684082e+00 5.910574793815612793e-01
1.082266569137573242e+00 5.728212594985961914e-01
1.083275198936462402e+00 5.706882476806640625e-01
1.084283828735351562e+00 5.960811972618103027e-01
1.085292458534240723e+00 5.707647800445556641e-01
1.086301088333129883e+00 5.411397814750671387e-01
1.087309718132019043e+00 5.540295243263244629e-01
1.088318347930908203e+00 5.884464383125305176e-01
1.089326977729797363e+00 5.834848284721374512e-01
1.090335607528686523e+00 5.742462277412414551e-01
1.091344237327575684e+00 6.087480187416076660e-01
1.092352867126464844e+00 6.129836440086364746e-01
1.093361496925354004e+00 6.125832796096801758e-01
1.094370126724243164e+00 6.053262948989868164e-01
1.095378756523132324e+00 6.585165262222290039e-01
1.096387386322021484e+00 6.684524416923522949e-01
1.097396016120910645e+00 6.298078298568725586e-01
1.098404645919799805e+00 6.613267660140991211e-01
1.099413275718688965e+00 6.045072078704833984e-01
1.100422024726867676e+00 6.298472881317138672e-01
1.101430654525756836e+00 6.330000162124633789e-01
1.102439284324645996e+00 6.233767271041870117e-01
1.103447914123535156e+00 6.567350625991821289e-01
1.104456543922424316e+00 6.151288151741027832e-01
1.105465173721313477e+00 5.958180427551269531e-01
1.106473803520202637e+00 6.711332798004150391e-01
1.107482433319091797e+00 6.395741105079650879e-01
1.108491063117980957e+00 6.420954465866088867e-01
1.109499692916870117e+00 6.111125946044921875e-01
1.110508322715759277e+00 6.567902565002441406e-01
1.111516952514648438e+00 6.904299259185791016e-01
1.112525582313537598e+00 6.856481432914733887e-01
1.113534212112426758e+00 7.093242406845092773e-01
1.114542841911315918e+00 6.598913669586181641e-01
1.115551471710205078e+00 6.684027314186096191e-01
1.116560101509094238e+00 6.760063171386718750e-01
1.117568731307983398e+00 6.802868247032165527e-01
1.118577361106872559e+00 6.818903684616088867e-01
1.119586110115051270e+00 7.408371567726135254e-01
1.120594739913940430e+00 6.976510882377624512e-01
1.121603369712829590e+00 6.946138739585876465e-01
1.122611999511718750e+00 7.595545649528503418e-01
1.123620629310607910e+00 7.501953244209289551e-01
1.124629259109497070e+00 7.470560073852539062e-01
1.125637888908386230e+00 7.431066036224365234e-01
1.126646518707275391e+00 7.118342518806457520e-01
1.127655148506164551e+00 7.179164886474609375e-01
1.128663778305053711e+00 7.531181573867797852e-01
1.129672408103942871e+00 7.399175763130187988e-01
1.130681037902832031e+00 7.150767445564270020e-01
1.131689667701721191e+00 7.699972987174987793e-01
1.132698297500610352e+00 7.877628207206726074e-01
1.133706927299499512e+00 7.720836997032165527e-01
1.134715557098388672e+00 8.010170459747314453e-01
1.135724186897277832e+00 8.069545030593872070e-01
1.136732816696166992e+00 9.047641158103942871e-01
1.137741446495056152e+00 8.290589451789855957e-01
1.138750195503234863e+00 7.620164155960083008e-01
1.139758825302124023e+00 8.554217219352722168e-01
1.140767455101013184e+00 8.508319854736328125e-01
1.141776084899902344e+00 8.324232101440429688e-01
1.142784714698791504e+00 7.771211266517639160e-01
1.143793344497680664e+00 7.888163328170776367e-01
1.144801974296569824e+00 8.465275764465332031e-01
1.145810604095458984e+00 9.274302124977111816e-01
1.146819233894348145e+00 8.053077459335327148e-01
1.147827863693237305e+00 8.109794855117797852e-01
1.148836493492126465e+00 8.428074717521667480e-01
1.149845123291015625e+00 8.198724389076232910e-01
1.150853753089904785e+00 8.457671999931335449e-01
1.151862382888793945e+00 7.920904755592346191e-01
1.152871012687683105e+00 8.336573839187622070e-01
1.153879642486572266e+00 8.633219599723815918e-01
1.154888272285461426e+00 8.331130146980285645e-01
1.155896902084350586e+00 8.301636576652526855e-01
1.156905531883239746e+00 8.397347927093505859e-01
1.157914280891418457e+00 8.472561240196228027e-01
1.158922910690307617e+00 8.757998347282409668e-01
1.159931540489196777e+00 8.666726946830749512e-01
1.160940170288085938e+00 7.315025329589843750e-01
1.161948800086975098e+00 8.003394007682800293e-01
1.162957429885864258e+00 9.229186177253723145e-01
1.163966059684753418e+00 9.400492310523986816e-01
1.164974689483642578e+00 9.016075134277343750e-01
1.165983319282531738e+00 9.560692310333251953e-01
1.166991949081420898e+00 9.269278645515441895e-01
1.168000578880310059e+00 9.049255251884460449e-01
1.169009208679199219e+00 9.286813139915466309e-01
1.170017838478088379e+00 9.048982858657836914e-01
1.171026468276977539e+00 1.035066723823547363e+00
1.172035098075866699e+00 1.006990790367126465e+00
1.173043727874755859e+00 9.287150502204895020e-01
1.174052357673645020e+00 8.375518918037414551e-01
1.175060987472534180e+00 9.001631140708923340e-01
1.176069617271423340e+00 9.591569900512695312e-01
1.177078366279602051e+00 9.519460797309875488e-01
1.178086996078491211e+00 9.845870733261108398e-01
1.179095625877380371e+00 1.006842374801635742e+00
1.180104255676269531e+00 9.410428404808044434e-01
1.181112885475158691e+00 9.963006973266601562e-01
1.182121515274047852e+00 1.009300231933593750e+00
1.183130145072937012e+00 1.015949845314025879e+00
1.184138774871826172e+00 1.089983582496643066e+00
1.185147404670715332e+00 1.027279734611511230e+00
1.186156034469604492e+00 8.956241607666015625e-01
1.187164664268493652e+00 9.911853671073913574e-01
1.188173294067382812e+00 9.711613059043884277e-01
1.189181923866271973e+00 8.587833046913146973e-01
1.190190553665161133e+00 9.762466549873352051e-01
1.191199183464050293e+00 9.390013217926025391e-01
1.192207813262939453e+00 9.295336604118347168e-01
1.193216443061828613e+00 1.072955489158630371e+00
1.194225072860717773e+00 1.001446247100830078e+00
1.195233702659606934e+00 9.671286940574645996e-01
1.196242451667785645e+00 9.636071920394897461e-01
1.197251081466674805e+00 9.228990674018859863e-01
1.198259711265563965e+00 9.541573524475097656e-01
1.199268341064453125e+00 1.058638691902160645e+00
1.200276970863342285e+00 9.362331032752990723e-01
1.201285600662231445e+00 9.708777070045471191e-01
1.202294230461120605e+00 9.911698102951049805e-01
1.203302860260009766e+00 1.001595973968505859e+00
1.204311490058898926e+00 8.146616816520690918e-01
1.205320119857788086e+00 8.074622154235839844e-01
1.206328749656677246e+00 9.024522900581359863e-01
1.207337379455566406e+00 7.728295922279357910e-01
1.208346009254455566e+00 1.223183274269104004e+00
1.209354639053344727e+00 1.235140562057495117e+00
