0.000000000000000000e+00 8.279472656250000000e+02
1.008636085316538811e-03 7.390626831054687500e+02
2.017272170633077621e-03 9.050372924804687500e+02
3.025908255949616432e-03 6.391991577148437500e+02
4.034544341266155243e-03 5.002754821777343750e+02
5.043180659413337708e-03 4.222680053710937500e+02
6.051816511899232864e-03 3.335096130371093750e+02
7.060452364385128021e-03 2.647893371582031250e+02
8.069088682532310486e-03 2.244669342041015625e+02
9.077725000679492950e-03 1.920914001464843750e+02
1.008636131882667542e-02 1.596774902343750000e+02
1.109499670565128326e-02 1.628945617675781250e+02
1.210363302379846573e-02 1.757652893066406250e+02
1.311226934194564819e-02 1.376657257080078125e+02
1.412090472877025604e-02 1.168325576782226562e+02
1.512954104691743851e-02 1.005984191894531250e+02
1.613817736506462097e-02 8.741474914550781250e+01
1.714681275188922882e-02 7.709056854248046875e+01
1.815545000135898590e-02 6.430191802978515625e+01
1.916408538818359375e-02 5.288970184326171875e+01
2.017272263765335083e-02 4.438408279418945312e+01
2.118135802447795868e-02 3.820799255371093750e+01
2.218999341130256653e-02 3.397285842895507812e+01
2.319863066077232361e-02 2.995348167419433594e+01
2.420726604759693146e-02 2.666796302795410156e+01
2.521590143442153931e-02 2.404839324951171875e+01
2.622453868389129639e-02 2.142107009887695312e+01
2.723317407071590424e-02 1.963081932067871094e+01
2.824180945754051208e-02 1.723729896545410156e+01
2.925044670701026917e-02 1.602667236328125000e+01
3.025908209383487701e-02 1.461551761627197266e+01
3.126771748065948486e-02 1.328917026519775391e+01
3.227635473012924194e-02 1.192009258270263672e+01
3.328499197959899902e-02 1.076410484313964844e+01
3.429362550377845764e-02 9.743358612060546875e+00
3.530226275324821472e-02 8.950455665588378906e+00
3.631090000271797180e-02 8.199578285217285156e+00
3.731953352689743042e-02 7.615649700164794922e+00
3.832817077636718750e-02 7.115823745727539062e+00
3.933680802583694458e-02 6.619967460632324219e+00
4.034544527530670166e-02 6.102976322174072266e+00
4.135407879948616028e-02 5.789282321929931641e+00
4.236271604895591736e-02 5.287131309509277344e+00
4.337135329842567444e-02 4.958945751190185547e+00
4.437998682260513306e-02 4.661242485046386719e+00
4.538862407207489014e-02 4.438978195190429688e+00
4.639726132154464722e-02 4.158502578735351562e+00
4.740589484572410583e-02 3.874940156936645508e+00
4.841453209519386292e-02 3.600090503692626953e+00
4.942316934466362000e-02 3.377555608749389648e+00
5.043180286884307861e-02 3.167761802673339844e+00
5.144044011831283569e-02 3.114202260971069336e+00
5.244907736778259277e-02 2.920635223388671875e+00
5.345771089196205139e-02 2.763902425765991211e+00
5.446634814143180847e-02 2.612158060073852539e+00
5.547498539090156555e-02 2.468011140823364258e+00
5.648361891508102417e-02 2.418305158615112305e+00
5.749225616455078125e-02 2.357206344604492188e+00
5.850089341402053833e-02 2.101192474365234375e+00
5.950953066349029541e-02 2.086124420166015625e+00
6.051816418766975403e-02 2.022404909133911133e+00
6.152680143713951111e-02 1.834889054298400879e+00
6.253543496131896973e-02 1.842952966690063477e+00
6.354407221078872681e-02 1.875225782394409180e+00
6.455270946025848389e-02 1.736210823059082031e+00
6.556134670972824097e-02 1.676411986351013184e+00
6.656998395919799805e-02 1.587686300277709961e+00
6.757862120866775513e-02 1.601854801177978516e+00
6.858725100755691528e-02 1.467243194580078125e+00
6.959588825702667236e-02 1.454774975776672363e+00
7.060452550649642944e-02 1.404669642448425293e+00
7.161316275596618652e-02 1.377026677131652832e+00
7.262180000543594360e-02 1.319266438484191895e+00
7.363043725490570068e-02 1.294334173202514648e+00
7.463906705379486084e-02 1.260665655136108398e+00
7.564770430326461792e-02 1.277476668357849121e+00
7.665634155273437500e-02 1.215496301651000977e+00
7.766497880220413208e-02 1.180316329002380371e+00
7.867361605167388916e-02 1.163824200630187988e+00
7.968225330114364624e-02 1.180293560028076172e+00
8.069089055061340332e-02 1.144078373908996582e+00
8.169952034950256348e-02 1.093489885330200195e+00
8.270815759897232056e-02 9.979900121688842773e-01
8.371679484844207764e-02 1.033278107643127441e+00
8.472543209791183472e-02 1.021368026733398438e+00
8.573406934738159180e-02 1.025058865547180176e+00
8.674270659685134888e-02 9.025079011917114258e-01
8.775133639574050903e-02 9.280959963798522949e-01
8.875997364521026611e-02 9.874669909477233887e-01
8.976861089468002319e-02 9.655016064643859863e-01
9.077724814414978027e-02 9.196577668190002441e-01
9.178588539361953735e-02 9.006013870239257812e-01
9.279452264308929443e-02 8.818972110748291016e-01
9.380315244197845459e-02 8.602077960968017578e-01
9.481178969144821167e-02 8.544071912765502930e-01
9.582042694091796875e-02 8.611381053924560547e-01
9.682906419038772583e-02 8.225353360176086426e-01
9.783770143985748291e-02 8.203080296516418457e-01
9.884633868932723999e-02 7.999578118324279785e-01
9.985497593879699707e-02 7.827618122100830078e-01
1.008636057376861572e-01 7.669761776924133301e-01
1.018722429871559143e-01 7.631127238273620605e-01
1.028808802366256714e-01 8.197141289710998535e-01
1.038895174860954285e-01 7.662000656127929688e-01
1.048981547355651855e-01 7.305766940116882324e-01
1.059067919850349426e-01 7.380907535552978516e-01
1.069154217839241028e-01 7.273660898208618164e-01
1.079240590333938599e-01 7.238675951957702637e-01
1.089326962828636169e-01 7.267264127731323242e-01
1.099413335323333740e-01 7.317085862159729004e-01
1.109499707818031311e-01 7.344905734062194824e-01
1.119586080312728882e-01 6.954355239868164062e-01
1.129672378301620483e-01 6.987020969390869141e-01
1.139758750796318054e-01 6.741677522659301758e-01
1.149845123291015625e-01 6.778260469436645508e-01
1.159931495785713196e-01 6.617884039878845215e-01
1.170017868280410767e-01 6.606990098953247070e-01
1.180104240775108337e-01 6.600772142410278320e-01
1.190190613269805908e-01 6.304820775985717773e-01
1.200276911258697510e-01 6.246690154075622559e-01
1.210363283753395081e-01 6.439060568809509277e-01
1.220449656248092651e-01 6.271978616714477539e-01
1.230536028742790222e-01 6.565480828285217285e-01
1.240622401237487793e-01 6.014583110809326172e-01
1.250708699226379395e-01 6.084750890731811523e-01
1.260795146226882935e-01 6.222286820411682129e-01
1.270881444215774536e-01 6.128978133201599121e-01
1.280967891216278076e-01 6.259006261825561523e-01
1.291054189205169678e-01 5.847916603088378906e-01
1.301140487194061279e-01 6.055957674980163574e-01
1.311226934194564819e-01 6.055716872215270996e-01
1.321313232183456421e-01 6.117700934410095215e-01
1.331399679183959961e-01 5.947772860527038574e-01
1.341485977172851562e-01 5.875188112258911133e-01
1.351572424173355103e-01 5.976323485374450684e-01
1.361658722162246704e-01 5.666763782501220703e-01
1.371745020151138306e-01 5.726558566093444824e-01
1.381831467151641846e-01 5.885280966758728027e-01
1.391917765140533447e-01 5.761383175849914551e-01
1.402004212141036987e-01 5.758883953094482422e-01
1.412090510129928589e-01 5.669456720352172852e-01
1.422176808118820190e-01 5.730005502700805664e-01
1.432263255119323730e-01 5.932185649871826172e-01
1.442349553108215332e-01 5.741298198699951172e-01
1.452436000108718872e-01 5.670785903930664062e-01
1.462522298097610474e-01 5.530836582183837891e-01
1.472608745098114014e-01 5.807616710662841797e-01
1.482695043087005615e-01 5.769571661949157715e-01
1.492781341075897217e-01 5.587344765663146973e-01
1.502867788076400757e-01 5.572915673255920410e-01
1.512954086065292358e-01 5.495025515556335449e-01
1.523040533065795898e-01 5.617761611938476562e-01
1.533126831054687500e-01 5.497792959213256836e-01
1.543213278055191040e-01 5.544906258583068848e-01
1.553299576044082642e-01 5.322917699813842773e-01
1.563385874032974243e-01 5.470160245895385742e-01
1.573472321033477783e-01 5.286687612533569336e-01
1.583558619022369385e-01 5.451126694679260254e-01
1.593645066022872925e-01 5.131708383560180664e-01
1.603731364011764526e-01 5.080562829971313477e-01
1.613817811012268066e-01 5.132201313972473145e-01
1.623904109001159668e-01 5.057163238525390625e-01
1.633990406990051270e-01 4.922586381435394287e-01
1.644076853990554810e-01 5.194961428642272949e-01
1.654163151979446411e-01 5.371088385581970215e-01
1.664249598979949951e-01 5.563403964042663574e-01
1.674335896968841553e-01 5.513470768928527832e-01
1.684422194957733154e-01 5.125415921211242676e-01
1.694508641958236694e-01 5.378031134605407715e-01
1.704594939947128296e-01 5.629997253417968750e-01
1.714681386947631836e-01 5.496394038200378418e-01
1.724767684936523438e-01 5.274391174316406250e-01
1.734854131937026978e-01 5.299699306488037109e-01
1.744940429925918579e-01 5.289788842201232910e-01
1.755026727914810181e-01 5.219266414642333984e-01
1.765113174915313721e-01 5.135402083396911621e-01
1.775199472904205322e-01 5.133195519447326660e-01
1.785285919904708862e-01 5.073807239532470703e-01
1.795372217893600464e-01 5.345172286033630371e-01
1.805458664894104004e-01 5.322054624557495117e-01
1.815544962882995605e-01 5.234978199005126953e-01
1.825631260871887207e-01 5.087862610816955566e-01
1.835717707872390747e-01 4.986475408077239990e-01
1.845804005861282349e-01 5.041711330413818359e-01
1.855890452861785889e-01 5.044286251068115234e-01
1.865976750850677490e-01 5.161872506141662598e-01
1.876063048839569092e-01 5.120062828063964844e-01
1.886149495840072632e-01 5.001737475395202637e-01
1.896235793828964233e-01 5.125699639320373535e-01
1.906322240829467773e-01 5.277224183082580566e-01
1.916408538818359375e-01 5.108068585395812988e-01
1.926494985818862915e-01 4.805430769920349121e-01
1.936581283807754517e-01 5.350214242935180664e-01
1.946667581796646118e-01 5.312281847000122070e-01
1.956754028797149658e-01 5.123928785324096680e-01
1.966840326786041260e-01 4.861637949943542480e-01
1.976926773786544800e-01 4.889214634895324707e-01
1.987013071775436401e-01 5.107291340827941895e-01
1.997099518775939941e-01 4.931991696357727051e-01
2.007185816764831543e-01 5.071409344673156738e-01
2.017272114753723145e-01 5.061082243919372559e-01
2.027358561754226685e-01 5.078406929969787598e-01
2.037444859743118286e-01 4.917257428169250488e-01
2.047531306743621826e-01 4.986474514007568359e-01
2.057617604732513428e-01 4.844016432762145996e-01
2.067703902721405029e-01 4.694948196411132812e-01
2.077790349721908569e-01 4.797026813030242920e-01
2.087876647710800171e-01 4.861393272876739502e-01
2.097963094711303711e-01 5.053750276565551758e-01
2.108049392700195312e-01 5.092189908027648926e-01
2.118135839700698853e-01 4.932701289653778076e-01
2.128222137689590454e-01 5.129193067550659180e-01
2.138308435678482056e-01 5.100151896476745605e-01
2.148394882678985596e-01 4.941340088844299316e-01
2.158481180667877197e-01 4.757154285907745361e-01
2.168567627668380737e-01 5.096974372863769531e-01
2.178653925657272339e-01 4.881404042243957520e-01
2.188740372657775879e-01 4.869284927845001221e-01
2.198826670646667480e-01 4.881841540336608887e-01
2.208912968635559082e-01 4.842891097068786621e-01
2.218999415636062622e-01 4.764556586742401123e-01
2.229085713624954224e-01 4.873255193233489990e-01
2.239172160625457764e-01 4.918283522129058838e-01
2.249258458614349365e-01 4.807117879390716553e-01
2.259344756603240967e-01 4.866354465484619141e-01
2.269431203603744507e-01 4.769830703735351562e-01
2.279517501592636108e-01 4.855781793594360352e-01
2.289603948593139648e-01 4.854728281497955322e-01
2.299690246582031250e-01 4.678712487220764160e-01
2.309776693582534790e-01 4.723461568355560303e-01
2.319862991571426392e-01 4.627772271633148193e-01
2.329949289560317993e-01 4.708310365676879883e-01
2.340035736560821533e-01 5.039343833923339844e-01
2.350122034549713135e-01 4.703994393348693848e-01
2.360208481550216675e-01 4.734014868736267090e-01
2.370294779539108276e-01 4.618577063083648682e-01
2.380381226539611816e-01 4.793214797973632812e-01
2.390467524528503418e-01 4.747277796268463135e-01
2.400553822517395020e-01 4.708383977413177490e-01
2.410640269517898560e-01 4.713997840881347656e-01
2.420726567506790161e-01 5.063417553901672363e-01
2.430813014507293701e-01 6.300559043884277344e-01
2.440899312496185303e-01 4.562804400920867920e-01
2.450985759496688843e-01 4.463783204555511475e-01
2.461072057485580444e-01 4.584908783435821533e-01
2.471158355474472046e-01 4.920050203800201416e-01
2.481244802474975586e-01 4.547684788703918457e-01
2.491331100463867188e-01 4.546423256397247314e-01
2.501417398452758789e-01 4.596263170242309570e-01
2.511503994464874268e-01 4.644186794757843018e-01
2.521590292453765869e-01 4.599939584732055664e-01
2.531676590442657471e-01 4.664746224880218506e-01
2.541762888431549072e-01 4.669257700443267822e-01
2.551849186420440674e-01 4.661819636821746826e-01
2.561935782432556152e-01 4.801435172557830811e-01
2.572022080421447754e-01 4.731106460094451904e-01
2.582108378410339355e-01 4.595453739166259766e-01
2.592194676399230957e-01 4.607398509979248047e-01
2.602280974388122559e-01 4.654215574264526367e-01
2.612367570400238037e-01 4.513071179389953613e-01
2.622453868389129639e-01 4.492368698120117188e-01
2.632540166378021240e-01 4.511699378490447998e-01
2.642626464366912842e-01 4.440254867076873779e-01
2.652712762355804443e-01 4.626456499099731445e-01
2.662799358367919922e-01 4.554476439952850342e-01
2.672885656356811523e-01 4.381808042526245117e-01
2.682971954345703125e-01 4.574081599712371826e-01
2.693058252334594727e-01 4.543240070343017578e-01
2.703144848346710205e-01 4.608814418315887451e-01
2.713231146335601807e-01 4.525087475776672363e-01
2.723317444324493408e-01 4.736611843109130859e-01
2.733403742313385010e-01 4.562011659145355225e-01
2.743490040302276611e-01 4.677767455577850342e-01
2.753576636314392090e-01 4.559326171875000000e-01
2.763662934303283691e-01 4.587133228778839111e-01
2.773749232292175293e-01 4.459906518459320068e-01
2.783835530281066895e-01 4.611314833164215088e-01
2.793921828269958496e-01 4.537748694419860840e-01
2.804008424282073975e-01 4.542035460472106934e-01
2.814094722270965576e-01 4.637114405632019043e-01
2.824181020259857178e-01 4.653056263923645020e-01
2.834267318248748779e-01 4.521872103214263916e-01
2.844353616237640381e-01 4.639313220977783203e-01
2.854440212249755859e-01 4.606484770774841309e-01
2.864526510238647461e-01 4.682550430297851562e-01
2.874612808227539062e-01 4.675402939319610596e-01
2.884699106216430664e-01 4.373526573181152344e-01
2.894785702228546143e-01 4.439754486083984375e-01
2.904872000217437744e-01 4.559198021888732910e-01
2.914958298206329346e-01 4.574986100196838379e-01
2.925044596195220947e-01 4.409155845642089844e-01
2.935130894184112549e-01 4.687772691249847412e-01
2.945217490196228027e-01 4.636607766151428223e-01
2.955303788185119629e-01 4.613242745399475098e-01
2.965390086174011230e-01 4.498238265514373779e-01
2.975476384162902832e-01 4.561497569084167480e-01
2.985562682151794434e-01 4.615799188613891602e-01
2.995649278163909912e-01 4.574380218982696533e-01
3.005735576152801514e-01 4.538236260414123535e-01
3.015821874141693115e-01 4.471915960311889648e-01
3.025908172130584717e-01 4.398253262042999268e-01
3.035994470119476318e-01 4.399910271167755127e-01
3.046081066131591797e-01 4.650439023971557617e-01
3.056167364120483398e-01 4.734911620616912842e-01
3.066253662109375000e-01 4.613659679889678955e-01
3.076339960098266602e-01 4.606678485870361328e-01
3.086426556110382080e-01 4.464077949523925781e-01
3.096512854099273682e-01 4.542677998542785645e-01
3.106599152088165283e-01 4.402086734771728516e-01
3.116685450077056885e-01 4.634917676448822021e-01
3.126771748065948486e-01 4.552656710147857666e-01
3.136858344078063965e-01 4.572845101356506348e-01
3.146944642066955566e-01 4.678378105163574219e-01
3.157030940055847168e-01 4.694438576698303223e-01
3.167117238044738770e-01 4.401094913482666016e-01
3.177203536033630371e-01 4.552472829818725586e-01
3.187290132045745850e-01 4.514937102794647217e-01
3.197376430034637451e-01 4.522711038589477539e-01
3.207462728023529053e-01 4.491264224052429199e-01
3.217549026012420654e-01 4.394156634807586670e-01
3.227635622024536133e-01 4.529501497745513916e-01
3.237721920013427734e-01 4.605545699596405029e-01
3.247808218002319336e-01 4.585132300853729248e-01
3.257894515991210938e-01 4.484875500202178955e-01
3.267980813980102539e-01 4.407201111316680908e-01
3.278067409992218018e-01 4.512054622173309326e-01
3.288153707981109619e-01 4.591243863105773926e-01
3.298240005970001221e-01 4.528608322143554688e-01
3.308326303958892822e-01 4.604955017566680908e-01
3.318412601947784424e-01 4.435487091541290283e-01
3.328499197959899902e-01 4.631280303001403809e-01
3.338585495948791504e-01 4.626036584377288818e-01
3.348671793937683105e-01 4.696828722953796387e-01
3.358758091926574707e-01 4.560983479022979736e-01
3.368844389915466309e-01 4.569895863533020020e-01
3.378930985927581787e-01 4.613056182861328125e-01
3.389017283916473389e-01 4.507631361484527588e-01
3.399103581905364990e-01 4.441080987453460693e-01
3.409189879894256592e-01 4.677987694740295410e-01
3.419276475906372070e-01 4.435476064682006836e-01
3.429362773895263672e-01 4.517832696437835693e-01
3.439449071884155273e-01 4.560594558715820312e-01
3.449535369873046875e-01 4.739229679107666016e-01
3.459621667861938477e-01 4.630704224109649658e-01
3.469708263874053955e-01 4.638325870037078857e-01
3.479794561862945557e-01 4.600437283515930176e-01
3.489880859851837158e-01 4.456711709499359131e-01
3.499967157840728760e-01 4.617052972316741943e-01
3.510053455829620361e-01 4.793740212917327881e-01
3.520140051841735840e-01 4.565325975418090820e-01
3.530226349830627441e-01 4.587591886520385742e-01
3.540312647819519043e-01 4.475409686565399170e-01
3.550398945808410645e-01 4.451723992824554443e-01
3.560485243797302246e-01 4.501192867755889893e-01
3.570571839809417725e-01 4.691829681396484375e-01
3.580658137798309326e-01 4.603128731250762939e-01
3.590744435787200928e-01 4.589493572711944580e-01
3.600830733776092529e-01 4.657182097434997559e-01
3.610917329788208008e-01 4.520860612392425537e-01
3.621003627777099609e-01 4.671514928340911865e-01
3.631089925765991211e-01 4.701014459133148193e-01
3.641176223754882812e-01 4.548960030078887939e-01
3.651262521743774414e-01 4.399245083332061768e-01
3.661349117755889893e-01 4.463251531124114990e-01
3.671435415744781494e-01 4.674104154109954834e-01
3.681521713733673096e-01 4.656518101692199707e-01
3.691608011722564697e-01 4.768866002559661865e-01
3.701694309711456299e-01 4.722373485565185547e-01
3.711780905723571777e-01 4.629063308238983154e-01
3.721867203712463379e-01 4.581260681152343750e-01
3.731953501701354980e-01 4.748096764087677002e-01
3.742039799690246582e-01 4.591426849365234375e-01
3.752126097679138184e-01 4.566512405872344971e-01
3.762212693691253662e-01 4.649289250373840332e-01
3.772298991680145264e-01 4.653016626834869385e-01
3.782385289669036865e-01 4.565240740776062012e-01
3.792471587657928467e-01 4.778496026992797852e-01
3.802558183670043945e-01 4.576453864574432373e-01
3.812644481658935547e-01 4.607829153537750244e-01
3.822730779647827148e-01 4.662507176399230957e-01
3.832817077636718750e-01 4.753217697143554688e-01
3.842903375625610352e-01 4.749127030372619629e-01
3.852989971637725830e-01 4.638878703117370605e-01
3.863076269626617432e-01 4.605456888675689697e-01
3.873162567615509033e-01 4.528284668922424316e-01
3.883248865604400635e-01 4.536576867103576660e-01
3.893335163593292236e-01 4.583054780960083008e-01
3.903421759605407715e-01 4.686052799224853516e-01
3.913508057594299316e-01 4.581383466720581055e-01
3.923594355583190918e-01 4.539189636707305908e-01
3.933680653572082520e-01 4.504289329051971436e-01
3.943766951560974121e-01 4.684920907020568848e-01
3.953853547573089600e-01 4.689573645591735840e-01
3.963939845561981201e-01 4.662456512451171875e-01
3.974026143550872803e-01 4.607533216476440430e-01
3.984112441539764404e-01 4.642623364925384521e-01
3.994199037551879883e-01 4.619884192943572998e-01
4.004285335540771484e-01 4.604616165161132812e-01
4.014371633529663086e-01 4.583611190319061279e-01
4.024457931518554688e-01 4.710812568664550781e-01
4.034544229507446289e-01 4.616979658603668213e-01
4.044630825519561768e-01 4.564346671104431152e-01
4.054717123508453369e-01 4.565996229648590088e-01
4.064803421497344971e-01 4.624120891094207764e-01
4.074889719486236572e-01 4.620918631553649902e-01
4.084976017475128174e-01 4.612753391265869141e-01
4.095062613487243652e-01 4.626473486423492432e-01
4.105148911476135254e-01 4.644367992877960205e-01
4.115235209465026855e-01 4.632232487201690674e-01
4.125321507453918457e-01 4.649892449378967285e-01
4.135407805442810059e-01 4.700710177421569824e-01
4.145494401454925537e-01 4.640088975429534912e-01
4.155580699443817139e-01 4.568818509578704834e-01
4.165666997432708740e-01 4.485173821449279785e-01
4.175753295421600342e-01 4.510922431945800781e-01
4.185839891433715820e-01 4.580857753753662109e-01
4.195926189422607422e-01 4.750954508781433105e-01
4.206012487411499023e-01 4.609217047691345215e-01
4.216098785400390625e-01 4.599260687828063965e-01
4.226185083389282227e-01 4.556979835033416748e-01
4.236271679401397705e-01 4.636414349079132080e-01
4.246357977390289307e-01 4.572361707687377930e-01
4.256444275379180908e-01 4.580658376216888428e-01
4.266530573368072510e-01 4.619525671005249023e-01
4.276616871356964111e-01 4.580938816070556641e-01
4.286703467369079590e-01 4.673618376255035400e-01
4.296789765357971191e-01 4.648070931434631348e-01
4.306876063346862793e-01 4.607384800910949707e-01
4.316962361335754395e-01 4.696648716926574707e-01
4.327048659324645996e-01 4.623123705387115479e-01
4.337135255336761475e-01 4.543878734111785889e-01
4.347221553325653076e-01 4.575289189815521240e-01
4.357307851314544678e-01 4.623774886131286621e-01
4.367394149303436279e-01 4.553907811641693115e-01
4.377480745315551758e-01 4.681735038757324219e-01
4.387567043304443359e-01 4.542709887027740479e-01
4.397653341293334961e-01 4.376187324523925781e-01
4.407739639282226562e-01 4.479824900627136230e-01
4.417825937271118164e-01 4.554334580898284912e-01
4.427912533283233643e-01 4.519273638725280762e-01
4.437998831272125244e-01 4.530545771121978760e-01
4.448085129261016846e-01 4.607062041759490967e-01
4.458171427249908447e-01 4.574907720088958740e-01
4.468257725238800049e-01 4.587044715881347656e-01
4.478344321250915527e-01 4.393431842327117920e-01
4.488430619239807129e-01 4.541661441326141357e-01
4.498516917228698730e-01 4.552355706691741943e-01
4.508603215217590332e-01 4.590837657451629639e-01
4.518689513206481934e-01 4.541741907596588135e-01
4.528776109218597412e-01 4.680543839931488037e-01
4.538862407207489014e-01 4.580608904361724854e-01
4.548948705196380615e-01 4.521468579769134521e-01
4.559035003185272217e-01 4.537239074707031250e-01
4.569121599197387695e-01 4.480520188808441162e-01
4.579207897186279297e-01 4.500803351402282715e-01
4.589294195175170898e-01 4.494605064392089844e-01
4.599380493164062500e-01 4.526649713516235352e-01
4.609466791152954102e-01 4.585421979427337646e-01
4.619553387165069580e-01 4.590387940406799316e-01
4.629639685153961182e-01 4.551413655281066895e-01
4.639725983142852783e-01 4.484778642654418945e-01
4.649812281131744385e-01 4.540693461894989014e-01
4.659898579120635986e-01 4.568233489990234375e-01
4.669985175132751465e-01 4.528627395629882812e-01
4.680071473121643066e-01 4.599612951278686523e-01
4.690157771110534668e-01 4.559286534786224365e-01
4.700244069099426270e-01 4.493225514888763428e-01
4.710330665111541748e-01 4.588742852210998535e-01
4.720416963100433350e-01 4.551285803318023682e-01
4.730503261089324951e-01 4.502579569816589355e-01
4.740589559078216553e-01 4.560976922512054443e-01
4.750675857067108154e-01 4.585549533367156982e-01
4.760762453079223633e-01 4.584405422210693359e-01
4.770848751068115234e-01 4.563121795654296875e-01
4.780935049057006836e-01 4.559901058673858643e-01
4.791021347045898438e-01 4.433225989341735840e-01
4.801107645034790039e-01 4.554358422756195068e-01
4.811194241046905518e-01 4.529172182083129883e-01
4.821280539035797119e-01 4.500771760940551758e-01
4.831366837024688721e-01 4.608771204948425293e-01
4.841453135013580322e-01 4.706803560256958008e-01
4.851539433002471924e-01 4.526806175708770752e-01
4.861626029014587402e-01 4.657850861549377441e-01
4.871712327003479004e-01 4.636428952217102051e-01
4.881798624992370605e-01 4.720577895641326904e-01
4.891884922981262207e-01 4.519313573837280273e-01
4.901971518993377686e-01 4.505619406700134277e-01
4.912057816982269287e-01 4.531060159206390381e-01
4.922144114971160889e-01 4.539501070976257324e-01
4.932230412960052490e-01 4.579426348209381104e-01
4.942316710948944092e-01 4.595902562141418457e-01
4.952403306961059570e-01 4.649176597595214844e-01
4.962489604949951172e-01 4.550021290779113770e-01
4.972575902938842773e-01 4.533794820308685303e-01
4.982662200927734375e-01 4.535944759845733643e-01
4.992748498916625977e-01 4.576077759265899658e-01
5.002834796905517578e-01 4.570464491844177246e-01
5.012921094894409180e-01 4.595275223255157471e-01
5.023007988929748535e-01 4.504504203796386719e-01
5.033094286918640137e-01 4.500784873962402344e-01
5.043180584907531738e-01 5.119300484657287598e-01
5.053266882896423340e-01 4.768785536289215088e-01
5.063353180885314941e-01 4.550536572933197021e-01
5.073439478874206543e-01 4.506354331970214844e-01
5.083525776863098145e-01 4.405117332935333252e-01
5.093612074851989746e-01 4.396971166133880615e-01
5.103698372840881348e-01 4.489519000053405762e-01
5.113784670829772949e-01 4.376936554908752441e-01
5.123871564865112305e-01 4.346356689929962158e-01
5.133957862854003906e-01 4.525187015533447266e-01
5.144044160842895508e-01 4.487037956714630127e-01
5.154130458831787109e-01 4.432396292686462402e-01
5.164216756820678711e-01 4.467500150203704834e-01
5.174303054809570312e-01 4.384255707263946533e-01
5.184389352798461914e-01 4.491337239742279053e-01
5.194475650787353516e-01 4.539130330085754395e-01
5.204561948776245117e-01 4.445424973964691162e-01
5.214648842811584473e-01 4.368880391120910645e-01
5.224735140800476074e-01 4.440861344337463379e-01
5.234821438789367676e-01 4.398857355117797852e-01
5.244907736778259277e-01 4.402927458286285400e-01
5.254994034767150879e-01 4.318625330924987793e-01
5.265080332756042480e-01 4.310027062892913818e-01
5.275166630744934082e-01 4.338937401771545410e-01
5.285252928733825684e-01 4.374386668205261230e-01
5.295339226722717285e-01 4.351728260517120361e-01
5.305425524711608887e-01 4.442982971668243408e-01
5.315512418746948242e-01 4.331173896789550781e-01
5.325598716735839844e-01 4.364050030708312988e-01
5.335685014724731445e-01 4.394822418689727783e-01
5.345771312713623047e-01 4.481553733348846436e-01
5.355857610702514648e-01 4.479075372219085693e-01
5.365943908691406250e-01 4.562850296497344971e-01
5.376030206680297852e-01 4.381598234176635742e-01
5.386116504669189453e-01 4.369925558567047119e-01
5.396202802658081055e-01 4.542441368103027344e-01
5.406289696693420410e-01 4.474773108959197998e-01
5.416375994682312012e-01 4.520216882228851318e-01
5.426462292671203613e-01 4.448216557502746582e-01
5.436548590660095215e-01 4.587358832359313965e-01
5.446634888648986816e-01 4.449256062507629395e-01
5.456721186637878418e-01 4.586046934127807617e-01
5.466807484626770020e-01 4.650183618068695068e-01
5.476893782615661621e-01 4.480449557304382324e-01
5.486980080604553223e-01 4.579789340496063232e-01
5.497066378593444824e-01 4.518838822841644287e-01
5.507153272628784180e-01 4.507758915424346924e-01
5.517239570617675781e-01 4.568732082843780518e-01
5.527325868606567383e-01 4.645499587059020996e-01
5.537412166595458984e-01 4.601984620094299316e-01
5.547498464584350586e-01 4.620355069637298584e-01
5.557584762573242188e-01 4.445445537567138672e-01
5.567671060562133789e-01 4.636583030223846436e-01
5.577757358551025391e-01 4.758575260639190674e-01
5.587843656539916992e-01 4.768166840076446533e-01
5.597930550575256348e-01 4.621303081512451172e-01
5.608016848564147949e-01 4.687028527259826660e-01
5.618103146553039551e-01 4.541955292224884033e-01
5.628189444541931152e-01 4.509391486644744873e-01
5.638275742530822754e-01 4.561174213886260986e-01
5.648362040519714355e-01 4.695646762847900391e-01
5.658448338508605957e-01 4.489164352416992188e-01
5.668534636497497559e-01 4.667095839977264404e-01
5.678620934486389160e-01 4.688680171966552734e-01
5.688707232475280762e-01 4.680213630199432373e-01
5.698794126510620117e-01 4.641605019569396973e-01
5.708880424499511719e-01 4.852924644947052002e-01
5.718966722488403320e-01 4.697628319263458252e-01
5.729053020477294922e-01 4.560191035270690918e-01
5.739139318466186523e-01 4.646180868148803711e-01
5.749225616455078125e-01 4.619177281856536865e-01
5.759311914443969727e-01 4.565650522708892822e-01
5.769398212432861328e-01 4.477080404758453369e-01
5.779484510421752930e-01 4.498106241226196289e-01
5.789571404457092285e-01 4.692415595054626465e-01
5.799657702445983887e-01 4.650602936744689941e-01
5.809744000434875488e-01 4.588090479373931885e-01
5.819830298423767090e-01 4.641858637332916260e-01
5.829916596412658691e-01 4.699037671089172363e-01
5.840002894401550293e-01 4.764031469821929932e-01
5.850089192390441895e-01 4.699664115905761719e-01
5.860175490379333496e-01 4.768880307674407959e-01
5.870261788368225098e-01 4.802386164665222168e-01
5.880348086357116699e-01 4.781998097896575928e-01
5.890434980392456055e-01 4.819094836711883545e-01
5.900521278381347656e-01 4.844233691692352295e-01
5.910607576370239258e-01 4.746468663215637207e-01
5.920693874359130859e-01 4.842698276042938232e-01
5.930780172348022461e-01 4.852630496025085449e-01
5.940866470336914062e-01 4.797179698944091797e-01
5.950952768325805664e-01 4.838564395904541016e-01
5.961039066314697266e-01 4.800740182399749756e-01
5.971125364303588867e-01 4.815817773342132568e-01
5.981212258338928223e-01 4.857945144176483154e-01
5.991298556327819824e-01 4.793208241462707520e-01
6.001384854316711426e-01 4.759610891342163086e-01
6.011471152305603027e-01 4.761232733726501465e-01
6.021557450294494629e-01 4.814753532409667969e-01
6.031643748283386230e-01 4.757804274559020996e-01
6.041730046272277832e-01 4.897439181804656982e-01
6.051816344261169434e-01 4.867777228355407715e-01
6.061902642250061035e-01 4.920872449874877930e-01
6.071988940238952637e-01 4.826616346836090088e-01
6.082075834274291992e-01 4.822351634502410889e-01
6.092162132263183594e-01 4.742411375045776367e-01
6.102248430252075195e-01 4.834616184234619141e-01
6.112334728240966797e-01 4.889707565307617188e-01
6.122421026229858398e-01 4.864068031311035156e-01
6.132507324218750000e-01 4.808767139911651611e-01
6.142593622207641602e-01 4.754162728786468506e-01
6.152679920196533203e-01 4.858469665050506592e-01
6.162766218185424805e-01 4.809348881244659424e-01
6.172853112220764160e-01 4.897015094757080078e-01
6.182939410209655762e-01 4.817012548446655273e-01
6.193025708198547363e-01 4.907216727733612061e-01
6.203112006187438965e-01 4.811350405216217041e-01
6.213198304176330566e-01 5.001842379570007324e-01
6.223284602165222168e-01 4.845335781574249268e-01
6.233370900154113770e-01 4.846853911876678467e-01
6.243457198143005371e-01 4.940831065177917480e-01
6.253543496131896973e-01 4.999539554119110107e-01
6.263629794120788574e-01 5.063933134078979492e-01
6.273716688156127930e-01 4.980935156345367432e-01
6.283802986145019531e-01 4.994640350341796875e-01
6.293889284133911133e-01 5.024905800819396973e-01
6.303975582122802734e-01 5.004527568817138672e-01
6.314061880111694336e-01 4.856700599193572998e-01
6.324148178100585938e-01 4.792235493659973145e-01
6.334234476089477539e-01 4.845745861530303955e-01
6.344320774078369141e-01 4.771300256252288818e-01
6.354407072067260742e-01 4.925505220890045166e-01
6.364493966102600098e-01 4.950291514396667480e-01
6.374580264091491699e-01 4.960757195949554443e-01
6.384666562080383301e-01 4.890827536582946777e-01
6.394752860069274902e-01 4.995175004005432129e-01
6.404839158058166504e-01 5.125265717506408691e-01
6.414925456047058105e-01 5.083346366882324219e-01
6.425011754035949707e-01 4.908615350723266602e-01
6.435098052024841309e-01 4.813882112503051758e-01
6.445184350013732910e-01 4.859462678432464600e-01
6.455271244049072266e-01 4.921595156192779541e-01
6.465357542037963867e-01 5.010915398597717285e-01
6.475443840026855469e-01 4.991062283515930176e-01
6.485530138015747070e-01 4.936850965023040771e-01
6.495616436004638672e-01 4.854853451251983643e-01
6.505702733993530273e-01 4.882627427577972412e-01
6.515789031982421875e-01 4.937407970428466797e-01
6.525875329971313477e-01 4.932244718074798584e-01
6.535961627960205078e-01 5.068582892417907715e-01
6.546047925949096680e-01 5.016557574272155762e-01
6.556134819984436035e-01 5.017523765563964844e-01
6.566221117973327637e-01 5.155834555625915527e-01
6.576307415962219238e-01 5.048961639404296875e-01
6.586393713951110840e-01 5.090134143829345703e-01
6.596480011940002441e-01 5.083984732627868652e-01
6.606566309928894043e-01 5.140150785446166992e-01
6.616652607917785645e-01 5.062419176101684570e-01
6.626738905906677246e-01 5.150770545005798340e-01
6.636825203895568848e-01 5.056858062744140625e-01
6.646912097930908203e-01 5.045576095581054688e-01
6.656998395919799805e-01 5.107802748680114746e-01
6.667084693908691406e-01 5.084909796714782715e-01
6.677170991897583008e-01 4.970616400241851807e-01
6.687257289886474609e-01 5.090776681900024414e-01
6.697343587875366211e-01 4.970177710056304932e-01
6.707429885864257812e-01 5.121529102325439453e-01
6.717516183853149414e-01 4.971228837966918945e-01
6.727602481842041016e-01 4.898014366626739502e-01
6.737688779830932617e-01 4.950203597545623779e-01
6.747775673866271973e-01 5.053353905677795410e-01
6.757861971855163574e-01 5.100576281547546387e-01
6.767948269844055176e-01 5.103639364242553711e-01
6.778034567832946777e-01 5.048917531967163086e-01
6.788120865821838379e-01 5.069994926452636719e-01
6.798207163810729980e-01 5.057452321052551270e-01
6.808293461799621582e-01 5.100913643836975098e-01
6.818379759788513184e-01 5.071659684181213379e-01
6.828466057777404785e-01 5.202103853225708008e-01
6.838552951812744141e-01 5.005823373794555664e-01
6.848639249801635742e-01 5.049896836280822754e-01
6.858725547790527344e-01 5.184639692306518555e-01
6.868811845779418945e-01 5.382226109504699707e-01
6.878898143768310547e-01 5.176720023155212402e-01
6.888984441757202148e-01 5.100463032722473145e-01
6.899070739746093750e-01 5.262377262115478516e-01
6.909157037734985352e-01 5.131502747535705566e-01
6.919243335723876953e-01 4.839293062686920166e-01
6.929329633712768555e-01 5.019814372062683105e-01
6.939416527748107910e-01 5.097746253013610840e-01
6.949502825736999512e-01 5.132342576980590820e-01
6.959589123725891113e-01 5.239730477333068848e-01
6.969675421714782715e-01 5.366120934486389160e-01
6.979761719703674316e-01 5.305681228637695312e-01
6.989848017692565918e-01 5.196088552474975586e-01
6.999934315681457520e-01 5.202527642250061035e-01
7.010020613670349121e-01 5.219861268997192383e-01
7.020106911659240723e-01 5.299366712570190430e-01
7.030193805694580078e-01 5.189632773399353027e-01
7.040280103683471680e-01 5.162898898124694824e-01
7.050366401672363281e-01 5.073383450508117676e-01
7.060452699661254883e-01 5.179874897003173828e-01
7.070538997650146484e-01 5.203441977500915527e-01
7.080625295639038086e-01 5.398152470588684082e-01
7.090711593627929688e-01 5.311426520347595215e-01
7.100797891616821289e-01 5.377556681632995605e-01
7.110884189605712891e-01 5.370188951492309570e-01
7.120970487594604492e-01 5.274470448493957520e-01
7.131057381629943848e-01 5.388676524162292480e-01
7.141143679618835449e-01 5.234086513519287109e-01
7.151229977607727051e-01 5.403652191162109375e-01
7.161316275596618652e-01 5.387020111083984375e-01
7.171402573585510254e-01 5.422838926315307617e-01
7.181488871574401855e-01 5.220764279365539551e-01
7.191575169563293457e-01 5.288027524948120117e-01
7.201661467552185059e-01 5.263791680335998535e-01
7.211747765541076660e-01 5.405192971229553223e-01
7.221834659576416016e-01 5.254319310188293457e-01
7.231920957565307617e-01 5.302792787551879883e-01
7.242007255554199219e-01 5.567514896392822266e-01
7.252093553543090820e-01 5.398699641227722168e-01
7.262179851531982422e-01 5.520753860473632812e-01
7.272266149520874023e-01 5.403597950935363770e-01
7.282352447509765625e-01 5.475658774375915527e-01
7.292438745498657227e-01 5.466185808181762695e-01
7.302525043487548828e-01 5.379688739776611328e-01
7.312611341476440430e-01 5.443443655967712402e-01
7.322698235511779785e-01 5.412434339523315430e-01
7.332784533500671387e-01 5.513110756874084473e-01
7.342870831489562988e-01 5.335118174552917480e-01
7.352957129478454590e-01 5.377303957939147949e-01
7.363043427467346191e-01 5.462914109230041504e-01
7.373129725456237793e-01 5.376101136207580566e-01
7.383216023445129395e-01 5.482760667800903320e-01
7.393302321434020996e-01 5.244255661964416504e-01
7.403388619422912598e-01 5.468198657035827637e-01
7.413475513458251953e-01 5.464652180671691895e-01
7.423561811447143555e-01 5.655696988105773926e-01
7.433648109436035156e-01 5.422084927558898926e-01
7.443734407424926758e-01 5.428209900856018066e-01
7.453820705413818359e-01 5.508410334587097168e-01
7.463907003402709961e-01 5.482681393623352051e-01
7.473993301391601562e-01 5.542744398117065430e-01
7.484079599380493164e-01 5.581952333450317383e-01
7.494165897369384766e-01 5.526261329650878906e-01
7.504252195358276367e-01 5.528553128242492676e-01
7.514339089393615723e-01 5.562412142753601074e-01
7.524425387382507324e-01 5.901106595993041992e-01
7.534511685371398926e-01 6.142215132713317871e-01
7.544597983360290527e-01 5.564864873886108398e-01
7.554684281349182129e-01 5.583992600440979004e-01
7.564770579338073730e-01 5.562856197357177734e-01
7.574856877326965332e-01 5.651470422744750977e-01
7.584943175315856934e-01 5.541654229164123535e-01
7.595029473304748535e-01 5.605675578117370605e-01
7.605116367340087891e-01 5.724545121192932129e-01
7.615202665328979492e-01 5.750038027763366699e-01
7.625288963317871094e-01 5.559319853782653809e-01
7.635375261306762695e-01 5.845331549644470215e-01
7.645461559295654297e-01 5.803178548812866211e-01
7.655547857284545898e-01 5.808417797088623047e-01
7.665634155273437500e-01 5.704968571662902832e-01
7.675720453262329102e-01 5.763171911239624023e-01
7.685806751251220703e-01 5.726687908172607422e-01
7.695893049240112305e-01 5.647590160369873047e-01
7.705979943275451660e-01 5.747913718223571777e-01
7.716066241264343262e-01 5.758074522018432617e-01
7.726152539253234863e-01 5.668682456016540527e-01
7.736238837242126465e-01 5.608579516410827637e-01
7.746325135231018066e-01 5.702237486839294434e-01
7.756411433219909668e-01 5.707668066024780273e-01
7.766497731208801270e-01 5.723708271980285645e-01
7.776584029197692871e-01 5.698039531707763672e-01
7.786670327186584473e-01 5.858556628227233887e-01
7.796757221221923828e-01 5.682821273803710938e-01
7.806843519210815430e-01 5.735051035881042480e-01
7.816929817199707031e-01 5.616796016693115234e-01
7.827016115188598633e-01 5.663605928421020508e-01
7.837102413177490234e-01 5.706542134284973145e-01
7.847188711166381836e-01 5.782487392425537109e-01
7.857275009155273438e-01 5.704449415206909180e-01
7.867361307144165039e-01 5.680181384086608887e-01
7.877447605133056641e-01 5.793427228927612305e-01
7.887533903121948242e-01 5.872616767883300781e-01
7.897620797157287598e-01 5.672474503517150879e-01
7.907707095146179199e-01 5.620983242988586426e-01
7.917793393135070801e-01 5.865250229835510254e-01
7.927879691123962402e-01 5.876463055610656738e-01
7.937965989112854004e-01 5.918263792991638184e-01
7.948052287101745605e-01 5.932303071022033691e-01
7.958138585090637207e-01 5.861593484878540039e-01
7.968224883079528809e-01 5.867050886154174805e-01
7.978311181068420410e-01 5.956979990005493164e-01
7.988398075103759766e-01 5.970154404640197754e-01
7.998484373092651367e-01 5.988236665725708008e-01
8.008570671081542969e-01 5.794421434402465820e-01
8.018656969070434570e-01 5.827614665031433105e-01
8.028743267059326172e-01 6.095752120018005371e-01
8.038829565048217773e-01 5.850698947906494141e-01
8.048915863037109375e-01 5.850165486335754395e-01
8.059002161026000977e-01 5.891338586807250977e-01
8.069088459014892578e-01 6.025681495666503906e-01
8.079174757003784180e-01 5.924987196922302246e-01
8.089261651039123535e-01 5.998304486274719238e-01
8.099347949028015137e-01 5.812464356422424316e-01
8.109434247016906738e-01 5.945783257484436035e-01
8.119520545005798340e-01 5.979706645011901855e-01
8.129606842994689941e-01 6.088722348213195801e-01
8.139693140983581543e-01 5.862736105918884277e-01
8.149779438972473145e-01 5.961590409278869629e-01
8.159865736961364746e-01 6.070783138275146484e-01
8.169952034950256348e-01 6.001189947128295898e-01
8.180038928985595703e-01 5.953076481819152832e-01
8.190125226974487305e-01 5.984518527984619141e-01
8.200211524963378906e-01 6.027449965476989746e-01
8.210297822952270508e-01 6.169655919075012207e-01
8.220384120941162109e-01 5.839654207229614258e-01
8.230470418930053711e-01 5.974975824356079102e-01
8.240556716918945312e-01 6.016362905502319336e-01
8.250643014907836914e-01 6.059967875480651855e-01
8.260729312896728516e-01 6.083364486694335938e-01
8.270815610885620117e-01 6.043468713760375977e-01
8.280902504920959473e-01 6.003283858299255371e-01
8.290988802909851074e-01 6.050003170967102051e-01
8.301075100898742676e-01 6.111128926277160645e-01
8.311161398887634277e-01 6.248140931129455566e-01
8.321247696876525879e-01 6.025890111923217773e-01
8.331333994865417480e-01 6.052740216255187988e-01
8.341420292854309082e-01 6.335303187370300293e-01
8.351506590843200684e-01 6.118849515914916992e-01
8.361592888832092285e-01 6.136277914047241211e-01
8.371679782867431641e-01 6.201353073120117188e-01
8.381766080856323242e-01 6.160256266593933105e-01
8.391852378845214844e-01 6.193945407867431641e-01
8.401938676834106445e-01 6.256715655326843262e-01
8.412024974822998047e-01 6.128460168838500977e-01
8.422111272811889648e-01 6.365227103233337402e-01
8.432197570800781250e-01 6.452329158782958984e-01
8.442283868789672852e-01 6.248650550842285156e-01
8.452370166778564453e-01 6.214945316314697266e-01
8.462456464767456055e-01 6.239643692970275879e-01
8.472543358802795410e-01 6.214438676834106445e-01
8.482629656791687012e-01 6.242628097534179688e-01
8.492715954780578613e-01 6.102960705757141113e-01
8.502802252769470215e-01 6.231683492660522461e-01
8.512888550758361816e-01 6.157114505767822266e-01
8.522974848747253418e-01 6.246511340141296387e-01
8.533061146736145020e-01 6.325300931930541992e-01
8.543147444725036621e-01 6.294909119606018066e-01
8.553233742713928223e-01 6.424201726913452148e-01
8.563320636749267578e-01 6.336399912834167480e-01
8.573406934738159180e-01 6.381024122238159180e-01
8.583493232727050781e-01 6.119649410247802734e-01
8.593579530715942383e-01 6.283946037292480469e-01
8.603665828704833984e-01 6.523281931877136230e-01
8.613752126693725586e-01 6.295320391654968262e-01
8.623838424682617188e-01 6.460853815078735352e-01
8.633924722671508789e-01 6.539644598960876465e-01
8.644011020660400391e-01 6.537812948226928711e-01
8.654097318649291992e-01 6.655551791191101074e-01
8.664184212684631348e-01 6.559302806854248047e-01
8.674270510673522949e-01 6.456584334373474121e-01
8.684356808662414551e-01 6.417109966278076172e-01
8.694443106651306152e-01 6.812151074409484863e-01
8.704529404640197754e-01 6.558756232261657715e-01
8.714615702629089355e-01 6.564863920211791992e-01
8.724702000617980957e-01 6.527288556098937988e-01
8.734788298606872559e-01 6.511281728744506836e-01
8.744874596595764160e-01 6.506065130233764648e-01
8.754961490631103516e-01 6.340253353118896484e-01
8.765047788619995117e-01 6.458471417427062988e-01
8.775134086608886719e-01 6.396965384483337402e-01
8.785220384597778320e-01 6.552307009696960449e-01
8.795306682586669922e-01 6.496225595474243164e-01
8.805392980575561523e-01 6.353225708007812500e-01
8.815479278564453125e-01 6.703957319259643555e-01
8.825565576553344727e-01 6.710608005523681641e-01
8.835651874542236328e-01 6.513192653656005859e-01
8.845738172531127930e-01 6.334995031356811523e-01
8.855825066566467285e-01 6.427592039108276367e-01
8.865911364555358887e-01 6.469883918762207031e-01
8.875997662544250488e-01 6.585038304328918457e-01
8.886083960533142090e-01 6.675474643707275391e-01
8.896170258522033691e-01 6.480975747108459473e-01
8.906256556510925293e-01 6.471487283706665039e-01
8.916342854499816895e-01 6.538753509521484375e-01
8.926429152488708496e-01 6.790603399276733398e-01
8.936515450477600098e-01 6.700215935707092285e-01
8.946602344512939453e-01 6.700636148452758789e-01
8.956688642501831055e-01 7.078928351402282715e-01
8.966774940490722656e-01 6.520648002624511719e-01
8.976861238479614258e-01 6.637305021286010742e-01
8.986947536468505859e-01 6.632613539695739746e-01
8.997033834457397461e-01 6.807752251625061035e-01
9.007120132446289062e-01 6.787040233612060547e-01
9.017206430435180664e-01 6.752948760986328125e-01
9.027292728424072266e-01 6.774452328681945801e-01
9.037379026412963867e-01 6.827567219734191895e-01
9.047465920448303223e-01 6.748253107070922852e-01
9.057552218437194824e-01 7.101024985313415527e-01
9.067638516426086426e-01 7.057662010192871094e-01
9.077724814414978027e-01 6.972170472145080566e-01
9.087811112403869629e-01 6.907141208648681641e-01
9.097897410392761230e-01 6.876572966575622559e-01
9.107983708381652832e-01 6.831755638122558594e-01
9.118070006370544434e-01 6.665285825729370117e-01
9.128156304359436035e-01 6.680886149406433105e-01
9.138243198394775391e-01 6.911901235580444336e-01
9.148329496383666992e-01 6.880496740341186523e-01
9.158415794372558594e-01 7.128865718841552734e-01
9.168502092361450195e-01 6.956980228424072266e-01
9.178588390350341797e-01 7.041582465171813965e-01
9.188674688339233398e-01 6.779647469520568848e-01
9.198760986328125000e-01 6.955752372741699219e-01
9.208847284317016602e-01 7.083885669708251953e-01
9.218933582305908203e-01 7.114179134368896484e-01
9.229020476341247559e-01 6.930236816406250000e-01
9.239106774330139160e-01 7.227203845977783203e-01
9.249193072319030762e-01 7.231143712997436523e-01
9.259279370307922363e-01 7.224931716918945312e-01
9.269365668296813965e-01 7.122564315795898438e-01
9.279451966285705566e-01 7.287583947181701660e-01
9.289538264274597168e-01 7.052864432334899902e-01
9.299624562263488770e-01 7.349364757537841797e-01
9.309710860252380371e-01 7.269104123115539551e-01
9.319797158241271973e-01 7.221779227256774902e-01
9.329884052276611328e-01 7.303587198257446289e-01
9.339970350265502930e-01 7.326575517654418945e-01
9.350056648254394531e-01 7.340777516365051270e-01
9.360142946243286133e-01 7.489914894104003906e-01
9.370229244232177734e-01 7.207760214805603027e-01
9.380315542221069336e-01 7.287299036979675293e-01
9.390401840209960938e-01 7.279832959175109863e-01
9.400488138198852539e-01 7.314284443855285645e-01
9.410574436187744141e-01 7.446448206901550293e-01
9.420661330223083496e-01 7.383501529693603516e-01
9.430747628211975098e-01 7.219063043594360352e-01
9.440833926200866699e-01 7.518982887268066406e-01
9.450920224189758301e-01 7.617639303207397461e-01
9.461006522178649902e-01 7.864692211151123047e-01
9.471092820167541504e-01 7.865493297576904297e-01
9.481179118156433105e-01 7.765257954597473145e-01
9.491265416145324707e-01 7.381492257118225098e-01
9.501351714134216309e-01 7.593742012977600098e-01
9.511438012123107910e-01 7.756704092025756836e-01
9.521524906158447266e-01 7.600730657577514648e-01
9.531611204147338867e-01 7.546862363815307617e-01
9.541697502136230469e-01 7.959684729576110840e-01
9.551783800125122070e-01 7.503644227981567383e-01
9.561870098114013672e-01 7.789382338523864746e-01
9.571956396102905273e-01 7.886936664581298828e-01
9.582042694091796875e-01 7.579258680343627930e-01
9.592128992080688477e-01 8.082208633422851562e-01
9.602215290069580078e-01 8.271066546440124512e-01
9.612302184104919434e-01 8.058995008468627930e-01
9.622388482093811035e-01 8.230511546134948730e-01
9.632474780082702637e-01 7.874895334243774414e-01
9.642561078071594238e-01 8.056512475013732910e-01
9.652647376060485840e-01 8.225069642066955566e-01
9.662733674049377441e-01 8.117619752883911133e-01
9.672819972038269043e-01 8.285560607910156250e-01
9.682906270027160645e-01 8.463491797447204590e-01
9.692992568016052246e-01 8.372917175292968750e-01
9.703078866004943848e-01 8.390557169914245605e-01
9.713165760040283203e-01 8.243198990821838379e-01
9.723252058029174805e-01 8.385707736015319824e-01
9.733338356018066406e-01 8.216235041618347168e-01
9.743424654006958008e-01 8.571017384529113770e-01
9.753510951995849609e-01 8.299257755279541016e-01
9.763597249984741211e-01 8.055061697959899902e-01
9.773683547973632812e-01 8.299352526664733887e-01
9.783769845962524414e-01 8.451970815658569336e-01
9.793856143951416016e-01 8.478161692619323730e-01
9.803943037986755371e-01 8.956263661384582520e-01
9.814029335975646973e-01 8.591487407684326172e-01
9.824115633964538574e-01 8.644747734069824219e-01
9.834201931953430176e-01 8.722720742225646973e-01
9.844288229942321777e-01 8.728984594345092773e-01
9.854374527931213379e-01 8.601030707359313965e-01
9.864460825920104980e-01 8.858858346939086914e-01
9.874547123908996582e-01 8.810384869575500488e-01
9.884633421897888184e-01 8.687048554420471191e-01
9.894719719886779785e-01 8.834241032600402832e-01
9.904806613922119141e-01 8.723565936088562012e-01
9.914892911911010742e-01 8.485562205314636230e-01
9.924979209899902344e-01 8.674579858779907227e-01
9.935065507888793945e-01 9.050103425979614258e-01
9.945151805877685547e-01 8.871235847473144531e-01
9.955238103866577148e-01 9.434441924095153809e-01
9.965324401855468750e-01 8.743185997009277344e-01
9.975410699844360352e-01 8.936635255813598633e-01
9.985496997833251953e-01 9.530639648437500000e-01
9.995583891868591309e-01 9.210436940193176270e-01
1.000566959381103516e+00 9.043804407119750977e-01
1.001575589179992676e+00 9.062862992286682129e-01
1.002584218978881836e+00 9.185611009597778320e-01
1.003592848777770996e+00 9.199187755584716797e-01
1.004601597785949707e+00 8.983788490295410156e-01
1.005610227584838867e+00 9.393016099929809570e-01
1.006618857383728027e+00 9.557716250419616699e-01
1.007627487182617188e+00 9.577008485794067383e-01
1.008636116981506348e+00 9.183684587478637695e-01
1.009644746780395508e+00 9.770336747169494629e-01
1.010653376579284668e+00 1.000134229660034180e+00
1.011662006378173828e+00 9.388728141784667969e-01
1.012670636177062988e+00 9.574089646339416504e-01
1.013679265975952148e+00 9.386709332466125488e-01
1.014687895774841309e+00 1.040806293487548828e+00
1.015696525573730469e+00 9.656873345375061035e-01
1.016705155372619629e+00 9.899933338165283203e-01
1.017713785171508789e+00 1.008592009544372559e+00
1.018722414970397949e+00 1.007015347480773926e+00
1.019731044769287109e+00 1.001323103904724121e+00
1.020739674568176270e+00 9.882742166519165039e-01
1.021748304367065430e+00 9.818344712257385254e-01
1.022756934165954590e+00 1.008297443389892578e+00
1.023765683174133301e+00 1.035232305526733398e+00
1.024774312973022461e+00 1.011058092117309570e+00
1.025782942771911621e+00 1.006431102752685547e+00
1.026791572570800781e+00 1.023138046264648438e+00
1.027800202369689941e+00 9.866953492164611816e-01
1.028808832168579102e+00 9.397459030151367188e-01
1.029817461967468262e+00 1.024212241172790527e+00
1.030826091766357422e+00 1.025365471839904785e+00
1.031834721565246582e+00 1.038673758506774902e+00
1.032843351364135742e+00 9.953045845031738281e-01
1.033851981163024902e+00 9.756326675415039062e-01
1.034860610961914062e+00 9.777249693870544434e-01
1.035869240760803223e+00 1.062043309211730957e+00
1.036877870559692383e+00 1.023554682731628418e+00
1.037886500358581543e+00 1.019212007522583008e+00
1.038895130157470703e+00 1.053513526916503906e+00
1.039903759956359863e+00 1.038327217102050781e+00
1.040912389755249023e+00 1.032853841781616211e+00
1.041921019554138184e+00 1.021421313285827637e+00
1.042929768562316895e+00 9.924782514572143555e-01
1.043938398361206055e+00 1.004840254783630371e+00
1.044947028160095215e+00 1.065505146980285645e+00
1.045955657958984375e+00 1.036440134048461914e+00
1.046964287757873535e+00 1.044322371482849121e+00
1.047972917556762695e+00 1.085357904434204102e+00
1.048981547355651855e+00 1.026083111763000488e+00
1.049990177154541016e+00 1.072995305061340332e+00
1.050998806953430176e+00 1.087689757347106934e+00
1.052007436752319336e+00 1.117543220520019531e+00
1.053016066551208496e+00 1.102484703063964844e+00
1.054024696350097656e+00 1.100458741188049316e+00
1.055033326148986816e+00 1.024963974952697754e+00
1.056041955947875977e+00 1.079704284667968750e+00
1.057050585746765137e+00 1.117204189300537109e+00
1.058059215545654297e+00 1.088385581970214844e+00
1.059067845344543457e+00 1.070518851280212402e+00
1.060076475143432617e+00 1.109053134918212891e+00
1.061085104942321777e+00 1.114482760429382324e+00
1.062093853950500488e+00 1.136636614799499512e+00
1.063102483749389648e+00 1.137277960777282715e+00
1.064111113548278809e+00 1.139096975326538086e+00
1.065119743347167969e+00 1.134665250778198242e+00
1.066128373146057129e+00 1.069940567016601562e+00
1.067137002944946289e+00 1.140350818634033203e+00
1.068145632743835449e+00 1.141788363456726074e+00
1.069154262542724609e+00 1.081610083580017090e+00
1.070162892341613770e+00 1.130216360092163086e+00
1.071171522140502930e+00 1.131128907203674316e+00
1.072180151939392090e+00 1.145009517669677734e+00
1.073188781738281250e+00 1.128012895584106445e+00
1.074197411537170410e+00 1.138995766639709473e+00
1.075206041336059570e+00 1.161404132843017578e+00
1.076214671134948730e+00 1.155396580696105957e+00
1.077223300933837891e+00 1.166489243507385254e+00
1.078231930732727051e+00 1.146590590476989746e+00
1.079240560531616211e+00 1.157964587211608887e+00
1.080249190330505371e+00 1.140658855438232422e+00
1.081257939338684082e+00 1.167659759521484375e+00
1.082266569137573242e+00 1.154822111129760742e+00
1.083275198936462402e+00 1.105695962905883789e+00
1.084283828735351562e+00 1.164349913597106934e+00
1.085292458534240723e+00 1.129656195640563965e+00
1.086301088333129883e+00 1.155523300170898438e+00
1.087309718132019043e+00 1.193550944328308105e+00
1.088318347930908203e+00 1.196070313453674316e+00
1.089326977729797363e+00 1.127326846122741699e+00
1.090335607528686523e+00 1.182173848152160645e+00
1.091344237327575684e+00 1.200901865959167480e+00
1.092352867126464844e+00 1.157615065574645996e+00
1.093361496925354004e+00 1.192761182785034180e+00
1.094370126724243164e+00 1.189875841140747070e+00
1.095378756523132324e+00 1.225426197052001953e+00
1.096387386322021484e+00 1.217986106872558594e+00
1.097396016120910645e+00 1.238660573959350586e+00
1.098404645919799805e+00 1.259312868118286133e+00
1.099413275718688965e+00 1.241747140884399414e+00
1.100422024726867676e+00 1.220273256301879883e+00
1.101430654525756836e+00 1.161222100257873535e+00
1.102439284324645996e+00 1.231189012527465820e+00
1.103447914123535156e+00 1.337208271026611328e+00
1.104456543922424316e+00 1.338513135910034180e+00
1.105465173721313477e+00 1.256756663322448730e+00
1.106473803520202637e+00 1.228183150291442871e+00
1.107482433319091797e+00 1.281050682067871094e+00
1.108491063117980957e+00 1.233630537986755371e+00
1.109499692916870117e+00 1.259601950645446777e+00
1.110508322715759277e+00 1.312321782112121582e+00
1.111516952514648438e+00 1.238174080848693848e+00
1.112525582313537598e+00 1.178938865661621094e+00
1.113534212112426758e+00 1.279609918594360352e+00
1.114542841911315918e+00 1.309992790222167969e+00
1.115551471710205078e+00 1.258391737937927246e+00
1.116560101509094238e+00 1.310052037239074707e+00
1.117568731307983398e+00 1.238663911819458008e+00
1.118577361106872559e+00 1.235059142112731934e+00
1.119586110115051270e+00 1.265327215194702148e+00
1.120594739913940430e+00 1.300231456756591797e+00
1.121603369712829590e+00 1.336944103240966797e+00
1.122611999511718750e+00 1.352568030357360840e+00
1.123620629310607910e+00 1.398389697074890137e+00
1.124629259109497070e+00 1.375970959663391113e+00
1.125637888908386230e+00 1.333063244819641113e+00
1.126646518707275391e+00 1.404012918472290039e+00
1.127655148506164551e+00 1.306274652481079102e+00
1.128663778305053711e+00 1.419772624969482422e+00
1.129672408103942871e+00 1.336133003234863281e+00
1.130681037902832031e+00 1.285994172096252441e+00
1.131689667701721191e+00 1.346356630325317383e+00
1.132698297500610352e+00 1.326079249382019043e+00
1.133706927299499512e+00 1.343546152114868164e+00
1.134715557098388672e+00 1.321327567100524902e+00
1.135724186897277832e+00 1.370630025863647461e+00
1.136732816696166992e+00 1.399643421173095703e+00
1.137741446495056152e+00 1.308761000633239746e+00
1.138750195503234863e+00 1.390146851539611816e+00
1.139758825302124023e+00 1.338212847709655762e+00
1.140767455101013184e+00 1.262276172637939453e+00
1.141776084899902344e+00 1.442988991737365723e+00
1.142784714698791504e+00 1.503257274627685547e+00
1.143793344497680664e+00 1.410959601402282715e+00
1.144801974296569824e+00 1.383226275444030762e+00
1.145810604095458984e+00 1.417163968086242676e+00
1.146819233894348145e+00 1.466098070144653320e+00
1.147827863693237305e+00 1.343911886215209961e+00
1.148836493492126465e+00 1.419639587402343750e+00
1.149845123291015625e+00 1.434894204139709473e+00
1.150853753089904785e+00 1.472282528877258301e+00
1.151862382888793945e+00 1.505320549011230469e+00
1.152871012687683105e+00 1.443515896797180176e+00
1.153879642486572266e+00 1.494025468826293945e+00
1.154888272285461426e+00 1.527086973190307617e+00
1.155896902084350586e+00 1.436048388481140137e+00
1.156905531883239746e+00 1.512734770774841309e+00
1.157914280891418457e+00 1.567284464836120605e+00
1.158922910690307617e+00 1.508815884590148926e+00
1.159931540489196777e+00 1.506223559379577637e+00
1.160940170288085938e+00 1.431819438934326172e+00
1.161948800086975098e+00 1.405533909797668457e+00
1.162957429885864258e+00 1.579464912414550781e+00
1.163966059684753418e+00 1.373405694961547852e+00
1.164974689483642578e+00 1.491329312324523926e+00
1.165983319282531738e+00 1.519557237625122070e+00
1.166991949081420898e+00 1.513668179512023926e+00
1.168000578880310059e+00 1.488861560821533203e+00
1.169009208679199219e+00 1.555543780326843262e+00
1.170017838478088379e+00 1.484533786773681641e+00
1.171026468276977539e+00 1.572081565856933594e+00
1.172035098075866699e+00 1.543552756309509277e+00
1.173043727874755859e+00 1.401269912719726562e+00
1.174052357673645020e+00 1.323424339294433594e+00
1.175060987472534180e+00 1.506891131401062012e+00
1.176069617271423340e+00 1.552580475807189941e+00
1.177078366279602051e+00 1.721753001213073730e+00
1.178086996078491211e+00 1.663684368133544922e+00
1.179095625877380371e+00 1.608408212661743164e+00
1.180104255676269531e+00 1.577043175697326660e+00
1.181112885475158691e+00 1.557893991470336914e+00
1.182121515274047852e+00 1.534776687622070312e+00
1.183130145072937012e+00 1.350433826446533203e+00
1.184138774871826172e+00 1.495338320732116699e+00
1.185147404670715332e+00 1.533122062683105469e+00
1.186156034469604492e+00 1.691335320472717285e+00
1.187164664268493652e+00 1.526683211326599121e+00
1.188173294067382812e+00 1.448002934455871582e+00
1.189181923866271973e+00 1.434471249580383301e+00
1.190190553665161133e+00 1.467978000640869141e+00
1.191199183464050293e+00 1.666203618049621582e+00
1.192207813262939453e+00 1.565247416496276855e+00
1.193216443061828613e+00 1.465867757797241211e+00
1.194225072860717773e+00 1.733988046646118164e+00
1.195233702659606934e+00 1.839041829109191895e+00
1.196242451667785645e+00 1.537903308868408203e+00
1.197251081466674805e+00 1.568910121917724609e+00
1.198259711265563965e+00 1.556008815765380859e+00
1.199268341064453125e+00 1.554606914520263672e+00
1.200276970863342285e+00 1.467896461486816406e+00
1.201285600662231445e+00 1.734190583229064941e+00
1.202294230461120605e+00 1.519176244735717773e+00
1.203302860260009766e+00 1.838663935661315918e+00
1.204311490058898926e+00 1.663253068923950195e+00
1.205320119857788086e+00 1.985161304473876953e+00
1.206328749656677246e+00 1.632979154586791992e+00
1.207337379455566406e+00 1.796763062477111816e+00
1.208346009254455566e+00 1.551726341247558594e+00
1.209354639053344727e+00 1.911134839057922363e+00
