0.000000000000000000e+00 5.058962402343750000e+03
1.008636085316538811e-03 3.687210693359375000e+03
2.017272170633077621e-03 2.708917236328125000e+03
3.025908255949616432e-03 2.021389648437500000e+03
4.034544341266155243e-03 1.505635375976562500e+03
5.043180659413337708e-03 1.184551513671875000e+03
6.051816511899232864e-03 9.590225219726562500e+02
7.060452364385128021e-03 7.787274780273437500e+02
8.069088682532310486e-03 6.344089355468750000e+02
9.077725000679492950e-03 5.281486816406250000e+02
1.008636131882667542e-02 4.398719177246093750e+02
1.109499670565128326e-02 3.600468750000000000e+02
1.210363302379846573e-02 3.107775878906250000e+02
1.311226934194564819e-02 2.661624450683593750e+02
1.412090472877025604e-02 2.253065032958984375e+02
1.512954104691743851e-02 1.924117126464843750e+02
1.613817736506462097e-02 1.696820983886718750e+02
1.714681275188922882e-02 1.475477905273437500e+02
1.815545000135898590e-02 1.279216690063476562e+02
1.916408538818359375e-02 1.127679214477539062e+02
2.017272263765335083e-02 9.956593322753906250e+01
2.118135802447795868e-02 8.886376953125000000e+01
2.218999341130256653e-02 7.827502441406250000e+01
2.319863066077232361e-02 7.027526092529296875e+01
2.420726604759693146e-02 6.358274459838867188e+01
2.521590143442153931e-02 5.713393783569335938e+01
2.622453868389129639e-02 5.146961212158203125e+01
2.723317407071590424e-02 4.744392776489257812e+01
2.824180945754051208e-02 4.266349792480468750e+01
2.925044670701026917e-02 3.916042327880859375e+01
3.025908209383487701e-02 3.612903213500976562e+01
3.126771748065948486e-02 3.276118469238281250e+01
3.227635473012924194e-02 3.019392013549804688e+01
3.328499197959899902e-02 2.807615852355957031e+01
3.429362550377845764e-02 2.573486900329589844e+01
3.530226275324821472e-02 2.371605873107910156e+01
3.631090000271797180e-02 2.188300514221191406e+01
3.731953352689743042e-02 2.078651237487792969e+01
3.832817077636718750e-02 1.947573852539062500e+01
3.933680802583694458e-02 1.793903541564941406e+01
4.034544527530670166e-02 1.660091209411621094e+01
4.135407879948616028e-02 1.564342308044433594e+01
4.236271604895591736e-02 1.475452041625976562e+01
4.337135329842567444e-02 1.402554702758789062e+01
4.437998682260513306e-02 1.296901512145996094e+01
4.538862407207489014e-02 1.213497447967529297e+01
4.639726132154464722e-02 1.153404521942138672e+01
4.740589484572410583e-02 1.100872135162353516e+01
4.841453209519386292e-02 1.027892971038818359e+01
4.942316934466362000e-02 9.721158981323242188e+00
5.043180286884307861e-02 9.371144294738769531e+00
5.144044011831283569e-02 8.823857307434082031e+00
5.244907736778259277e-02 8.417775154113769531e+00
5.345771089196205139e-02 8.089386940002441406e+00
5.446634814143180847e-02 7.817139625549316406e+00
5.547498539090156555e-02 7.493756294250488281e+00
5.648361891508102417e-02 7.096547603607177734e+00
5.749225616455078125e-02 6.666581153869628906e+00
5.850089341402053833e-02 6.550902366638183594e+00
5.950953066349029541e-02 6.317459106445312500e+00
6.051816418766975403e-02 6.121702671051025391e+00
6.152680143713951111e-02 5.971542358398437500e+00
6.253543496131896973e-02 5.641162872314453125e+00
6.354407221078872681e-02 5.410907268524169922e+00
6.455270946025848389e-02 5.324620723724365234e+00
6.556134670972824097e-02 5.099081039428710938e+00
6.656998395919799805e-02 4.889117717742919922e+00
6.757862120866775513e-02 4.682014465332031250e+00
6.858725100755691528e-02 4.517146110534667969e+00
6.959588825702667236e-02 4.473213672637939453e+00
7.060452550649642944e-02 4.453361034393310547e+00
7.161316275596618652e-02 4.247810363769531250e+00
7.262180000543594360e-02 4.186711311340332031e+00
7.363043725490570068e-02 4.119782924652099609e+00
7.463906705379486084e-02 3.990264177322387695e+00
7.564770430326461792e-02 3.888595342636108398e+00
7.665634155273437500e-02 3.840459108352661133e+00
7.766497880220413208e-02 3.737394571304321289e+00
7.867361605167388916e-02 3.593850612640380859e+00
7.968225330114364624e-02 3.602365970611572266e+00
8.069089055061340332e-02 3.534704446792602539e+00
8.169952034950256348e-02 3.429383039474487305e+00
8.270815759897232056e-02 3.379520893096923828e+00
8.371679484844207764e-02 3.354048967361450195e+00
8.472543209791183472e-02 3.244994163513183594e+00
8.573406934738159180e-02 3.215659379959106445e+00
8.674270659685134888e-02 3.073913812637329102e+00
8.775133639574050903e-02 2.970951080322265625e+00
8.875997364521026611e-02 3.012088537216186523e+00
8.976861089468002319e-02 2.983894824981689453e+00
9.077724814414978027e-02 2.949336290359497070e+00
9.178588539361953735e-02 2.923113107681274414e+00
9.279452264308929443e-02 2.895262718200683594e+00
9.380315244197845459e-02 2.784123182296752930e+00
9.481178969144821167e-02 2.793866157531738281e+00
9.582042694091796875e-02 2.725312709808349609e+00
9.682906419038772583e-02 2.758685588836669922e+00
9.783770143985748291e-02 2.693563699722290039e+00
9.884633868932723999e-02 2.691462278366088867e+00
9.985497593879699707e-02 2.646828651428222656e+00
1.008636057376861572e-01 2.579392671585083008e+00
1.018722429871559143e-01 2.562892198562622070e+00
1.028808802366256714e-01 2.567285299301147461e+00
1.038895174860954285e-01 2.519451618194580078e+00
1.048981547355651855e-01 2.502572059631347656e+00
1.059067919850349426e-01 2.550860643386840820e+00
1.069154217839241028e-01 2.478398323059082031e+00
1.079240590333938599e-01 2.497835159301757812e+00
1.089326962828636169e-01 2.472110033035278320e+00
1.099413335323333740e-01 2.446433782577514648e+00
1.109499707818031311e-01 2.412081241607666016e+00
1.119586080312728882e-01 2.393629550933837891e+00
1.129672378301620483e-01 2.379227638244628906e+00
1.139758750796318054e-01 2.353799104690551758e+00
1.149845123291015625e-01 2.368154048919677734e+00
1.159931495785713196e-01 2.347799539566040039e+00
1.170017868280410767e-01 2.373676776885986328e+00
1.180104240775108337e-01 2.344038486480712891e+00
1.190190613269805908e-01 2.312857389450073242e+00
1.200276911258697510e-01 2.363324165344238281e+00
1.210363283753395081e-01 2.349395275115966797e+00
1.220449656248092651e-01 2.272394418716430664e+00
1.230536028742790222e-01 2.229035854339599609e+00
1.240622401237487793e-01 2.200643062591552734e+00
1.250708699226379395e-01 2.222247362136840820e+00
1.260795146226882935e-01 2.244193315505981445e+00
1.270881444215774536e-01 2.285264730453491211e+00
1.280967891216278076e-01 2.254900693893432617e+00
1.291054189205169678e-01 2.193339824676513672e+00
1.301140487194061279e-01 2.225791931152343750e+00
1.311226934194564819e-01 2.225193262100219727e+00
1.321313232183456421e-01 2.191080331802368164e+00
1.331399679183959961e-01 2.170535087585449219e+00
1.341485977172851562e-01 2.169058799743652344e+00
1.351572424173355103e-01 2.151231050491333008e+00
1.361658722162246704e-01 2.111690521240234375e+00
1.371745020151138306e-01 2.162746667861938477e+00
1.381831467151641846e-01 2.115958213806152344e+00
1.391917765140533447e-01 2.109932899475097656e+00
1.402004212141036987e-01 2.139673948287963867e+00
1.412090510129928589e-01 2.140625953674316406e+00
1.422176808118820190e-01 2.070176601409912109e+00
1.432263255119323730e-01 2.143271446228027344e+00
1.442349553108215332e-01 2.112216949462890625e+00
1.452436000108718872e-01 2.174668312072753906e+00
1.462522298097610474e-01 2.130839824676513672e+00
1.472608745098114014e-01 2.066438436508178711e+00
1.482695043087005615e-01 2.080053329467773438e+00
1.492781341075897217e-01 2.083021402359008789e+00
1.502867788076400757e-01 2.084896087646484375e+00
1.512954086065292358e-01 2.076380252838134766e+00
1.523040533065795898e-01 2.057158708572387695e+00
1.533126831054687500e-01 2.060701131820678711e+00
1.543213278055191040e-01 2.052552700042724609e+00
1.553299576044082642e-01 2.008715152740478516e+00
1.563385874032974243e-01 2.089759349822998047e+00
1.573472321033477783e-01 2.070466518402099609e+00
1.583558619022369385e-01 2.064779043197631836e+00
1.593645066022872925e-01 2.026805162429809570e+00
1.603731364011764526e-01 2.099298238754272461e+00
1.613817811012268066e-01 2.073088884353637695e+00
1.623904109001159668e-01 2.017635583877563477e+00
1.633990406990051270e-01 2.065908193588256836e+00
1.644076853990554810e-01 2.043979644775390625e+00
1.654163151979446411e-01 2.030872821807861328e+00
1.664249598979949951e-01 2.073422670364379883e+00
1.674335896968841553e-01 2.041478872299194336e+00
1.684422194957733154e-01 2.064430713653564453e+00
1.694508641958236694e-01 2.068305253982543945e+00
1.704594939947128296e-01 2.031852483749389648e+00
1.714681386947631836e-01 2.082743644714355469e+00
1.724767684936523438e-01 2.063807964324951172e+00
1.734854131937026978e-01 2.035059690475463867e+00
1.744940429925918579e-01 2.062931776046752930e+00
1.755026727914810181e-01 2.005256652832031250e+00
1.765113174915313721e-01 2.048723220825195312e+00
1.775199472904205322e-01 2.077054023742675781e+00
1.785285919904708862e-01 2.066520452499389648e+00
1.795372217893600464e-01 2.057039499282836914e+00
1.805458664894104004e-01 2.027860879898071289e+00
1.815544962882995605e-01 2.046975374221801758e+00
1.825631260871887207e-01 2.052798748016357422e+00
1.835717707872390747e-01 2.032377958297729492e+00
1.845804005861282349e-01 2.000275373458862305e+00
1.855890452861785889e-01 2.015147686004638672e+00
1.865976750850677490e-01 2.012674808502197266e+00
1.876063048839569092e-01 2.040282011032104492e+00
1.886149495840072632e-01 2.073778629302978516e+00
1.896235793828964233e-01 2.110510349273681641e+00
1.906322240829467773e-01 2.033605337142944336e+00
1.916408538818359375e-01 1.978882193565368652e+00
1.926494985818862915e-01 2.014456272125244141e+00
1.936581283807754517e-01 2.059136390686035156e+00
1.946667581796646118e-01 2.036386251449584961e+00
1.956754028797149658e-01 2.044848442077636719e+00
1.966840326786041260e-01 2.030627250671386719e+00
1.976926773786544800e-01 1.996927738189697266e+00
1.987013071775436401e-01 2.026201486587524414e+00
1.997099518775939941e-01 2.050609588623046875e+00
2.007185816764831543e-01 2.004075288772583008e+00
2.017272114753723145e-01 2.039102792739868164e+00
2.027358561754226685e-01 2.077447891235351562e+00
2.037444859743118286e-01 2.036521911621093750e+00
2.047531306743621826e-01 2.062577247619628906e+00
2.057617604732513428e-01 2.071698665618896484e+00
2.067703902721405029e-01 2.059232234954833984e+00
2.077790349721908569e-01 2.045198202133178711e+00
2.087876647710800171e-01 2.017079591751098633e+00
2.097963094711303711e-01 2.022541761398315430e+00
2.108049392700195312e-01 2.053827762603759766e+00
2.118135839700698853e-01 2.085175991058349609e+00
2.128222137689590454e-01 2.069367647171020508e+00
2.138308435678482056e-01 2.088177680969238281e+00
2.148394882678985596e-01 2.053347826004028320e+00
2.158481180667877197e-01 2.069515466690063477e+00
2.168567627668380737e-01 2.004682779312133789e+00
2.178653925657272339e-01 2.058515787124633789e+00
2.188740372657775879e-01 2.032502889633178711e+00
2.198826670646667480e-01 2.035018205642700195e+00
2.208912968635559082e-01 2.069938421249389648e+00
2.218999415636062622e-01 2.053513288497924805e+00
2.229085713624954224e-01 2.049869298934936523e+00
2.239172160625457764e-01 2.101209163665771484e+00
2.249258458614349365e-01 2.096738576889038086e+00
2.259344756603240967e-01 2.095734119415283203e+00
2.269431203603744507e-01 2.031093597412109375e+00
2.279517501592636108e-01 2.029758453369140625e+00
2.289603948593139648e-01 2.042984247207641602e+00
2.299690246582031250e-01 2.101847887039184570e+00
2.309776693582534790e-01 2.087395191192626953e+00
2.319862991571426392e-01 2.054308891296386719e+00
2.329949289560317993e-01 2.073049068450927734e+00
2.340035736560821533e-01 2.055373430252075195e+00
2.350122034549713135e-01 2.089806318283081055e+00
2.360208481550216675e-01 2.085511684417724609e+00
2.370294779539108276e-01 2.097150087356567383e+00
2.380381226539611816e-01 2.050686836242675781e+00
2.390467524528503418e-01 2.114923238754272461e+00
2.400553822517395020e-01 2.073930501937866211e+00
2.410640269517898560e-01 2.082976341247558594e+00
2.420726567506790161e-01 2.119603633880615234e+00
2.430813014507293701e-01 2.255204439163208008e+00
2.440899312496185303e-01 2.113753318786621094e+00
2.450985759496688843e-01 2.091502904891967773e+00
2.461072057485580444e-01 2.109991312026977539e+00
2.471158355474472046e-01 2.106220006942749023e+00
2.481244802474975586e-01 2.113079786300659180e+00
2.491331100463867188e-01 2.150673389434814453e+00
2.501417398452758789e-01 2.115398645401000977e+00
2.511503994464874268e-01 2.120133399963378906e+00
2.521590292453765869e-01 2.093330383300781250e+00
2.531676590442657471e-01 2.086393594741821289e+00
2.541762888431549072e-01 2.126046180725097656e+00
2.551849186420440674e-01 2.119823932647705078e+00
2.561935782432556152e-01 2.150726556777954102e+00
2.572022080421447754e-01 2.111941099166870117e+00
2.582108378410339355e-01 2.094469308853149414e+00
2.592194676399230957e-01 2.102725505828857422e+00
2.602280974388122559e-01 2.118917942047119141e+00
2.612367570400238037e-01 2.111766099929809570e+00
2.622453868389129639e-01 2.142360210418701172e+00
2.632540166378021240e-01 2.139768123626708984e+00
2.642626464366912842e-01 2.120569944381713867e+00
2.652712762355804443e-01 2.147816181182861328e+00
2.662799358367919922e-01 2.130944252014160156e+00
2.672885656356811523e-01 2.175084590911865234e+00
2.682971954345703125e-01 2.145857572555541992e+00
2.693058252334594727e-01 2.140967130661010742e+00
2.703144848346710205e-01 2.161081790924072266e+00
2.713231146335601807e-01 2.160817384719848633e+00
2.723317444324493408e-01 2.164694786071777344e+00
2.733403742313385010e-01 2.196584701538085938e+00
2.743490040302276611e-01 2.189106702804565430e+00
2.753576636314392090e-01 2.192394495010375977e+00
2.763662934303283691e-01 2.201954603195190430e+00
2.773749232292175293e-01 2.181685686111450195e+00
2.783835530281066895e-01 2.217255115509033203e+00
2.793921828269958496e-01 2.193543434143066406e+00
2.804008424282073975e-01 2.169661045074462891e+00
2.814094722270965576e-01 2.197102546691894531e+00
2.824181020259857178e-01 2.209138870239257812e+00
2.834267318248748779e-01 2.179858922958374023e+00
2.844353616237640381e-01 2.161155223846435547e+00
2.854440212249755859e-01 2.191766738891601562e+00
2.864526510238647461e-01 2.212370157241821289e+00
2.874612808227539062e-01 2.220221042633056641e+00
2.884699106216430664e-01 2.209567070007324219e+00
2.894785702228546143e-01 2.194143772125244141e+00
2.904872000217437744e-01 2.226669788360595703e+00
2.914958298206329346e-01 2.168292999267578125e+00
2.925044596195220947e-01 2.203831911087036133e+00
2.935130894184112549e-01 2.219135999679565430e+00
2.945217490196228027e-01 2.220996379852294922e+00
2.955303788185119629e-01 2.205484390258789062e+00
2.965390086174011230e-01 2.220531940460205078e+00
2.975476384162902832e-01 2.269874572753906250e+00
2.985562682151794434e-01 2.227255821228027344e+00
2.995649278163909912e-01 2.262751102447509766e+00
3.005735576152801514e-01 2.192626476287841797e+00
3.015821874141693115e-01 2.248763322830200195e+00
3.025908172130584717e-01 2.254146814346313477e+00
3.035994470119476318e-01 2.265022993087768555e+00
3.046081066131591797e-01 2.265608787536621094e+00
3.056167364120483398e-01 2.292256355285644531e+00
3.066253662109375000e-01 2.286895036697387695e+00
3.076339960098266602e-01 2.252578020095825195e+00
3.086426556110382080e-01 2.280659675598144531e+00
3.096512854099273682e-01 2.264957427978515625e+00
3.106599152088165283e-01 2.252547025680541992e+00
3.116685450077056885e-01 2.262643575668334961e+00
3.126771748065948486e-01 2.287941932678222656e+00
3.136858344078063965e-01 2.300558328628540039e+00
3.146944642066955566e-01 2.277428150177001953e+00
3.157030940055847168e-01 2.276151418685913086e+00
3.167117238044738770e-01 2.293140172958374023e+00
3.177203536033630371e-01 2.273888349533081055e+00
3.187290132045745850e-01 2.325721025466918945e+00
3.197376430034637451e-01 2.311517477035522461e+00
3.207462728023529053e-01 2.277555704116821289e+00
3.217549026012420654e-01 2.281816482543945312e+00
3.227635622024536133e-01 2.302905797958374023e+00
3.237721920013427734e-01 2.307882785797119141e+00
3.247808218002319336e-01 2.324456214904785156e+00
3.257894515991210938e-01 2.305698871612548828e+00
3.267980813980102539e-01 2.326971530914306641e+00
3.278067409992218018e-01 2.293807983398437500e+00
3.288153707981109619e-01 2.279860258102416992e+00
3.298240005970001221e-01 2.316570997238159180e+00
3.308326303958892822e-01 2.319159984588623047e+00
3.318412601947784424e-01 2.296472787857055664e+00
3.328499197959899902e-01 2.330776929855346680e+00
3.338585495948791504e-01 2.287144184112548828e+00
3.348671793937683105e-01 2.331153392791748047e+00
3.358758091926574707e-01 2.327247381210327148e+00
3.368844389915466309e-01 2.325994491577148438e+00
3.378930985927581787e-01 2.350963830947875977e+00
3.389017283916473389e-01 2.348110437393188477e+00
3.399103581905364990e-01 2.352554798126220703e+00
3.409189879894256592e-01 2.332206964492797852e+00
3.419276475906372070e-01 2.356281518936157227e+00
3.429362773895263672e-01 2.391629457473754883e+00
3.439449071884155273e-01 2.358903646469116211e+00
3.449535369873046875e-01 2.378187417984008789e+00
3.459621667861938477e-01 2.358510732650756836e+00
3.469708263874053955e-01 2.365201950073242188e+00
3.479794561862945557e-01 2.352389812469482422e+00
3.489880859851837158e-01 2.360255241394042969e+00
3.499967157840728760e-01 2.363149166107177734e+00
3.510053455829620361e-01 2.363928318023681641e+00
3.520140051841735840e-01 2.376401185989379883e+00
3.530226349830627441e-01 2.353764772415161133e+00
3.540312647819519043e-01 2.371210098266601562e+00
3.550398945808410645e-01 2.360558986663818359e+00
3.560485243797302246e-01 2.411915779113769531e+00
3.570571839809417725e-01 2.375043392181396484e+00
3.580658137798309326e-01 2.421974420547485352e+00
3.590744435787200928e-01 2.393512487411499023e+00
3.600830733776092529e-01 2.370800495147705078e+00
3.610917329788208008e-01 2.416736364364624023e+00
3.621003627777099609e-01 2.393958568572998047e+00
3.631089925765991211e-01 2.391060829162597656e+00
3.641176223754882812e-01 2.386023044586181641e+00
3.651262521743774414e-01 2.404877424240112305e+00
3.661349117755889893e-01 2.423232316970825195e+00
3.671435415744781494e-01 2.401792287826538086e+00
3.681521713733673096e-01 2.404542684555053711e+00
3.691608011722564697e-01 2.415270090103149414e+00
3.701694309711456299e-01 2.425664901733398438e+00
3.711780905723571777e-01 2.419640064239501953e+00
3.721867203712463379e-01 2.416685104370117188e+00
3.731953501701354980e-01 2.383486270904541016e+00
3.742039799690246582e-01 2.416551828384399414e+00
3.752126097679138184e-01 2.445802450180053711e+00
3.762212693691253662e-01 2.465390443801879883e+00
3.772298991680145264e-01 2.421429157257080078e+00
3.782385289669036865e-01 2.431542396545410156e+00
3.792471587657928467e-01 2.435701847076416016e+00
3.802558183670043945e-01 2.449944496154785156e+00
3.812644481658935547e-01 2.457803010940551758e+00
3.822730779647827148e-01 2.416437387466430664e+00
3.832817077636718750e-01 2.407456874847412109e+00
3.842903375625610352e-01 2.428668737411499023e+00
3.852989971637725830e-01 2.420749902725219727e+00
3.863076269626617432e-01 2.451699972152709961e+00
3.873162567615509033e-01 2.424702644348144531e+00
3.883248865604400635e-01 2.442936897277832031e+00
3.893335163593292236e-01 2.461744308471679688e+00
3.903421759605407715e-01 2.437073945999145508e+00
3.913508057594299316e-01 2.450783491134643555e+00
3.923594355583190918e-01 2.424009084701538086e+00
3.933680653572082520e-01 2.446769475936889648e+00
3.943766951560974121e-01 2.432810068130493164e+00
3.953853547573089600e-01 2.439938783645629883e+00
3.963939845561981201e-01 2.436981916427612305e+00
3.974026143550872803e-01 2.426342725753784180e+00
3.984112441539764404e-01 2.441967964172363281e+00
3.994199037551879883e-01 2.430253744125366211e+00
4.004285335540771484e-01 2.413965940475463867e+00
4.014371633529663086e-01 2.406903982162475586e+00
4.024457931518554688e-01 2.446225166320800781e+00
4.034544229507446289e-01 2.465017080307006836e+00
4.044630825519561768e-01 2.453308582305908203e+00
4.054717123508453369e-01 2.421868562698364258e+00
4.064803421497344971e-01 2.457691192626953125e+00
4.074889719486236572e-01 2.444532632827758789e+00
4.084976017475128174e-01 2.463004589080810547e+00
4.095062613487243652e-01 2.457345724105834961e+00
4.105148911476135254e-01 2.452917098999023438e+00
4.115235209465026855e-01 2.478618860244750977e+00
4.125321507453918457e-01 2.461431741714477539e+00
4.135407805442810059e-01 2.426143884658813477e+00
4.145494401454925537e-01 2.453563451766967773e+00
4.155580699443817139e-01 2.446154832839965820e+00
4.165666997432708740e-01 2.448695898056030273e+00
4.175753295421600342e-01 2.437739372253417969e+00
4.185839891433715820e-01 2.432859659194946289e+00
4.195926189422607422e-01 2.427083492279052734e+00
4.206012487411499023e-01 2.440173864364624023e+00
4.216098785400390625e-01 2.435221672058105469e+00
4.226185083389282227e-01 2.420650005340576172e+00
4.236271679401397705e-01 2.406992673873901367e+00
4.246357977390289307e-01 2.485481262207031250e+00
4.256444275379180908e-01 2.461739063262939453e+00
4.266530573368072510e-01 2.419816255569458008e+00
4.276616871356964111e-01 2.454579591751098633e+00
4.286703467369079590e-01 2.466909646987915039e+00
4.296789765357971191e-01 2.457097291946411133e+00
4.306876063346862793e-01 2.432228088378906250e+00
4.316962361335754395e-01 2.457947015762329102e+00
4.327048659324645996e-01 2.438084602355957031e+00
4.337135255336761475e-01 2.458096981048583984e+00
4.347221553325653076e-01 2.442039728164672852e+00
4.357307851314544678e-01 2.446031332015991211e+00
4.367394149303436279e-01 2.463057279586791992e+00
4.377480745315551758e-01 2.411659717559814453e+00
4.387567043304443359e-01 2.401700496673583984e+00
4.397653341293334961e-01 2.418182134628295898e+00
4.407739639282226562e-01 2.444648981094360352e+00
4.417825937271118164e-01 2.452745437622070312e+00
4.427912533283233643e-01 2.436463117599487305e+00
4.437998831272125244e-01 2.410729646682739258e+00
4.448085129261016846e-01 2.430505275726318359e+00
4.458171427249908447e-01 2.408989906311035156e+00
4.468257725238800049e-01 2.421343326568603516e+00
4.478344321250915527e-01 2.430518627166748047e+00
4.488430619239807129e-01 2.420411825180053711e+00
4.498516917228698730e-01 2.406232833862304688e+00
4.508603215217590332e-01 2.376620292663574219e+00
4.518689513206481934e-01 2.407302379608154297e+00
4.528776109218597412e-01 2.410751819610595703e+00
4.538862407207489014e-01 2.393692493438720703e+00
4.548948705196380615e-01 2.380424737930297852e+00
4.559035003185272217e-01 2.406866788864135742e+00
4.569121599197387695e-01 2.395733594894409180e+00
4.579207897186279297e-01 2.410399436950683594e+00
4.589294195175170898e-01 2.428382873535156250e+00
4.599380493164062500e-01 2.405342817306518555e+00
4.609466791152954102e-01 2.413871526718139648e+00
4.619553387165069580e-01 2.395628929138183594e+00
4.629639685153961182e-01 2.402170658111572266e+00
4.639725983142852783e-01 2.383692502975463867e+00
4.649812281131744385e-01 2.399659395217895508e+00
4.659898579120635986e-01 2.406734466552734375e+00
4.669985175132751465e-01 2.412615776062011719e+00
4.680071473121643066e-01 2.393899440765380859e+00
4.690157771110534668e-01 2.364657163619995117e+00
4.700244069099426270e-01 2.342174291610717773e+00
4.710330665111541748e-01 2.377103090286254883e+00
4.720416963100433350e-01 2.414307117462158203e+00
4.730503261089324951e-01 2.352330923080444336e+00
4.740589559078216553e-01 2.384389162063598633e+00
4.750675857067108154e-01 2.381247043609619141e+00
4.760762453079223633e-01 2.370705842971801758e+00
4.770848751068115234e-01 2.344074726104736328e+00
4.780935049057006836e-01 2.350525617599487305e+00
4.791021347045898438e-01 2.383301734924316406e+00
4.801107645034790039e-01 2.376788139343261719e+00
4.811194241046905518e-01 2.354682922363281250e+00
4.821280539035797119e-01 2.345882177352905273e+00
4.831366837024688721e-01 2.332412958145141602e+00
4.841453135013580322e-01 2.349734783172607422e+00
4.851539433002471924e-01 2.380770206451416016e+00
4.861626029014587402e-01 2.384830951690673828e+00
4.871712327003479004e-01 2.390148162841796875e+00
4.881798624992370605e-01 2.363411664962768555e+00
4.891884922981262207e-01 2.348079681396484375e+00
4.901971518993377686e-01 2.352055311203002930e+00
4.912057816982269287e-01 2.371234416961669922e+00
4.922144114971160889e-01 2.347651481628417969e+00
4.932230412960052490e-01 2.345205307006835938e+00
4.942316710948944092e-01 2.328643798828125000e+00
4.952403306961059570e-01 2.364327192306518555e+00
4.962489604949951172e-01 2.338249444961547852e+00
4.972575902938842773e-01 2.336901187896728516e+00
4.982662200927734375e-01 2.341650247573852539e+00
4.992748498916625977e-01 2.316449880599975586e+00
5.002834796905517578e-01 2.333987236022949219e+00
5.012921094894409180e-01 2.360200643539428711e+00
5.023007988929748535e-01 2.356314420700073242e+00
5.033094286918640137e-01 2.362526416778564453e+00
5.043180584907531738e-01 2.403355360031127930e+00
5.053266882896423340e-01 2.349634170532226562e+00
5.063353180885314941e-01 2.347915410995483398e+00
5.073439478874206543e-01 2.325968027114868164e+00
5.083525776863098145e-01 2.308627843856811523e+00
5.093612074851989746e-01 2.317372322082519531e+00
5.103698372840881348e-01 2.328799247741699219e+00
5.113784670829772949e-01 2.339418411254882812e+00
5.123871564865112305e-01 2.319983005523681641e+00
5.133957862854003906e-01 2.315286159515380859e+00
5.144044160842895508e-01 2.364784955978393555e+00
5.154130458831787109e-01 2.335229635238647461e+00
5.164216756820678711e-01 2.326307535171508789e+00
5.174303054809570312e-01 2.335003852844238281e+00
5.184389352798461914e-01 2.321570634841918945e+00
5.194475650787353516e-01 2.339465141296386719e+00
5.204561948776245117e-01 2.316940069198608398e+00
5.214648842811584473e-01 2.315029621124267578e+00
5.224735140800476074e-01 2.328132390975952148e+00
5.234821438789367676e-01 2.294443368911743164e+00
5.244907736778259277e-01 2.323325157165527344e+00
5.254994034767150879e-01 2.308554410934448242e+00
5.265080332756042480e-01 2.298380613327026367e+00
5.275166630744934082e-01 2.329948425292968750e+00
5.285252928733825684e-01 2.319286346435546875e+00
5.295339226722717285e-01 2.316158771514892578e+00
5.305425524711608887e-01 2.281650066375732422e+00
5.315512418746948242e-01 2.255354881286621094e+00
5.325598716735839844e-01 2.300250768661499023e+00
5.335685014724731445e-01 2.325741767883300781e+00
5.345771312713623047e-01 2.323012828826904297e+00
5.355857610702514648e-01 2.318053483963012695e+00
5.365943908691406250e-01 2.281095266342163086e+00
5.376030206680297852e-01 2.272404909133911133e+00
5.386116504669189453e-01 2.298421144485473633e+00
5.396202802658081055e-01 2.298253774642944336e+00
5.406289696693420410e-01 2.277878046035766602e+00
5.416375994682312012e-01 2.301906347274780273e+00
5.426462292671203613e-01 2.291611671447753906e+00
5.436548590660095215e-01 2.277087450027465820e+00
5.446634888648986816e-01 2.296612977981567383e+00
5.456721186637878418e-01 2.301750183105468750e+00
5.466807484626770020e-01 2.321476697921752930e+00
5.476893782615661621e-01 2.309468507766723633e+00
5.486980080604553223e-01 2.276604890823364258e+00
5.497066378593444824e-01 2.295647382736206055e+00
5.507153272628784180e-01 2.280920267105102539e+00
5.517239570617675781e-01 2.279083490371704102e+00
5.527325868606567383e-01 2.280893087387084961e+00
5.537412166595458984e-01 2.296547174453735352e+00
5.547498464584350586e-01 2.293797016143798828e+00
5.557584762573242188e-01 2.241294860839843750e+00
5.567671060562133789e-01 2.277253150939941406e+00
5.577757358551025391e-01 2.277810573577880859e+00
5.587843656539916992e-01 2.298285722732543945e+00
5.597930550575256348e-01 2.299517869949340820e+00
5.608016848564147949e-01 2.275878667831420898e+00
5.618103146553039551e-01 2.279446363449096680e+00
5.628189444541931152e-01 2.301046133041381836e+00
5.638275742530822754e-01 2.264339447021484375e+00
5.648362040519714355e-01 2.271232604980468750e+00
5.658448338508605957e-01 2.285230159759521484e+00
5.668534636497497559e-01 2.267792940139770508e+00
5.678620934486389160e-01 2.264858007431030273e+00
5.688707232475280762e-01 2.291241407394409180e+00
5.698794126510620117e-01 2.265223503112792969e+00
5.708880424499511719e-01 2.284551620483398438e+00
5.718966722488403320e-01 2.294079542160034180e+00
5.729053020477294922e-01 2.277047157287597656e+00
5.739139318466186523e-01 2.258392095565795898e+00
5.749225616455078125e-01 2.269073247909545898e+00
5.759311914443969727e-01 2.270311355590820312e+00
5.769398212432861328e-01 2.263813018798828125e+00
5.779484510421752930e-01 2.258904695510864258e+00
5.789571404457092285e-01 2.279141902923583984e+00
5.799657702445983887e-01 2.263077974319458008e+00
5.809744000434875488e-01 2.276078224182128906e+00
5.819830298423767090e-01 2.278779983520507812e+00
5.829916596412658691e-01 2.271918773651123047e+00
5.840002894401550293e-01 2.284337043762207031e+00
5.850089192390441895e-01 2.263378858566284180e+00
5.860175490379333496e-01 2.282472848892211914e+00
5.870261788368225098e-01 2.243701219558715820e+00
5.880348086357116699e-01 2.269609928131103516e+00
5.890434980392456055e-01 2.257461547851562500e+00
5.900521278381347656e-01 2.259095668792724609e+00
5.910607576370239258e-01 2.271498918533325195e+00
5.920693874359130859e-01 2.268756628036499023e+00
5.930780172348022461e-01 2.255562543869018555e+00
5.940866470336914062e-01 2.247707605361938477e+00
5.950952768325805664e-01 2.246183156967163086e+00
5.961039066314697266e-01 2.271380662918090820e+00
5.971125364303588867e-01 2.260054111480712891e+00
5.981212258338928223e-01 2.280618190765380859e+00
5.991298556327819824e-01 2.226782321929931641e+00
6.001384854316711426e-01 2.248795747756958008e+00
6.011471152305603027e-01 2.278432846069335938e+00
6.021557450294494629e-01 2.282097578048706055e+00
6.031643748283386230e-01 2.266774177551269531e+00
6.041730046272277832e-01 2.261841773986816406e+00
6.051816344261169434e-01 2.271441698074340820e+00
6.061902642250061035e-01 2.238889932632446289e+00
6.071988940238952637e-01 2.256653070449829102e+00
6.082075834274291992e-01 2.276600122451782227e+00
6.092162132263183594e-01 2.253366708755493164e+00
6.102248430252075195e-01 2.244122505187988281e+00
6.112334728240966797e-01 2.269592523574829102e+00
6.122421026229858398e-01 2.264360666275024414e+00
6.132507324218750000e-01 2.261054992675781250e+00
6.142593622207641602e-01 2.268182754516601562e+00
6.152679920196533203e-01 2.271832704544067383e+00
6.162766218185424805e-01 2.248469591140747070e+00
6.172853112220764160e-01 2.253080129623413086e+00
6.182939410209655762e-01 2.274992942810058594e+00
6.193025708198547363e-01 2.264824867248535156e+00
6.203112006187438965e-01 2.256664276123046875e+00
6.213198304176330566e-01 2.259056091308593750e+00
6.223284602165222168e-01 2.245552301406860352e+00
6.233370900154113770e-01 2.250695943832397461e+00
6.243457198143005371e-01 2.256469488143920898e+00
6.253543496131896973e-01 2.288560867309570312e+00
6.263629794120788574e-01 2.276492118835449219e+00
6.273716688156127930e-01 2.279348850250244141e+00
6.283802986145019531e-01 2.255559921264648438e+00
6.293889284133911133e-01 2.249355077743530273e+00
6.303975582122802734e-01 2.252840518951416016e+00
6.314061880111694336e-01 2.248310089111328125e+00
6.324148178100585938e-01 2.277595281600952148e+00
6.334234476089477539e-01 2.270926237106323242e+00
6.344320774078369141e-01 2.270859718322753906e+00
6.354407072067260742e-01 2.309306144714355469e+00
6.364493966102600098e-01 2.309217691421508789e+00
6.374580264091491699e-01 2.264995098114013672e+00
6.384666562080383301e-01 2.257833480834960938e+00
6.394752860069274902e-01 2.269970893859863281e+00
6.404839158058166504e-01 2.249793767929077148e+00
6.414925456047058105e-01 2.257634162902832031e+00
6.425011754035949707e-01 2.283258676528930664e+00
6.435098052024841309e-01 2.272596836090087891e+00
6.445184350013732910e-01 2.268898725509643555e+00
6.455271244049072266e-01 2.271215677261352539e+00
6.465357542037963867e-01 2.259039163589477539e+00
6.475443840026855469e-01 2.268842220306396484e+00
6.485530138015747070e-01 2.306086540222167969e+00
6.495616436004638672e-01 2.297141313552856445e+00
6.505702733993530273e-01 2.261563301086425781e+00
6.515789031982421875e-01 2.290299654006958008e+00
6.525875329971313477e-01 2.285049915313720703e+00
6.535961627960205078e-01 2.323626279830932617e+00
6.546047925949096680e-01 2.325512170791625977e+00
6.556134819984436035e-01 2.264686822891235352e+00
6.566221117973327637e-01 2.263869762420654297e+00
6.576307415962219238e-01 2.282199621200561523e+00
6.586393713951110840e-01 2.297559738159179688e+00
6.596480011940002441e-01 2.250998497009277344e+00
6.606566309928894043e-01 2.278429269790649414e+00
6.616652607917785645e-01 2.304890394210815430e+00
6.626738905906677246e-01 2.318899631500244141e+00
6.636825203895568848e-01 2.291437149047851562e+00
6.646912097930908203e-01 2.258630275726318359e+00
6.656998395919799805e-01 2.280477285385131836e+00
6.667084693908691406e-01 2.280200958251953125e+00
6.677170991897583008e-01 2.280138492584228516e+00
6.687257289886474609e-01 2.324315547943115234e+00
6.697343587875366211e-01 2.279245138168334961e+00
6.707429885864257812e-01 2.319078445434570312e+00
6.717516183853149414e-01 2.304516553878784180e+00
6.727602481842041016e-01 2.310033798217773438e+00
6.737688779830932617e-01 2.332054138183593750e+00
6.747775673866271973e-01 2.324961662292480469e+00
6.757861971855163574e-01 2.310867547988891602e+00
6.767948269844055176e-01 2.275339841842651367e+00
6.778034567832946777e-01 2.299916982650756836e+00
6.788120865821838379e-01 2.347082138061523438e+00
6.798207163810729980e-01 2.341991901397705078e+00
6.808293461799621582e-01 2.263330221176147461e+00
6.818379759788513184e-01 2.335674524307250977e+00
6.828466057777404785e-01 2.354104042053222656e+00
6.838552951812744141e-01 2.322268962860107422e+00
6.848639249801635742e-01 2.297916650772094727e+00
6.858725547790527344e-01 2.305128097534179688e+00
6.868811845779418945e-01 2.310735940933227539e+00
6.878898143768310547e-01 2.294353723526000977e+00
6.888984441757202148e-01 2.304791688919067383e+00
6.899070739746093750e-01 2.340545654296875000e+00
6.909157037734985352e-01 2.334057569503784180e+00
6.919243335723876953e-01 2.348890781402587891e+00
6.929329633712768555e-01 2.314699172973632812e+00
6.939416527748107910e-01 2.343580722808837891e+00
6.949502825736999512e-01 2.328192949295043945e+00
6.959589123725891113e-01 2.313846588134765625e+00
6.969675421714782715e-01 2.303166866302490234e+00
6.979761719703674316e-01 2.320800542831420898e+00
6.989848017692565918e-01 2.341927766799926758e+00
6.999934315681457520e-01 2.315257310867309570e+00
7.010020613670349121e-01 2.311576366424560547e+00
7.020106911659240723e-01 2.350577116012573242e+00
7.030193805694580078e-01 2.347820043563842773e+00
7.040280103683471680e-01 2.379214286804199219e+00
7.050366401672363281e-01 2.344156026840209961e+00
7.060452699661254883e-01 2.351553916931152344e+00
7.070538997650146484e-01 2.363775014877319336e+00
7.080625295639038086e-01 2.353638172149658203e+00
7.090711593627929688e-01 2.344345808029174805e+00
7.100797891616821289e-01 2.321582794189453125e+00
7.110884189605712891e-01 2.342561721801757812e+00
7.120970487594604492e-01 2.355859518051147461e+00
7.131057381629943848e-01 2.368786573410034180e+00
7.141143679618835449e-01 2.381860017776489258e+00
7.151229977607727051e-01 2.370425701141357422e+00
7.161316275596618652e-01 2.402272701263427734e+00
7.171402573585510254e-01 2.399709701538085938e+00
7.181488871574401855e-01 2.404563665390014648e+00
7.191575169563293457e-01 2.386736631393432617e+00
7.201661467552185059e-01 2.363359689712524414e+00
7.211747765541076660e-01 2.363073110580444336e+00
7.221834659576416016e-01 2.372966051101684570e+00
7.231920957565307617e-01 2.367805957794189453e+00
7.242007255554199219e-01 2.401314020156860352e+00
7.252093553543090820e-01 2.385042190551757812e+00
7.262179851531982422e-01 2.422749519348144531e+00
7.272266149520874023e-01 2.433416604995727539e+00
7.282352447509765625e-01 2.415446519851684570e+00
7.292438745498657227e-01 2.400096893310546875e+00
7.302525043487548828e-01 2.386581182479858398e+00
7.312611341476440430e-01 2.373989105224609375e+00
7.322698235511779785e-01 2.406289815902709961e+00
7.332784533500671387e-01 2.463961839675903320e+00
7.342870831489562988e-01 2.423506259918212891e+00
7.352957129478454590e-01 2.367596626281738281e+00
7.363043427467346191e-01 2.380370616912841797e+00
7.373129725456237793e-01 2.412265300750732422e+00
7.383216023445129395e-01 2.411916255950927734e+00
7.393302321434020996e-01 2.419579029083251953e+00
7.403388619422912598e-01 2.450159311294555664e+00
7.413475513458251953e-01 2.428312540054321289e+00
7.423561811447143555e-01 2.426789760589599609e+00
7.433648109436035156e-01 2.443654775619506836e+00
7.443734407424926758e-01 2.483972787857055664e+00
7.453820705413818359e-01 2.460420608520507812e+00
7.463907003402709961e-01 2.420602083206176758e+00
7.473993301391601562e-01 2.437422752380371094e+00
7.484079599380493164e-01 2.458279848098754883e+00
7.494165897369384766e-01 2.444165706634521484e+00
7.504252195358276367e-01 2.415852069854736328e+00
7.514339089393615723e-01 2.478257894515991211e+00
7.524425387382507324e-01 2.531374216079711914e+00
7.534511685371398926e-01 2.492539882659912109e+00
7.544597983360290527e-01 2.480937480926513672e+00
7.554684281349182129e-01 2.477040290832519531e+00
7.564770579338073730e-01 2.466004133224487305e+00
7.574856877326965332e-01 2.484000682830810547e+00
7.584943175315856934e-01 2.492514610290527344e+00
7.595029473304748535e-01 2.468779802322387695e+00
7.605116367340087891e-01 2.465587854385375977e+00
7.615202665328979492e-01 2.501994609832763672e+00
7.625288963317871094e-01 2.491715192794799805e+00
7.635375261306762695e-01 2.480362176895141602e+00
7.645461559295654297e-01 2.475075960159301758e+00
7.655547857284545898e-01 2.522611379623413086e+00
7.665634155273437500e-01 2.506560802459716797e+00
7.675720453262329102e-01 2.467316865921020508e+00
7.685806751251220703e-01 2.525618314743041992e+00
7.695893049240112305e-01 2.511767148971557617e+00
7.705979943275451660e-01 2.491905212402343750e+00
7.716066241264343262e-01 2.529706954956054688e+00
7.726152539253234863e-01 2.565172672271728516e+00
7.736238837242126465e-01 2.522800683975219727e+00
7.746325135231018066e-01 2.508094549179077148e+00
7.756411433219909668e-01 2.543864727020263672e+00
7.766497731208801270e-01 2.526546955108642578e+00
7.776584029197692871e-01 2.511766672134399414e+00
7.786670327186584473e-01 2.527993679046630859e+00
7.796757221221923828e-01 2.551902532577514648e+00
7.806843519210815430e-01 2.557466745376586914e+00
7.816929817199707031e-01 2.534891843795776367e+00
7.827016115188598633e-01 2.529743432998657227e+00
7.837102413177490234e-01 2.542188882827758789e+00
7.847188711166381836e-01 2.503217697143554688e+00
7.857275009155273438e-01 2.553795576095581055e+00
7.867361307144165039e-01 2.580935716629028320e+00
7.877447605133056641e-01 2.588611602783203125e+00
7.887533903121948242e-01 2.574121713638305664e+00
7.897620797157287598e-01 2.585769653320312500e+00
7.907707095146179199e-01 2.566590785980224609e+00
7.917793393135070801e-01 2.610282182693481445e+00
7.927879691123962402e-01 2.584043979644775391e+00
7.937965989112854004e-01 2.623311519622802734e+00
7.948052287101745605e-01 2.630714654922485352e+00
7.958138585090637207e-01 2.602495670318603516e+00
7.968224883079528809e-01 2.579321384429931641e+00
7.978311181068420410e-01 2.586173534393310547e+00
7.988398075103759766e-01 2.594229698181152344e+00
7.998484373092651367e-01 2.622864723205566406e+00
8.008570671081542969e-01 2.581302642822265625e+00
8.018656969070434570e-01 2.606827497482299805e+00
8.028743267059326172e-01 2.610860824584960938e+00
8.038829565048217773e-01 2.603261947631835938e+00
8.048915863037109375e-01 2.603246927261352539e+00
8.059002161026000977e-01 2.602435588836669922e+00
8.069088459014892578e-01 2.659476041793823242e+00
8.079174757003784180e-01 2.664393424987792969e+00
8.089261651039123535e-01 2.610577583312988281e+00
8.099347949028015137e-01 2.640200614929199219e+00
8.109434247016906738e-01 2.616744041442871094e+00
8.119520545005798340e-01 2.654384136199951172e+00
8.129606842994689941e-01 2.660471916198730469e+00
8.139693140983581543e-01 2.639254808425903320e+00
8.149779438972473145e-01 2.638306617736816406e+00
8.159865736961364746e-01 2.649922370910644531e+00
8.169952034950256348e-01 2.641775131225585938e+00
8.180038928985595703e-01 2.664546966552734375e+00
8.190125226974487305e-01 2.672687292098999023e+00
8.200211524963378906e-01 2.645022392272949219e+00
8.210297822952270508e-01 2.679141759872436523e+00
8.220384120941162109e-01 2.689450025558471680e+00
8.230470418930053711e-01 2.661108016967773438e+00
8.240556716918945312e-01 2.662780761718750000e+00
8.250643014907836914e-01 2.703039169311523438e+00
8.260729312896728516e-01 2.682008028030395508e+00
8.270815610885620117e-01 2.656425714492797852e+00
8.280902504920959473e-01 2.657554388046264648e+00
8.290988802909851074e-01 2.689023017883300781e+00
8.301075100898742676e-01 2.718363523483276367e+00
8.311161398887634277e-01 2.686277151107788086e+00
8.321247696876525879e-01 2.747287273406982422e+00
8.331333994865417480e-01 2.690030574798583984e+00
8.341420292854309082e-01 2.697642564773559570e+00
8.351506590843200684e-01 2.731995582580566406e+00
8.361592888832092285e-01 2.706154346466064453e+00
8.371679782867431641e-01 2.728317260742187500e+00
8.381766080856323242e-01 2.731779336929321289e+00
8.391852378845214844e-01 2.685679912567138672e+00
8.401938676834106445e-01 2.734518527984619141e+00
8.412024974822998047e-01 2.744379520416259766e+00
8.422111272811889648e-01 2.763723850250244141e+00
8.432197570800781250e-01 2.743772268295288086e+00
8.442283868789672852e-01 2.735028505325317383e+00
8.452370166778564453e-01 2.766728162765502930e+00
8.462456464767456055e-01 2.754749059677124023e+00
8.472543358802795410e-01 2.749059438705444336e+00
8.482629656791687012e-01 2.760748386383056641e+00
8.492715954780578613e-01 2.768784523010253906e+00
8.502802252769470215e-01 2.800661087036132812e+00
8.512888550758361816e-01 2.775036334991455078e+00
8.522974848747253418e-01 2.756916522979736328e+00
8.533061146736145020e-01 2.763805389404296875e+00
8.543147444725036621e-01 2.771425247192382812e+00
8.553233742713928223e-01 2.744426250457763672e+00
8.563320636749267578e-01 2.783088445663452148e+00
8.573406934738159180e-01 2.790573120117187500e+00
8.583493232727050781e-01 2.795882225036621094e+00
8.593579530715942383e-01 2.811379671096801758e+00
8.603665828704833984e-01 2.813583850860595703e+00
8.613752126693725586e-01 2.797477722167968750e+00
8.623838424682617188e-01 2.822854518890380859e+00
8.633924722671508789e-01 2.826864004135131836e+00
8.644011020660400391e-01 2.789138555526733398e+00
8.654097318649291992e-01 2.780764579772949219e+00
8.664184212684631348e-01 2.802693367004394531e+00
8.674270510673522949e-01 2.845997571945190430e+00
8.684356808662414551e-01 2.836709499359130859e+00
8.694443106651306152e-01 2.869482040405273438e+00
8.704529404640197754e-01 2.833693742752075195e+00
8.714615702629089355e-01 2.830417633056640625e+00
8.724702000617980957e-01 2.847428083419799805e+00
8.734788298606872559e-01 2.874824047088623047e+00
8.744874596595764160e-01 2.925148725509643555e+00
8.754961490631103516e-01 2.869918346405029297e+00
8.765047788619995117e-01 2.847223758697509766e+00
8.775134086608886719e-01 2.900753736495971680e+00
8.785220384597778320e-01 2.864827871322631836e+00
8.795306682586669922e-01 2.872917413711547852e+00
8.805392980575561523e-01 2.864105701446533203e+00
8.815479278564453125e-01 2.872493982315063477e+00
8.825565576553344727e-01 2.869698286056518555e+00
8.835651874542236328e-01 2.921384811401367188e+00
8.845738172531127930e-01 2.896043539047241211e+00
8.855825066566467285e-01 2.955754280090332031e+00
8.865911364555358887e-01 2.894610166549682617e+00
8.875997662544250488e-01 2.920710086822509766e+00
8.886083960533142090e-01 2.949960231781005859e+00
8.896170258522033691e-01 2.905946731567382812e+00
8.906256556510925293e-01 2.940111160278320312e+00
8.916342854499816895e-01 2.955921173095703125e+00
8.926429152488708496e-01 2.968296766281127930e+00
8.936515450477600098e-01 2.951795578002929688e+00
8.946602344512939453e-01 2.926785469055175781e+00
8.956688642501831055e-01 3.018911123275756836e+00
8.966774940490722656e-01 2.999835252761840820e+00
8.976861238479614258e-01 2.982818126678466797e+00
8.986947536468505859e-01 3.010673761367797852e+00
8.997033834457397461e-01 3.017369031906127930e+00
9.007120132446289062e-01 3.023380994796752930e+00
9.017206430435180664e-01 2.994502067565917969e+00
9.027292728424072266e-01 3.052496433258056641e+00
9.037379026412963867e-01 2.982486248016357422e+00
9.047465920448303223e-01 2.995433092117309570e+00
9.057552218437194824e-01 3.009150028228759766e+00
9.067638516426086426e-01 3.012000083923339844e+00
9.077724814414978027e-01 3.029303550720214844e+00
9.087811112403869629e-01 3.032868623733520508e+00
9.097897410392761230e-01 3.009649753570556641e+00
9.107983708381652832e-01 3.070257425308227539e+00
9.118070006370544434e-01 3.036807060241699219e+00
9.128156304359436035e-01 2.990581512451171875e+00
9.138243198394775391e-01 3.077537536621093750e+00
9.148329496383666992e-01 3.015454053878784180e+00
9.158415794372558594e-01 3.088165998458862305e+00
9.168502092361450195e-01 3.099907398223876953e+00
9.178588390350341797e-01 3.126197099685668945e+00
9.188674688339233398e-01 3.102564811706542969e+00
9.198760986328125000e-01 3.091286659240722656e+00
9.208847284317016602e-01 3.119665384292602539e+00
9.218933582305908203e-01 3.155134439468383789e+00
9.229020476341247559e-01 3.098979711532592773e+00
9.239106774330139160e-01 3.115067720413208008e+00
9.249193072319030762e-01 3.125138759613037109e+00
9.259279370307922363e-01 3.099389314651489258e+00
9.269365668296813965e-01 3.091403007507324219e+00
9.279451966285705566e-01 3.168864488601684570e+00
9.289538264274597168e-01 3.085381269454956055e+00
9.299624562263488770e-01 3.087629318237304688e+00
9.309710860252380371e-01 3.121688365936279297e+00
9.319797158241271973e-01 3.115758657455444336e+00
9.329884052276611328e-01 3.145479202270507812e+00
9.339970350265502930e-01 3.156102657318115234e+00
9.350056648254394531e-01 3.165351867675781250e+00
9.360142946243286133e-01 3.194107532501220703e+00
9.370229244232177734e-01 3.210536003112792969e+00
9.380315542221069336e-01 3.228289604187011719e+00
9.390401840209960938e-01 3.224906444549560547e+00
9.400488138198852539e-01 3.197407722473144531e+00
9.410574436187744141e-01 3.244035959243774414e+00
9.420661330223083496e-01 3.237292528152465820e+00
9.430747628211975098e-01 3.236890554428100586e+00
9.440833926200866699e-01 3.285650968551635742e+00
9.450920224189758301e-01 3.266283512115478516e+00
9.461006522178649902e-01 3.227240324020385742e+00
9.471092820167541504e-01 3.284096479415893555e+00
9.481179118156433105e-01 3.263681173324584961e+00
9.491265416145324707e-01 3.227356672286987305e+00
9.501351714134216309e-01 3.252559423446655273e+00
9.511438012123107910e-01 3.297977924346923828e+00
9.521524906158447266e-01 3.301430225372314453e+00
9.531611204147338867e-01 3.315481185913085938e+00
9.541697502136230469e-01 3.323919296264648438e+00
9.551783800125122070e-01 3.334829092025756836e+00
9.561870098114013672e-01 3.321555614471435547e+00
9.571956396102905273e-01 3.276508569717407227e+00
9.582042694091796875e-01 3.303535223007202148e+00
9.592128992080688477e-01 3.349038362503051758e+00
9.602215290069580078e-01 3.337227582931518555e+00
9.612302184104919434e-01 3.352216243743896484e+00
9.622388482093811035e-01 3.365520954132080078e+00
9.632474780082702637e-01 3.428875684738159180e+00
9.642561078071594238e-01 3.403360128402709961e+00
9.652647376060485840e-01 3.376272201538085938e+00
9.662733674049377441e-01 3.369409799575805664e+00
9.672819972038269043e-01 3.349509477615356445e+00
9.682906270027160645e-01 3.292231082916259766e+00
9.692992568016052246e-01 3.362451553344726562e+00
9.703078866004943848e-01 3.346281528472900391e+00
9.713165760040283203e-01 3.426610469818115234e+00
9.723252058029174805e-01 3.465413570404052734e+00
9.733338356018066406e-01 3.405654907226562500e+00
9.743424654006958008e-01 3.423720598220825195e+00
9.753510951995849609e-01 3.428634881973266602e+00
9.763597249984741211e-01 3.481442451477050781e+00
9.773683547973632812e-01 3.398343086242675781e+00
9.783769845962524414e-01 3.454027891159057617e+00
9.793856143951416016e-01 3.474680900573730469e+00
9.803943037986755371e-01 3.448482751846313477e+00
9.814029335975646973e-01 3.502729654312133789e+00
9.824115633964538574e-01 3.533412218093872070e+00
9.834201931953430176e-01 3.494167327880859375e+00
9.844288229942321777e-01 3.488934278488159180e+00
9.854374527931213379e-01 3.421183347702026367e+00
9.864460825920104980e-01 3.447775363922119141e+00
9.874547123908996582e-01 3.485894918441772461e+00
9.884633421897888184e-01 3.502296686172485352e+00
9.894719719886779785e-01 3.572358131408691406e+00
9.904806613922119141e-01 3.542927980422973633e+00
9.914892911911010742e-01 3.563297748565673828e+00
9.924979209899902344e-01 3.555751323699951172e+00
9.935065507888793945e-01 3.610264539718627930e+00
9.945151805877685547e-01 3.582405567169189453e+00
9.955238103866577148e-01 3.571970701217651367e+00
9.965324401855468750e-01 3.593344211578369141e+00
9.975410699844360352e-01 3.570223331451416016e+00
9.985496997833251953e-01 3.554646730422973633e+00
9.995583891868591309e-01 3.584934234619140625e+00
1.000566959381103516e+00 3.654876708984375000e+00
1.001575589179992676e+00 3.705305576324462891e+00
1.002584218978881836e+00 3.628382921218872070e+00
1.003592848777770996e+00 3.663201332092285156e+00
1.004601597785949707e+00 3.661998987197875977e+00
1.005610227584838867e+00 3.635110616683959961e+00
1.006618857383728027e+00 3.660145044326782227e+00
1.007627487182617188e+00 3.662122011184692383e+00
1.008636116981506348e+00 3.688639640808105469e+00
1.009644746780395508e+00 3.654957056045532227e+00
1.010653376579284668e+00 3.752666234970092773e+00
1.011662006378173828e+00 3.705170154571533203e+00
1.012670636177062988e+00 3.660237550735473633e+00
1.013679265975952148e+00 3.649940490722656250e+00
1.014687895774841309e+00 3.667702198028564453e+00
1.015696525573730469e+00 3.740205764770507812e+00
1.016705155372619629e+00 3.722752332687377930e+00
1.017713785171508789e+00 3.747351408004760742e+00
1.018722414970397949e+00 3.791709184646606445e+00
1.019731044769287109e+00 3.765882253646850586e+00
1.020739674568176270e+00 3.768833160400390625e+00
1.021748304367065430e+00 3.787991523742675781e+00
1.022756934165954590e+00 3.787940979003906250e+00
1.023765683174133301e+00 3.735723972320556641e+00
1.024774312973022461e+00 3.831136465072631836e+00
1.025782942771911621e+00 3.861297130584716797e+00
1.026791572570800781e+00 3.837413072586059570e+00
1.027800202369689941e+00 3.869295597076416016e+00
1.028808832168579102e+00 3.816486358642578125e+00
1.029817461967468262e+00 3.722872734069824219e+00
1.030826091766357422e+00 3.881051063537597656e+00
1.031834721565246582e+00 3.878725051879882812e+00
1.032843351364135742e+00 3.892526865005493164e+00
1.033851981163024902e+00 3.816960334777832031e+00
1.034860610961914062e+00 3.849681854248046875e+00
1.035869240760803223e+00 4.009502410888671875e+00
1.036877870559692383e+00 3.856169462203979492e+00
1.037886500358581543e+00 3.889993667602539062e+00
1.038895130157470703e+00 3.868304967880249023e+00
1.039903759956359863e+00 3.832661628723144531e+00
1.040912389755249023e+00 3.815533876419067383e+00
1.041921019554138184e+00 3.832330465316772461e+00
1.042929768562316895e+00 3.894215822219848633e+00
1.043938398361206055e+00 3.907123804092407227e+00
1.044947028160095215e+00 3.885353565216064453e+00
1.045955657958984375e+00 3.962730646133422852e+00
1.046964287757873535e+00 4.047038555145263672e+00
1.047972917556762695e+00 3.970093250274658203e+00
1.048981547355651855e+00 3.934116125106811523e+00
1.049990177154541016e+00 3.948679208755493164e+00
1.050998806953430176e+00 3.936270475387573242e+00
1.052007436752319336e+00 3.928947448730468750e+00
1.053016066551208496e+00 4.134008884429931641e+00
1.054024696350097656e+00 4.102099418640136719e+00
1.055033326148986816e+00 4.050161838531494141e+00
1.056041955947875977e+00 4.024433135986328125e+00
1.057050585746765137e+00 4.074504852294921875e+00
1.058059215545654297e+00 4.110449790954589844e+00
1.059067845344543457e+00 3.977354526519775391e+00
1.060076475143432617e+00 4.092784881591796875e+00
1.061085104942321777e+00 4.108084201812744141e+00
1.062093853950500488e+00 4.066275119781494141e+00
1.063102483749389648e+00 4.033722877502441406e+00
1.064111113548278809e+00 4.120738506317138672e+00
1.065119743347167969e+00 4.072535037994384766e+00
1.066128373146057129e+00 4.112838745117187500e+00
1.067137002944946289e+00 4.085825443267822266e+00
1.068145632743835449e+00 4.149405002593994141e+00
1.069154262542724609e+00 4.154531002044677734e+00
1.070162892341613770e+00 4.110728263854980469e+00
1.071171522140502930e+00 4.258053302764892578e+00
1.072180151939392090e+00 4.156125545501708984e+00
1.073188781738281250e+00 4.071273326873779297e+00
1.074197411537170410e+00 4.238521099090576172e+00
1.075206041336059570e+00 4.156467437744140625e+00
1.076214671134948730e+00 4.115508079528808594e+00
1.077223300933837891e+00 4.274609088897705078e+00
1.078231930732727051e+00 4.282437801361083984e+00
1.079240560531616211e+00 4.034152984619140625e+00
1.080249190330505371e+00 4.253595829010009766e+00
1.081257939338684082e+00 4.262359142303466797e+00
1.082266569137573242e+00 4.169981002807617188e+00
1.083275198936462402e+00 4.292659759521484375e+00
1.084283828735351562e+00 4.298176288604736328e+00
1.085292458534240723e+00 4.160070896148681641e+00
1.086301088333129883e+00 4.212367057800292969e+00
1.087309718132019043e+00 4.164079189300537109e+00
1.088318347930908203e+00 4.307035923004150391e+00
1.089326977729797363e+00 4.400431156158447266e+00
1.090335607528686523e+00 4.264226913452148438e+00
1.091344237327575684e+00 4.258172512054443359e+00
1.092352867126464844e+00 4.328870773315429688e+00
1.093361496925354004e+00 4.286981582641601562e+00
1.094370126724243164e+00 4.372457504272460938e+00
1.095378756523132324e+00 4.393727779388427734e+00
1.096387386322021484e+00 4.432129859924316406e+00
1.097396016120910645e+00 4.441707134246826172e+00
1.098404645919799805e+00 4.450702667236328125e+00
1.099413275718688965e+00 4.475231647491455078e+00
1.100422024726867676e+00 4.762324810028076172e+00
1.101430654525756836e+00 4.574654102325439453e+00
1.102439284324645996e+00 4.496476173400878906e+00
1.103447914123535156e+00 4.478348255157470703e+00
1.104456543922424316e+00 4.384984493255615234e+00
1.105465173721313477e+00 4.461739540100097656e+00
1.106473803520202637e+00 4.473908901214599609e+00
1.107482433319091797e+00 4.457784652709960938e+00
1.108491063117980957e+00 4.360304832458496094e+00
1.109499692916870117e+00 4.629932403564453125e+00
1.110508322715759277e+00 4.520380496978759766e+00
1.111516952514648438e+00 4.584472179412841797e+00
1.112525582313537598e+00 4.514917850494384766e+00
1.113534212112426758e+00 4.517999172210693359e+00
1.114542841911315918e+00 4.708148479461669922e+00
1.115551471710205078e+00 4.492935657501220703e+00
1.116560101509094238e+00 4.552207469940185547e+00
1.117568731307983398e+00 4.541447162628173828e+00
1.118577361106872559e+00 4.592200756072998047e+00
1.119586110115051270e+00 4.594693183898925781e+00
1.120594739913940430e+00 4.491179466247558594e+00
1.121603369712829590e+00 4.519956588745117188e+00
1.122611999511718750e+00 4.511906623840332031e+00
1.123620629310607910e+00 4.511045932769775391e+00
1.124629259109497070e+00 4.509482383728027344e+00
1.125637888908386230e+00 4.672696590423583984e+00
1.126646518707275391e+00 4.622639656066894531e+00
1.127655148506164551e+00 4.554368019104003906e+00
1.128663778305053711e+00 4.496864318847656250e+00
1.129672408103942871e+00 4.588972091674804688e+00
1.130681037902832031e+00 4.503516674041748047e+00
1.131689667701721191e+00 4.783541202545166016e+00
1.132698297500610352e+00 4.726230144500732422e+00
1.133706927299499512e+00 4.555340290069580078e+00
1.134715557098388672e+00 4.838780403137207031e+00
1.135724186897277832e+00 4.732133388519287109e+00
1.136732816696166992e+00 4.728809356689453125e+00
1.137741446495056152e+00 4.762053966522216797e+00
1.138750195503234863e+00 4.675350666046142578e+00
1.139758825302124023e+00 4.502231597900390625e+00
1.140767455101013184e+00 4.685961723327636719e+00
1.141776084899902344e+00 4.665446281433105469e+00
1.142784714698791504e+00 4.776153087615966797e+00
1.143793344497680664e+00 4.790482997894287109e+00
1.144801974296569824e+00 4.906899929046630859e+00
1.145810604095458984e+00 4.885779857635498047e+00
1.146819233894348145e+00 4.836860656738281250e+00
1.147827863693237305e+00 4.644367218017578125e+00
1.148836493492126465e+00 4.774003505706787109e+00
1.149845123291015625e+00 5.022433757781982422e+00
1.150853753089904785e+00 4.820458889007568359e+00
1.151862382888793945e+00 4.751712322235107422e+00
1.152871012687683105e+00 4.868966579437255859e+00
1.153879642486572266e+00 4.762793540954589844e+00
1.154888272285461426e+00 4.789963245391845703e+00
1.155896902084350586e+00 4.740237236022949219e+00
1.156905531883239746e+00 4.786061763763427734e+00
1.157914280891418457e+00 4.648606777191162109e+00
1.158922910690307617e+00 4.762266635894775391e+00
1.159931540489196777e+00 4.647344112396240234e+00
1.160940170288085938e+00 4.700740337371826172e+00
1.161948800086975098e+00 4.809756755828857422e+00
1.162957429885864258e+00 4.923774242401123047e+00
1.163966059684753418e+00 4.970369338989257812e+00
1.164974689483642578e+00 4.783578395843505859e+00
1.165983319282531738e+00 4.776691436767578125e+00
1.166991949081420898e+00 4.901685714721679688e+00
1.168000578880310059e+00 4.951893329620361328e+00
1.169009208679199219e+00 4.910011291503906250e+00
1.170017838478088379e+00 5.005003929138183594e+00
1.171026468276977539e+00 4.879782199859619141e+00
1.172035098075866699e+00 4.930292129516601562e+00
1.173043727874755859e+00 4.979142665863037109e+00
1.174052357673645020e+00 4.926168441772460938e+00
1.175060987472534180e+00 4.924995899200439453e+00
1.176069617271423340e+00 4.991875171661376953e+00
1.177078366279602051e+00 4.913126468658447266e+00
1.178086996078491211e+00 4.997719764709472656e+00
1.179095625877380371e+00 4.989637374877929688e+00
1.180104255676269531e+00 4.810552597045898438e+00
1.181112885475158691e+00 5.078312397003173828e+00
1.182121515274047852e+00 4.781227588653564453e+00
1.183130145072937012e+00 4.835599422454833984e+00
1.184138774871826172e+00 4.682806491851806641e+00
1.185147404670715332e+00 4.850967407226562500e+00
1.186156034469604492e+00 4.893109321594238281e+00
1.187164664268493652e+00 4.978052139282226562e+00
1.188173294067382812e+00 4.990007877349853516e+00
1.189181923866271973e+00 4.823128223419189453e+00
1.190190553665161133e+00 5.039030075073242188e+00
1.191199183464050293e+00 5.133865356445312500e+00
1.192207813262939453e+00 5.209811687469482422e+00
1.193216443061828613e+00 5.012335300445556641e+00
1.194225072860717773e+00 4.907980442047119141e+00
1.195233702659606934e+00 5.387501716613769531e+00
1.196242451667785645e+00 5.297166824340820312e+00
1.197251081466674805e+00 4.900331974029541016e+00
1.198259711265563965e+00 4.974165916442871094e+00
1.199268341064453125e+00 4.851291656494140625e+00
1.200276970863342285e+00 5.288856983184814453e+00
1.201285600662231445e+00 5.177191734313964844e+00
1.202294230461120605e+00 5.228950500488281250e+00
1.203302860260009766e+00 5.198588371276855469e+00
1.204311490058898926e+00 4.604401588439941406e+00
1.205320119857788086e+00 4.690463542938232422e+00
1.206328749656677246e+00 4.710734844207763672e+00
1.207337379455566406e+00 4.838311672210693359e+00
1.208346009254455566e+00 5.018324375152587891e+00
1.209354639053344727e+00 3.890200138092041016e+00
