0.000000000000000000e+00 3.262402539062500000e+04
1.008636085316538811e-03 2.598166210937500000e+04
2.017272170633077621e-03 1.944752734375000000e+04
3.025908255949616432e-03 1.489786132812500000e+04
4.034544341266155243e-03 1.159571484375000000e+04
5.043180659413337708e-03 9.007848632812500000e+03
6.051816511899232864e-03 7.140297363281250000e+03
7.060452364385128021e-03 5.707867187500000000e+03
8.069088682532310486e-03 4.659211914062500000e+03
9.077725000679492950e-03 3.805285156250000000e+03
1.008636131882667542e-02 3.185519042968750000e+03
1.109499670565128326e-02 2.672454833984375000e+03
1.210363302379846573e-02 2.201777587890625000e+03
1.311226934194564819e-02 1.875043457031250000e+03
1.412090472877025604e-02 1.607170776367187500e+03
1.512954104691743851e-02 1.380817138671875000e+03
1.613817736506462097e-02 1.188101074218750000e+03
1.714681275188922882e-02 1.033954223632812500e+03
1.815545000135898590e-02 8.913583984375000000e+02
1.916408538818359375e-02 7.810377197265625000e+02
2.017272263765335083e-02 6.813755493164062500e+02
2.118135802447795868e-02 6.028079833984375000e+02
2.218999341130256653e-02 5.356924438476562500e+02
2.319863066077232361e-02 4.792769470214843750e+02
2.420726604759693146e-02 4.284548339843750000e+02
2.521590143442153931e-02 3.820233764648437500e+02
2.622453868389129639e-02 3.443433837890625000e+02
2.723317407071590424e-02 3.101963195800781250e+02
2.824180945754051208e-02 2.813969726562500000e+02
2.925044670701026917e-02 2.544403839111328125e+02
3.025908209383487701e-02 2.297733917236328125e+02
3.126771748065948486e-02 2.110376434326171875e+02
3.227635473012924194e-02 1.920136871337890625e+02
3.328499197959899902e-02 1.757866668701171875e+02
3.429362550377845764e-02 1.614027709960937500e+02
3.530226275324821472e-02 1.490722503662109375e+02
3.631090000271797180e-02 1.364168243408203125e+02
3.731953352689743042e-02 1.246430435180664062e+02
3.832817077636718750e-02 1.147205810546875000e+02
3.933680802583694458e-02 1.064212799072265625e+02
4.034544527530670166e-02 9.926638031005859375e+01
4.135407879948616028e-02 9.181831359863281250e+01
4.236271604895591736e-02 8.543914794921875000e+01
4.337135329842567444e-02 7.876198577880859375e+01
4.437998682260513306e-02 7.365381622314453125e+01
4.538862407207489014e-02 6.911264038085937500e+01
4.639726132154464722e-02 6.465579986572265625e+01
4.740589484572410583e-02 6.031198883056640625e+01
4.841453209519386292e-02 5.679549789428710938e+01
4.942316934466362000e-02 5.323156356811523438e+01
5.043180286884307861e-02 5.000822830200195312e+01
5.144044011831283569e-02 4.712715911865234375e+01
5.244907736778259277e-02 4.414191436767578125e+01
5.345771089196205139e-02 4.155647659301757812e+01
5.446634814143180847e-02 3.962896728515625000e+01
5.547498539090156555e-02 3.743231964111328125e+01
5.648361891508102417e-02 3.521195983886718750e+01
5.749225616455078125e-02 3.332327270507812500e+01
5.850089341402053833e-02 3.142344665527343750e+01
5.950953066349029541e-02 2.986318969726562500e+01
6.051816418766975403e-02 2.853000259399414062e+01
6.152680143713951111e-02 2.714787101745605469e+01
6.253543496131896973e-02 2.570135307312011719e+01
6.354407221078872681e-02 2.462677001953125000e+01
6.455270946025848389e-02 2.352596282958984375e+01
6.556134670972824097e-02 2.242207908630371094e+01
6.656998395919799805e-02 2.138785743713378906e+01
6.757862120866775513e-02 2.041175651550292969e+01
6.858725100755691528e-02 1.959790229797363281e+01
6.959588825702667236e-02 1.870460319519042969e+01
7.060452550649642944e-02 1.779671859741210938e+01
7.161316275596618652e-02 1.720941352844238281e+01
7.262180000543594360e-02 1.670901489257812500e+01
7.363043725490570068e-02 1.609211158752441406e+01
7.463906705379486084e-02 1.533993625640869141e+01
7.564770430326461792e-02 1.488713741302490234e+01
7.665634155273437500e-02 1.434653282165527344e+01
7.766497880220413208e-02 1.394632148742675781e+01
7.867361605167388916e-02 1.331524658203125000e+01
7.968225330114364624e-02 1.280350685119628906e+01
8.069089055061340332e-02 1.237548255920410156e+01
8.169952034950256348e-02 1.211747550964355469e+01
8.270815759897232056e-02 1.172624969482421875e+01
8.371679484844207764e-02 1.116842651367187500e+01
8.472543209791183472e-02 1.095915603637695312e+01
8.573406934738159180e-02 1.051199626922607422e+01
8.674270659685134888e-02 1.026426982879638672e+01
8.775133639574050903e-02 1.009733295440673828e+01
8.875997364521026611e-02 9.608243942260742188e+00
8.976861089468002319e-02 9.281835556030273438e+00
9.077724814414978027e-02 9.164891242980957031e+00
9.178588539361953735e-02 8.901495933532714844e+00
9.279452264308929443e-02 8.601922035217285156e+00
9.380315244197845459e-02 8.494633674621582031e+00
9.481178969144821167e-02 8.338014602661132812e+00
9.582042694091796875e-02 8.152018547058105469e+00
9.682906419038772583e-02 7.961592197418212891e+00
9.783770143985748291e-02 7.681802272796630859e+00
9.884633868932723999e-02 7.429622650146484375e+00
9.985497593879699707e-02 7.354949474334716797e+00
1.008636057376861572e-01 7.069797992706298828e+00
1.018722429871559143e-01 7.046443462371826172e+00
1.028808802366256714e-01 6.770747661590576172e+00
1.038895174860954285e-01 6.702889442443847656e+00
1.048981547355651855e-01 6.584685802459716797e+00
1.059067919850349426e-01 6.551125049591064453e+00
1.069154217839241028e-01 6.328326225280761719e+00
1.079240590333938599e-01 6.269991874694824219e+00
1.089326962828636169e-01 6.155246734619140625e+00
1.099413335323333740e-01 6.029564857482910156e+00
1.109499707818031311e-01 5.964424610137939453e+00
1.119586080312728882e-01 5.873224735260009766e+00
1.129672378301620483e-01 5.595260143280029297e+00
1.139758750796318054e-01 5.611981868743896484e+00
1.149845123291015625e-01 5.445964336395263672e+00
1.159931495785713196e-01 5.356931209564208984e+00
1.170017868280410767e-01 5.176576614379882812e+00
1.180104240775108337e-01 5.157040596008300781e+00
1.190190613269805908e-01 5.197323799133300781e+00
1.200276911258697510e-01 5.116682052612304688e+00
1.210363283753395081e-01 4.957737922668457031e+00
1.220449656248092651e-01 4.895932197570800781e+00
1.230536028742790222e-01 4.709551811218261719e+00
1.240622401237487793e-01 4.765442848205566406e+00
1.250708699226379395e-01 4.647137641906738281e+00
1.260795146226882935e-01 4.569731235504150391e+00
1.270881444215774536e-01 4.597415447235107422e+00
1.280967891216278076e-01 4.491146564483642578e+00
1.291054189205169678e-01 4.452895164489746094e+00
1.301140487194061279e-01 4.408044815063476562e+00
1.311226934194564819e-01 4.321732044219970703e+00
1.321313232183456421e-01 4.247146129608154297e+00
1.331399679183959961e-01 4.268635272979736328e+00
1.341485977172851562e-01 4.168303489685058594e+00
1.351572424173355103e-01 4.107763290405273438e+00
1.361658722162246704e-01 4.069856643676757812e+00
1.371745020151138306e-01 4.062776088714599609e+00
1.381831467151641846e-01 3.920101404190063477e+00
1.391917765140533447e-01 3.925306797027587891e+00
1.402004212141036987e-01 3.896661043167114258e+00
1.412090510129928589e-01 3.864964246749877930e+00
1.422176808118820190e-01 3.800760746002197266e+00
1.432263255119323730e-01 3.767404317855834961e+00
1.442349553108215332e-01 3.691011190414428711e+00
1.452436000108718872e-01 3.710597276687622070e+00
1.462522298097610474e-01 3.694992780685424805e+00
1.472608745098114014e-01 3.600826263427734375e+00
1.482695043087005615e-01 3.619412660598754883e+00
1.492781341075897217e-01 3.479193925857543945e+00
1.502867788076400757e-01 3.463368654251098633e+00
1.512954086065292358e-01 3.426063299179077148e+00
1.523040533065795898e-01 3.335296154022216797e+00
1.533126831054687500e-01 3.421978712081909180e+00
1.543213278055191040e-01 3.408342123031616211e+00
1.553299576044082642e-01 3.319118022918701172e+00
1.563385874032974243e-01 3.303399085998535156e+00
1.573472321033477783e-01 3.257158756256103516e+00
1.583558619022369385e-01 3.275068998336791992e+00
1.593645066022872925e-01 3.176858663558959961e+00
1.603731364011764526e-01 3.150477886199951172e+00
1.613817811012268066e-01 3.225712776184082031e+00
1.623904109001159668e-01 3.179983615875244141e+00
1.633990406990051270e-01 3.120137929916381836e+00
1.644076853990554810e-01 3.110449314117431641e+00
1.654163151979446411e-01 3.123244285583496094e+00
1.664249598979949951e-01 3.045124769210815430e+00
1.674335896968841553e-01 3.053880214691162109e+00
1.684422194957733154e-01 3.060845851898193359e+00
1.694508641958236694e-01 2.961418390274047852e+00
1.704594939947128296e-01 2.942823171615600586e+00
1.714681386947631836e-01 3.006330966949462891e+00
1.724767684936523438e-01 2.917941093444824219e+00
1.734854131937026978e-01 2.906274080276489258e+00
1.744940429925918579e-01 2.907473325729370117e+00
1.755026727914810181e-01 2.873723745346069336e+00
1.765113174915313721e-01 2.869079113006591797e+00
1.775199472904205322e-01 2.864215850830078125e+00
1.785285919904708862e-01 2.836687564849853516e+00
1.795372217893600464e-01 2.801242589950561523e+00
1.805458664894104004e-01 2.764021158218383789e+00
1.815544962882995605e-01 2.773159503936767578e+00
1.825631260871887207e-01 2.695139884948730469e+00
1.835717707872390747e-01 2.691518783569335938e+00
1.845804005861282349e-01 2.733274221420288086e+00
1.855890452861785889e-01 2.721084117889404297e+00
1.865976750850677490e-01 2.724946260452270508e+00
1.876063048839569092e-01 2.688645601272583008e+00
1.886149495840072632e-01 2.608870267868041992e+00
1.896235793828964233e-01 2.636513948440551758e+00
1.906322240829467773e-01 2.553446292877197266e+00
1.916408538818359375e-01 2.575445175170898438e+00
1.926494985818862915e-01 2.609674930572509766e+00
1.936581283807754517e-01 2.580310821533203125e+00
1.946667581796646118e-01 2.548005819320678711e+00
1.956754028797149658e-01 2.564247846603393555e+00
1.966840326786041260e-01 2.513969421386718750e+00
1.976926773786544800e-01 2.574061393737792969e+00
1.987013071775436401e-01 2.448427915573120117e+00
1.997099518775939941e-01 2.453505277633666992e+00
2.007185816764831543e-01 2.474061489105224609e+00
2.017272114753723145e-01 2.459770202636718750e+00
2.027358561754226685e-01 2.445033788681030273e+00
2.037444859743118286e-01 2.443866968154907227e+00
2.047531306743621826e-01 2.466964244842529297e+00
2.057617604732513428e-01 2.407295227050781250e+00
2.067703902721405029e-01 2.416702985763549805e+00
2.077790349721908569e-01 2.403419494628906250e+00
2.087876647710800171e-01 2.403537511825561523e+00
2.097963094711303711e-01 2.347749233245849609e+00
2.108049392700195312e-01 2.375646591186523438e+00
2.118135839700698853e-01 2.429658174514770508e+00
2.128222137689590454e-01 2.381356954574584961e+00
2.138308435678482056e-01 2.333974123001098633e+00
2.148394882678985596e-01 2.297790050506591797e+00
2.158481180667877197e-01 2.357703447341918945e+00
2.168567627668380737e-01 2.355412960052490234e+00
2.178653925657272339e-01 2.286955595016479492e+00
2.188740372657775879e-01 2.282197952270507812e+00
2.198826670646667480e-01 2.337604761123657227e+00
2.208912968635559082e-01 2.317693471908569336e+00
2.218999415636062622e-01 2.284453630447387695e+00
2.229085713624954224e-01 2.298151969909667969e+00
2.239172160625457764e-01 2.274395227432250977e+00
2.249258458614349365e-01 2.262893676757812500e+00
2.259344756603240967e-01 2.215659618377685547e+00
2.269431203603744507e-01 2.210337400436401367e+00
2.279517501592636108e-01 2.244066238403320312e+00
2.289603948593139648e-01 2.225106000900268555e+00
2.299690246582031250e-01 2.228123188018798828e+00
2.309776693582534790e-01 2.201583147048950195e+00
2.319862991571426392e-01 2.229552984237670898e+00
2.329949289560317993e-01 2.213734865188598633e+00
2.340035736560821533e-01 2.164655923843383789e+00
2.350122034549713135e-01 2.185549259185791016e+00
2.360208481550216675e-01 2.180751800537109375e+00
2.370294779539108276e-01 2.174218654632568359e+00
2.380381226539611816e-01 2.167517423629760742e+00
2.390467524528503418e-01 2.112673997879028320e+00
2.400553822517395020e-01 2.092155933380126953e+00
2.410640269517898560e-01 2.108362436294555664e+00
2.420726567506790161e-01 2.191080331802368164e+00
2.430813014507293701e-01 2.234988451004028320e+00
2.440899312496185303e-01 2.108852148056030273e+00
2.450985759496688843e-01 2.097479343414306641e+00
2.461072057485580444e-01 2.115189313888549805e+00
2.471158355474472046e-01 2.074001073837280273e+00
2.481244802474975586e-01 2.119430065155029297e+00
2.491331100463867188e-01 2.073265314102172852e+00
2.501417398452758789e-01 2.063851833343505859e+00
2.511503994464874268e-01 2.045739650726318359e+00
2.521590292453765869e-01 2.029113769531250000e+00
2.531676590442657471e-01 2.039919137954711914e+00
2.541762888431549072e-01 2.002931594848632812e+00
2.551849186420440674e-01 2.059767246246337891e+00
2.561935782432556152e-01 2.032161474227905273e+00
2.572022080421447754e-01 2.038835048675537109e+00
2.582108378410339355e-01 2.042557954788208008e+00
2.592194676399230957e-01 2.068288803100585938e+00
2.602280974388122559e-01 2.032239913940429688e+00
2.612367570400238037e-01 1.972131252288818359e+00
2.622453868389129639e-01 1.995309233665466309e+00
2.632540166378021240e-01 2.014590740203857422e+00
2.642626464366912842e-01 1.981559872627258301e+00
2.652712762355804443e-01 2.013700485229492188e+00
2.662799358367919922e-01 1.972375869750976562e+00
2.672885656356811523e-01 2.000580072402954102e+00
2.682971954345703125e-01 1.959607720375061035e+00
2.693058252334594727e-01 2.009110689163208008e+00
2.703144848346710205e-01 1.967029929161071777e+00
2.713231146335601807e-01 1.965855836868286133e+00
2.723317444324493408e-01 1.957014918327331543e+00
2.733403742313385010e-01 1.939285278320312500e+00
2.743490040302276611e-01 1.924930453300476074e+00
2.753576636314392090e-01 1.959453701972961426e+00
2.763662934303283691e-01 1.919862627983093262e+00
2.773749232292175293e-01 1.935595273971557617e+00
2.783835530281066895e-01 1.914744019508361816e+00
2.793921828269958496e-01 1.964249372482299805e+00
2.804008424282073975e-01 1.947580814361572266e+00
2.814094722270965576e-01 1.932837247848510742e+00
2.824181020259857178e-01 1.914353489875793457e+00
2.834267318248748779e-01 1.893679261207580566e+00
2.844353616237640381e-01 1.894160151481628418e+00
2.854440212249755859e-01 1.899596571922302246e+00
2.864526510238647461e-01 1.906898736953735352e+00
2.874612808227539062e-01 1.913901567459106445e+00
2.884699106216430664e-01 1.879480004310607910e+00
2.894785702228546143e-01 1.868065714836120605e+00
2.904872000217437744e-01 1.881598830223083496e+00
2.914958298206329346e-01 1.882165074348449707e+00
2.925044596195220947e-01 1.887079119682312012e+00
2.935130894184112549e-01 1.896556258201599121e+00
2.945217490196228027e-01 1.899985909461975098e+00
2.955303788185119629e-01 1.870563030242919922e+00
2.965390086174011230e-01 1.907293677330017090e+00
2.975476384162902832e-01 1.882946133613586426e+00
2.985562682151794434e-01 1.865413546562194824e+00
2.995649278163909912e-01 1.839635372161865234e+00
3.005735576152801514e-01 1.822503566741943359e+00
3.015821874141693115e-01 1.870892405509948730e+00
3.025908172130584717e-01 1.894673585891723633e+00
3.035994470119476318e-01 1.851955294609069824e+00
3.046081066131591797e-01 1.826267480850219727e+00
3.056167364120483398e-01 1.863719940185546875e+00
3.066253662109375000e-01 1.834323525428771973e+00
3.076339960098266602e-01 1.829389333724975586e+00
3.086426556110382080e-01 1.860940217971801758e+00
3.096512854099273682e-01 1.835306644439697266e+00
3.106599152088165283e-01 1.798104166984558105e+00
3.116685450077056885e-01 1.826311826705932617e+00
3.126771748065948486e-01 1.823996782302856445e+00
3.136858344078063965e-01 1.838594079017639160e+00
3.146944642066955566e-01 1.842016935348510742e+00
3.157030940055847168e-01 1.840811491012573242e+00
3.167117238044738770e-01 1.826881408691406250e+00
3.177203536033630371e-01 1.818057775497436523e+00
3.187290132045745850e-01 1.803558945655822754e+00
3.197376430034637451e-01 1.837877392768859863e+00
3.207462728023529053e-01 1.838143825531005859e+00
3.217549026012420654e-01 1.774106860160827637e+00
3.227635622024536133e-01 1.795534610748291016e+00
3.237721920013427734e-01 1.798847556114196777e+00
3.247808218002319336e-01 1.814079165458679199e+00
3.257894515991210938e-01 1.801210761070251465e+00
3.267980813980102539e-01 1.802058458328247070e+00
3.278067409992218018e-01 1.795509815216064453e+00
3.288153707981109619e-01 1.809691548347473145e+00
3.298240005970001221e-01 1.761831998825073242e+00
3.308326303958892822e-01 1.782109379768371582e+00
3.318412601947784424e-01 1.783297061920166016e+00
3.328499197959899902e-01 1.778052806854248047e+00
3.338585495948791504e-01 1.772535920143127441e+00
3.348671793937683105e-01 1.790356636047363281e+00
3.358758091926574707e-01 1.793828129768371582e+00
3.368844389915466309e-01 1.794243693351745605e+00
3.378930985927581787e-01 1.797424793243408203e+00
3.389017283916473389e-01 1.796135187149047852e+00
3.399103581905364990e-01 1.769891142845153809e+00
3.409189879894256592e-01 1.802120685577392578e+00
3.419276475906372070e-01 1.802165508270263672e+00
3.429362773895263672e-01 1.809049248695373535e+00
3.439449071884155273e-01 1.766932487487792969e+00
3.449535369873046875e-01 1.798901319503784180e+00
3.459621667861938477e-01 1.788143873214721680e+00
3.469708263874053955e-01 1.761649727821350098e+00
3.479794561862945557e-01 1.782590508460998535e+00
3.489880859851837158e-01 1.777024030685424805e+00
3.499967157840728760e-01 1.778119325637817383e+00
3.510053455829620361e-01 1.773361086845397949e+00
3.520140051841735840e-01 1.760433435440063477e+00
3.530226349830627441e-01 1.760951161384582520e+00
3.540312647819519043e-01 1.752339720726013184e+00
3.550398945808410645e-01 1.735430955886840820e+00
3.560485243797302246e-01 1.740036606788635254e+00
3.570571839809417725e-01 1.758813619613647461e+00
3.580658137798309326e-01 1.768923521041870117e+00
3.590744435787200928e-01 1.760928630828857422e+00
3.600830733776092529e-01 1.749700069427490234e+00
3.610917329788208008e-01 1.767974734306335449e+00
3.621003627777099609e-01 1.750324726104736328e+00
3.631089925765991211e-01 1.764715075492858887e+00
3.641176223754882812e-01 1.757240772247314453e+00
3.651262521743774414e-01 1.754451155662536621e+00
3.661349117755889893e-01 1.757028579711914062e+00
3.671435415744781494e-01 1.726402878761291504e+00
3.681521713733673096e-01 1.741653919219970703e+00
3.691608011722564697e-01 1.741849184036254883e+00
3.701694309711456299e-01 1.746811032295227051e+00
3.711780905723571777e-01 1.771887779235839844e+00
3.721867203712463379e-01 1.742372155189514160e+00
3.731953501701354980e-01 1.714237809181213379e+00
3.742039799690246582e-01 1.735026359558105469e+00
3.752126097679138184e-01 1.739851117134094238e+00
3.762212693691253662e-01 1.769235014915466309e+00
3.772298991680145264e-01 1.767130017280578613e+00
3.782385289669036865e-01 1.736907362937927246e+00
3.792471587657928467e-01 1.740481734275817871e+00
3.802558183670043945e-01 1.742990136146545410e+00
3.812644481658935547e-01 1.747422575950622559e+00
3.822730779647827148e-01 1.758162736892700195e+00
3.832817077636718750e-01 1.746165275573730469e+00
3.842903375625610352e-01 1.719092011451721191e+00
3.852989971637725830e-01 1.752603650093078613e+00
3.863076269626617432e-01 1.741128206253051758e+00
3.873162567615509033e-01 1.747712731361389160e+00
3.883248865604400635e-01 1.755371928215026855e+00
3.893335163593292236e-01 1.722623586654663086e+00
3.903421759605407715e-01 1.728621244430541992e+00
3.913508057594299316e-01 1.702988266944885254e+00
3.923594355583190918e-01 1.742615222930908203e+00
3.933680653572082520e-01 1.723482847213745117e+00
3.943766951560974121e-01 1.716765761375427246e+00
3.953853547573089600e-01 1.736323952674865723e+00
3.963939845561981201e-01 1.683669924736022949e+00
3.974026143550872803e-01 1.726100206375122070e+00
3.984112441539764404e-01 1.715130805969238281e+00
3.994199037551879883e-01 1.733106851577758789e+00
4.004285335540771484e-01 1.732363343238830566e+00
4.014371633529663086e-01 1.723658204078674316e+00
4.024457931518554688e-01 1.735620498657226562e+00
4.034544229507446289e-01 1.702572107315063477e+00
4.044630825519561768e-01 1.711664080619812012e+00
4.054717123508453369e-01 1.738342642784118652e+00
4.064803421497344971e-01 1.730661630630493164e+00
4.074889719486236572e-01 1.710801124572753906e+00
4.084976017475128174e-01 1.746480941772460938e+00
4.095062613487243652e-01 1.710968494415283203e+00
4.105148911476135254e-01 1.714673995971679688e+00
4.115235209465026855e-01 1.726176023483276367e+00
4.125321507453918457e-01 1.744564771652221680e+00
4.135407805442810059e-01 1.726642608642578125e+00
4.145494401454925537e-01 1.732000350952148438e+00
4.155580699443817139e-01 1.728286027908325195e+00
4.165666997432708740e-01 1.694884181022644043e+00
4.175753295421600342e-01 1.723858356475830078e+00
4.185839891433715820e-01 1.726817965507507324e+00
4.195926189422607422e-01 1.704005599021911621e+00
4.206012487411499023e-01 1.712616682052612305e+00
4.216098785400390625e-01 1.709145545959472656e+00
4.226185083389282227e-01 1.705086112022399902e+00
4.236271679401397705e-01 1.729820013046264648e+00
4.246357977390289307e-01 1.716976046562194824e+00
4.256444275379180908e-01 1.724459886550903320e+00
4.266530573368072510e-01 1.704750895500183105e+00
4.276616871356964111e-01 1.699535846710205078e+00
4.286703467369079590e-01 1.709211587905883789e+00
4.296789765357971191e-01 1.684631466865539551e+00
4.306876063346862793e-01 1.717460632324218750e+00
4.316962361335754395e-01 1.716327905654907227e+00
4.327048659324645996e-01 1.710758328437805176e+00
4.337135255336761475e-01 1.695244193077087402e+00
4.347221553325653076e-01 1.717673063278198242e+00
4.357307851314544678e-01 1.725927352905273438e+00
4.367394149303436279e-01 1.696321845054626465e+00
4.377480745315551758e-01 1.668380498886108398e+00
4.387567043304443359e-01 1.721499562263488770e+00
4.397653341293334961e-01 1.711321115493774414e+00
4.407739639282226562e-01 1.728198289871215820e+00
4.417825937271118164e-01 1.712446928024291992e+00
4.427912533283233643e-01 1.725010156631469727e+00
4.437998831272125244e-01 1.710257291793823242e+00
4.448085129261016846e-01 1.694970488548278809e+00
4.458171427249908447e-01 1.680794835090637207e+00
4.468257725238800049e-01 1.693961501121520996e+00
4.478344321250915527e-01 1.722227454185485840e+00
4.488430619239807129e-01 1.703853011131286621e+00
4.498516917228698730e-01 1.710594773292541504e+00
4.508603215217590332e-01 1.717942833900451660e+00
4.518689513206481934e-01 1.705624580383300781e+00
4.528776109218597412e-01 1.692625880241394043e+00
4.538862407207489014e-01 1.690184950828552246e+00
4.548948705196380615e-01 1.689847946166992188e+00
4.559035003185272217e-01 1.697871565818786621e+00
4.569121599197387695e-01 1.699202418327331543e+00
4.579207897186279297e-01 1.691192984580993652e+00
4.589294195175170898e-01 1.676885247230529785e+00
4.599380493164062500e-01 1.693257331848144531e+00
4.609466791152954102e-01 1.674506068229675293e+00
4.619553387165069580e-01 1.662711739540100098e+00
4.629639685153961182e-01 1.674464344978332520e+00
4.639725983142852783e-01 1.691323280334472656e+00
4.649812281131744385e-01 1.670613765716552734e+00
4.659898579120635986e-01 1.689221024513244629e+00
4.669985175132751465e-01 1.678807139396667480e+00
4.680071473121643066e-01 1.698109865188598633e+00
4.690157771110534668e-01 1.696351766586303711e+00
4.700244069099426270e-01 1.676742434501647949e+00
4.710330665111541748e-01 1.692804455757141113e+00
4.720416963100433350e-01 1.700376749038696289e+00
4.730503261089324951e-01 1.680838942527770996e+00
4.740589559078216553e-01 1.670831322669982910e+00
4.750675857067108154e-01 1.668645739555358887e+00
4.760762453079223633e-01 1.686645388603210449e+00
4.770848751068115234e-01 1.696546673774719238e+00
4.780935049057006836e-01 1.692197203636169434e+00
4.791021347045898438e-01 1.702610254287719727e+00
4.801107645034790039e-01 1.669429063796997070e+00
4.811194241046905518e-01 1.661494135856628418e+00
4.821280539035797119e-01 1.681451916694641113e+00
4.831366837024688721e-01 1.681056261062622070e+00
4.841453135013580322e-01 1.682552814483642578e+00
4.851539433002471924e-01 1.656374573707580566e+00
4.861626029014587402e-01 1.659794449806213379e+00
4.871712327003479004e-01 1.662920117378234863e+00
4.881798624992370605e-01 1.663996458053588867e+00
4.891884922981262207e-01 1.653080344200134277e+00
4.901971518993377686e-01 1.676495909690856934e+00
4.912057816982269287e-01 1.676979184150695801e+00
4.922144114971160889e-01 1.680335640907287598e+00
4.932230412960052490e-01 1.681316256523132324e+00
4.942316710948944092e-01 1.674308300018310547e+00
4.952403306961059570e-01 1.652100682258605957e+00
4.962489604949951172e-01 1.661632895469665527e+00
4.972575902938842773e-01 1.651751875877380371e+00
4.982662200927734375e-01 1.674887418746948242e+00
4.992748498916625977e-01 1.673643708229064941e+00
5.002834796905517578e-01 1.671665549278259277e+00
5.012921094894409180e-01 1.657400965690612793e+00
5.023007988929748535e-01 1.661496996879577637e+00
5.033094286918640137e-01 1.665051460266113281e+00
5.043180584907531738e-01 1.744181752204895020e+00
5.053266882896423340e-01 1.701417088508605957e+00
5.063353180885314941e-01 1.653200864791870117e+00
5.073439478874206543e-01 1.652430772781372070e+00
5.083525776863098145e-01 1.682315111160278320e+00
5.093612074851989746e-01 1.664622426033020020e+00
5.103698372840881348e-01 1.651305437088012695e+00
5.113784670829772949e-01 1.688590168952941895e+00
5.123871564865112305e-01 1.657260179519653320e+00
5.133957862854003906e-01 1.664202451705932617e+00
5.144044160842895508e-01 1.642065048217773438e+00
5.154130458831787109e-01 1.648126602172851562e+00
5.164216756820678711e-01 1.668122172355651855e+00
5.174303054809570312e-01 1.687480330467224121e+00
5.184389352798461914e-01 1.669684529304504395e+00
5.194475650787353516e-01 1.648159384727478027e+00
5.204561948776245117e-01 1.651057958602905273e+00
5.214648842811584473e-01 1.645121812820434570e+00
5.224735140800476074e-01 1.686602830886840820e+00
5.234821438789367676e-01 1.648207306861877441e+00
5.244907736778259277e-01 1.627599000930786133e+00
5.254994034767150879e-01 1.666275262832641602e+00
5.265080332756042480e-01 1.674202322959899902e+00
5.275166630744934082e-01 1.652057290077209473e+00
5.285252928733825684e-01 1.653570890426635742e+00
5.295339226722717285e-01 1.646847844123840332e+00
5.305425524711608887e-01 1.661626815795898438e+00
5.315512418746948242e-01 1.661629796028137207e+00
5.325598716735839844e-01 1.635455369949340820e+00
5.335685014724731445e-01 1.655515074729919434e+00
5.345771312713623047e-01 1.646518826484680176e+00
5.355857610702514648e-01 1.659342288970947266e+00
5.365943908691406250e-01 1.654859185218811035e+00
5.376030206680297852e-01 1.646476387977600098e+00
5.386116504669189453e-01 1.630283713340759277e+00
5.396202802658081055e-01 1.664337038993835449e+00
5.406289696693420410e-01 1.643734693527221680e+00
5.416375994682312012e-01 1.636282086372375488e+00
5.426462292671203613e-01 1.649896621704101562e+00
5.436548590660095215e-01 1.651165366172790527e+00
5.446634888648986816e-01 1.644635558128356934e+00
5.456721186637878418e-01 1.624624609947204590e+00
5.466807484626770020e-01 1.656570672988891602e+00
5.476893782615661621e-01 1.635729551315307617e+00
5.486980080604553223e-01 1.646547317504882812e+00
5.497066378593444824e-01 1.644221901893615723e+00
5.507153272628784180e-01 1.652835726737976074e+00
5.517239570617675781e-01 1.626745343208312988e+00
5.527325868606567383e-01 1.650554180145263672e+00
5.537412166595458984e-01 1.662752509117126465e+00
5.547498464584350586e-01 1.650286436080932617e+00
5.557584762573242188e-01 1.664257884025573730e+00
5.567671060562133789e-01 1.656142234802246094e+00
5.577757358551025391e-01 1.634611248970031738e+00
5.587843656539916992e-01 1.636551737785339355e+00
5.597930550575256348e-01 1.640501141548156738e+00
5.608016848564147949e-01 1.672276258468627930e+00
5.618103146553039551e-01 1.666007161140441895e+00
5.628189444541931152e-01 1.647181749343872070e+00
5.638275742530822754e-01 1.639680862426757812e+00
5.648362040519714355e-01 1.654438853263854980e+00
5.658448338508605957e-01 1.646064519882202148e+00
5.668534636497497559e-01 1.644011974334716797e+00
5.678620934486389160e-01 1.664261579513549805e+00
5.688707232475280762e-01 1.628204464912414551e+00
5.698794126510620117e-01 1.660624742507934570e+00
5.708880424499511719e-01 1.644496560096740723e+00
5.718966722488403320e-01 1.651888370513916016e+00
5.729053020477294922e-01 1.668450951576232910e+00
5.739139318466186523e-01 1.673998713493347168e+00
5.749225616455078125e-01 1.669704079627990723e+00
5.759311914443969727e-01 1.656775236129760742e+00
5.769398212432861328e-01 1.668072938919067383e+00
5.779484510421752930e-01 1.656512260437011719e+00
5.789571404457092285e-01 1.658439874649047852e+00
5.799657702445983887e-01 1.663185238838195801e+00
5.809744000434875488e-01 1.647584199905395508e+00
5.819830298423767090e-01 1.669509887695312500e+00
5.829916596412658691e-01 1.689965248107910156e+00
5.840002894401550293e-01 1.680833101272583008e+00
5.850089192390441895e-01 1.684820532798767090e+00
5.860175490379333496e-01 1.673958063125610352e+00
5.870261788368225098e-01 1.674893021583557129e+00
5.880348086357116699e-01 1.650749683380126953e+00
5.890434980392456055e-01 1.641876935958862305e+00
5.900521278381347656e-01 1.657885789871215820e+00
5.910607576370239258e-01 1.667693734169006348e+00
5.920693874359130859e-01 1.676486730575561523e+00
5.930780172348022461e-01 1.683851957321166992e+00
5.940866470336914062e-01 1.692109823226928711e+00
5.950952768325805664e-01 1.685628890991210938e+00
5.961039066314697266e-01 1.685701847076416016e+00
5.971125364303588867e-01 1.694069027900695801e+00
5.981212258338928223e-01 1.667193531990051270e+00
5.991298556327819824e-01 1.669375896453857422e+00
6.001384854316711426e-01 1.695445656776428223e+00
6.011471152305603027e-01 1.696321010589599609e+00
6.021557450294494629e-01 1.683658003807067871e+00
6.031643748283386230e-01 1.685778021812438965e+00
6.041730046272277832e-01 1.704320073127746582e+00
6.051816344261169434e-01 1.690857052803039551e+00
6.061902642250061035e-01 1.673537611961364746e+00
6.071988940238952637e-01 1.680418014526367188e+00
6.082075834274291992e-01 1.663802146911621094e+00
6.092162132263183594e-01 1.685139894485473633e+00
6.102248430252075195e-01 1.668706059455871582e+00
6.112334728240966797e-01 1.672742009162902832e+00
6.122421026229858398e-01 1.676831007003784180e+00
6.132507324218750000e-01 1.694840073585510254e+00
6.142593622207641602e-01 1.660598039627075195e+00
6.152679920196533203e-01 1.657519936561584473e+00
6.162766218185424805e-01 1.686071872711181641e+00
6.172853112220764160e-01 1.698966979980468750e+00
6.182939410209655762e-01 1.710070848464965820e+00
6.193025708198547363e-01 1.670218586921691895e+00
6.203112006187438965e-01 1.687168002128601074e+00
6.213198304176330566e-01 1.693029284477233887e+00
6.223284602165222168e-01 1.678002834320068359e+00
6.233370900154113770e-01 1.678520798683166504e+00
6.243457198143005371e-01 1.718238830566406250e+00
6.253543496131896973e-01 1.695317983627319336e+00
6.263629794120788574e-01 1.692907810211181641e+00
6.273716688156127930e-01 1.688931822776794434e+00
6.283802986145019531e-01 1.655465602874755859e+00
6.293889284133911133e-01 1.655794501304626465e+00
6.303975582122802734e-01 1.677564740180969238e+00
6.314061880111694336e-01 1.715121746063232422e+00
6.324148178100585938e-01 1.684092402458190918e+00
6.334234476089477539e-01 1.676914691925048828e+00
6.344320774078369141e-01 1.681945443153381348e+00
6.354407072067260742e-01 1.679042458534240723e+00
6.364493966102600098e-01 1.679567813873291016e+00
6.374580264091491699e-01 1.695615649223327637e+00
6.384666562080383301e-01 1.697084069252014160e+00
6.394752860069274902e-01 1.691258668899536133e+00
6.404839158058166504e-01 1.685197353363037109e+00
6.414925456047058105e-01 1.695267677307128906e+00
6.425011754035949707e-01 1.698591351509094238e+00
6.435098052024841309e-01 1.686140060424804688e+00
6.445184350013732910e-01 1.684556007385253906e+00
6.455271244049072266e-01 1.705217480659484863e+00
6.465357542037963867e-01 1.711575627326965332e+00
6.475443840026855469e-01 1.720852971076965332e+00
6.485530138015747070e-01 1.685612916946411133e+00
6.495616436004638672e-01 1.714683175086975098e+00
6.505702733993530273e-01 1.693855643272399902e+00
6.515789031982421875e-01 1.690192222595214844e+00
6.525875329971313477e-01 1.702995419502258301e+00
6.535961627960205078e-01 1.693164467811584473e+00
6.546047925949096680e-01 1.696568846702575684e+00
6.556134819984436035e-01 1.703661203384399414e+00
6.566221117973327637e-01 1.709110021591186523e+00
6.576307415962219238e-01 1.704195618629455566e+00
6.586393713951110840e-01 1.736099600791931152e+00
6.596480011940002441e-01 1.707114338874816895e+00
6.606566309928894043e-01 1.692847728729248047e+00
6.616652607917785645e-01 1.687438488006591797e+00
6.626738905906677246e-01 1.698650956153869629e+00
6.636825203895568848e-01 1.688138961791992188e+00
6.646912097930908203e-01 1.711828470230102539e+00
6.656998395919799805e-01 1.728270411491394043e+00
6.667084693908691406e-01 1.704074501991271973e+00
6.677170991897583008e-01 1.725116252899169922e+00
6.687257289886474609e-01 1.726905584335327148e+00
6.697343587875366211e-01 1.729624271392822266e+00
6.707429885864257812e-01 1.723228693008422852e+00
6.717516183853149414e-01 1.743912100791931152e+00
6.727602481842041016e-01 1.728987455368041992e+00
6.737688779830932617e-01 1.742663264274597168e+00
6.747775673866271973e-01 1.719400882720947266e+00
6.757861971855163574e-01 1.717195987701416016e+00
6.767948269844055176e-01 1.766041994094848633e+00
6.778034567832946777e-01 1.740742087364196777e+00
6.788120865821838379e-01 1.742025613784790039e+00
6.798207163810729980e-01 1.755220174789428711e+00
6.808293461799621582e-01 1.770593523979187012e+00
6.818379759788513184e-01 1.746380805969238281e+00
6.828466057777404785e-01 1.739191412925720215e+00
6.838552951812744141e-01 1.736933946609497070e+00
6.848639249801635742e-01 1.758836150169372559e+00
6.858725547790527344e-01 1.743309378623962402e+00
6.868811845779418945e-01 1.740778446197509766e+00
6.878898143768310547e-01 1.731585621833801270e+00
6.888984441757202148e-01 1.714812159538269043e+00
6.899070739746093750e-01 1.761543512344360352e+00
6.909157037734985352e-01 1.745821833610534668e+00
6.919243335723876953e-01 1.745153307914733887e+00
6.929329633712768555e-01 1.773347735404968262e+00
6.939416527748107910e-01 1.728225708007812500e+00
6.949502825736999512e-01 1.744352579116821289e+00
6.959589123725891113e-01 1.759776115417480469e+00
6.969675421714782715e-01 1.756454467773437500e+00
6.979761719703674316e-01 1.766554594039916992e+00
6.989848017692565918e-01 1.737605452537536621e+00
6.999934315681457520e-01 1.763198018074035645e+00
7.010020613670349121e-01 1.758352994918823242e+00
7.020106911659240723e-01 1.780361175537109375e+00
7.030193805694580078e-01 1.769320249557495117e+00
7.040280103683471680e-01 1.766813039779663086e+00
7.050366401672363281e-01 1.796276211738586426e+00
7.060452699661254883e-01 1.792006015777587891e+00
7.070538997650146484e-01 1.770932316780090332e+00
7.080625295639038086e-01 1.747144579887390137e+00
7.090711593627929688e-01 1.774759292602539062e+00
7.100797891616821289e-01 1.791135907173156738e+00
7.110884189605712891e-01 1.828862071037292480e+00
7.120970487594604492e-01 1.759143233299255371e+00
7.131057381629943848e-01 1.773149609565734863e+00
7.141143679618835449e-01 1.777638554573059082e+00
7.151229977607727051e-01 1.800392627716064453e+00
7.161316275596618652e-01 1.773888587951660156e+00
7.171402573585510254e-01 1.777667760848999023e+00
7.181488871574401855e-01 1.815843105316162109e+00
7.191575169563293457e-01 1.817413091659545898e+00
7.201661467552185059e-01 1.805858492851257324e+00
7.211747765541076660e-01 1.795281291007995605e+00
7.221834659576416016e-01 1.812424421310424805e+00
7.231920957565307617e-01 1.818410515785217285e+00
7.242007255554199219e-01 1.824768900871276855e+00
7.252093553543090820e-01 1.853978633880615234e+00
7.262179851531982422e-01 1.811987280845642090e+00
7.272266149520874023e-01 1.800661087036132812e+00
7.282352447509765625e-01 1.825519084930419922e+00
7.292438745498657227e-01 1.798608303070068359e+00
7.302525043487548828e-01 1.809237599372863770e+00
7.312611341476440430e-01 1.848773241043090820e+00
7.322698235511779785e-01 1.825881958007812500e+00
7.332784533500671387e-01 1.839669227600097656e+00
7.342870831489562988e-01 1.831578969955444336e+00
7.352957129478454590e-01 1.824253082275390625e+00
7.363043427467346191e-01 1.808727025985717773e+00
7.373129725456237793e-01 1.815536856651306152e+00
7.383216023445129395e-01 1.855298399925231934e+00
7.393302321434020996e-01 1.844491362571716309e+00
7.403388619422912598e-01 1.839920282363891602e+00
7.413475513458251953e-01 1.833048224449157715e+00
7.423561811447143555e-01 1.830569744110107422e+00
7.433648109436035156e-01 1.826026082038879395e+00
7.443734407424926758e-01 1.858111977577209473e+00
7.453820705413818359e-01 1.843703627586364746e+00
7.463907003402709961e-01 1.838170766830444336e+00
7.473993301391601562e-01 1.859919905662536621e+00
7.484079599380493164e-01 1.844083189964294434e+00
7.494165897369384766e-01 1.852042794227600098e+00
7.504252195358276367e-01 1.852977395057678223e+00
7.514339089393615723e-01 1.842528939247131348e+00
7.524425387382507324e-01 1.878331184387207031e+00
7.534511685371398926e-01 1.919702172279357910e+00
7.544597983360290527e-01 1.891105890274047852e+00
7.554684281349182129e-01 1.877086043357849121e+00
7.564770579338073730e-01 1.873595237731933594e+00
7.574856877326965332e-01 1.870004415512084961e+00
7.584943175315856934e-01 1.862917184829711914e+00
7.595029473304748535e-01 1.860042333602905273e+00
7.605116367340087891e-01 1.899633049964904785e+00
7.615202665328979492e-01 1.899525761604309082e+00
7.625288963317871094e-01 1.907313585281372070e+00
7.635375261306762695e-01 1.900898575782775879e+00
7.645461559295654297e-01 1.900889158248901367e+00
7.655547857284545898e-01 1.875325798988342285e+00
7.665634155273437500e-01 1.897959232330322266e+00
7.675720453262329102e-01 1.911902666091918945e+00
7.685806751251220703e-01 1.919225335121154785e+00
7.695893049240112305e-01 1.910750746726989746e+00
7.705979943275451660e-01 1.913916349411010742e+00
7.716066241264343262e-01 1.922735571861267090e+00
7.726152539253234863e-01 1.893052577972412109e+00
7.736238837242126465e-01 1.900544643402099609e+00
7.746325135231018066e-01 1.885977506637573242e+00
7.756411433219909668e-01 1.931104540824890137e+00
7.766497731208801270e-01 1.896675705909729004e+00
7.776584029197692871e-01 1.902690529823303223e+00
7.786670327186584473e-01 1.935958504676818848e+00
7.796757221221923828e-01 1.906207561492919922e+00
7.806843519210815430e-01 1.931802630424499512e+00
7.816929817199707031e-01 1.922475099563598633e+00
7.827016115188598633e-01 1.929162263870239258e+00
7.837102413177490234e-01 1.923822522163391113e+00
7.847188711166381836e-01 1.954912424087524414e+00
7.857275009155273438e-01 1.954012274742126465e+00
7.867361307144165039e-01 1.919782757759094238e+00
7.877447605133056641e-01 1.932723522186279297e+00
7.887533903121948242e-01 1.950617909431457520e+00
7.897620797157287598e-01 1.929860115051269531e+00
7.907707095146179199e-01 1.932816267013549805e+00
7.917793393135070801e-01 1.948547124862670898e+00
7.927879691123962402e-01 1.933273553848266602e+00
7.937965989112854004e-01 1.948488473892211914e+00
7.948052287101745605e-01 1.934901356697082520e+00
7.958138585090637207e-01 1.969909667968750000e+00
7.968224883079528809e-01 1.941677451133728027e+00
7.978311181068420410e-01 1.944997191429138184e+00
7.988398075103759766e-01 1.953690648078918457e+00
7.998484373092651367e-01 1.972273230552673340e+00
8.008570671081542969e-01 1.946402549743652344e+00
8.018656969070434570e-01 1.936728715896606445e+00
8.028743267059326172e-01 1.926065444946289062e+00
8.038829565048217773e-01 1.946456074714660645e+00
8.048915863037109375e-01 1.993933558464050293e+00
8.059002161026000977e-01 1.975952386856079102e+00
8.069088459014892578e-01 1.993813276290893555e+00
8.079174757003784180e-01 1.977857589721679688e+00
8.089261651039123535e-01 1.959489583969116211e+00
8.099347949028015137e-01 2.007571220397949219e+00
8.109434247016906738e-01 1.967079758644104004e+00
8.119520545005798340e-01 1.993126392364501953e+00
8.129606842994689941e-01 1.963051557540893555e+00
8.139693140983581543e-01 1.984417319297790527e+00
8.149779438972473145e-01 1.993962049484252930e+00
8.159865736961364746e-01 1.976694941520690918e+00
8.169952034950256348e-01 2.009147405624389648e+00
8.180038928985595703e-01 1.994213342666625977e+00
8.190125226974487305e-01 2.017775058746337891e+00
8.200211524963378906e-01 1.983637571334838867e+00
8.210297822952270508e-01 1.992318272590637207e+00
8.220384120941162109e-01 2.008613109588623047e+00
8.230470418930053711e-01 2.007216930389404297e+00
8.240556716918945312e-01 1.994307756423950195e+00
8.250643014907836914e-01 2.039101600646972656e+00
8.260729312896728516e-01 2.023525714874267578e+00
8.270815610885620117e-01 2.032533645629882812e+00
8.280902504920959473e-01 2.000479459762573242e+00
8.290988802909851074e-01 2.012000322341918945e+00
8.301075100898742676e-01 2.052846431732177734e+00
8.311161398887634277e-01 2.069597005844116211e+00
8.321247696876525879e-01 2.086425542831420898e+00
8.331333994865417480e-01 2.031450510025024414e+00
8.341420292854309082e-01 2.041689395904541016e+00
8.351506590843200684e-01 2.042775630950927734e+00
8.361592888832092285e-01 2.033125877380371094e+00
8.371679782867431641e-01 2.055894613265991211e+00
8.381766080856323242e-01 2.051700353622436523e+00
8.391852378845214844e-01 2.065257787704467773e+00
8.401938676834106445e-01 2.081395626068115234e+00
8.412024974822998047e-01 2.057779550552368164e+00
8.422111272811889648e-01 2.051241397857666016e+00
8.432197570800781250e-01 2.057625532150268555e+00
8.442283868789672852e-01 2.075546979904174805e+00
8.452370166778564453e-01 2.086519956588745117e+00
8.462456464767456055e-01 2.092621088027954102e+00
8.472543358802795410e-01 2.101868391036987305e+00
8.482629656791687012e-01 2.087103843688964844e+00
8.492715954780578613e-01 2.063431262969970703e+00
8.502802252769470215e-01 2.084022521972656250e+00
8.512888550758361816e-01 2.056240081787109375e+00
8.522974848747253418e-01 2.106795549392700195e+00
8.533061146736145020e-01 2.099323749542236328e+00
8.543147444725036621e-01 2.101258277893066406e+00
8.553233742713928223e-01 2.074718236923217773e+00
8.563320636749267578e-01 2.070865392684936523e+00
8.573406934738159180e-01 2.074982404708862305e+00
8.583493232727050781e-01 2.134436845779418945e+00
8.593579530715942383e-01 2.128888845443725586e+00
8.603665828704833984e-01 2.099400043487548828e+00
8.613752126693725586e-01 2.118795394897460938e+00
8.623838424682617188e-01 2.118655204772949219e+00
8.633924722671508789e-01 2.098990201950073242e+00
8.644011020660400391e-01 2.094408273696899414e+00
8.654097318649291992e-01 2.075320959091186523e+00
8.664184212684631348e-01 2.139005899429321289e+00
8.674270510673522949e-01 2.135112047195434570e+00
8.684356808662414551e-01 2.158086299896240234e+00
8.694443106651306152e-01 2.148509979248046875e+00
8.704529404640197754e-01 2.158379793167114258e+00
8.714615702629089355e-01 2.155015707015991211e+00
8.724702000617980957e-01 2.168846130371093750e+00
8.734788298606872559e-01 2.144176244735717773e+00
8.744874596595764160e-01 2.138956546783447266e+00
8.754961490631103516e-01 2.152991056442260742e+00
8.765047788619995117e-01 2.132551670074462891e+00
8.775134086608886719e-01 2.138661146163940430e+00
8.785220384597778320e-01 2.176251173019409180e+00
8.795306682586669922e-01 2.203802585601806641e+00
8.805392980575561523e-01 2.156273603439331055e+00
8.815479278564453125e-01 2.173115015029907227e+00
8.825565576553344727e-01 2.171550035476684570e+00
8.835651874542236328e-01 2.197386503219604492e+00
8.845738172531127930e-01 2.163493633270263672e+00
8.855825066566467285e-01 2.198909759521484375e+00
8.865911364555358887e-01 2.179164886474609375e+00
8.875997662544250488e-01 2.174817562103271484e+00
8.886083960533142090e-01 2.129411220550537109e+00
8.896170258522033691e-01 2.166823863983154297e+00
8.906256556510925293e-01 2.180963039398193359e+00
8.916342854499816895e-01 2.171721458435058594e+00
8.926429152488708496e-01 2.224164247512817383e+00
8.936515450477600098e-01 2.216119289398193359e+00
8.946602344512939453e-01 2.228767871856689453e+00
8.956688642501831055e-01 2.235345363616943359e+00
8.966774940490722656e-01 2.197393417358398438e+00
8.976861238479614258e-01 2.233166933059692383e+00
8.986947536468505859e-01 2.206790685653686523e+00
8.997033834457397461e-01 2.191008567810058594e+00
9.007120132446289062e-01 2.172284364700317383e+00
9.017206430435180664e-01 2.189629316329956055e+00
9.027292728424072266e-01 2.165160179138183594e+00
9.037379026412963867e-01 2.257443428039550781e+00
9.047465920448303223e-01 2.225951910018920898e+00
9.057552218437194824e-01 2.278028964996337891e+00
9.067638516426086426e-01 2.290051937103271484e+00
9.077724814414978027e-01 2.276003122329711914e+00
9.087811112403869629e-01 2.237097978591918945e+00
9.097897410392761230e-01 2.228287935256958008e+00
9.107983708381652832e-01 2.255114793777465820e+00
9.118070006370544434e-01 2.286188125610351562e+00
9.128156304359436035e-01 2.284830093383789062e+00
9.138243198394775391e-01 2.290261745452880859e+00
9.148329496383666992e-01 2.305715560913085938e+00
9.158415794372558594e-01 2.304200649261474609e+00
9.168502092361450195e-01 2.283215284347534180e+00
9.178588390350341797e-01 2.304139614105224609e+00
9.188674688339233398e-01 2.310642719268798828e+00
9.198760986328125000e-01 2.267227411270141602e+00
9.208847284317016602e-01 2.301856040954589844e+00
9.218933582305908203e-01 2.280004501342773438e+00
9.229020476341247559e-01 2.269055128097534180e+00
9.239106774330139160e-01 2.332185268402099609e+00
9.249193072319030762e-01 2.377166748046875000e+00
9.259279370307922363e-01 2.343777894973754883e+00
9.269365668296813965e-01 2.348682641983032227e+00
9.279451966285705566e-01 2.344403266906738281e+00
9.289538264274597168e-01 2.355102062225341797e+00
9.299624562263488770e-01 2.348860263824462891e+00
9.309710860252380371e-01 2.323942184448242188e+00
9.319797158241271973e-01 2.305026292800903320e+00
9.329884052276611328e-01 2.302709102630615234e+00
9.339970350265502930e-01 2.346343755722045898e+00
9.350056648254394531e-01 2.324344396591186523e+00
9.360142946243286133e-01 2.348194122314453125e+00
9.370229244232177734e-01 2.342038869857788086e+00
9.380315542221069336e-01 2.366669416427612305e+00
9.390401840209960938e-01 2.353208541870117188e+00
9.400488138198852539e-01 2.376218795776367188e+00
9.410574436187744141e-01 2.405252933502197266e+00
9.420661330223083496e-01 2.355225324630737305e+00
9.430747628211975098e-01 2.335150957107543945e+00
9.440833926200866699e-01 2.376893520355224609e+00
9.450920224189758301e-01 2.400337457656860352e+00
9.461006522178649902e-01 2.397094964981079102e+00
9.471092820167541504e-01 2.358654022216796875e+00
9.481179118156433105e-01 2.401997089385986328e+00
9.491265416145324707e-01 2.427427053451538086e+00
9.501351714134216309e-01 2.384656429290771484e+00
9.511438012123107910e-01 2.378002643585205078e+00
9.521524906158447266e-01 2.432505607604980469e+00
9.531611204147338867e-01 2.442036867141723633e+00
9.541697502136230469e-01 2.412993907928466797e+00
9.551783800125122070e-01 2.436781406402587891e+00
9.561870098114013672e-01 2.410987854003906250e+00
9.571956396102905273e-01 2.440379381179809570e+00
9.582042694091796875e-01 2.452383518218994141e+00
9.592128992080688477e-01 2.376492500305175781e+00
9.602215290069580078e-01 2.430558204650878906e+00
9.612302184104919434e-01 2.421386957168579102e+00
9.622388482093811035e-01 2.434388160705566406e+00
9.632474780082702637e-01 2.432909727096557617e+00
9.642561078071594238e-01 2.448735713958740234e+00
9.652647376060485840e-01 2.484226465225219727e+00
9.662733674049377441e-01 2.470809936523437500e+00
9.672819972038269043e-01 2.464677810668945312e+00
9.682906270027160645e-01 2.430034160614013672e+00
9.692992568016052246e-01 2.466152191162109375e+00
9.703078866004943848e-01 2.518367767333984375e+00
9.713165760040283203e-01 2.509187459945678711e+00
9.723252058029174805e-01 2.521368741989135742e+00
9.733338356018066406e-01 2.445629596710205078e+00
9.743424654006958008e-01 2.495260953903198242e+00
9.753510951995849609e-01 2.563219785690307617e+00
9.763597249984741211e-01 2.497551679611206055e+00
9.773683547973632812e-01 2.497545003890991211e+00
9.783769845962524414e-01 2.521849155426025391e+00
9.793856143951416016e-01 2.442624807357788086e+00
9.803943037986755371e-01 2.477071762084960938e+00
9.814029335975646973e-01 2.526901721954345703e+00
9.824115633964538574e-01 2.535076856613159180e+00
9.834201931953430176e-01 2.555489540100097656e+00
9.844288229942321777e-01 2.547097444534301758e+00
9.854374527931213379e-01 2.560342311859130859e+00
9.864460825920104980e-01 2.630408287048339844e+00
9.874547123908996582e-01 2.515751600265502930e+00
9.884633421897888184e-01 2.581536054611206055e+00
9.894719719886779785e-01 2.538826942443847656e+00
9.904806613922119141e-01 2.525537729263305664e+00
9.914892911911010742e-01 2.588931083679199219e+00
9.924979209899902344e-01 2.623959064483642578e+00
9.935065507888793945e-01 2.567028522491455078e+00
9.945151805877685547e-01 2.614091634750366211e+00
9.955238103866577148e-01 2.596928596496582031e+00
9.965324401855468750e-01 2.593101501464843750e+00
9.975410699844360352e-01 2.609912633895874023e+00
9.985496997833251953e-01 2.594827175140380859e+00
9.995583891868591309e-01 2.636942148208618164e+00
1.000566959381103516e+00 2.633321046829223633e+00
1.001575589179992676e+00 2.611975669860839844e+00
1.002584218978881836e+00 2.634703636169433594e+00
1.003592848777770996e+00 2.634938001632690430e+00
1.004601597785949707e+00 2.584167003631591797e+00
1.005610227584838867e+00 2.613041639328002930e+00
1.006618857383728027e+00 2.706293106079101562e+00
1.007627487182617188e+00 2.615817308425903320e+00
1.008636116981506348e+00 2.729869127273559570e+00
1.009644746780395508e+00 2.666864156723022461e+00
1.010653376579284668e+00 2.610668659210205078e+00
1.011662006378173828e+00 2.623764276504516602e+00
1.012670636177062988e+00 2.687517404556274414e+00
1.013679265975952148e+00 2.616113185882568359e+00
1.014687895774841309e+00 2.628595113754272461e+00
1.015696525573730469e+00 2.734268903732299805e+00
1.016705155372619629e+00 2.608721733093261719e+00
1.017713785171508789e+00 2.685935497283935547e+00
1.018722414970397949e+00 2.719358682632446289e+00
1.019731044769287109e+00 2.694241285324096680e+00
1.020739674568176270e+00 2.734838008880615234e+00
1.021748304367065430e+00 2.784715890884399414e+00
1.022756934165954590e+00 2.777713298797607422e+00
1.023765683174133301e+00 2.743154525756835938e+00
1.024774312973022461e+00 2.703886508941650391e+00
1.025782942771911621e+00 2.717484712600708008e+00
1.026791572570800781e+00 2.760426282882690430e+00
1.027800202369689941e+00 2.729809999465942383e+00
1.028808832168579102e+00 2.693045139312744141e+00
1.029817461967468262e+00 2.751984119415283203e+00
1.030826091766357422e+00 2.859581947326660156e+00
1.031834721565246582e+00 2.798336982727050781e+00
1.032843351364135742e+00 2.828778028488159180e+00
1.033851981163024902e+00 2.746578931808471680e+00
1.034860610961914062e+00 2.782275915145874023e+00
1.035869240760803223e+00 2.752185106277465820e+00
1.036877870559692383e+00 2.817978382110595703e+00
1.037886500358581543e+00 2.833937168121337891e+00
1.038895130157470703e+00 2.814297199249267578e+00
1.039903759956359863e+00 2.855144023895263672e+00
1.040912389755249023e+00 2.887120008468627930e+00
1.041921019554138184e+00 2.799234867095947266e+00
1.042929768562316895e+00 2.857680082321166992e+00
1.043938398361206055e+00 2.827770948410034180e+00
1.044947028160095215e+00 2.819387912750244141e+00
1.045955657958984375e+00 2.771551847457885742e+00
1.046964287757873535e+00 2.876851797103881836e+00
1.047972917556762695e+00 2.880448818206787109e+00
1.048981547355651855e+00 2.849579334259033203e+00
1.049990177154541016e+00 2.770556926727294922e+00
1.050998806953430176e+00 2.804436683654785156e+00
1.052007436752319336e+00 2.862641096115112305e+00
1.053016066551208496e+00 2.848309040069580078e+00
1.054024696350097656e+00 2.794419765472412109e+00
1.055033326148986816e+00 2.946311473846435547e+00
1.056041955947875977e+00 2.883716344833374023e+00
1.057050585746765137e+00 2.866521358489990234e+00
1.058059215545654297e+00 2.889447927474975586e+00
1.059067845344543457e+00 2.930785417556762695e+00
1.060076475143432617e+00 2.926660537719726562e+00
1.061085104942321777e+00 2.943366765975952148e+00
1.062093853950500488e+00 2.946263790130615234e+00
1.063102483749389648e+00 2.887867927551269531e+00
1.064111113548278809e+00 3.027019262313842773e+00
1.065119743347167969e+00 3.033833503723144531e+00
1.066128373146057129e+00 2.939031362533569336e+00
1.067137002944946289e+00 2.958426713943481445e+00
1.068145632743835449e+00 2.956571340560913086e+00
1.069154262542724609e+00 2.873440265655517578e+00
1.070162892341613770e+00 2.937590122222900391e+00
1.071171522140502930e+00 2.968488693237304688e+00
1.072180151939392090e+00 2.997243165969848633e+00
1.073188781738281250e+00 2.972054243087768555e+00
1.074197411537170410e+00 3.031887054443359375e+00
1.075206041336059570e+00 2.904835224151611328e+00
1.076214671134948730e+00 2.913661479949951172e+00
1.077223300933837891e+00 3.046442270278930664e+00
1.078231930732727051e+00 3.044909000396728516e+00
1.079240560531616211e+00 2.982094764709472656e+00
1.080249190330505371e+00 3.170826911926269531e+00
1.081257939338684082e+00 3.085047483444213867e+00
1.082266569137573242e+00 3.042042493820190430e+00
1.083275198936462402e+00 3.020314455032348633e+00
1.084283828735351562e+00 3.012309074401855469e+00
1.085292458534240723e+00 3.001166105270385742e+00
1.086301088333129883e+00 2.960308313369750977e+00
1.087309718132019043e+00 3.002398490905761719e+00
1.088318347930908203e+00 3.055261373519897461e+00
1.089326977729797363e+00 3.066455841064453125e+00
1.090335607528686523e+00 2.967696905136108398e+00
1.091344237327575684e+00 3.098147630691528320e+00
1.092352867126464844e+00 3.076765537261962891e+00
1.093361496925354004e+00 3.055054664611816406e+00
1.094370126724243164e+00 3.042531490325927734e+00
1.095378756523132324e+00 3.059838294982910156e+00
1.096387386322021484e+00 3.134875059127807617e+00
1.097396016120910645e+00 3.176832675933837891e+00
1.098404645919799805e+00 3.219618558883666992e+00
1.099413275718688965e+00 3.042568922042846680e+00
1.100422024726867676e+00 3.221828937530517578e+00
1.101430654525756836e+00 3.074180126190185547e+00
1.102439284324645996e+00 3.196771144866943359e+00
1.103447914123535156e+00 3.257295131683349609e+00
1.104456543922424316e+00 3.237693548202514648e+00
1.105465173721313477e+00 3.244950532913208008e+00
1.106473803520202637e+00 3.203976392745971680e+00
1.107482433319091797e+00 3.103610992431640625e+00
1.108491063117980957e+00 3.099851131439208984e+00
1.109499692916870117e+00 3.110021114349365234e+00
1.110508322715759277e+00 3.213585376739501953e+00
1.111516952514648438e+00 3.323828220367431641e+00
1.112525582313537598e+00 3.142199754714965820e+00
1.113534212112426758e+00 3.249964475631713867e+00
1.114542841911315918e+00 3.238573312759399414e+00
1.115551471710205078e+00 3.100052595138549805e+00
1.116560101509094238e+00 3.084017515182495117e+00
1.117568731307983398e+00 3.119006156921386719e+00
1.118577361106872559e+00 3.269132852554321289e+00
1.119586110115051270e+00 3.269226312637329102e+00
1.120594739913940430e+00 3.393508672714233398e+00
1.121603369712829590e+00 3.185774326324462891e+00
1.122611999511718750e+00 3.208316326141357422e+00
1.123620629310607910e+00 3.167625427246093750e+00
1.124629259109497070e+00 3.281805276870727539e+00
1.125637888908386230e+00 3.146311759948730469e+00
1.126646518707275391e+00 3.287514686584472656e+00
1.127655148506164551e+00 3.344357013702392578e+00
1.128663778305053711e+00 3.278574228286743164e+00
1.129672408103942871e+00 3.379872560501098633e+00
1.130681037902832031e+00 3.382968187332153320e+00
1.131689667701721191e+00 3.236697673797607422e+00
1.132698297500610352e+00 3.167112112045288086e+00
1.133706927299499512e+00 3.419574499130249023e+00
1.134715557098388672e+00 3.341671466827392578e+00
1.135724186897277832e+00 3.274596691131591797e+00
1.136732816696166992e+00 3.293609619140625000e+00
1.137741446495056152e+00 3.265748262405395508e+00
1.138750195503234863e+00 3.443849325180053711e+00
1.139758825302124023e+00 3.303000450134277344e+00
1.140767455101013184e+00 3.273772478103637695e+00
1.141776084899902344e+00 3.413204908370971680e+00
1.142784714698791504e+00 3.320948839187622070e+00
1.143793344497680664e+00 3.387181043624877930e+00
1.144801974296569824e+00 3.405396938323974609e+00
1.145810604095458984e+00 3.209377288818359375e+00
1.146819233894348145e+00 3.119579792022705078e+00
1.147827863693237305e+00 3.402945280075073242e+00
1.148836493492126465e+00 3.489340543746948242e+00
1.149845123291015625e+00 3.511773824691772461e+00
1.150853753089904785e+00 3.419604778289794922e+00
1.151862382888793945e+00 3.407104015350341797e+00
1.152871012687683105e+00 3.415351390838623047e+00
1.153879642486572266e+00 3.429360151290893555e+00
1.154888272285461426e+00 3.568428039550781250e+00
1.155896902084350586e+00 3.462993144989013672e+00
1.156905531883239746e+00 3.367303848266601562e+00
1.157914280891418457e+00 3.381788730621337891e+00
1.158922910690307617e+00 3.611550331115722656e+00
1.159931540489196777e+00 3.703115224838256836e+00
1.160940170288085938e+00 3.332158327102661133e+00
1.161948800086975098e+00 3.512314558029174805e+00
1.162957429885864258e+00 3.596636295318603516e+00
1.163966059684753418e+00 3.854211091995239258e+00
1.164974689483642578e+00 3.522112369537353516e+00
1.165983319282531738e+00 3.532521247863769531e+00
1.166991949081420898e+00 3.582157135009765625e+00
1.168000578880310059e+00 3.534611701965332031e+00
1.169009208679199219e+00 3.615495920181274414e+00
1.170017838478088379e+00 3.469290971755981445e+00
1.171026468276977539e+00 3.588105678558349609e+00
1.172035098075866699e+00 3.588491201400756836e+00
1.173043727874755859e+00 3.589174032211303711e+00
1.174052357673645020e+00 3.792301893234252930e+00
1.175060987472534180e+00 3.666297674179077148e+00
1.176069617271423340e+00 3.582832574844360352e+00
1.177078366279602051e+00 3.634087800979614258e+00
1.178086996078491211e+00 3.601903438568115234e+00
1.179095625877380371e+00 3.683897018432617188e+00
1.180104255676269531e+00 3.822377920150756836e+00
1.181112885475158691e+00 3.768623113632202148e+00
1.182121515274047852e+00 3.680798053741455078e+00
1.183130145072937012e+00 3.650270223617553711e+00
1.184138774871826172e+00 3.423314809799194336e+00
1.185147404670715332e+00 3.738240480422973633e+00
1.186156034469604492e+00 3.975701570510864258e+00
1.187164664268493652e+00 3.849893808364868164e+00
1.188173294067382812e+00 3.715641975402832031e+00
1.189181923866271973e+00 3.820349454879760742e+00
1.190190553665161133e+00 4.008809089660644531e+00
1.191199183464050293e+00 3.872950315475463867e+00
1.192207813262939453e+00 3.800292491912841797e+00
1.193216443061828613e+00 3.599277973175048828e+00
1.194225072860717773e+00 3.635808944702148438e+00
1.195233702659606934e+00 3.618108987808227539e+00
1.196242451667785645e+00 3.424978733062744141e+00
1.197251081466674805e+00 3.750623703002929688e+00
1.198259711265563965e+00 3.429468870162963867e+00
1.199268341064453125e+00 3.763989448547363281e+00
1.200276970863342285e+00 3.550527572631835938e+00
1.201285600662231445e+00 3.821451902389526367e+00
1.202294230461120605e+00 3.946671724319458008e+00
1.203302860260009766e+00 3.697448253631591797e+00
1.204311490058898926e+00 3.752367258071899414e+00
1.205320119857788086e+00 3.785036087036132812e+00
1.206328749656677246e+00 3.375275850296020508e+00
1.207337379455566406e+00 3.791091918945312500e+00
1.208346009254455566e+00 4.339428901672363281e+00
1.209354639053344727e+00 4.647657871246337891e+00
