0.000000000000000000e+00 1.169604296875000000e+04
1.008636085316538811e-03 8.086723632812500000e+03
2.017272170633077621e-03 5.907311523437500000e+03
3.025908255949616432e-03 4.486225097656250000e+03
4.034544341266155243e-03 3.550317626953125000e+03
5.043180659413337708e-03 2.826968505859375000e+03
6.051816511899232864e-03 2.252761962890625000e+03
7.060452364385128021e-03 1.831684082031250000e+03
8.069088682532310486e-03 1.507511718750000000e+03
9.077725000679492950e-03 1.223060668945312500e+03
1.008636131882667542e-02 1.031550170898437500e+03
1.109499670565128326e-02 8.748623657226562500e+02
1.210363302379846573e-02 7.391096191406250000e+02
1.311226934194564819e-02 6.351895751953125000e+02
1.412090472877025604e-02 5.364827270507812500e+02
1.512954104691743851e-02 4.714502868652343750e+02
1.613817736506462097e-02 4.154689636230468750e+02
1.714681275188922882e-02 3.612562866210937500e+02
1.815545000135898590e-02 3.195343322753906250e+02
1.916408538818359375e-02 2.847552185058593750e+02
2.017272263765335083e-02 2.526800079345703125e+02
2.118135802447795868e-02 2.263508148193359375e+02
2.218999341130256653e-02 2.046440887451171875e+02
2.319863066077232361e-02 1.818453979492187500e+02
2.420726604759693146e-02 1.653109130859375000e+02
2.521590143442153931e-02 1.504515686035156250e+02
2.622453868389129639e-02 1.367038574218750000e+02
2.723317407071590424e-02 1.249628295898437500e+02
2.824180945754051208e-02 1.132084197998046875e+02
2.925044670701026917e-02 1.044512710571289062e+02
3.025908209383487701e-02 9.539188385009765625e+01
3.126771748065948486e-02 8.839166259765625000e+01
3.227635473012924194e-02 8.153102874755859375e+01
3.328499197959899902e-02 7.447145080566406250e+01
3.429362550377845764e-02 6.935868072509765625e+01
3.530226275324821472e-02 6.478543090820312500e+01
3.631090000271797180e-02 6.022943878173828125e+01
3.731953352689743042e-02 5.591125488281250000e+01
3.832817077636718750e-02 5.214704132080078125e+01
3.933680802583694458e-02 4.861360931396484375e+01
4.034544527530670166e-02 4.568765258789062500e+01
4.135407879948616028e-02 4.214305496215820312e+01
4.236271604895591736e-02 3.944923019409179688e+01
4.337135329842567444e-02 3.726058578491210938e+01
4.437998682260513306e-02 3.503487396240234375e+01
4.538862407207489014e-02 3.278733825683593750e+01
4.639726132154464722e-02 3.048926162719726562e+01
4.740589484572410583e-02 2.897553443908691406e+01
4.841453209519386292e-02 2.730920982360839844e+01
4.942316934466362000e-02 2.607382011413574219e+01
5.043180286884307861e-02 2.448694229125976562e+01
5.144044011831283569e-02 2.293680763244628906e+01
5.244907736778259277e-02 2.205012130737304688e+01
5.345771089196205139e-02 2.083357620239257812e+01
5.446634814143180847e-02 1.975621032714843750e+01
5.547498539090156555e-02 1.868685531616210938e+01
5.648361891508102417e-02 1.776257896423339844e+01
5.749225616455078125e-02 1.675942802429199219e+01
5.850089341402053833e-02 1.624156188964843750e+01
5.950953066349029541e-02 1.548865413665771484e+01
6.051816418766975403e-02 1.474694824218750000e+01
6.152680143713951111e-02 1.409133052825927734e+01
6.253543496131896973e-02 1.357576751708984375e+01
6.354407221078872681e-02 1.282240104675292969e+01
6.455270946025848389e-02 1.241918277740478516e+01
6.556134670972824097e-02 1.193220520019531250e+01
6.656998395919799805e-02 1.127928829193115234e+01
6.757862120866775513e-02 1.091005516052246094e+01
6.858725100755691528e-02 1.065221500396728516e+01
6.959588825702667236e-02 1.027461624145507812e+01
7.060452550649642944e-02 9.718248367309570312e+00
7.161316275596618652e-02 9.517805099487304688e+00
7.262180000543594360e-02 9.066137313842773438e+00
7.363043725490570068e-02 8.713013648986816406e+00
7.463906705379486084e-02 8.413081169128417969e+00
7.564770430326461792e-02 8.282869338989257812e+00
7.665634155273437500e-02 7.944490909576416016e+00
7.766497880220413208e-02 7.716598987579345703e+00
7.867361605167388916e-02 7.516821861267089844e+00
7.968225330114364624e-02 7.247943401336669922e+00
8.069089055061340332e-02 6.957067966461181641e+00
8.169952034950256348e-02 6.704776763916015625e+00
8.270815759897232056e-02 6.584859371185302734e+00
8.371679484844207764e-02 6.462793827056884766e+00
8.472543209791183472e-02 6.198653697967529297e+00
8.573406934738159180e-02 6.143257617950439453e+00
8.674270659685134888e-02 5.947235107421875000e+00
8.775133639574050903e-02 5.832153797149658203e+00
8.875997364521026611e-02 5.675708770751953125e+00
8.976861089468002319e-02 5.560869216918945312e+00
9.077724814414978027e-02 5.373034477233886719e+00
9.178588539361953735e-02 5.271755218505859375e+00
9.279452264308929443e-02 5.060147762298583984e+00
9.380315244197845459e-02 5.005820751190185547e+00
9.481178969144821167e-02 4.924396991729736328e+00
9.582042694091796875e-02 4.762315750122070312e+00
9.682906419038772583e-02 4.771886825561523438e+00
9.783770143985748291e-02 4.647924900054931641e+00
9.884633868932723999e-02 4.578487396240234375e+00
9.985497593879699707e-02 4.526785850524902344e+00
1.008636057376861572e-01 4.363223552703857422e+00
1.018722429871559143e-01 4.296385765075683594e+00
1.028808802366256714e-01 4.261876583099365234e+00
1.038895174860954285e-01 4.210203647613525391e+00
1.048981547355651855e-01 4.073617458343505859e+00
1.059067919850349426e-01 3.971808910369873047e+00
1.069154217839241028e-01 3.954967498779296875e+00
1.079240590333938599e-01 3.864205837249755859e+00
1.089326962828636169e-01 3.792289257049560547e+00
1.099413335323333740e-01 3.800261497497558594e+00
1.109499707818031311e-01 3.638591527938842773e+00
1.119586080312728882e-01 3.638502120971679688e+00
1.129672378301620483e-01 3.565545797348022461e+00
1.139758750796318054e-01 3.549377441406250000e+00
1.149845123291015625e-01 3.496884584426879883e+00
1.159931495785713196e-01 3.403539180755615234e+00
1.170017868280410767e-01 3.407518148422241211e+00
1.180104240775108337e-01 3.335584163665771484e+00
1.190190613269805908e-01 3.322168588638305664e+00
1.200276911258697510e-01 3.341231584548950195e+00
1.210363283753395081e-01 3.231419801712036133e+00
1.220449656248092651e-01 3.199937343597412109e+00
1.230536028742790222e-01 3.171126604080200195e+00
1.240622401237487793e-01 3.134390354156494141e+00
1.250708699226379395e-01 3.127367973327636719e+00
1.260795146226882935e-01 3.005153179168701172e+00
1.270881444215774536e-01 2.979764461517333984e+00
1.280967891216278076e-01 2.908152341842651367e+00
1.291054189205169678e-01 2.891141891479492188e+00
1.301140487194061279e-01 2.912384510040283203e+00
1.311226934194564819e-01 2.922286510467529297e+00
1.321313232183456421e-01 2.892397642135620117e+00
1.331399679183959961e-01 2.807171106338500977e+00
1.341485977172851562e-01 2.753265619277954102e+00
1.351572424173355103e-01 2.699752569198608398e+00
1.361658722162246704e-01 2.743151187896728516e+00
1.371745020151138306e-01 2.728295087814331055e+00
1.381831467151641846e-01 2.676165342330932617e+00
1.391917765140533447e-01 2.645241498947143555e+00
1.402004212141036987e-01 2.705474615097045898e+00
1.412090510129928589e-01 2.712275743484497070e+00
1.422176808118820190e-01 2.670244932174682617e+00
1.432263255119323730e-01 2.595645666122436523e+00
1.442349553108215332e-01 2.567451000213623047e+00
1.452436000108718872e-01 2.577296018600463867e+00
1.462522298097610474e-01 2.545463562011718750e+00
1.472608745098114014e-01 2.577093839645385742e+00
1.482695043087005615e-01 2.537554502487182617e+00
1.492781341075897217e-01 2.561189889907836914e+00
1.502867788076400757e-01 2.525813102722167969e+00
1.512954086065292358e-01 2.466052055358886719e+00
1.523040533065795898e-01 2.514049768447875977e+00
1.533126831054687500e-01 2.492701768875122070e+00
1.543213278055191040e-01 2.450022220611572266e+00
1.553299576044082642e-01 2.429451942443847656e+00
1.563385874032974243e-01 2.416274309158325195e+00
1.573472321033477783e-01 2.338942050933837891e+00
1.583558619022369385e-01 2.366749286651611328e+00
1.593645066022872925e-01 2.352215051651000977e+00
1.603731364011764526e-01 2.384436607360839844e+00
1.613817811012268066e-01 2.405115365982055664e+00
1.623904109001159668e-01 2.352111339569091797e+00
1.633990406990051270e-01 2.359523534774780273e+00
1.644076853990554810e-01 2.391090154647827148e+00
1.654163151979446411e-01 2.302173137664794922e+00
1.664249598979949951e-01 2.283150672912597656e+00
1.674335896968841553e-01 2.230869531631469727e+00
1.684422194957733154e-01 2.230113744735717773e+00
1.694508641958236694e-01 2.145809650421142578e+00
1.704594939947128296e-01 2.170665740966796875e+00
1.714681386947631836e-01 2.224597930908203125e+00
1.724767684936523438e-01 2.198202610015869141e+00
1.734854131937026978e-01 2.148862600326538086e+00
1.744940429925918579e-01 2.138099670410156250e+00
1.755026727914810181e-01 2.113326549530029297e+00
1.765113174915313721e-01 2.080497980117797852e+00
1.775199472904205322e-01 2.103357315063476562e+00
1.785285919904708862e-01 2.076766967773437500e+00
1.795372217893600464e-01 2.061882257461547852e+00
1.805458664894104004e-01 2.079561710357666016e+00
1.815544962882995605e-01 2.109190702438354492e+00
1.825631260871887207e-01 2.071977376937866211e+00
1.835717707872390747e-01 2.042966365814208984e+00
1.845804005861282349e-01 2.040813684463500977e+00
1.855890452861785889e-01 2.021041393280029297e+00
1.865976750850677490e-01 1.981569409370422363e+00
1.876063048839569092e-01 2.018387317657470703e+00
1.886149495840072632e-01 1.976164817810058594e+00
1.896235793828964233e-01 1.978672027587890625e+00
1.906322240829467773e-01 2.016273736953735352e+00
1.916408538818359375e-01 1.968405842781066895e+00
1.926494985818862915e-01 1.967739820480346680e+00
1.936581283807754517e-01 1.956759929656982422e+00
1.946667581796646118e-01 1.975730895996093750e+00
1.956754028797149658e-01 1.929076313972473145e+00
1.966840326786041260e-01 1.941176533699035645e+00
1.976926773786544800e-01 1.914930939674377441e+00
1.987013071775436401e-01 1.878981828689575195e+00
1.997099518775939941e-01 1.902125477790832520e+00
2.007185816764831543e-01 1.906057119369506836e+00
2.017272114753723145e-01 1.889511108398437500e+00
2.027358561754226685e-01 1.895337581634521484e+00
2.037444859743118286e-01 1.892436146736145020e+00
2.047531306743621826e-01 1.871644258499145508e+00
2.057617604732513428e-01 1.883373379707336426e+00
2.067703902721405029e-01 1.861672639846801758e+00
2.077790349721908569e-01 1.887633562088012695e+00
2.087876647710800171e-01 1.854699611663818359e+00
2.097963094711303711e-01 1.843004345893859863e+00
2.108049392700195312e-01 1.850042223930358887e+00
2.118135839700698853e-01 1.898457169532775879e+00
2.128222137689590454e-01 1.834363341331481934e+00
2.138308435678482056e-01 1.816082596778869629e+00
2.148394882678985596e-01 1.806746006011962891e+00
2.158481180667877197e-01 1.799090027809143066e+00
2.168567627668380737e-01 1.824641585350036621e+00
2.178653925657272339e-01 1.822465896606445312e+00
2.188740372657775879e-01 1.816096901893615723e+00
2.198826670646667480e-01 1.817244052886962891e+00
2.208912968635559082e-01 1.795508980751037598e+00
2.218999415636062622e-01 1.833353638648986816e+00
2.229085713624954224e-01 1.818147778511047363e+00
2.239172160625457764e-01 1.763747453689575195e+00
2.249258458614349365e-01 1.767863273620605469e+00
2.259344756603240967e-01 1.808490514755249023e+00
2.269431203603744507e-01 1.780603051185607910e+00
2.279517501592636108e-01 1.760434746742248535e+00
2.289603948593139648e-01 1.762373805046081543e+00
2.299690246582031250e-01 1.769191861152648926e+00
2.309776693582534790e-01 1.749879121780395508e+00
2.319862991571426392e-01 1.762115359306335449e+00
2.329949289560317993e-01 1.751419901847839355e+00
2.340035736560821533e-01 1.755612730979919434e+00
2.350122034549713135e-01 1.721272826194763184e+00
2.360208481550216675e-01 1.737087368965148926e+00
2.370294779539108276e-01 1.755845189094543457e+00
2.380381226539611816e-01 1.726513028144836426e+00
2.390467524528503418e-01 1.723293185234069824e+00
2.400553822517395020e-01 1.717356562614440918e+00
2.410640269517898560e-01 1.697976112365722656e+00
2.420726567506790161e-01 1.730904340744018555e+00
2.430813014507293701e-01 1.860259413719177246e+00
2.440899312496185303e-01 1.706279039382934570e+00
2.450985759496688843e-01 1.712900996208190918e+00
2.461072057485580444e-01 1.697729587554931641e+00
2.471158355474472046e-01 1.720786213874816895e+00
2.481244802474975586e-01 1.731177806854248047e+00
2.491331100463867188e-01 1.712866425514221191e+00
2.501417398452758789e-01 1.695920467376708984e+00
2.511503994464874268e-01 1.708491921424865723e+00
2.521590292453765869e-01 1.711834073066711426e+00
2.531676590442657471e-01 1.697067260742187500e+00
2.541762888431549072e-01 1.685428023338317871e+00
2.551849186420440674e-01 1.680776357650756836e+00
2.561935782432556152e-01 1.680097460746765137e+00
2.572022080421447754e-01 1.679990053176879883e+00
2.582108378410339355e-01 1.658112049102783203e+00
2.592194676399230957e-01 1.664347290992736816e+00
2.602280974388122559e-01 1.665186047554016113e+00
2.612367570400238037e-01 1.629148364067077637e+00
2.622453868389129639e-01 1.635237216949462891e+00
2.632540166378021240e-01 1.671639084815979004e+00
2.642626464366912842e-01 1.674085259437561035e+00
2.652712762355804443e-01 1.646416187286376953e+00
2.662799358367919922e-01 1.662711143493652344e+00
2.672885656356811523e-01 1.643208622932434082e+00
2.682971954345703125e-01 1.648324728012084961e+00
2.693058252334594727e-01 1.636973738670349121e+00
2.703144848346710205e-01 1.607142329216003418e+00
2.713231146335601807e-01 1.645659923553466797e+00
2.723317444324493408e-01 1.659101247787475586e+00
2.733403742313385010e-01 1.597903728485107422e+00
2.743490040302276611e-01 1.624452471733093262e+00
2.753576636314392090e-01 1.621834754943847656e+00
2.763662934303283691e-01 1.633337497711181641e+00
2.773749232292175293e-01 1.610776901245117188e+00
2.783835530281066895e-01 1.620085835456848145e+00
2.793921828269958496e-01 1.641508579254150391e+00
2.804008424282073975e-01 1.627749085426330566e+00
2.814094722270965576e-01 1.640199899673461914e+00
2.824181020259857178e-01 1.620733857154846191e+00
2.834267318248748779e-01 1.592910528182983398e+00
2.844353616237640381e-01 1.602622747421264648e+00
2.854440212249755859e-01 1.613764405250549316e+00
2.864526510238647461e-01 1.622914433479309082e+00
2.874612808227539062e-01 1.588976025581359863e+00
2.884699106216430664e-01 1.596997022628784180e+00
2.894785702228546143e-01 1.556662440299987793e+00
2.904872000217437744e-01 1.600918531417846680e+00
2.914958298206329346e-01 1.629125595092773438e+00
2.925044596195220947e-01 1.599134445190429688e+00
2.935130894184112549e-01 1.620553731918334961e+00
2.945217490196228027e-01 1.640567898750305176e+00
2.955303788185119629e-01 1.601861238479614258e+00
2.965390086174011230e-01 1.601308584213256836e+00
2.975476384162902832e-01 1.591559886932373047e+00
2.985562682151794434e-01 1.576627969741821289e+00
2.995649278163909912e-01 1.558903813362121582e+00
3.005735576152801514e-01 1.572019219398498535e+00
3.015821874141693115e-01 1.575707435607910156e+00
3.025908172130584717e-01 1.595879197120666504e+00
3.035994470119476318e-01 1.596726536750793457e+00
3.046081066131591797e-01 1.600102663040161133e+00
3.056167364120483398e-01 1.599043488502502441e+00
3.066253662109375000e-01 1.577355265617370605e+00
3.076339960098266602e-01 1.613678812980651855e+00
3.086426556110382080e-01 1.609435796737670898e+00
3.096512854099273682e-01 1.588902592658996582e+00
3.106599152088165283e-01 1.570364236831665039e+00
3.116685450077056885e-01 1.579821467399597168e+00
3.126771748065948486e-01 1.556019902229309082e+00
3.136858344078063965e-01 1.595819950103759766e+00
3.146944642066955566e-01 1.596028804779052734e+00
3.157030940055847168e-01 1.570737242698669434e+00
3.167117238044738770e-01 1.561295032501220703e+00
3.177203536033630371e-01 1.597201466560363770e+00
3.187290132045745850e-01 1.600576758384704590e+00
3.197376430034637451e-01 1.567903518676757812e+00
3.207462728023529053e-01 1.582610368728637695e+00
3.217549026012420654e-01 1.575279593467712402e+00
3.227635622024536133e-01 1.565050244331359863e+00
3.237721920013427734e-01 1.566448569297790527e+00
3.247808218002319336e-01 1.575963973999023438e+00
3.257894515991210938e-01 1.586803674697875977e+00
3.267980813980102539e-01 1.571821689605712891e+00
3.278067409992218018e-01 1.559385299682617188e+00
3.288153707981109619e-01 1.541464686393737793e+00
3.298240005970001221e-01 1.553659796714782715e+00
3.308326303958892822e-01 1.576474905014038086e+00
3.318412601947784424e-01 1.557319045066833496e+00
3.328499197959899902e-01 1.545661926269531250e+00
3.338585495948791504e-01 1.566403269767761230e+00
3.348671793937683105e-01 1.542860031127929688e+00
3.358758091926574707e-01 1.594637274742126465e+00
3.368844389915466309e-01 1.588774919509887695e+00
3.378930985927581787e-01 1.554588437080383301e+00
3.389017283916473389e-01 1.545460939407348633e+00
3.399103581905364990e-01 1.554335355758666992e+00
3.409189879894256592e-01 1.565973639488220215e+00
3.419276475906372070e-01 1.533388495445251465e+00
3.429362773895263672e-01 1.549083828926086426e+00
3.439449071884155273e-01 1.555194377899169922e+00
3.449535369873046875e-01 1.549436688423156738e+00
3.459621667861938477e-01 1.568773269653320312e+00
3.469708263874053955e-01 1.545848846435546875e+00
3.479794561862945557e-01 1.555561900138854980e+00
3.489880859851837158e-01 1.549082279205322266e+00
3.499967157840728760e-01 1.577800035476684570e+00
3.510053455829620361e-01 1.549615740776062012e+00
3.520140051841735840e-01 1.549065351486206055e+00
3.530226349830627441e-01 1.526628017425537109e+00
3.540312647819519043e-01 1.551615715026855469e+00
3.550398945808410645e-01 1.541598081588745117e+00
3.560485243797302246e-01 1.544284343719482422e+00
3.570571839809417725e-01 1.543417453765869141e+00
3.580658137798309326e-01 1.532325029373168945e+00
3.590744435787200928e-01 1.554885149002075195e+00
3.600830733776092529e-01 1.520825386047363281e+00
3.610917329788208008e-01 1.552077770233154297e+00
3.621003627777099609e-01 1.541408777236938477e+00
3.631089925765991211e-01 1.505928635597229004e+00
3.641176223754882812e-01 1.546062946319580078e+00
3.651262521743774414e-01 1.550630331039428711e+00
3.661349117755889893e-01 1.576295852661132812e+00
3.671435415744781494e-01 1.549516439437866211e+00
3.681521713733673096e-01 1.552592396736145020e+00
3.691608011722564697e-01 1.546527862548828125e+00
3.701694309711456299e-01 1.553974032402038574e+00
3.711780905723571777e-01 1.535553574562072754e+00
3.721867203712463379e-01 1.534339547157287598e+00
3.731953501701354980e-01 1.546670079231262207e+00
3.742039799690246582e-01 1.532205462455749512e+00
3.752126097679138184e-01 1.530747175216674805e+00
3.762212693691253662e-01 1.526901125907897949e+00
3.772298991680145264e-01 1.541261076927185059e+00
3.782385289669036865e-01 1.534386157989501953e+00
3.792471587657928467e-01 1.544130444526672363e+00
3.802558183670043945e-01 1.512512445449829102e+00
3.812644481658935547e-01 1.531756043434143066e+00
3.822730779647827148e-01 1.532691717147827148e+00
3.832817077636718750e-01 1.556631207466125488e+00
3.842903375625610352e-01 1.547875881195068359e+00
3.852989971637725830e-01 1.559209823608398438e+00
3.863076269626617432e-01 1.528672814369201660e+00
3.873162567615509033e-01 1.546035528182983398e+00
3.883248865604400635e-01 1.544956684112548828e+00
3.893335163593292236e-01 1.551223754882812500e+00
3.903421759605407715e-01 1.521957159042358398e+00
3.913508057594299316e-01 1.520546555519104004e+00
3.923594355583190918e-01 1.511623501777648926e+00
3.933680653572082520e-01 1.502318859100341797e+00
3.943766951560974121e-01 1.502533912658691406e+00
3.953853547573089600e-01 1.518673181533813477e+00
3.963939845561981201e-01 1.535994887351989746e+00
3.974026143550872803e-01 1.522592425346374512e+00
3.984112441539764404e-01 1.502082943916320801e+00
3.994199037551879883e-01 1.521935939788818359e+00
4.004285335540771484e-01 1.516323447227478027e+00
4.014371633529663086e-01 1.492772340774536133e+00
4.024457931518554688e-01 1.513106107711791992e+00
4.034544229507446289e-01 1.496065974235534668e+00
4.044630825519561768e-01 1.539755225181579590e+00
4.054717123508453369e-01 1.514102220535278320e+00
4.064803421497344971e-01 1.508813261985778809e+00
4.074889719486236572e-01 1.517843365669250488e+00
4.084976017475128174e-01 1.530280113220214844e+00
4.095062613487243652e-01 1.508149027824401855e+00
4.105148911476135254e-01 1.502994060516357422e+00
4.115235209465026855e-01 1.509410500526428223e+00
4.125321507453918457e-01 1.507602214813232422e+00
4.135407805442810059e-01 1.510434389114379883e+00
4.145494401454925537e-01 1.508454322814941406e+00
4.155580699443817139e-01 1.512171387672424316e+00
4.165666997432708740e-01 1.502214670181274414e+00
4.175753295421600342e-01 1.515344977378845215e+00
4.185839891433715820e-01 1.503979325294494629e+00
4.195926189422607422e-01 1.517226696014404297e+00
4.206012487411499023e-01 1.496245741844177246e+00
4.216098785400390625e-01 1.508273839950561523e+00
4.226185083389282227e-01 1.499287843704223633e+00
4.236271679401397705e-01 1.493099331855773926e+00
4.246357977390289307e-01 1.507438898086547852e+00
4.256444275379180908e-01 1.509120583534240723e+00
4.266530573368072510e-01 1.502896547317504883e+00
4.276616871356964111e-01 1.487850069999694824e+00
4.286703467369079590e-01 1.497445225715637207e+00
4.296789765357971191e-01 1.504097700119018555e+00
4.306876063346862793e-01 1.472527980804443359e+00
4.316962361335754395e-01 1.461526393890380859e+00
4.327048659324645996e-01 1.486746549606323242e+00
4.337135255336761475e-01 1.491856813430786133e+00
4.347221553325653076e-01 1.496971368789672852e+00
4.357307851314544678e-01 1.516721487045288086e+00
4.367394149303436279e-01 1.511919856071472168e+00
4.377480745315551758e-01 1.513902306556701660e+00
4.387567043304443359e-01 1.463996052742004395e+00
4.397653341293334961e-01 1.484941005706787109e+00
4.407739639282226562e-01 1.470797181129455566e+00
4.417825937271118164e-01 1.502712607383728027e+00
4.427912533283233643e-01 1.509346723556518555e+00
4.437998831272125244e-01 1.498352646827697754e+00
4.448085129261016846e-01 1.489500761032104492e+00
4.458171427249908447e-01 1.483165860176086426e+00
4.468257725238800049e-01 1.490776896476745605e+00
4.478344321250915527e-01 1.498544931411743164e+00
4.488430619239807129e-01 1.492832303047180176e+00
4.498516917228698730e-01 1.462568879127502441e+00
4.508603215217590332e-01 1.491837739944458008e+00
4.518689513206481934e-01 1.481188416481018066e+00
4.528776109218597412e-01 1.489887595176696777e+00
4.538862407207489014e-01 1.466490387916564941e+00
4.548948705196380615e-01 1.479725718498229980e+00
4.559035003185272217e-01 1.477076530456542969e+00
4.569121599197387695e-01 1.477449417114257812e+00
4.579207897186279297e-01 1.475346803665161133e+00
4.589294195175170898e-01 1.484215736389160156e+00
4.599380493164062500e-01 1.500879406929016113e+00
4.609466791152954102e-01 1.496952056884765625e+00
4.619553387165069580e-01 1.487499117851257324e+00
4.629639685153961182e-01 1.472802281379699707e+00
4.639725983142852783e-01 1.474703788757324219e+00
4.649812281131744385e-01 1.462303996086120605e+00
4.659898579120635986e-01 1.453216075897216797e+00
4.669985175132751465e-01 1.465142726898193359e+00
4.680071473121643066e-01 1.481874227523803711e+00
4.690157771110534668e-01 1.475099325180053711e+00
4.700244069099426270e-01 1.490712642669677734e+00
4.710330665111541748e-01 1.477342844009399414e+00
4.720416963100433350e-01 1.451930284500122070e+00
4.730503261089324951e-01 1.456020236015319824e+00
4.740589559078216553e-01 1.485494494438171387e+00
4.750675857067108154e-01 1.471917033195495605e+00
4.760762453079223633e-01 1.473630428314208984e+00
4.770848751068115234e-01 1.465973377227783203e+00
4.780935049057006836e-01 1.463618993759155273e+00
4.791021347045898438e-01 1.461356997489929199e+00
4.801107645034790039e-01 1.463773131370544434e+00
4.811194241046905518e-01 1.462427139282226562e+00
4.821280539035797119e-01 1.472209811210632324e+00
4.831366837024688721e-01 1.466607213020324707e+00
4.841453135013580322e-01 1.474223494529724121e+00
4.851539433002471924e-01 1.436882734298706055e+00
4.861626029014587402e-01 1.443201541900634766e+00
4.871712327003479004e-01 1.450424790382385254e+00
4.881798624992370605e-01 1.427877783775329590e+00
4.891884922981262207e-01 1.442380785942077637e+00
4.901971518993377686e-01 1.450718760490417480e+00
4.912057816982269287e-01 1.437860250473022461e+00
4.922144114971160889e-01 1.480972647666931152e+00
4.932230412960052490e-01 1.463463187217712402e+00
4.942316710948944092e-01 1.456375837326049805e+00
4.952403306961059570e-01 1.445012807846069336e+00
4.962489604949951172e-01 1.444873332977294922e+00
4.972575902938842773e-01 1.464857459068298340e+00
4.982662200927734375e-01 1.456938862800598145e+00
4.992748498916625977e-01 1.447372674942016602e+00
5.002834796905517578e-01 1.451989293098449707e+00
5.012921094894409180e-01 1.450592160224914551e+00
5.023007988929748535e-01 1.438272953033447266e+00
5.033094286918640137e-01 1.445860385894775391e+00
5.043180584907531738e-01 1.523257374763488770e+00
5.053266882896423340e-01 1.484981417655944824e+00
5.063353180885314941e-01 1.454921126365661621e+00
5.073439478874206543e-01 1.429863333702087402e+00
5.083525776863098145e-01 1.465757966041564941e+00
5.093612074851989746e-01 1.451479077339172363e+00
5.103698372840881348e-01 1.436939597129821777e+00
5.113784670829772949e-01 1.433781743049621582e+00
5.123871564865112305e-01 1.435653686523437500e+00
5.133957862854003906e-01 1.446813225746154785e+00
5.144044160842895508e-01 1.458662509918212891e+00
5.154130458831787109e-01 1.432463526725769043e+00
5.164216756820678711e-01 1.434959530830383301e+00
5.174303054809570312e-01 1.419804930686950684e+00
5.184389352798461914e-01 1.418257355690002441e+00
5.194475650787353516e-01 1.452618598937988281e+00
5.204561948776245117e-01 1.446957826614379883e+00
5.214648842811584473e-01 1.443440079689025879e+00
5.224735140800476074e-01 1.432625770568847656e+00
5.234821438789367676e-01 1.408134698867797852e+00
5.244907736778259277e-01 1.418339014053344727e+00
5.254994034767150879e-01 1.422549962997436523e+00
5.265080332756042480e-01 1.410468816757202148e+00
5.275166630744934082e-01 1.436800956726074219e+00
5.285252928733825684e-01 1.436240553855895996e+00
5.295339226722717285e-01 1.431212544441223145e+00
5.305425524711608887e-01 1.420860052108764648e+00
5.315512418746948242e-01 1.402919650077819824e+00
5.325598716735839844e-01 1.429828643798828125e+00
5.335685014724731445e-01 1.436879396438598633e+00
5.345771312713623047e-01 1.424517512321472168e+00
5.355857610702514648e-01 1.407766103744506836e+00
5.365943908691406250e-01 1.426895260810852051e+00
5.376030206680297852e-01 1.412189841270446777e+00
5.386116504669189453e-01 1.411559462547302246e+00
5.396202802658081055e-01 1.419728279113769531e+00
5.406289696693420410e-01 1.409501314163208008e+00
5.416375994682312012e-01 1.420895218849182129e+00
5.426462292671203613e-01 1.424477696418762207e+00
5.436548590660095215e-01 1.403866887092590332e+00
5.446634888648986816e-01 1.422207951545715332e+00
5.456721186637878418e-01 1.407668232917785645e+00
5.466807484626770020e-01 1.401996612548828125e+00
5.476893782615661621e-01 1.392902970314025879e+00
5.486980080604553223e-01 1.399637818336486816e+00
5.497066378593444824e-01 1.387510180473327637e+00
5.507153272628784180e-01 1.392547845840454102e+00
5.517239570617675781e-01 1.390161156654357910e+00
5.527325868606567383e-01 1.403154850006103516e+00
5.537412166595458984e-01 1.387468934059143066e+00
5.547498464584350586e-01 1.419242143630981445e+00
5.557584762573242188e-01 1.412570357322692871e+00
5.567671060562133789e-01 1.428644537925720215e+00
5.577757358551025391e-01 1.388258337974548340e+00
5.587843656539916992e-01 1.421644926071166992e+00
5.597930550575256348e-01 1.408601403236389160e+00
5.608016848564147949e-01 1.395720362663269043e+00
5.618103146553039551e-01 1.385793328285217285e+00
5.628189444541931152e-01 1.391530871391296387e+00
5.638275742530822754e-01 1.400105237960815430e+00
5.648362040519714355e-01 1.390030384063720703e+00
5.658448338508605957e-01 1.384022474288940430e+00
5.668534636497497559e-01 1.398440241813659668e+00
5.678620934486389160e-01 1.399846196174621582e+00
5.688707232475280762e-01 1.389332771301269531e+00
5.698794126510620117e-01 1.393541455268859863e+00
5.708880424499511719e-01 1.389113783836364746e+00
5.718966722488403320e-01 1.395360708236694336e+00
5.729053020477294922e-01 1.402854204177856445e+00
5.739139318466186523e-01 1.409649968147277832e+00
5.749225616455078125e-01 1.373757362365722656e+00
5.759311914443969727e-01 1.396085262298583984e+00
5.769398212432861328e-01 1.403754949569702148e+00
5.779484510421752930e-01 1.399434089660644531e+00
5.789571404457092285e-01 1.395254015922546387e+00
5.799657702445983887e-01 1.401087284088134766e+00
5.809744000434875488e-01 1.394988894462585449e+00
5.819830298423767090e-01 1.391633152961730957e+00
5.829916596412658691e-01 1.383984088897705078e+00
5.840002894401550293e-01 1.374345898628234863e+00
5.850089192390441895e-01 1.378346562385559082e+00
5.860175490379333496e-01 1.376950860023498535e+00
5.870261788368225098e-01 1.387402772903442383e+00
5.880348086357116699e-01 1.401017069816589355e+00
5.890434980392456055e-01 1.407350063323974609e+00
5.900521278381347656e-01 1.389242768287658691e+00
5.910607576370239258e-01 1.400876998901367188e+00
5.920693874359130859e-01 1.382528185844421387e+00
5.930780172348022461e-01 1.403423786163330078e+00
5.940866470336914062e-01 1.394261240959167480e+00
5.950952768325805664e-01 1.403553724288940430e+00
5.961039066314697266e-01 1.368932247161865234e+00
5.971125364303588867e-01 1.389942288398742676e+00
5.981212258338928223e-01 1.395223379135131836e+00
5.991298556327819824e-01 1.384369969367980957e+00
6.001384854316711426e-01 1.393808722496032715e+00
6.011471152305603027e-01 1.382401227951049805e+00
6.021557450294494629e-01 1.380253553390502930e+00
6.031643748283386230e-01 1.364853739738464355e+00
6.041730046272277832e-01 1.397992610931396484e+00
6.051816344261169434e-01 1.411118626594543457e+00
6.061902642250061035e-01 1.389505624771118164e+00
6.071988940238952637e-01 1.361629962921142578e+00
6.082075834274291992e-01 1.373425483703613281e+00
6.092162132263183594e-01 1.381395816802978516e+00
6.102248430252075195e-01 1.354351758956909180e+00
6.112334728240966797e-01 1.383628129959106445e+00
6.122421026229858398e-01 1.392060399055480957e+00
6.132507324218750000e-01 1.390260457992553711e+00
6.142593622207641602e-01 1.372763991355895996e+00
6.152679920196533203e-01 1.367232441902160645e+00
6.162766218185424805e-01 1.400388717651367188e+00
6.172853112220764160e-01 1.394871592521667480e+00
6.182939410209655762e-01 1.374303936958312988e+00
6.193025708198547363e-01 1.396430373191833496e+00
6.203112006187438965e-01 1.376318335533142090e+00
6.213198304176330566e-01 1.388283848762512207e+00
6.223284602165222168e-01 1.394070982933044434e+00
6.233370900154113770e-01 1.358595132827758789e+00
6.243457198143005371e-01 1.380854845046997070e+00
6.253543496131896973e-01 1.398447513580322266e+00
6.263629794120788574e-01 1.402514576911926270e+00
6.273716688156127930e-01 1.380525231361389160e+00
6.283802986145019531e-01 1.386639356613159180e+00
6.293889284133911133e-01 1.397480249404907227e+00
6.303975582122802734e-01 1.391465425491333008e+00
6.314061880111694336e-01 1.387539029121398926e+00
6.324148178100585938e-01 1.389564871788024902e+00
6.334234476089477539e-01 1.392265796661376953e+00
6.344320774078369141e-01 1.372767090797424316e+00
6.354407072067260742e-01 1.369097352027893066e+00
6.364493966102600098e-01 1.384694814682006836e+00
6.374580264091491699e-01 1.408701896667480469e+00
6.384666562080383301e-01 1.386432290077209473e+00
6.394752860069274902e-01 1.386851072311401367e+00
6.404839158058166504e-01 1.385711550712585449e+00
6.414925456047058105e-01 1.388394355773925781e+00
6.425011754035949707e-01 1.379399538040161133e+00
6.435098052024841309e-01 1.404345989227294922e+00
6.445184350013732910e-01 1.377089977264404297e+00
6.455271244049072266e-01 1.386774182319641113e+00
6.465357542037963867e-01 1.407883048057556152e+00
6.475443840026855469e-01 1.370648622512817383e+00
6.485530138015747070e-01 1.391731500625610352e+00
6.495616436004638672e-01 1.377845406532287598e+00
6.505702733993530273e-01 1.372865080833435059e+00
6.515789031982421875e-01 1.395571351051330566e+00
6.525875329971313477e-01 1.398460388183593750e+00
6.535961627960205078e-01 1.405625343322753906e+00
6.546047925949096680e-01 1.394765496253967285e+00
6.556134819984436035e-01 1.395458459854125977e+00
6.566221117973327637e-01 1.394721150398254395e+00
6.576307415962219238e-01 1.385115981101989746e+00
6.586393713951110840e-01 1.367311716079711914e+00
6.596480011940002441e-01 1.400633096694946289e+00
6.606566309928894043e-01 1.380529046058654785e+00
6.616652607917785645e-01 1.366436362266540527e+00
6.626738905906677246e-01 1.397563695907592773e+00
6.636825203895568848e-01 1.401782393455505371e+00
6.646912097930908203e-01 1.392134070396423340e+00
6.656998395919799805e-01 1.382485747337341309e+00
6.667084693908691406e-01 1.374974012374877930e+00
6.677170991897583008e-01 1.378589868545532227e+00
6.687257289886474609e-01 1.379125714302062988e+00
6.697343587875366211e-01 1.398194193840026855e+00
6.707429885864257812e-01 1.388364672660827637e+00
6.717516183853149414e-01 1.388888478279113770e+00
6.727602481842041016e-01 1.409311056137084961e+00
6.737688779830932617e-01 1.369309544563293457e+00
6.747775673866271973e-01 1.384344458580017090e+00
6.757861971855163574e-01 1.378848314285278320e+00
6.767948269844055176e-01 1.390909671783447266e+00
6.778034567832946777e-01 1.409124732017517090e+00
6.788120865821838379e-01 1.408372879028320312e+00
6.798207163810729980e-01 1.400506258010864258e+00
6.808293461799621582e-01 1.369638204574584961e+00
6.818379759788513184e-01 1.378485202789306641e+00
6.828466057777404785e-01 1.400040864944458008e+00
6.838552951812744141e-01 1.398642301559448242e+00
6.848639249801635742e-01 1.390266656875610352e+00
6.858725547790527344e-01 1.374603509902954102e+00
6.868811845779418945e-01 1.405000805854797363e+00
6.878898143768310547e-01 1.396776914596557617e+00
6.888984441757202148e-01 1.425095438957214355e+00
6.899070739746093750e-01 1.397977471351623535e+00
6.909157037734985352e-01 1.389423608779907227e+00
6.919243335723876953e-01 1.375568985939025879e+00
6.929329633712768555e-01 1.392571449279785156e+00
6.939416527748107910e-01 1.383925557136535645e+00
6.949502825736999512e-01 1.394861698150634766e+00
6.959589123725891113e-01 1.402677059173583984e+00
6.969675421714782715e-01 1.405133605003356934e+00
6.979761719703674316e-01 1.414274692535400391e+00
6.989848017692565918e-01 1.418504595756530762e+00
6.999934315681457520e-01 1.392549276351928711e+00
7.010020613670349121e-01 1.392426133155822754e+00
7.020106911659240723e-01 1.375206351280212402e+00
7.030193805694580078e-01 1.391375184059143066e+00
7.040280103683471680e-01 1.418413877487182617e+00
7.050366401672363281e-01 1.396081328392028809e+00
7.060452699661254883e-01 1.396702051162719727e+00
7.070538997650146484e-01 1.386115193367004395e+00
7.080625295639038086e-01 1.389166831970214844e+00
7.090711593627929688e-01 1.383436322212219238e+00
7.100797891616821289e-01 1.409579277038574219e+00
7.110884189605712891e-01 1.410338401794433594e+00
7.120970487594604492e-01 1.400616765022277832e+00
7.131057381629943848e-01 1.382223010063171387e+00
7.141143679618835449e-01 1.394976377487182617e+00
7.151229977607727051e-01 1.425190687179565430e+00
7.161316275596618652e-01 1.414796233177185059e+00
7.171402573585510254e-01 1.399991273880004883e+00
7.181488871574401855e-01 1.400643944740295410e+00
7.191575169563293457e-01 1.400619268417358398e+00
7.201661467552185059e-01 1.403170943260192871e+00
7.211747765541076660e-01 1.424101471900939941e+00
7.221834659576416016e-01 1.405564188957214355e+00
7.231920957565307617e-01 1.398946285247802734e+00
7.242007255554199219e-01 1.427355408668518066e+00
7.252093553543090820e-01 1.405795216560363770e+00
7.262179851531982422e-01 1.411242008209228516e+00
7.272266149520874023e-01 1.463204026222229004e+00
7.282352447509765625e-01 1.453720569610595703e+00
7.292438745498657227e-01 1.440903663635253906e+00
7.302525043487548828e-01 1.425484299659729004e+00
7.312611341476440430e-01 1.425291538238525391e+00
7.322698235511779785e-01 1.452897429466247559e+00
7.332784533500671387e-01 1.432698130607604980e+00
7.342870831489562988e-01 1.432914853096008301e+00
7.352957129478454590e-01 1.434705972671508789e+00
7.363043427467346191e-01 1.412141799926757812e+00
7.373129725456237793e-01 1.423629641532897949e+00
7.383216023445129395e-01 1.447549104690551758e+00
7.393302321434020996e-01 1.424060225486755371e+00
7.403388619422912598e-01 1.431507587432861328e+00
7.413475513458251953e-01 1.411661505699157715e+00
7.423561811447143555e-01 1.410808324813842773e+00
7.433648109436035156e-01 1.413522481918334961e+00
7.443734407424926758e-01 1.429225564002990723e+00
7.453820705413818359e-01 1.440560102462768555e+00
7.463907003402709961e-01 1.456543564796447754e+00
7.473993301391601562e-01 1.462813377380371094e+00
7.484079599380493164e-01 1.446956038475036621e+00
7.494165897369384766e-01 1.453683614730834961e+00
7.504252195358276367e-01 1.446751236915588379e+00
7.514339089393615723e-01 1.434917330741882324e+00
7.524425387382507324e-01 1.488055467605590820e+00
7.534511685371398926e-01 1.474461317062377930e+00
7.544597983360290527e-01 1.425812005996704102e+00
7.554684281349182129e-01 1.449012875556945801e+00
7.564770579338073730e-01 1.454518556594848633e+00
7.574856877326965332e-01 1.435522675514221191e+00
7.584943175315856934e-01 1.440409183502197266e+00
7.595029473304748535e-01 1.476471185684204102e+00
7.605116367340087891e-01 1.437627673149108887e+00
7.615202665328979492e-01 1.430778145790100098e+00
7.625288963317871094e-01 1.472457051277160645e+00
7.635375261306762695e-01 1.476978182792663574e+00
7.645461559295654297e-01 1.451067090034484863e+00
7.655547857284545898e-01 1.442115306854248047e+00
7.665634155273437500e-01 1.459329724311828613e+00
7.675720453262329102e-01 1.443925499916076660e+00
7.685806751251220703e-01 1.446447610855102539e+00
7.695893049240112305e-01 1.434747219085693359e+00
7.705979943275451660e-01 1.481368422508239746e+00
7.716066241264343262e-01 1.457764744758605957e+00
7.726152539253234863e-01 1.479126214981079102e+00
7.736238837242126465e-01 1.468610167503356934e+00
7.746325135231018066e-01 1.463800072669982910e+00
7.756411433219909668e-01 1.468429565429687500e+00
7.766497731208801270e-01 1.435299277305603027e+00
7.776584029197692871e-01 1.453103661537170410e+00
7.786670327186584473e-01 1.447231292724609375e+00
7.796757221221923828e-01 1.466000914573669434e+00
7.806843519210815430e-01 1.466784238815307617e+00
7.816929817199707031e-01 1.456250309944152832e+00
7.827016115188598633e-01 1.443158745765686035e+00
7.837102413177490234e-01 1.478902339935302734e+00
7.847188711166381836e-01 1.460563659667968750e+00
7.857275009155273438e-01 1.465978264808654785e+00
7.867361307144165039e-01 1.468581557273864746e+00
7.877447605133056641e-01 1.458441734313964844e+00
7.887533903121948242e-01 1.466969490051269531e+00
7.897620797157287598e-01 1.451740503311157227e+00
7.907707095146179199e-01 1.467259407043457031e+00
7.917793393135070801e-01 1.472271203994750977e+00
7.927879691123962402e-01 1.475413441658020020e+00
7.937965989112854004e-01 1.475355148315429688e+00
7.948052287101745605e-01 1.498359680175781250e+00
7.958138585090637207e-01 1.466665983200073242e+00
7.968224883079528809e-01 1.487683176994323730e+00
7.978311181068420410e-01 1.489256143569946289e+00
7.988398075103759766e-01 1.486452460289001465e+00
7.998484373092651367e-01 1.466412544250488281e+00
8.008570671081542969e-01 1.464298129081726074e+00
8.018656969070434570e-01 1.486151576042175293e+00
8.028743267059326172e-01 1.500432491302490234e+00
8.038829565048217773e-01 1.468882918357849121e+00
8.048915863037109375e-01 1.468555092811584473e+00
8.059002161026000977e-01 1.492546319961547852e+00
8.069088459014892578e-01 1.500015735626220703e+00
8.079174757003784180e-01 1.501548051834106445e+00
8.089261651039123535e-01 1.483870387077331543e+00
8.099347949028015137e-01 1.500499129295349121e+00
8.109434247016906738e-01 1.497583031654357910e+00
8.119520545005798340e-01 1.494186520576477051e+00
8.129606842994689941e-01 1.494340419769287109e+00
8.139693140983581543e-01 1.496122717857360840e+00
8.149779438972473145e-01 1.512794733047485352e+00
8.159865736961364746e-01 1.499699831008911133e+00
8.169952034950256348e-01 1.509720444679260254e+00
8.180038928985595703e-01 1.487295508384704590e+00
8.190125226974487305e-01 1.494191288948059082e+00
8.200211524963378906e-01 1.501850843429565430e+00
8.210297822952270508e-01 1.524000287055969238e+00
8.220384120941162109e-01 1.516330480575561523e+00
8.230470418930053711e-01 1.514153599739074707e+00
8.240556716918945312e-01 1.525601983070373535e+00
8.250643014907836914e-01 1.503047585487365723e+00
8.260729312896728516e-01 1.514205336570739746e+00
8.270815610885620117e-01 1.480002641677856445e+00
8.280902504920959473e-01 1.529883980751037598e+00
8.290988802909851074e-01 1.488667845726013184e+00
8.301075100898742676e-01 1.504100322723388672e+00
8.311161398887634277e-01 1.528300046920776367e+00
8.321247696876525879e-01 1.536940336227416992e+00
8.331333994865417480e-01 1.525425076484680176e+00
8.341420292854309082e-01 1.515855073928833008e+00
8.351506590843200684e-01 1.531148552894592285e+00
8.361592888832092285e-01 1.509690046310424805e+00
8.371679782867431641e-01 1.504712343215942383e+00
8.381766080856323242e-01 1.517521619796752930e+00
8.391852378845214844e-01 1.526995658874511719e+00
8.401938676834106445e-01 1.522064566612243652e+00
8.412024974822998047e-01 1.527246832847595215e+00
8.422111272811889648e-01 1.519024014472961426e+00
8.432197570800781250e-01 1.535865783691406250e+00
8.442283868789672852e-01 1.547550916671752930e+00
8.452370166778564453e-01 1.556317090988159180e+00
8.462456464767456055e-01 1.542618274688720703e+00
8.472543358802795410e-01 1.524484872817993164e+00
8.482629656791687012e-01 1.515258789062500000e+00
8.492715954780578613e-01 1.505533456802368164e+00
8.502802252769470215e-01 1.508464694023132324e+00
8.512888550758361816e-01 1.513171672821044922e+00
8.522974848747253418e-01 1.501002669334411621e+00
8.533061146736145020e-01 1.487348675727844238e+00
8.543147444725036621e-01 1.472594976425170898e+00
8.553233742713928223e-01 1.472756624221801758e+00
8.563320636749267578e-01 1.486886501312255859e+00
8.573406934738159180e-01 1.490316629409790039e+00
8.583493232727050781e-01 1.470188021659851074e+00
8.593579530715942383e-01 1.471305370330810547e+00
8.603665828704833984e-01 1.505926012992858887e+00
8.613752126693725586e-01 1.492520928382873535e+00
8.623838424682617188e-01 1.487101554870605469e+00
8.633924722671508789e-01 1.491454482078552246e+00
8.644011020660400391e-01 1.472880244255065918e+00
8.654097318649291992e-01 1.497447967529296875e+00
8.664184212684631348e-01 1.503343701362609863e+00
8.674270510673522949e-01 1.481373906135559082e+00
8.684356808662414551e-01 1.504907488822937012e+00
8.694443106651306152e-01 1.513366103172302246e+00
8.704529404640197754e-01 1.488349318504333496e+00
8.714615702629089355e-01 1.501172661781311035e+00
8.724702000617980957e-01 1.500273466110229492e+00
8.734788298606872559e-01 1.485857963562011719e+00
8.744874596595764160e-01 1.512494921684265137e+00
8.754961490631103516e-01 1.526039958000183105e+00
8.765047788619995117e-01 1.485470890998840332e+00
8.775134086608886719e-01 1.489590048789978027e+00
8.785220384597778320e-01 1.515981078147888184e+00
8.795306682586669922e-01 1.492399930953979492e+00
8.805392980575561523e-01 1.494287967681884766e+00
8.815479278564453125e-01 1.506300449371337891e+00
8.825565576553344727e-01 1.503493666648864746e+00
8.835651874542236328e-01 1.510379910469055176e+00
8.845738172531127930e-01 1.542937517166137695e+00
8.855825066566467285e-01 1.501245617866516113e+00
8.865911364555358887e-01 1.497472524642944336e+00
8.875997662544250488e-01 1.502862691879272461e+00
8.886083960533142090e-01 1.490356445312500000e+00
8.896170258522033691e-01 1.487558364868164062e+00
8.906256556510925293e-01 1.529436469078063965e+00
8.916342854499816895e-01 1.518376588821411133e+00
8.926429152488708496e-01 1.489690661430358887e+00
8.936515450477600098e-01 1.500649571418762207e+00
8.946602344512939453e-01 1.524459838867187500e+00
8.956688642501831055e-01 1.547246336936950684e+00
8.966774940490722656e-01 1.528593063354492188e+00
8.976861238479614258e-01 1.539358019828796387e+00
8.986947536468505859e-01 1.548520803451538086e+00
8.997033834457397461e-01 1.494288682937622070e+00
9.007120132446289062e-01 1.531333804130554199e+00
9.017206430435180664e-01 1.521206974983215332e+00
9.027292728424072266e-01 1.497870564460754395e+00
9.037379026412963867e-01 1.552539467811584473e+00
9.047465920448303223e-01 1.535377860069274902e+00
9.057552218437194824e-01 1.500282406806945801e+00
9.067638516426086426e-01 1.524873614311218262e+00
9.077724814414978027e-01 1.557719588279724121e+00
9.087811112403869629e-01 1.539659857749938965e+00
9.097897410392761230e-01 1.504509091377258301e+00
9.107983708381652832e-01 1.513291716575622559e+00
9.118070006370544434e-01 1.521752953529357910e+00
9.128156304359436035e-01 1.580511808395385742e+00
9.138243198394775391e-01 1.551105856895446777e+00
9.148329496383666992e-01 1.527827978134155273e+00
9.158415794372558594e-01 1.549226164817810059e+00
9.168502092361450195e-01 1.546752810478210449e+00
9.178588390350341797e-01 1.551349878311157227e+00
9.188674688339233398e-01 1.539418697357177734e+00
9.198760986328125000e-01 1.541642785072326660e+00
9.208847284317016602e-01 1.565558314323425293e+00
9.218933582305908203e-01 1.547049999237060547e+00
9.229020476341247559e-01 1.551474213600158691e+00
9.239106774330139160e-01 1.566616773605346680e+00
9.249193072319030762e-01 1.548415660858154297e+00
9.259279370307922363e-01 1.542607426643371582e+00
9.269365668296813965e-01 1.556306958198547363e+00
9.279451966285705566e-01 1.578563690185546875e+00
9.289538264274597168e-01 1.598012804985046387e+00
9.299624562263488770e-01 1.578073859214782715e+00
9.309710860252380371e-01 1.578779458999633789e+00
9.319797158241271973e-01 1.537469148635864258e+00
9.329884052276611328e-01 1.552217483520507812e+00
9.339970350265502930e-01 1.575786471366882324e+00
9.350056648254394531e-01 1.566920399665832520e+00
9.360142946243286133e-01 1.535021185874938965e+00
9.370229244232177734e-01 1.596087455749511719e+00
9.380315542221069336e-01 1.587888956069946289e+00
9.390401840209960938e-01 1.564594030380249023e+00
9.400488138198852539e-01 1.571804285049438477e+00
9.410574436187744141e-01 1.577495098114013672e+00
9.420661330223083496e-01 1.614206314086914062e+00
9.430747628211975098e-01 1.586099624633789062e+00
9.440833926200866699e-01 1.622154831886291504e+00
9.450920224189758301e-01 1.616150856018066406e+00
9.461006522178649902e-01 1.571766376495361328e+00
9.471092820167541504e-01 1.602087378501892090e+00
9.481179118156433105e-01 1.592236876487731934e+00
9.491265416145324707e-01 1.588387489318847656e+00
9.501351714134216309e-01 1.624350786209106445e+00
9.511438012123107910e-01 1.548303008079528809e+00
9.521524906158447266e-01 1.588220119476318359e+00
9.531611204147338867e-01 1.621998429298400879e+00
9.541697502136230469e-01 1.605333685874938965e+00
9.551783800125122070e-01 1.570483684539794922e+00
9.561870098114013672e-01 1.641274690628051758e+00
9.571956396102905273e-01 1.644920110702514648e+00
9.582042694091796875e-01 1.604710221290588379e+00
9.592128992080688477e-01 1.632622718811035156e+00
9.602215290069580078e-01 1.597808957099914551e+00
9.612302184104919434e-01 1.621229887008666992e+00
9.622388482093811035e-01 1.585300326347351074e+00
9.632474780082702637e-01 1.662310600280761719e+00
9.642561078071594238e-01 1.645027756690979004e+00
9.652647376060485840e-01 1.616486072540283203e+00
9.662733674049377441e-01 1.678446292877197266e+00
9.672819972038269043e-01 1.657897710800170898e+00
9.682906270027160645e-01 1.610411882400512695e+00
9.692992568016052246e-01 1.660864114761352539e+00
9.703078866004943848e-01 1.626383781433105469e+00
9.713165760040283203e-01 1.617239594459533691e+00
9.723252058029174805e-01 1.646399021148681641e+00
9.733338356018066406e-01 1.625422239303588867e+00
9.743424654006958008e-01 1.638248920440673828e+00
9.753510951995849609e-01 1.625772237777709961e+00
9.763597249984741211e-01 1.595763564109802246e+00
9.773683547973632812e-01 1.652950286865234375e+00
9.783769845962524414e-01 1.645031571388244629e+00
9.793856143951416016e-01 1.655136108398437500e+00
9.803943037986755371e-01 1.588329553604125977e+00
9.814029335975646973e-01 1.612540245056152344e+00
9.824115633964538574e-01 1.684997200965881348e+00
9.834201931953430176e-01 1.677875757217407227e+00
9.844288229942321777e-01 1.667701125144958496e+00
9.854374527931213379e-01 1.640949845314025879e+00
9.864460825920104980e-01 1.640778899192810059e+00
9.874547123908996582e-01 1.641957759857177734e+00
9.884633421897888184e-01 1.653645038604736328e+00
9.894719719886779785e-01 1.712731957435607910e+00
9.904806613922119141e-01 1.611959338188171387e+00
9.914892911911010742e-01 1.606901168823242188e+00
9.924979209899902344e-01 1.638813257217407227e+00
9.935065507888793945e-01 1.665223479270935059e+00
9.945151805877685547e-01 1.666590094566345215e+00
9.955238103866577148e-01 1.689413547515869141e+00
9.965324401855468750e-01 1.628932833671569824e+00
9.975410699844360352e-01 1.618700623512268066e+00
9.985496997833251953e-01 1.598264455795288086e+00
9.995583891868591309e-01 1.621877431869506836e+00
1.000566959381103516e+00 1.602993369102478027e+00
1.001575589179992676e+00 1.652431726455688477e+00
1.002584218978881836e+00 1.647376537322998047e+00
1.003592848777770996e+00 1.726743102073669434e+00
1.004601597785949707e+00 1.689025282859802246e+00
1.005610227584838867e+00 1.713477730751037598e+00
1.006618857383728027e+00 1.756084084510803223e+00
1.007627487182617188e+00 1.684553980827331543e+00
1.008636116981506348e+00 1.636706352233886719e+00
1.009644746780395508e+00 1.687119483947753906e+00
1.010653376579284668e+00 1.660955071449279785e+00
1.011662006378173828e+00 1.638990998268127441e+00
1.012670636177062988e+00 1.650727391242980957e+00
1.013679265975952148e+00 1.587055921554565430e+00
1.014687895774841309e+00 1.679541230201721191e+00
1.015696525573730469e+00 1.686636567115783691e+00
1.016705155372619629e+00 1.696454167366027832e+00
1.017713785171508789e+00 1.669548869132995605e+00
1.018722414970397949e+00 1.701936483383178711e+00
1.019731044769287109e+00 1.701297521591186523e+00
1.020739674568176270e+00 1.711918354034423828e+00
1.021748304367065430e+00 1.702189207077026367e+00
1.022756934165954590e+00 1.690837502479553223e+00
1.023765683174133301e+00 1.662073254585266113e+00
1.024774312973022461e+00 1.634123444557189941e+00
1.025782942771911621e+00 1.698807835578918457e+00
1.026791572570800781e+00 1.712085962295532227e+00
1.027800202369689941e+00 1.727311611175537109e+00
1.028808832168579102e+00 1.667790174484252930e+00
1.029817461967468262e+00 1.720499873161315918e+00
1.030826091766357422e+00 1.699154734611511230e+00
1.031834721565246582e+00 1.709598660469055176e+00
1.032843351364135742e+00 1.738403677940368652e+00
1.033851981163024902e+00 1.663685917854309082e+00
1.034860610961914062e+00 1.693728923797607422e+00
1.035869240760803223e+00 1.700838088989257812e+00
1.036877870559692383e+00 1.709877610206604004e+00
1.037886500358581543e+00 1.767923593521118164e+00
1.038895130157470703e+00 1.691436409950256348e+00
1.039903759956359863e+00 1.775062441825866699e+00
1.040912389755249023e+00 1.694765686988830566e+00
1.041921019554138184e+00 1.686106920242309570e+00
1.042929768562316895e+00 1.728466987609863281e+00
1.043938398361206055e+00 1.711680412292480469e+00
1.044947028160095215e+00 1.768573403358459473e+00
1.045955657958984375e+00 1.733908414840698242e+00
1.046964287757873535e+00 1.701633930206298828e+00
1.047972917556762695e+00 1.754106163978576660e+00
1.048981547355651855e+00 1.702350974082946777e+00
1.049990177154541016e+00 1.668080925941467285e+00
1.050998806953430176e+00 1.693670272827148438e+00
1.052007436752319336e+00 1.669021844863891602e+00
1.053016066551208496e+00 1.739929199218750000e+00
1.054024696350097656e+00 1.782730579376220703e+00
1.055033326148986816e+00 1.764004707336425781e+00
1.056041955947875977e+00 1.808706402778625488e+00
1.057050585746765137e+00 1.804649949073791504e+00
1.058059215545654297e+00 1.766682624816894531e+00
1.059067845344543457e+00 1.755856037139892578e+00
1.060076475143432617e+00 1.791479945182800293e+00
1.061085104942321777e+00 1.736013293266296387e+00
1.062093853950500488e+00 1.762533307075500488e+00
1.063102483749389648e+00 1.786598682403564453e+00
1.064111113548278809e+00 1.743534445762634277e+00
1.065119743347167969e+00 1.803875446319580078e+00
1.066128373146057129e+00 1.789552450180053711e+00
1.067137002944946289e+00 1.772933959960937500e+00
1.068145632743835449e+00 1.812325954437255859e+00
1.069154262542724609e+00 1.757119297981262207e+00
1.070162892341613770e+00 1.765381455421447754e+00
1.071171522140502930e+00 1.795909166336059570e+00
1.072180151939392090e+00 1.776400089263916016e+00
1.073188781738281250e+00 1.744440913200378418e+00
1.074197411537170410e+00 1.789295315742492676e+00
1.075206041336059570e+00 1.862406730651855469e+00
1.076214671134948730e+00 1.867785453796386719e+00
1.077223300933837891e+00 1.872609257698059082e+00
1.078231930732727051e+00 1.830485463142395020e+00
1.079240560531616211e+00 1.838463544845581055e+00
1.080249190330505371e+00 1.782474994659423828e+00
1.081257939338684082e+00 1.800774455070495605e+00
1.082266569137573242e+00 1.758512735366821289e+00
1.083275198936462402e+00 1.827133536338806152e+00
1.084283828735351562e+00 1.883623480796813965e+00
1.085292458534240723e+00 1.807547688484191895e+00
1.086301088333129883e+00 1.864487528800964355e+00
1.087309718132019043e+00 1.940056681632995605e+00
1.088318347930908203e+00 1.797063708305358887e+00
1.089326977729797363e+00 1.846668124198913574e+00
1.090335607528686523e+00 1.835499286651611328e+00
1.091344237327575684e+00 1.816697001457214355e+00
1.092352867126464844e+00 1.829250216484069824e+00
1.093361496925354004e+00 1.832433938980102539e+00
1.094370126724243164e+00 1.755063056945800781e+00
1.095378756523132324e+00 1.858040452003479004e+00
1.096387386322021484e+00 1.888324022293090820e+00
1.097396016120910645e+00 1.851812839508056641e+00
1.098404645919799805e+00 1.810284018516540527e+00
1.099413275718688965e+00 1.851439833641052246e+00
1.100422024726867676e+00 1.932994604110717773e+00
1.101430654525756836e+00 1.873606681823730469e+00
1.102439284324645996e+00 1.913829565048217773e+00
1.103447914123535156e+00 1.812015295028686523e+00
1.104456543922424316e+00 1.848258376121520996e+00
1.105465173721313477e+00 1.888561367988586426e+00
1.106473803520202637e+00 1.945407271385192871e+00
1.107482433319091797e+00 1.898934602737426758e+00
1.108491063117980957e+00 1.893379807472229004e+00
1.109499692916870117e+00 1.921027064323425293e+00
1.110508322715759277e+00 1.944816589355468750e+00
1.111516952514648438e+00 1.923489928245544434e+00
1.112525582313537598e+00 2.050901412963867188e+00
1.113534212112426758e+00 2.046792030334472656e+00
1.114542841911315918e+00 2.008622646331787109e+00
1.115551471710205078e+00 1.905380010604858398e+00
1.116560101509094238e+00 1.880881190299987793e+00
1.117568731307983398e+00 1.880685448646545410e+00
1.118577361106872559e+00 1.961168408393859863e+00
1.119586110115051270e+00 1.817953228950500488e+00
1.120594739913940430e+00 1.916137695312500000e+00
1.121603369712829590e+00 2.024899721145629883e+00
1.122611999511718750e+00 1.931775569915771484e+00
1.123620629310607910e+00 1.919240236282348633e+00
1.124629259109497070e+00 1.969405770301818848e+00
1.125637888908386230e+00 1.924649596214294434e+00
1.126646518707275391e+00 1.888207435607910156e+00
1.127655148506164551e+00 1.923888444900512695e+00
1.128663778305053711e+00 1.885950565338134766e+00
1.129672408103942871e+00 2.031830549240112305e+00
1.130681037902832031e+00 2.031772136688232422e+00
1.131689667701721191e+00 1.898814082145690918e+00
1.132698297500610352e+00 1.930518388748168945e+00
1.133706927299499512e+00 1.952988386154174805e+00
1.134715557098388672e+00 2.034934520721435547e+00
1.135724186897277832e+00 1.984284162521362305e+00
1.136732816696166992e+00 1.923093795776367188e+00
1.137741446495056152e+00 2.019141435623168945e+00
1.138750195503234863e+00 1.980688452720642090e+00
1.139758825302124023e+00 1.936052322387695312e+00
1.140767455101013184e+00 1.939749598503112793e+00
1.141776084899902344e+00 1.821232914924621582e+00
1.142784714698791504e+00 1.947103857994079590e+00
1.143793344497680664e+00 1.882720589637756348e+00
1.144801974296569824e+00 1.958800315856933594e+00
1.145810604095458984e+00 1.982321500778198242e+00
1.146819233894348145e+00 1.970067501068115234e+00
1.147827863693237305e+00 2.067454099655151367e+00
1.148836493492126465e+00 1.941723823547363281e+00
1.149845123291015625e+00 1.850432634353637695e+00
1.150853753089904785e+00 1.918611049652099609e+00
1.151862382888793945e+00 1.985519289970397949e+00
1.152871012687683105e+00 2.009259939193725586e+00
1.153879642486572266e+00 2.060781240463256836e+00
1.154888272285461426e+00 2.029649257659912109e+00
1.155896902084350586e+00 1.946119666099548340e+00
1.156905531883239746e+00 2.018004179000854492e+00
1.157914280891418457e+00 2.033118486404418945e+00
1.158922910690307617e+00 2.044009685516357422e+00
1.159931540489196777e+00 2.010777473449707031e+00
1.160940170288085938e+00 1.931706905364990234e+00
1.161948800086975098e+00 2.126818656921386719e+00
1.162957429885864258e+00 2.058884382247924805e+00
1.163966059684753418e+00 2.051185131072998047e+00
1.164974689483642578e+00 2.175982952117919922e+00
1.165983319282531738e+00 2.077330112457275391e+00
1.166991949081420898e+00 2.141486406326293945e+00
1.168000578880310059e+00 2.032054424285888672e+00
1.169009208679199219e+00 2.057915210723876953e+00
1.170017838478088379e+00 2.072069168090820312e+00
1.171026468276977539e+00 2.309525728225708008e+00
1.172035098075866699e+00 2.038225889205932617e+00
1.173043727874755859e+00 1.971649169921875000e+00
1.174052357673645020e+00 2.112898588180541992e+00
1.175060987472534180e+00 2.293003797531127930e+00
1.176069617271423340e+00 2.131449460983276367e+00
1.177078366279602051e+00 2.206929206848144531e+00
1.178086996078491211e+00 2.070677280426025391e+00
1.179095625877380371e+00 2.093412876129150391e+00
1.180104255676269531e+00 2.055279493331909180e+00
1.181112885475158691e+00 2.073720932006835938e+00
1.182121515274047852e+00 2.089770078659057617e+00
1.183130145072937012e+00 2.174275398254394531e+00
1.184138774871826172e+00 2.249366998672485352e+00
1.185147404670715332e+00 2.106674432754516602e+00
1.186156034469604492e+00 2.235186100006103516e+00
1.187164664268493652e+00 2.093402147293090820e+00
1.188173294067382812e+00 2.333990335464477539e+00
1.189181923866271973e+00 2.145963430404663086e+00
1.190190553665161133e+00 2.314809322357177734e+00
1.191199183464050293e+00 2.168984174728393555e+00
1.192207813262939453e+00 2.195068359375000000e+00
1.193216443061828613e+00 2.325135707855224609e+00
1.194225072860717773e+00 2.141397714614868164e+00
1.195233702659606934e+00 2.167309999465942383e+00
1.196242451667785645e+00 2.059931755065917969e+00
1.197251081466674805e+00 2.423908233642578125e+00
1.198259711265563965e+00 2.152971029281616211e+00
1.199268341064453125e+00 2.111542463302612305e+00
1.200276970863342285e+00 2.154621124267578125e+00
1.201285600662231445e+00 2.075830936431884766e+00
1.202294230461120605e+00 2.185676097869873047e+00
1.203302860260009766e+00 1.961880803108215332e+00
1.204311490058898926e+00 2.405572175979614258e+00
1.205320119857788086e+00 2.724289655685424805e+00
1.206328749656677246e+00 1.944147348403930664e+00
1.207337379455566406e+00 2.161831617355346680e+00
1.208346009254455566e+00 1.492304682731628418e+00
1.209354639053344727e+00 4.982933998107910156e-01
