0.000000000000000000e+00 1.054643164062500000e+04
1.008636085316538811e-03 7.836044433593750000e+03
2.017272170633077621e-03 5.498959472656250000e+03
3.025908255949616432e-03 3.916840820312500000e+03
4.034544341266155243e-03 3.038916259765625000e+03
5.043180659413337708e-03 2.361963134765625000e+03
6.051816511899232864e-03 1.889951538085937500e+03
7.060452364385128021e-03 1.526299072265625000e+03
8.069088682532310486e-03 1.235548461914062500e+03
9.077725000679492950e-03 1.026243774414062500e+03
1.008636131882667542e-02 8.534923706054687500e+02
1.109499670565128326e-02 7.089862670898437500e+02
1.210363302379846573e-02 6.091016845703125000e+02
1.311226934194564819e-02 5.132623901367187500e+02
1.412090472877025604e-02 4.390548400878906250e+02
1.512954104691743851e-02 3.833064575195312500e+02
1.613817736506462097e-02 3.298206481933593750e+02
1.714681275188922882e-02 2.845809326171875000e+02
1.815545000135898590e-02 2.500368347167968750e+02
1.916408538818359375e-02 2.230277709960937500e+02
2.017272263765335083e-02 1.962791442871093750e+02
2.118135802447795868e-02 1.749058532714843750e+02
2.218999341130256653e-02 1.552838897705078125e+02
2.319863066077232361e-02 1.386911621093750000e+02
2.420726604759693146e-02 1.238650817871093750e+02
2.521590143442153931e-02 1.127448577880859375e+02
2.622453868389129639e-02 1.023113632202148438e+02
2.723317407071590424e-02 9.259494781494140625e+01
2.824180945754051208e-02 8.440572357177734375e+01
2.925044670701026917e-02 7.703502655029296875e+01
3.025908209383487701e-02 6.916193389892578125e+01
3.126771748065948486e-02 6.413909912109375000e+01
3.227635473012924194e-02 5.875510787963867188e+01
3.328499197959899902e-02 5.392414474487304688e+01
3.429362550377845764e-02 4.951110458374023438e+01
3.530226275324821472e-02 4.513632583618164062e+01
3.631090000271797180e-02 4.196629333496093750e+01
3.731953352689743042e-02 3.856903839111328125e+01
3.832817077636718750e-02 3.545970153808593750e+01
3.933680802583694458e-02 3.264878845214843750e+01
4.034544527530670166e-02 3.040624809265136719e+01
4.135407879948616028e-02 2.780323600769042969e+01
4.236271604895591736e-02 2.615713882446289062e+01
4.337135329842567444e-02 2.440838050842285156e+01
4.437998682260513306e-02 2.255979347229003906e+01
4.538862407207489014e-02 2.088384246826171875e+01
4.639726132154464722e-02 1.949980545043945312e+01
4.740589484572410583e-02 1.832793045043945312e+01
4.841453209519386292e-02 1.671030998229980469e+01
4.942316934466362000e-02 1.609652709960937500e+01
5.043180286884307861e-02 1.516488361358642578e+01
5.144044011831283569e-02 1.407398986816406250e+01
5.244907736778259277e-02 1.336965656280517578e+01
5.345771089196205139e-02 1.261174678802490234e+01
5.446634814143180847e-02 1.167425060272216797e+01
5.547498539090156555e-02 1.115044116973876953e+01
5.648361891508102417e-02 1.071097946166992188e+01
5.749225616455078125e-02 1.014168167114257812e+01
5.850089341402053833e-02 9.746898651123046875e+00
5.950953066349029541e-02 9.006914138793945312e+00
6.051816418766975403e-02 8.670700073242187500e+00
6.152680143713951111e-02 8.344447135925292969e+00
6.253543496131896973e-02 7.949255466461181641e+00
6.354407221078872681e-02 7.591382980346679688e+00
6.455270946025848389e-02 7.196014881134033203e+00
6.556134670972824097e-02 6.868461608886718750e+00
6.656998395919799805e-02 6.719040870666503906e+00
6.757862120866775513e-02 6.323548793792724609e+00
6.858725100755691528e-02 6.171360969543457031e+00
6.959588825702667236e-02 6.013354301452636719e+00
7.060452550649642944e-02 5.756260871887207031e+00
7.161316275596618652e-02 5.589313983917236328e+00
7.262180000543594360e-02 5.314286231994628906e+00
7.363043725490570068e-02 5.150901317596435547e+00
7.463906705379486084e-02 4.855106353759765625e+00
7.564770430326461792e-02 4.850931644439697266e+00
7.665634155273437500e-02 4.648421764373779297e+00
7.766497880220413208e-02 4.568858146667480469e+00
7.867361605167388916e-02 4.304375648498535156e+00
7.968225330114364624e-02 4.211233139038085938e+00
8.069089055061340332e-02 4.034436225891113281e+00
8.169952034950256348e-02 4.042895793914794922e+00
8.270815759897232056e-02 3.967658758163452148e+00
8.371679484844207764e-02 3.750043630599975586e+00
8.472543209791183472e-02 3.714946269989013672e+00
8.573406934738159180e-02 3.604848623275756836e+00
8.674270659685134888e-02 3.459483861923217773e+00
8.775133639574050903e-02 3.335453987121582031e+00
8.875997364521026611e-02 3.310385704040527344e+00
8.976861089468002319e-02 3.136911153793334961e+00
9.077724814414978027e-02 3.032032728195190430e+00
9.178588539361953735e-02 3.066397666931152344e+00
9.279452264308929443e-02 2.939313411712646484e+00
9.380315244197845459e-02 2.922937154769897461e+00
9.481178969144821167e-02 2.878196239471435547e+00
9.582042694091796875e-02 2.835763216018676758e+00
9.682906419038772583e-02 2.748616456985473633e+00
9.783770143985748291e-02 2.737179517745971680e+00
9.884633868932723999e-02 2.641909837722778320e+00
9.985497593879699707e-02 2.540375709533691406e+00
1.008636057376861572e-01 2.555230140686035156e+00
1.018722429871559143e-01 2.457462787628173828e+00
1.028808802366256714e-01 2.418128013610839844e+00
1.038895174860954285e-01 2.411834001541137695e+00
1.048981547355651855e-01 2.322108268737792969e+00
1.059067919850349426e-01 2.275533914566040039e+00
1.069154217839241028e-01 2.233681440353393555e+00
1.079240590333938599e-01 2.208090782165527344e+00
1.089326962828636169e-01 2.141914844512939453e+00
1.099413335323333740e-01 2.127347946166992188e+00
1.109499707818031311e-01 2.141970396041870117e+00
1.119586080312728882e-01 2.090492963790893555e+00
1.129672378301620483e-01 2.008595705032348633e+00
1.139758750796318054e-01 1.972461223602294922e+00
1.149845123291015625e-01 1.934916377067565918e+00
1.159931495785713196e-01 1.900775432586669922e+00
1.170017868280410767e-01 1.874978184700012207e+00
1.180104240775108337e-01 1.870762944221496582e+00
1.190190613269805908e-01 1.887331008911132812e+00
1.200276911258697510e-01 1.836453199386596680e+00
1.210363283753395081e-01 1.806315660476684570e+00
1.220449656248092651e-01 1.750876188278198242e+00
1.230536028742790222e-01 1.755526304244995117e+00
1.240622401237487793e-01 1.745371222496032715e+00
1.250708699226379395e-01 1.775809288024902344e+00
1.260795146226882935e-01 1.720800399780273438e+00
1.270881444215774536e-01 1.674179673194885254e+00
1.280967891216278076e-01 1.659356117248535156e+00
1.291054189205169678e-01 1.611341476440429688e+00
1.301140487194061279e-01 1.602516889572143555e+00
1.311226934194564819e-01 1.567676305770874023e+00
1.321313232183456421e-01 1.615821719169616699e+00
1.331399679183959961e-01 1.576591134071350098e+00
1.341485977172851562e-01 1.572188258171081543e+00
1.351572424173355103e-01 1.540526270866394043e+00
1.361658722162246704e-01 1.510869503021240234e+00
1.371745020151138306e-01 1.541747093200683594e+00
1.381831467151641846e-01 1.500369191169738770e+00
1.391917765140533447e-01 1.524797558784484863e+00
1.402004212141036987e-01 1.470611691474914551e+00
1.412090510129928589e-01 1.484155774116516113e+00
1.422176808118820190e-01 1.421227335929870605e+00
1.432263255119323730e-01 1.451059222221374512e+00
1.442349553108215332e-01 1.425669789314270020e+00
1.452436000108718872e-01 1.443339109420776367e+00
1.462522298097610474e-01 1.400333166122436523e+00
1.472608745098114014e-01 1.393376708030700684e+00
1.482695043087005615e-01 1.387881517410278320e+00
1.492781341075897217e-01 1.381274223327636719e+00
1.502867788076400757e-01 1.358206748962402344e+00
1.512954086065292358e-01 1.389044880867004395e+00
1.523040533065795898e-01 1.401627302169799805e+00
1.533126831054687500e-01 1.353003382682800293e+00
1.543213278055191040e-01 1.374458789825439453e+00
1.553299576044082642e-01 1.392936706542968750e+00
1.563385874032974243e-01 1.358935236930847168e+00
1.573472321033477783e-01 1.348294734954833984e+00
1.583558619022369385e-01 1.299722909927368164e+00
1.593645066022872925e-01 1.301643252372741699e+00
1.603731364011764526e-01 1.333176136016845703e+00
1.613817811012268066e-01 1.313459634780883789e+00
1.623904109001159668e-01 1.273122906684875488e+00
1.633990406990051270e-01 1.266350746154785156e+00
1.644076853990554810e-01 1.247228980064392090e+00
1.654163151979446411e-01 1.264853000640869141e+00
1.664249598979949951e-01 1.265052437782287598e+00
1.674335896968841553e-01 1.217135310173034668e+00
1.684422194957733154e-01 1.213877558708190918e+00
1.694508641958236694e-01 1.227746367454528809e+00
1.704594939947128296e-01 1.214560627937316895e+00
1.714681386947631836e-01 1.199773907661437988e+00
1.724767684936523438e-01 1.206948399543762207e+00
1.734854131937026978e-01 1.189280390739440918e+00
1.744940429925918579e-01 1.203751325607299805e+00
1.755026727914810181e-01 1.173741102218627930e+00
1.765113174915313721e-01 1.161617159843444824e+00
1.775199472904205322e-01 1.171418905258178711e+00
1.785285919904708862e-01 1.163198471069335938e+00
1.795372217893600464e-01 1.160235285758972168e+00
1.805458664894104004e-01 1.153857231140136719e+00
1.815544962882995605e-01 1.155098557472229004e+00
1.825631260871887207e-01 1.152216434478759766e+00
1.835717707872390747e-01 1.156728386878967285e+00
1.845804005861282349e-01 1.136948227882385254e+00
1.855890452861785889e-01 1.122071027755737305e+00
1.865976750850677490e-01 1.090421795845031738e+00
1.876063048839569092e-01 1.084941744804382324e+00
1.886149495840072632e-01 1.104294776916503906e+00
1.896235793828964233e-01 1.085109353065490723e+00
1.906322240829467773e-01 1.100215673446655273e+00
1.916408538818359375e-01 1.071871042251586914e+00
1.926494985818862915e-01 1.100211262702941895e+00
1.936581283807754517e-01 1.059382915496826172e+00
1.946667581796646118e-01 1.068002820014953613e+00
1.956754028797149658e-01 1.080892443656921387e+00
1.966840326786041260e-01 1.040683388710021973e+00
1.976926773786544800e-01 1.018866658210754395e+00
1.987013071775436401e-01 1.030208826065063477e+00
1.997099518775939941e-01 1.050483465194702148e+00
2.007185816764831543e-01 1.008139729499816895e+00
2.017272114753723145e-01 1.020448088645935059e+00
2.027358561754226685e-01 9.568305611610412598e-01
2.037444859743118286e-01 9.888478517532348633e-01
2.047531306743621826e-01 9.943625926971435547e-01
2.057617604732513428e-01 9.995993375778198242e-01
2.067703902721405029e-01 1.007321357727050781e+00
2.077790349721908569e-01 9.914073944091796875e-01
2.087876647710800171e-01 9.770386815071105957e-01
2.097963094711303711e-01 9.782432317733764648e-01
2.108049392700195312e-01 9.788368940353393555e-01
2.118135839700698853e-01 9.888172745704650879e-01
2.128222137689590454e-01 9.733582139015197754e-01
2.138308435678482056e-01 9.763036370277404785e-01
2.148394882678985596e-01 9.674535393714904785e-01
2.158481180667877197e-01 9.805556535720825195e-01
2.168567627668380737e-01 9.600934386253356934e-01
2.178653925657272339e-01 9.740687608718872070e-01
2.188740372657775879e-01 9.606826901435852051e-01
2.198826670646667480e-01 9.375818371772766113e-01
2.208912968635559082e-01 9.725357294082641602e-01
2.218999415636062622e-01 9.689592123031616211e-01
2.229085713624954224e-01 9.529625177383422852e-01
2.239172160625457764e-01 9.493935108184814453e-01
2.249258458614349365e-01 9.312646389007568359e-01
2.259344756603240967e-01 9.398502111434936523e-01
2.269431203603744507e-01 9.228192567825317383e-01
2.279517501592636108e-01 9.164234995841979980e-01
2.289603948593139648e-01 9.515581727027893066e-01
2.299690246582031250e-01 9.429702758789062500e-01
2.309776693582534790e-01 9.297374486923217773e-01
2.319862991571426392e-01 9.358221888542175293e-01
2.329949289560317993e-01 9.501944184303283691e-01
2.340035736560821533e-01 9.462250471115112305e-01
2.350122034549713135e-01 9.376423358917236328e-01
2.360208481550216675e-01 9.443029761314392090e-01
2.370294779539108276e-01 9.273248910903930664e-01
2.380381226539611816e-01 9.144247770309448242e-01
2.390467524528503418e-01 9.077093005180358887e-01
2.400553822517395020e-01 9.170211553573608398e-01
2.410640269517898560e-01 9.155200719833374023e-01
2.420726567506790161e-01 9.460887312889099121e-01
2.430813014507293701e-01 1.054372191429138184e+00
2.440899312496185303e-01 9.157465100288391113e-01
2.450985759496688843e-01 8.912394642829895020e-01
2.461072057485580444e-01 8.914380073547363281e-01
2.471158355474472046e-01 8.930084109306335449e-01
2.481244802474975586e-01 9.132004976272583008e-01
2.491331100463867188e-01 8.784337043762207031e-01
2.501417398452758789e-01 8.732600212097167969e-01
2.511503994464874268e-01 9.187121391296386719e-01
2.521590292453765869e-01 9.018272757530212402e-01
2.531676590442657471e-01 8.947526812553405762e-01
2.541762888431549072e-01 8.859704136848449707e-01
2.551849186420440674e-01 8.924294114112854004e-01
2.561935782432556152e-01 8.900070190429687500e-01
2.572022080421447754e-01 9.004239439964294434e-01
2.582108378410339355e-01 8.973411321640014648e-01
2.592194676399230957e-01 8.570880889892578125e-01
2.602280974388122559e-01 8.476638793945312500e-01
2.612367570400238037e-01 8.876388669013977051e-01
2.622453868389129639e-01 8.602726459503173828e-01
2.632540166378021240e-01 8.276761770248413086e-01
2.642626464366912842e-01 8.549814224243164062e-01
2.652712762355804443e-01 8.756242394447326660e-01
2.662799358367919922e-01 8.512259125709533691e-01
2.672885656356811523e-01 8.492120504379272461e-01
2.682971954345703125e-01 8.549711108207702637e-01
2.693058252334594727e-01 8.451204299926757812e-01
2.703144848346710205e-01 8.302627205848693848e-01
2.713231146335601807e-01 8.445250391960144043e-01
2.723317444324493408e-01 8.476025462150573730e-01
2.733403742313385010e-01 8.601144552230834961e-01
2.743490040302276611e-01 8.672250509262084961e-01
2.753576636314392090e-01 8.706614375114440918e-01
2.763662934303283691e-01 8.419083356857299805e-01
2.773749232292175293e-01 8.467396497726440430e-01
2.783835530281066895e-01 8.258377909660339355e-01
2.793921828269958496e-01 8.406673669815063477e-01
2.804008424282073975e-01 8.387302756309509277e-01
2.814094722270965576e-01 8.420651555061340332e-01
2.824181020259857178e-01 8.308545947074890137e-01
2.834267318248748779e-01 8.185210824012756348e-01
2.844353616237640381e-01 8.373494744300842285e-01
2.854440212249755859e-01 8.270574808120727539e-01
2.864526510238647461e-01 8.222429752349853516e-01
2.874612808227539062e-01 8.164375424385070801e-01
2.884699106216430664e-01 8.278568983078002930e-01
2.894785702228546143e-01 8.130205273628234863e-01
2.904872000217437744e-01 7.968142628669738770e-01
2.914958298206329346e-01 8.130233287811279297e-01
2.925044596195220947e-01 8.530080914497375488e-01
2.935130894184112549e-01 7.933975458145141602e-01
2.945217490196228027e-01 7.932122349739074707e-01
2.955303788185119629e-01 8.083708286285400391e-01
2.965390086174011230e-01 8.116395473480224609e-01
2.975476384162902832e-01 8.006803393363952637e-01
2.985562682151794434e-01 8.050957322120666504e-01
2.995649278163909912e-01 8.107494711875915527e-01
3.005735576152801514e-01 7.967003583908081055e-01
3.015821874141693115e-01 7.957022190093994141e-01
3.025908172130584717e-01 8.156121969223022461e-01
3.035994470119476318e-01 8.093379139900207520e-01
3.046081066131591797e-01 7.982993125915527344e-01
3.056167364120483398e-01 7.803738117218017578e-01
3.066253662109375000e-01 7.763463854789733887e-01
3.076339960098266602e-01 7.906280755996704102e-01
3.086426556110382080e-01 7.838379144668579102e-01
3.096512854099273682e-01 7.883195281028747559e-01
3.106599152088165283e-01 7.786304950714111328e-01
3.116685450077056885e-01 7.926406264305114746e-01
3.126771748065948486e-01 7.937894463539123535e-01
3.136858344078063965e-01 7.916132211685180664e-01
3.146944642066955566e-01 7.777174115180969238e-01
3.157030940055847168e-01 7.774491906166076660e-01
3.167117238044738770e-01 7.765964269638061523e-01
3.177203536033630371e-01 7.689585089683532715e-01
3.187290132045745850e-01 7.740622758865356445e-01
3.197376430034637451e-01 7.730517387390136719e-01
3.207462728023529053e-01 7.735707759857177734e-01
3.217549026012420654e-01 7.802499532699584961e-01
3.227635622024536133e-01 7.761716842651367188e-01
3.237721920013427734e-01 7.617551088333129883e-01
3.247808218002319336e-01 7.663087844848632812e-01
3.257894515991210938e-01 7.584776282310485840e-01
3.267980813980102539e-01 7.681775689125061035e-01
3.278067409992218018e-01 7.763455510139465332e-01
3.288153707981109619e-01 7.833467721939086914e-01
3.298240005970001221e-01 7.772712111473083496e-01
3.308326303958892822e-01 7.566378116607666016e-01
3.318412601947784424e-01 7.640167474746704102e-01
3.328499197959899902e-01 7.808795571327209473e-01
3.338585495948791504e-01 7.745618820190429688e-01
3.348671793937683105e-01 7.683451175689697266e-01
3.358758091926574707e-01 7.823612093925476074e-01
3.368844389915466309e-01 7.796764969825744629e-01
3.378930985927581787e-01 7.669171690940856934e-01
3.389017283916473389e-01 7.723035216331481934e-01
3.399103581905364990e-01 7.693580985069274902e-01
3.409189879894256592e-01 7.728416919708251953e-01
3.419276475906372070e-01 7.748485207557678223e-01
3.429362773895263672e-01 7.774170041084289551e-01
3.439449071884155273e-01 7.685899138450622559e-01
3.449535369873046875e-01 7.702355980873107910e-01
3.459621667861938477e-01 7.510365247726440430e-01
3.469708263874053955e-01 7.547608613967895508e-01
3.479794561862945557e-01 7.455446720123291016e-01
3.489880859851837158e-01 7.704282999038696289e-01
3.499967157840728760e-01 7.604427337646484375e-01
3.510053455829620361e-01 7.516247630119323730e-01
3.520140051841735840e-01 7.327405810356140137e-01
3.530226349830627441e-01 7.535207271575927734e-01
3.540312647819519043e-01 7.739961743354797363e-01
3.550398945808410645e-01 7.506530284881591797e-01
3.560485243797302246e-01 7.629150152206420898e-01
3.570571839809417725e-01 7.586451172828674316e-01
3.580658137798309326e-01 7.540835738182067871e-01
3.590744435787200928e-01 7.375209927558898926e-01
3.600830733776092529e-01 7.414765954017639160e-01
3.610917329788208008e-01 7.476160526275634766e-01
3.621003627777099609e-01 7.334292531013488770e-01
3.631089925765991211e-01 7.276542186737060547e-01
3.641176223754882812e-01 7.422161698341369629e-01
3.651262521743774414e-01 7.425571084022521973e-01
3.661349117755889893e-01 7.360712885856628418e-01
3.671435415744781494e-01 7.440297007560729980e-01
3.681521713733673096e-01 7.480803132057189941e-01
3.691608011722564697e-01 7.326070070266723633e-01
3.701694309711456299e-01 7.355000972747802734e-01
3.711780905723571777e-01 7.585963606834411621e-01
3.721867203712463379e-01 7.627220153808593750e-01
3.731953501701354980e-01 7.330442070960998535e-01
3.742039799690246582e-01 7.435880303382873535e-01
3.752126097679138184e-01 7.542619109153747559e-01
3.762212693691253662e-01 7.423422932624816895e-01
3.772298991680145264e-01 7.400351166725158691e-01
3.782385289669036865e-01 7.331230044364929199e-01
3.792471587657928467e-01 7.284684181213378906e-01
3.802558183670043945e-01 7.535383701324462891e-01
3.812644481658935547e-01 7.238525748252868652e-01
3.822730779647827148e-01 7.259860634803771973e-01
3.832817077636718750e-01 7.308446764945983887e-01
3.842903375625610352e-01 7.449308633804321289e-01
3.852989971637725830e-01 7.567336559295654297e-01
3.863076269626617432e-01 7.363312840461730957e-01
3.873162567615509033e-01 7.258731722831726074e-01
3.883248865604400635e-01 7.372129559516906738e-01
3.893335163593292236e-01 7.375807166099548340e-01
3.903421759605407715e-01 7.371208667755126953e-01
3.913508057594299316e-01 7.252491712570190430e-01
3.923594355583190918e-01 7.351207137107849121e-01
3.933680653572082520e-01 7.299206256866455078e-01
3.943766951560974121e-01 7.211824655532836914e-01
3.953853547573089600e-01 7.088481187820434570e-01
3.963939845561981201e-01 7.211117744445800781e-01
3.974026143550872803e-01 7.160456180572509766e-01
3.984112441539764404e-01 7.247214913368225098e-01
3.994199037551879883e-01 7.314159870147705078e-01
4.004285335540771484e-01 7.215202450752258301e-01
4.014371633529663086e-01 7.268733978271484375e-01
4.024457931518554688e-01 7.407412528991699219e-01
4.034544229507446289e-01 7.333921194076538086e-01
4.044630825519561768e-01 7.145828008651733398e-01
4.054717123508453369e-01 7.273342609405517578e-01
4.064803421497344971e-01 7.439991235733032227e-01
4.074889719486236572e-01 7.429295182228088379e-01
4.084976017475128174e-01 7.289339900016784668e-01
4.095062613487243652e-01 7.209529280662536621e-01
4.105148911476135254e-01 7.289601564407348633e-01
4.115235209465026855e-01 7.255694270133972168e-01
4.125321507453918457e-01 7.106958031654357910e-01
4.135407805442810059e-01 7.068408727645874023e-01
4.145494401454925537e-01 7.181053757667541504e-01
4.155580699443817139e-01 7.269111871719360352e-01
4.165666997432708740e-01 7.312375903129577637e-01
4.175753295421600342e-01 7.372711300849914551e-01
4.185839891433715820e-01 7.206118702888488770e-01
4.195926189422607422e-01 7.054941654205322266e-01
4.206012487411499023e-01 7.097654342651367188e-01
4.216098785400390625e-01 7.194972634315490723e-01
4.226185083389282227e-01 7.152962088584899902e-01
4.236271679401397705e-01 7.059524059295654297e-01
4.246357977390289307e-01 7.101994156837463379e-01
4.256444275379180908e-01 7.319816946983337402e-01
4.266530573368072510e-01 7.084831595420837402e-01
4.276616871356964111e-01 7.106059193611145020e-01
4.286703467369079590e-01 7.258660793304443359e-01
4.296789765357971191e-01 7.153473496437072754e-01
4.306876063346862793e-01 7.031383514404296875e-01
4.316962361335754395e-01 7.100397944450378418e-01
4.327048659324645996e-01 7.204526066780090332e-01
4.337135255336761475e-01 7.161265611648559570e-01
4.347221553325653076e-01 7.160193920135498047e-01
4.357307851314544678e-01 7.209482192993164062e-01
4.367394149303436279e-01 6.948495507240295410e-01
4.377480745315551758e-01 6.933951973915100098e-01
4.387567043304443359e-01 7.018865346908569336e-01
4.397653341293334961e-01 7.215205430984497070e-01
4.407739639282226562e-01 7.105062603950500488e-01
4.417825937271118164e-01 7.209734320640563965e-01
4.427912533283233643e-01 7.159940600395202637e-01
4.437998831272125244e-01 7.148698568344116211e-01
4.448085129261016846e-01 7.106289863586425781e-01
4.458171427249908447e-01 7.242377996444702148e-01
4.468257725238800049e-01 7.172470092773437500e-01
4.478344321250915527e-01 7.040832638740539551e-01
4.488430619239807129e-01 7.046236395835876465e-01
4.498516917228698730e-01 6.989151835441589355e-01
4.508603215217590332e-01 7.148805856704711914e-01
4.518689513206481934e-01 7.186211347579956055e-01
4.528776109218597412e-01 6.891599893569946289e-01
4.538862407207489014e-01 6.946009993553161621e-01
4.548948705196380615e-01 6.931484341621398926e-01
4.559035003185272217e-01 7.185621261596679688e-01
4.569121599197387695e-01 6.947977542877197266e-01
4.579207897186279297e-01 7.113866806030273438e-01
4.589294195175170898e-01 7.062160372734069824e-01
4.599380493164062500e-01 7.035425305366516113e-01
4.609466791152954102e-01 6.785642504692077637e-01
4.619553387165069580e-01 7.070018053054809570e-01
4.629639685153961182e-01 7.004851102828979492e-01
4.639725983142852783e-01 7.069376111030578613e-01
4.649812281131744385e-01 7.169093489646911621e-01
4.659898579120635986e-01 6.986702084541320801e-01
4.669985175132751465e-01 7.225744724273681641e-01
4.680071473121643066e-01 7.126100659370422363e-01
4.690157771110534668e-01 6.935499310493469238e-01
4.700244069099426270e-01 7.028308510780334473e-01
4.710330665111541748e-01 6.964077353477478027e-01
4.720416963100433350e-01 7.011609673500061035e-01
4.730503261089324951e-01 7.142759561538696289e-01
4.740589559078216553e-01 6.995935440063476562e-01
4.750675857067108154e-01 7.064609527587890625e-01
4.760762453079223633e-01 7.056866884231567383e-01
4.770848751068115234e-01 6.895371079444885254e-01
4.780935049057006836e-01 6.974734663963317871e-01
4.791021347045898438e-01 7.117658257484436035e-01
4.801107645034790039e-01 6.879757642745971680e-01
4.811194241046905518e-01 7.031751275062561035e-01
4.821280539035797119e-01 6.858914494514465332e-01
4.831366837024688721e-01 6.879910230636596680e-01
4.841453135013580322e-01 6.922724246978759766e-01
4.851539433002471924e-01 6.905671358108520508e-01
4.861626029014587402e-01 6.960889101028442383e-01
4.871712327003479004e-01 6.982956528663635254e-01
4.881798624992370605e-01 6.833339333534240723e-01
4.891884922981262207e-01 6.897434592247009277e-01
4.901971518993377686e-01 6.975820660591125488e-01
4.912057816982269287e-01 7.085404396057128906e-01
4.922144114971160889e-01 6.950942873954772949e-01
4.932230412960052490e-01 6.834943294525146484e-01
4.942316710948944092e-01 7.004138827323913574e-01
4.952403306961059570e-01 6.888009905815124512e-01
4.962489604949951172e-01 6.889325380325317383e-01
4.972575902938842773e-01 6.862688660621643066e-01
4.982662200927734375e-01 6.802445650100708008e-01
4.992748498916625977e-01 6.835187673568725586e-01
5.002834796905517578e-01 6.958432793617248535e-01
5.012921094894409180e-01 6.785259842872619629e-01
5.023007988929748535e-01 6.944264769554138184e-01
5.033094286918640137e-01 6.980056762695312500e-01
5.043180584907531738e-01 7.341446280479431152e-01
5.053266882896423340e-01 7.201505303382873535e-01
5.063353180885314941e-01 7.010023593902587891e-01
5.073439478874206543e-01 6.955718398094177246e-01
5.083525776863098145e-01 6.995316147804260254e-01
5.093612074851989746e-01 6.875644922256469727e-01
5.103698372840881348e-01 6.897242069244384766e-01
5.113784670829772949e-01 6.914995312690734863e-01
5.123871564865112305e-01 6.995218396186828613e-01
5.133957862854003906e-01 6.839093565940856934e-01
5.144044160842895508e-01 6.763577461242675781e-01
5.154130458831787109e-01 6.965286731719970703e-01
5.164216756820678711e-01 6.880923509597778320e-01
5.174303054809570312e-01 6.855877041816711426e-01
5.184389352798461914e-01 6.985809803009033203e-01
5.194475650787353516e-01 6.747705936431884766e-01
5.204561948776245117e-01 6.867043972015380859e-01
5.214648842811584473e-01 6.882293820381164551e-01
5.224735140800476074e-01 6.943431496620178223e-01
5.234821438789367676e-01 6.888044476509094238e-01
5.244907736778259277e-01 6.927865743637084961e-01
5.254994034767150879e-01 6.901357173919677734e-01
5.265080332756042480e-01 6.962646842002868652e-01
5.275166630744934082e-01 6.894860267639160156e-01
5.285252928733825684e-01 6.965637803077697754e-01
5.295339226722717285e-01 6.966720223426818848e-01
5.305425524711608887e-01 6.813340187072753906e-01
5.315512418746948242e-01 6.863390207290649414e-01
5.325598716735839844e-01 6.879526376724243164e-01
5.335685014724731445e-01 7.015925049781799316e-01
5.345771312713623047e-01 6.871663331985473633e-01
5.355857610702514648e-01 7.017645239830017090e-01
5.365943908691406250e-01 6.871095299720764160e-01
5.376030206680297852e-01 6.788370609283447266e-01
5.386116504669189453e-01 7.006092667579650879e-01
5.396202802658081055e-01 6.845533847808837891e-01
5.406289696693420410e-01 6.837053894996643066e-01
5.416375994682312012e-01 6.834134459495544434e-01
5.426462292671203613e-01 6.861805915832519531e-01
5.436548590660095215e-01 6.764262318611145020e-01
5.446634888648986816e-01 6.827629804611206055e-01
5.456721186637878418e-01 6.804241538047790527e-01
5.466807484626770020e-01 6.910827159881591797e-01
5.476893782615661621e-01 6.998923420906066895e-01
5.486980080604553223e-01 6.965918540954589844e-01
5.497066378593444824e-01 6.802071928977966309e-01
5.507153272628784180e-01 6.927214860916137695e-01
5.517239570617675781e-01 6.903802156448364258e-01
5.527325868606567383e-01 6.931088566780090332e-01
5.537412166595458984e-01 6.888884305953979492e-01
5.547498464584350586e-01 6.859028935432434082e-01
5.557584762573242188e-01 6.853803396224975586e-01
5.567671060562133789e-01 6.784532070159912109e-01
5.577757358551025391e-01 6.792151331901550293e-01
5.587843656539916992e-01 6.730889081954956055e-01
5.597930550575256348e-01 6.725083589553833008e-01
5.608016848564147949e-01 6.862923502922058105e-01
5.618103146553039551e-01 6.762231588363647461e-01
5.628189444541931152e-01 6.790254116058349609e-01
5.638275742530822754e-01 6.929214000701904297e-01
5.648362040519714355e-01 6.867044568061828613e-01
5.658448338508605957e-01 6.797415614128112793e-01
5.668534636497497559e-01 6.509452462196350098e-01
5.678620934486389160e-01 6.678108572959899902e-01
5.688707232475280762e-01 6.736134886741638184e-01
5.698794126510620117e-01 6.711416244506835938e-01
5.708880424499511719e-01 6.683531999588012695e-01
5.718966722488403320e-01 6.702267527580261230e-01
5.729053020477294922e-01 6.729063391685485840e-01
5.739139318466186523e-01 6.747419834136962891e-01
5.749225616455078125e-01 6.603881716728210449e-01
5.759311914443969727e-01 6.670657992362976074e-01
5.769398212432861328e-01 6.868390440940856934e-01
5.779484510421752930e-01 6.730743646621704102e-01
5.789571404457092285e-01 6.815141439437866211e-01
5.799657702445983887e-01 6.833794713020324707e-01
5.809744000434875488e-01 6.779248118400573730e-01
5.819830298423767090e-01 6.746013164520263672e-01
5.829916596412658691e-01 6.791731715202331543e-01
5.840002894401550293e-01 6.634929180145263672e-01
5.850089192390441895e-01 6.696554422378540039e-01
5.860175490379333496e-01 6.646577715873718262e-01
5.870261788368225098e-01 6.691555976867675781e-01
5.880348086357116699e-01 6.620969176292419434e-01
5.890434980392456055e-01 6.798925995826721191e-01
5.900521278381347656e-01 6.685231924057006836e-01
5.910607576370239258e-01 6.691742539405822754e-01
5.920693874359130859e-01 6.910144686698913574e-01
5.930780172348022461e-01 6.888175010681152344e-01
5.940866470336914062e-01 6.681130528450012207e-01
5.950952768325805664e-01 6.688324213027954102e-01
5.961039066314697266e-01 6.653581857681274414e-01
5.971125364303588867e-01 6.408312916755676270e-01
5.981212258338928223e-01 6.564608812332153320e-01
5.991298556327819824e-01 6.581062674522399902e-01
6.001384854316711426e-01 6.580082774162292480e-01
6.011471152305603027e-01 6.646022200584411621e-01
6.021557450294494629e-01 6.662591099739074707e-01
6.031643748283386230e-01 6.598365902900695801e-01
6.041730046272277832e-01 6.508873105049133301e-01
6.051816344261169434e-01 6.684211492538452148e-01
6.061902642250061035e-01 6.760447025299072266e-01
6.071988940238952637e-01 6.791507601737976074e-01
6.082075834274291992e-01 6.665233969688415527e-01
6.092162132263183594e-01 6.594610810279846191e-01
6.102248430252075195e-01 6.593611240386962891e-01
6.112334728240966797e-01 6.506036520004272461e-01
6.122421026229858398e-01 6.734156012535095215e-01
6.132507324218750000e-01 6.760327816009521484e-01
6.142593622207641602e-01 6.609039902687072754e-01
6.152679920196533203e-01 6.644321084022521973e-01
6.162766218185424805e-01 6.607860326766967773e-01
6.172853112220764160e-01 6.513883471488952637e-01
6.182939410209655762e-01 6.696217656135559082e-01
6.193025708198547363e-01 6.777790784835815430e-01
6.203112006187438965e-01 6.519821286201477051e-01
6.213198304176330566e-01 6.679126620292663574e-01
6.223284602165222168e-01 6.638871431350708008e-01
6.233370900154113770e-01 6.634146571159362793e-01
6.243457198143005371e-01 6.826624870300292969e-01
6.253543496131896973e-01 6.531642079353332520e-01
6.263629794120788574e-01 6.755535602569580078e-01
6.273716688156127930e-01 6.670647859573364258e-01
6.283802986145019531e-01 6.561951637268066406e-01
6.293889284133911133e-01 6.698619723320007324e-01
6.303975582122802734e-01 6.613723039627075195e-01
6.314061880111694336e-01 6.701130270957946777e-01
6.324148178100585938e-01 6.673427224159240723e-01
6.334234476089477539e-01 6.513441801071166992e-01
6.344320774078369141e-01 6.555680632591247559e-01
6.354407072067260742e-01 6.732087731361389160e-01
6.364493966102600098e-01 6.699523925781250000e-01
6.374580264091491699e-01 6.646052002906799316e-01
6.384666562080383301e-01 6.644209027290344238e-01
6.394752860069274902e-01 6.524701118469238281e-01
6.404839158058166504e-01 6.672922372817993164e-01
6.414925456047058105e-01 6.602185368537902832e-01
6.425011754035949707e-01 6.645592451095581055e-01
6.435098052024841309e-01 6.674654483795166016e-01
6.445184350013732910e-01 6.724823713302612305e-01
6.455271244049072266e-01 6.521661877632141113e-01
6.465357542037963867e-01 6.488025784492492676e-01
6.475443840026855469e-01 6.618280410766601562e-01
6.485530138015747070e-01 6.507838368415832520e-01
6.495616436004638672e-01 6.647650003433227539e-01
6.505702733993530273e-01 6.309233307838439941e-01
6.515789031982421875e-01 6.448598504066467285e-01
6.525875329971313477e-01 6.510689854621887207e-01
6.535961627960205078e-01 6.528778672218322754e-01
6.546047925949096680e-01 6.604196429252624512e-01
6.556134819984436035e-01 6.563635468482971191e-01
6.566221117973327637e-01 6.507900953292846680e-01
6.576307415962219238e-01 6.653471589088439941e-01
6.586393713951110840e-01 6.701643466949462891e-01
6.596480011940002441e-01 6.460327506065368652e-01
6.606566309928894043e-01 6.720310449600219727e-01
6.616652607917785645e-01 6.563452482223510742e-01
6.626738905906677246e-01 6.618332862854003906e-01
6.636825203895568848e-01 6.490103006362915039e-01
6.646912097930908203e-01 6.562755107879638672e-01
6.656998395919799805e-01 6.618562936782836914e-01
6.667084693908691406e-01 6.541574001312255859e-01
6.677170991897583008e-01 6.617086529731750488e-01
6.687257289886474609e-01 6.547982692718505859e-01
6.697343587875366211e-01 6.649185419082641602e-01
6.707429885864257812e-01 6.697378754615783691e-01
6.717516183853149414e-01 6.747015118598937988e-01
6.727602481842041016e-01 6.577129364013671875e-01
6.737688779830932617e-01 6.692672967910766602e-01
6.747775673866271973e-01 6.739782691001892090e-01
6.757861971855163574e-01 6.491047143936157227e-01
6.767948269844055176e-01 6.533596515655517578e-01
6.778034567832946777e-01 6.607287526130676270e-01
6.788120865821838379e-01 6.611464619636535645e-01
6.798207163810729980e-01 6.728699803352355957e-01
6.808293461799621582e-01 6.559175848960876465e-01
6.818379759788513184e-01 6.590984463691711426e-01
6.828466057777404785e-01 6.630432009696960449e-01
6.838552951812744141e-01 6.557537317276000977e-01
6.848639249801635742e-01 6.567896604537963867e-01
6.858725547790527344e-01 6.530796885490417480e-01
6.868811845779418945e-01 6.658152937889099121e-01
6.878898143768310547e-01 6.647692322731018066e-01
6.888984441757202148e-01 6.545631885528564453e-01
6.899070739746093750e-01 6.648080348968505859e-01
6.909157037734985352e-01 6.784529685974121094e-01
6.919243335723876953e-01 6.695516109466552734e-01
6.929329633712768555e-01 6.703450083732604980e-01
6.939416527748107910e-01 6.513814926147460938e-01
6.949502825736999512e-01 6.523310542106628418e-01
6.959589123725891113e-01 6.513776779174804688e-01
6.969675421714782715e-01 6.486975550651550293e-01
6.979761719703674316e-01 6.662479639053344727e-01
6.989848017692565918e-01 6.543014645576477051e-01
6.999934315681457520e-01 6.640898585319519043e-01
7.010020613670349121e-01 6.672912836074829102e-01
7.020106911659240723e-01 6.709581613540649414e-01
7.030193805694580078e-01 6.606816649436950684e-01
7.040280103683471680e-01 6.599987149238586426e-01
7.050366401672363281e-01 6.495399475097656250e-01
7.060452699661254883e-01 6.616082787513732910e-01
7.070538997650146484e-01 6.660012006759643555e-01
7.080625295639038086e-01 6.760120391845703125e-01
7.090711593627929688e-01 6.685127019882202148e-01
7.100797891616821289e-01 6.606397032737731934e-01
7.110884189605712891e-01 6.515430212020874023e-01
7.120970487594604492e-01 6.435903906822204590e-01
7.131057381629943848e-01 6.486227512359619141e-01
7.141143679618835449e-01 6.666674613952636719e-01
7.151229977607727051e-01 6.625965833663940430e-01
7.161316275596618652e-01 6.846576929092407227e-01
7.171402573585510254e-01 6.579029560089111328e-01
7.181488871574401855e-01 6.582652330398559570e-01
7.191575169563293457e-01 6.601017117500305176e-01
7.201661467552185059e-01 6.649778485298156738e-01
7.211747765541076660e-01 6.732096672058105469e-01
7.221834659576416016e-01 6.802590489387512207e-01
7.231920957565307617e-01 6.702427268028259277e-01
7.242007255554199219e-01 6.762409210205078125e-01
7.252093553543090820e-01 6.706414222717285156e-01
7.262179851531982422e-01 6.583742499351501465e-01
7.272266149520874023e-01 6.660356521606445312e-01
7.282352447509765625e-01 6.628127098083496094e-01
7.292438745498657227e-01 6.596304178237915039e-01
7.302525043487548828e-01 6.777399182319641113e-01
7.312611341476440430e-01 6.750512123107910156e-01
7.322698235511779785e-01 6.872802376747131348e-01
7.332784533500671387e-01 6.610408425331115723e-01
7.342870831489562988e-01 6.680921912193298340e-01
7.352957129478454590e-01 6.575204133987426758e-01
7.363043427467346191e-01 6.572572588920593262e-01
7.373129725456237793e-01 6.668848395347595215e-01
7.383216023445129395e-01 6.605759859085083008e-01
7.393302321434020996e-01 6.707769036293029785e-01
7.403388619422912598e-01 6.660181879997253418e-01
7.413475513458251953e-01 6.777810454368591309e-01
7.423561811447143555e-01 6.701171398162841797e-01
7.433648109436035156e-01 6.769569516181945801e-01
7.443734407424926758e-01 6.704015135765075684e-01
7.453820705413818359e-01 6.724209189414978027e-01
7.463907003402709961e-01 6.543472409248352051e-01
7.473993301391601562e-01 6.802754402160644531e-01
7.484079599380493164e-01 6.659756302833557129e-01
7.494165897369384766e-01 6.649333834648132324e-01
7.504252195358276367e-01 6.728994846343994141e-01
7.514339089393615723e-01 6.727567911148071289e-01
7.524425387382507324e-01 7.196950316429138184e-01
7.534511685371398926e-01 7.200431227684020996e-01
7.544597983360290527e-01 6.626007556915283203e-01
7.554684281349182129e-01 6.816644072532653809e-01
7.564770579338073730e-01 6.692408323287963867e-01
7.574856877326965332e-01 6.571176052093505859e-01
7.584943175315856934e-01 6.588803529739379883e-01
7.595029473304748535e-01 6.777828931808471680e-01
7.605116367340087891e-01 6.907101273536682129e-01
7.615202665328979492e-01 6.782031059265136719e-01
7.625288963317871094e-01 6.847819089889526367e-01
7.635375261306762695e-01 6.781069636344909668e-01
7.645461559295654297e-01 6.813892126083374023e-01
7.655547857284545898e-01 6.612028479576110840e-01
7.665634155273437500e-01 6.739337444305419922e-01
7.675720453262329102e-01 6.873832941055297852e-01
7.685806751251220703e-01 6.686475276947021484e-01
7.695893049240112305e-01 6.738471388816833496e-01
7.705979943275451660e-01 6.718856096267700195e-01
7.716066241264343262e-01 6.677674651145935059e-01
7.726152539253234863e-01 6.758863329887390137e-01
7.736238837242126465e-01 6.841444373130798340e-01
7.746325135231018066e-01 6.667350530624389648e-01
7.756411433219909668e-01 6.840840578079223633e-01
7.766497731208801270e-01 6.904479861259460449e-01
7.776584029197692871e-01 6.783643960952758789e-01
7.786670327186584473e-01 6.695830821990966797e-01
7.796757221221923828e-01 6.750127077102661133e-01
7.806843519210815430e-01 6.947274804115295410e-01
7.816929817199707031e-01 6.905471086502075195e-01
7.827016115188598633e-01 6.675258278846740723e-01
7.837102413177490234e-01 6.677010059356689453e-01
7.847188711166381836e-01 6.858885288238525391e-01
7.857275009155273438e-01 6.939820051193237305e-01
7.867361307144165039e-01 6.983786821365356445e-01
7.877447605133056641e-01 6.865026950836181641e-01
7.887533903121948242e-01 6.890202760696411133e-01
7.897620797157287598e-01 6.739500761032104492e-01
7.907707095146179199e-01 6.977140307426452637e-01
7.917793393135070801e-01 6.853308677673339844e-01
7.927879691123962402e-01 6.806759238243103027e-01
7.937965989112854004e-01 6.837840676307678223e-01
7.948052287101745605e-01 6.889463067054748535e-01
7.958138585090637207e-01 6.899936795234680176e-01
7.968224883079528809e-01 6.907504796981811523e-01
7.978311181068420410e-01 6.963420510292053223e-01
7.988398075103759766e-01 6.887105107307434082e-01
7.998484373092651367e-01 6.863167881965637207e-01
8.008570671081542969e-01 6.830731630325317383e-01
8.018656969070434570e-01 6.869171857833862305e-01
8.028743267059326172e-01 6.993726491928100586e-01
8.038829565048217773e-01 6.839610338211059570e-01
8.048915863037109375e-01 6.976963281631469727e-01
8.059002161026000977e-01 6.861571073532104492e-01
8.069088459014892578e-01 6.925122737884521484e-01
8.079174757003784180e-01 6.935275197029113770e-01
8.089261651039123535e-01 7.044530510902404785e-01
8.099347949028015137e-01 7.013725638389587402e-01
8.109434247016906738e-01 6.976516246795654297e-01
8.119520545005798340e-01 6.950981616973876953e-01
8.129606842994689941e-01 6.927480697631835938e-01
8.139693140983581543e-01 6.934565305709838867e-01
8.149779438972473145e-01 6.928153634071350098e-01
8.159865736961364746e-01 7.048730254173278809e-01
8.169952034950256348e-01 7.007513642311096191e-01
8.180038928985595703e-01 7.064197659492492676e-01
8.190125226974487305e-01 6.819394230842590332e-01
8.200211524963378906e-01 6.917367577552795410e-01
8.210297822952270508e-01 7.060734629631042480e-01
8.220384120941162109e-01 6.976103782653808594e-01
8.230470418930053711e-01 6.930273771286010742e-01
8.240556716918945312e-01 7.032641172409057617e-01
8.250643014907836914e-01 7.071461677551269531e-01
8.260729312896728516e-01 6.980661153793334961e-01
8.270815610885620117e-01 6.878693699836730957e-01
8.280902504920959473e-01 7.186728119850158691e-01
8.290988802909851074e-01 6.947442293167114258e-01
8.301075100898742676e-01 6.882525086402893066e-01
8.311161398887634277e-01 7.204778790473937988e-01
8.321247696876525879e-01 7.073858380317687988e-01
8.331333994865417480e-01 6.906110644340515137e-01
8.341420292854309082e-01 6.956851482391357422e-01
8.351506590843200684e-01 7.103394865989685059e-01
8.361592888832092285e-01 7.116905450820922852e-01
8.371679782867431641e-01 7.217824459075927734e-01
8.381766080856323242e-01 7.114584445953369141e-01
8.391852378845214844e-01 6.934866309165954590e-01
8.401938676834106445e-01 6.901280283927917480e-01
8.412024974822998047e-01 7.053764462471008301e-01
8.422111272811889648e-01 7.182584404945373535e-01
8.432197570800781250e-01 7.103974223136901855e-01
8.442283868789672852e-01 7.024058699607849121e-01
8.452370166778564453e-01 7.080124020576477051e-01
8.462456464767456055e-01 7.166489958763122559e-01
8.472543358802795410e-01 6.846868395805358887e-01
8.482629656791687012e-01 6.814054846763610840e-01
8.492715954780578613e-01 7.046214938163757324e-01
8.502802252769470215e-01 7.072836756706237793e-01
8.512888550758361816e-01 6.920223832130432129e-01
8.522974848747253418e-01 6.929371953010559082e-01
8.533061146736145020e-01 6.866786479949951172e-01
8.543147444725036621e-01 7.041124701499938965e-01
8.553233742713928223e-01 7.112758755683898926e-01
8.563320636749267578e-01 6.968659162521362305e-01
8.573406934738159180e-01 6.972278356552124023e-01
8.583493232727050781e-01 6.946927309036254883e-01
8.593579530715942383e-01 6.990826129913330078e-01
8.603665828704833984e-01 7.059776782989501953e-01
8.613752126693725586e-01 7.053151130676269531e-01
8.623838424682617188e-01 7.001016736030578613e-01
8.633924722671508789e-01 7.248507738113403320e-01
8.644011020660400391e-01 7.193312644958496094e-01
8.654097318649291992e-01 7.180652022361755371e-01
8.664184212684631348e-01 7.096164226531982422e-01
8.674270510673522949e-01 7.057232260704040527e-01
8.684356808662414551e-01 7.142407894134521484e-01
8.694443106651306152e-01 7.288858294486999512e-01
8.704529404640197754e-01 7.072783708572387695e-01
8.714615702629089355e-01 7.039631009101867676e-01
8.724702000617980957e-01 7.116174697875976562e-01
8.734788298606872559e-01 7.088651657104492188e-01
8.744874596595764160e-01 7.025366425514221191e-01
8.754961490631103516e-01 7.038981318473815918e-01
8.765047788619995117e-01 7.138689160346984863e-01
8.775134086608886719e-01 7.104651927947998047e-01
8.785220384597778320e-01 7.235346436500549316e-01
8.795306682586669922e-01 7.084373235702514648e-01
8.805392980575561523e-01 7.012538313865661621e-01
8.815479278564453125e-01 7.170124053955078125e-01
8.825565576553344727e-01 7.223290205001831055e-01
8.835651874542236328e-01 7.111594080924987793e-01
8.845738172531127930e-01 7.097967267036437988e-01
8.855825066566467285e-01 7.108243703842163086e-01
8.865911364555358887e-01 7.137546539306640625e-01
8.875997662544250488e-01 7.045465707778930664e-01
8.886083960533142090e-01 7.196398377418518066e-01
8.896170258522033691e-01 7.220619916915893555e-01
8.906256556510925293e-01 6.943498253822326660e-01
8.916342854499816895e-01 7.041057944297790527e-01
8.926429152488708496e-01 7.138008475303649902e-01
8.936515450477600098e-01 7.343875765800476074e-01
8.946602344512939453e-01 7.173284292221069336e-01
8.956688642501831055e-01 7.531006932258605957e-01
8.966774940490722656e-01 7.109055519104003906e-01
8.976861238479614258e-01 7.005795240402221680e-01
8.986947536468505859e-01 7.176849842071533203e-01
8.997033834457397461e-01 7.171116471290588379e-01
9.007120132446289062e-01 7.198419570922851562e-01
9.017206430435180664e-01 7.033283114433288574e-01
9.027292728424072266e-01 7.083216309547424316e-01
9.037379026412963867e-01 6.835520267486572266e-01
9.047465920448303223e-01 6.941668391227722168e-01
9.057552218437194824e-01 7.262050509452819824e-01
9.067638516426086426e-01 7.235718965530395508e-01
9.077724814414978027e-01 7.144616246223449707e-01
9.087811112403869629e-01 6.875029206275939941e-01
9.097897410392761230e-01 7.066167593002319336e-01
9.107983708381652832e-01 7.113057374954223633e-01
9.118070006370544434e-01 7.186318635940551758e-01
9.128156304359436035e-01 7.106348872184753418e-01
9.138243198394775391e-01 7.124390602111816406e-01
9.148329496383666992e-01 7.087889909744262695e-01
9.158415794372558594e-01 7.176927924156188965e-01
9.168502092361450195e-01 7.322075366973876953e-01
9.178588390350341797e-01 7.084352970123291016e-01
9.188674688339233398e-01 7.155789732933044434e-01
9.198760986328125000e-01 7.066841125488281250e-01
9.208847284317016602e-01 7.142270207405090332e-01
9.218933582305908203e-01 7.187456488609313965e-01
9.229020476341247559e-01 7.173045277595520020e-01
9.239106774330139160e-01 7.254554033279418945e-01
9.249193072319030762e-01 7.136716842651367188e-01
9.259279370307922363e-01 7.279235720634460449e-01
9.269365668296813965e-01 7.352743148803710938e-01
9.279451966285705566e-01 7.320699095726013184e-01
9.289538264274597168e-01 7.270200848579406738e-01
9.299624562263488770e-01 7.254936099052429199e-01
9.309710860252380371e-01 7.305974960327148438e-01
9.319797158241271973e-01 7.306219935417175293e-01
9.329884052276611328e-01 7.220262289047241211e-01
9.339970350265502930e-01 7.320176959037780762e-01
9.350056648254394531e-01 7.221685647964477539e-01
9.360142946243286133e-01 7.345733046531677246e-01
9.370229244232177734e-01 7.515218853950500488e-01
9.380315542221069336e-01 7.244042754173278809e-01
9.390401840209960938e-01 7.109512686729431152e-01
9.400488138198852539e-01 7.216782569885253906e-01
9.410574436187744141e-01 7.394767999649047852e-01
9.420661330223083496e-01 7.372465133666992188e-01
9.430747628211975098e-01 7.322556972503662109e-01
9.440833926200866699e-01 7.428812980651855469e-01
9.450920224189758301e-01 7.235578298568725586e-01
9.461006522178649902e-01 7.260702848434448242e-01
9.471092820167541504e-01 7.650144100189208984e-01
9.481179118156433105e-01 7.531634569168090820e-01
9.491265416145324707e-01 7.339291572570800781e-01
9.501351714134216309e-01 7.480118870735168457e-01
9.511438012123107910e-01 7.372681498527526855e-01
9.521524906158447266e-01 7.555403709411621094e-01
9.531611204147338867e-01 7.191019654273986816e-01
9.541697502136230469e-01 7.517256736755371094e-01
9.551783800125122070e-01 7.486642599105834961e-01
9.561870098114013672e-01 7.260961532592773438e-01
9.571956396102905273e-01 7.226807475090026855e-01
9.582042694091796875e-01 7.424119710922241211e-01
9.592128992080688477e-01 7.293821573257446289e-01
9.602215290069580078e-01 7.461174726486206055e-01
9.612302184104919434e-01 7.122494578361511230e-01
9.622388482093811035e-01 7.463528513908386230e-01
9.632474780082702637e-01 7.785608172416687012e-01
9.642561078071594238e-01 7.360650897026062012e-01
9.652647376060485840e-01 7.366282343864440918e-01
9.662733674049377441e-01 7.256463170051574707e-01
9.672819972038269043e-01 7.204884886741638184e-01
9.682906270027160645e-01 7.545962929725646973e-01
9.692992568016052246e-01 7.586658000946044922e-01
9.703078866004943848e-01 7.437720894813537598e-01
9.713165760040283203e-01 7.683893442153930664e-01
9.723252058029174805e-01 7.511126995086669922e-01
9.733338356018066406e-01 7.210693359375000000e-01
9.743424654006958008e-01 7.091399431228637695e-01
9.753510951995849609e-01 7.524805068969726562e-01
9.763597249984741211e-01 7.567322254180908203e-01
9.773683547973632812e-01 7.538014650344848633e-01
9.783769845962524414e-01 7.331830859184265137e-01
9.793856143951416016e-01 7.300639748573303223e-01
9.803943037986755371e-01 7.644968628883361816e-01
9.814029335975646973e-01 7.599204182624816895e-01
9.824115633964538574e-01 7.708101272583007812e-01
9.834201931953430176e-01 7.528790831565856934e-01
9.844288229942321777e-01 7.342798113822937012e-01
9.854374527931213379e-01 7.485827207565307617e-01
9.864460825920104980e-01 7.330338954925537109e-01
9.874547123908996582e-01 7.300208806991577148e-01
9.884633421897888184e-01 7.373207807540893555e-01
9.894719719886779785e-01 7.195257544517517090e-01
9.904806613922119141e-01 7.239764332771301270e-01
9.914892911911010742e-01 7.280519604682922363e-01
9.924979209899902344e-01 7.156121134757995605e-01
9.935065507888793945e-01 7.331054806709289551e-01
9.945151805877685547e-01 7.525022625923156738e-01
9.955238103866577148e-01 7.608919143676757812e-01
9.965324401855468750e-01 7.681971788406372070e-01
9.975410699844360352e-01 7.125848531723022461e-01
9.985496997833251953e-01 7.641783356666564941e-01
9.995583891868591309e-01 7.735759615898132324e-01
1.000566959381103516e+00 7.626946568489074707e-01
1.001575589179992676e+00 7.313287258148193359e-01
1.002584218978881836e+00 7.249127626419067383e-01
1.003592848777770996e+00 7.528480887413024902e-01
1.004601597785949707e+00 7.490487098693847656e-01
1.005610227584838867e+00 7.364941835403442383e-01
1.006618857383728027e+00 7.060803174972534180e-01
1.007627487182617188e+00 7.376621365547180176e-01
1.008636116981506348e+00 7.471944689750671387e-01
1.009644746780395508e+00 7.457033395767211914e-01
1.010653376579284668e+00 7.919048070907592773e-01
1.011662006378173828e+00 7.756416797637939453e-01
1.012670636177062988e+00 7.767405509948730469e-01
1.013679265975952148e+00 7.133921384811401367e-01
1.014687895774841309e+00 8.020470142364501953e-01
1.015696525573730469e+00 7.381070256233215332e-01
1.016705155372619629e+00 7.438468337059020996e-01
1.017713785171508789e+00 7.521527409553527832e-01
1.018722414970397949e+00 7.567806243896484375e-01
1.019731044769287109e+00 7.654022574424743652e-01
1.020739674568176270e+00 7.044000625610351562e-01
1.021748304367065430e+00 7.299131751060485840e-01
1.022756934165954590e+00 7.719374299049377441e-01
1.023765683174133301e+00 7.670508027076721191e-01
1.024774312973022461e+00 7.428753376007080078e-01
1.025782942771911621e+00 7.468977570533752441e-01
1.026791572570800781e+00 7.703592777252197266e-01
1.027800202369689941e+00 7.752074003219604492e-01
1.028808832168579102e+00 7.653639912605285645e-01
1.029817461967468262e+00 7.764578461647033691e-01
1.030826091766357422e+00 7.666680812835693359e-01
1.031834721565246582e+00 7.645605206489562988e-01
1.032843351364135742e+00 7.559854984283447266e-01
1.033851981163024902e+00 7.330151200294494629e-01
1.034860610961914062e+00 8.001515865325927734e-01
1.035869240760803223e+00 7.727807164192199707e-01
1.036877870559692383e+00 7.803485989570617676e-01
1.037886500358581543e+00 8.033053278923034668e-01
1.038895130157470703e+00 7.268825173377990723e-01
1.039903759956359863e+00 7.803953289985656738e-01
1.040912389755249023e+00 8.468013405799865723e-01
1.041921019554138184e+00 7.913247346878051758e-01
1.042929768562316895e+00 8.161771297454833984e-01
1.043938398361206055e+00 7.953967452049255371e-01
1.044947028160095215e+00 7.727094888687133789e-01
1.045955657958984375e+00 8.333994746208190918e-01
1.046964287757873535e+00 7.881600260734558105e-01
1.047972917556762695e+00 7.885673642158508301e-01
1.048981547355651855e+00 7.603419423103332520e-01
1.049990177154541016e+00 7.613217234611511230e-01
1.050998806953430176e+00 8.022165298461914062e-01
1.052007436752319336e+00 8.073394894599914551e-01
1.053016066551208496e+00 8.482763767242431641e-01
1.054024696350097656e+00 7.755061984062194824e-01
1.055033326148986816e+00 7.565024495124816895e-01
1.056041955947875977e+00 7.497460842132568359e-01
1.057050585746765137e+00 8.002389073371887207e-01
1.058059215545654297e+00 8.262847661972045898e-01
1.059067845344543457e+00 7.975991368293762207e-01
1.060076475143432617e+00 7.948613762855529785e-01
1.061085104942321777e+00 8.107426762580871582e-01
1.062093853950500488e+00 8.089267611503601074e-01
1.063102483749389648e+00 8.126918673515319824e-01
1.064111113548278809e+00 7.965273261070251465e-01
1.065119743347167969e+00 7.901889681816101074e-01
1.066128373146057129e+00 8.219701647758483887e-01
1.067137002944946289e+00 7.870283722877502441e-01
1.068145632743835449e+00 7.787429094314575195e-01
1.069154262542724609e+00 8.394591808319091797e-01
1.070162892341613770e+00 7.974860072135925293e-01
1.071171522140502930e+00 8.025116920471191406e-01
1.072180151939392090e+00 8.202441334724426270e-01
1.073188781738281250e+00 7.560254931449890137e-01
1.074197411537170410e+00 7.894166707992553711e-01
1.075206041336059570e+00 8.364452123641967773e-01
1.076214671134948730e+00 7.967715859413146973e-01
1.077223300933837891e+00 8.070942163467407227e-01
1.078231930732727051e+00 7.887626886367797852e-01
1.079240560531616211e+00 7.959356904029846191e-01
1.080249190330505371e+00 7.389374971389770508e-01
1.081257939338684082e+00 7.783035635948181152e-01
1.082266569137573242e+00 8.080536127090454102e-01
1.083275198936462402e+00 8.302115201950073242e-01
1.084283828735351562e+00 8.411122560501098633e-01
1.085292458534240723e+00 8.004620075225830078e-01
1.086301088333129883e+00 7.939408421516418457e-01
1.087309718132019043e+00 8.496088385581970215e-01
1.088318347930908203e+00 7.929233312606811523e-01
1.089326977729797363e+00 7.788445353507995605e-01
1.090335607528686523e+00 8.105560541152954102e-01
1.091344237327575684e+00 7.727320790290832520e-01
1.092352867126464844e+00 8.771712779998779297e-01
1.093361496925354004e+00 8.268879055976867676e-01
1.094370126724243164e+00 8.426780700683593750e-01
1.095378756523132324e+00 8.131716251373291016e-01
1.096387386322021484e+00 8.330346941947937012e-01
1.097396016120910645e+00 8.255498409271240234e-01
1.098404645919799805e+00 8.282902836799621582e-01
1.099413275718688965e+00 8.281721472740173340e-01
1.100422024726867676e+00 8.765600919723510742e-01
1.101430654525756836e+00 8.156750798225402832e-01
1.102439284324645996e+00 8.211799860000610352e-01
1.103447914123535156e+00 8.105627894401550293e-01
1.104456543922424316e+00 8.103497028350830078e-01
1.105465173721313477e+00 7.868956327438354492e-01
1.106473803520202637e+00 8.422892689704895020e-01
1.107482433319091797e+00 8.713491559028625488e-01
1.108491063117980957e+00 8.470453023910522461e-01
1.109499692916870117e+00 8.488961458206176758e-01
1.110508322715759277e+00 8.830571770668029785e-01
1.111516952514648438e+00 8.472653031349182129e-01
1.112525582313537598e+00 8.341264128684997559e-01
1.113534212112426758e+00 8.051024079322814941e-01
1.114542841911315918e+00 8.550493121147155762e-01
1.115551471710205078e+00 8.531376123428344727e-01
1.116560101509094238e+00 8.981285691261291504e-01
1.117568731307983398e+00 8.855534195899963379e-01
1.118577361106872559e+00 8.591248989105224609e-01
1.119586110115051270e+00 8.407148122787475586e-01
1.120594739913940430e+00 8.510798811912536621e-01
1.121603369712829590e+00 8.391308188438415527e-01
1.122611999511718750e+00 8.329640030860900879e-01
1.123620629310607910e+00 8.361498713493347168e-01
1.124629259109497070e+00 9.114314317703247070e-01
1.125637888908386230e+00 8.731483817100524902e-01
1.126646518707275391e+00 8.806366920471191406e-01
1.127655148506164551e+00 8.600541949272155762e-01
1.128663778305053711e+00 8.130847811698913574e-01
1.129672408103942871e+00 7.789511680603027344e-01
1.130681037902832031e+00 9.252542853355407715e-01
1.131689667701721191e+00 8.723806738853454590e-01
1.132698297500610352e+00 9.350708127021789551e-01
1.133706927299499512e+00 8.852012753486633301e-01
1.134715557098388672e+00 8.527151346206665039e-01
1.135724186897277832e+00 8.375886678695678711e-01
1.136732816696166992e+00 8.379254937171936035e-01
1.137741446495056152e+00 8.521579504013061523e-01
1.138750195503234863e+00 9.223173856735229492e-01
1.139758825302124023e+00 9.001929759979248047e-01
1.140767455101013184e+00 8.581252098083496094e-01
1.141776084899902344e+00 8.469957709312438965e-01
1.142784714698791504e+00 8.617640137672424316e-01
1.143793344497680664e+00 9.483951330184936523e-01
1.144801974296569824e+00 9.268496036529541016e-01
1.145810604095458984e+00 9.263399243354797363e-01
1.146819233894348145e+00 8.703182935714721680e-01
1.147827863693237305e+00 8.887757658958435059e-01
1.148836493492126465e+00 9.637134671211242676e-01
1.149845123291015625e+00 9.648281931877136230e-01
1.150853753089904785e+00 8.861331939697265625e-01
1.151862382888793945e+00 9.212273955345153809e-01
1.152871012687683105e+00 8.890525698661804199e-01
1.153879642486572266e+00 9.723615050315856934e-01
1.154888272285461426e+00 9.450108408927917480e-01
1.155896902084350586e+00 8.608578443527221680e-01
1.156905531883239746e+00 9.494683146476745605e-01
1.157914280891418457e+00 8.202066421508789062e-01
1.158922910690307617e+00 9.420329332351684570e-01
1.159931540489196777e+00 8.537980914115905762e-01
1.160940170288085938e+00 9.127767086029052734e-01
1.161948800086975098e+00 8.811397552490234375e-01
1.162957429885864258e+00 7.988996505737304688e-01
1.163966059684753418e+00 9.038271307945251465e-01
1.164974689483642578e+00 8.838830590248107910e-01
1.165983319282531738e+00 8.813555836677551270e-01
1.166991949081420898e+00 8.535833358764648438e-01
1.168000578880310059e+00 8.558242917060852051e-01
1.169009208679199219e+00 9.934626817703247070e-01
1.170017838478088379e+00 9.345394968986511230e-01
1.171026468276977539e+00 8.994080424308776855e-01
1.172035098075866699e+00 8.148175477981567383e-01
1.173043727874755859e+00 8.703038096427917480e-01
1.174052357673645020e+00 1.000952959060668945e+00
1.175060987472534180e+00 9.933003187179565430e-01
1.176069617271423340e+00 8.474227786064147949e-01
1.177078366279602051e+00 9.017694592475891113e-01
1.178086996078491211e+00 9.222762584686279297e-01
1.179095625877380371e+00 9.121835231781005859e-01
1.180104255676269531e+00 9.996709823608398438e-01
1.181112885475158691e+00 9.157211780548095703e-01
1.182121515274047852e+00 9.963285923004150391e-01
1.183130145072937012e+00 9.326670765876770020e-01
1.184138774871826172e+00 9.486329555511474609e-01
1.185147404670715332e+00 9.635494947433471680e-01
1.186156034469604492e+00 1.004818558692932129e+00
1.187164664268493652e+00 9.854320287704467773e-01
1.188173294067382812e+00 9.182780981063842773e-01
1.189181923866271973e+00 9.234942197799682617e-01
1.190190553665161133e+00 9.485765099525451660e-01
1.191199183464050293e+00 8.604401946067810059e-01
1.192207813262939453e+00 9.554542899131774902e-01
1.193216443061828613e+00 1.036676406860351562e+00
1.194225072860717773e+00 1.076329350471496582e+00
1.195233702659606934e+00 1.151457428932189941e+00
1.196242451667785645e+00 9.404546618461608887e-01
1.197251081466674805e+00 9.135918617248535156e-01
1.198259711265563965e+00 8.876114487648010254e-01
1.199268341064453125e+00 9.613054990768432617e-01
1.200276970863342285e+00 9.578668475151062012e-01
1.201285600662231445e+00 9.627255797386169434e-01
1.202294230461120605e+00 9.396061301231384277e-01
1.203302860260009766e+00 9.105368256568908691e-01
1.204311490058898926e+00 8.429183959960937500e-01
1.205320119857788086e+00 8.450018167495727539e-01
1.206328749656677246e+00 1.134697079658508301e+00
1.207337379455566406e+00 1.006274104118347168e+00
1.208346009254455566e+00 1.126882791519165039e+00
1.209354639053344727e+00 1.321074962615966797e+00
