0.000000000000000000e+00 1.387161816406250000e+04
1.008636085316538811e-03 1.105168261718750000e+04
2.017272170633077621e-03 8.175043457031250000e+03
3.025908255949616432e-03 6.009994628906250000e+03
4.034544341266155243e-03 4.710659179687500000e+03
5.043180659413337708e-03 3.672518066406250000e+03
6.051816511899232864e-03 2.927962158203125000e+03
7.060452364385128021e-03 2.379132080078125000e+03
8.069088682532310486e-03 1.957523437500000000e+03
9.077725000679492950e-03 1.607331909179687500e+03
1.008636131882667542e-02 1.330777465820312500e+03
1.109499670565128326e-02 1.120612792968750000e+03
1.210363302379846573e-02 9.426871948242187500e+02
1.311226934194564819e-02 8.054430541992187500e+02
1.412090472877025604e-02 6.941582031250000000e+02
1.512954104691743851e-02 6.010884399414062500e+02
1.613817736506462097e-02 5.256912841796875000e+02
1.714681275188922882e-02 4.547996826171875000e+02
1.815545000135898590e-02 4.007707214355468750e+02
1.916408538818359375e-02 3.510802307128906250e+02
2.017272263765335083e-02 3.117284240722656250e+02
2.118135802447795868e-02 2.774476928710937500e+02
2.218999341130256653e-02 2.481136322021484375e+02
2.319863066077232361e-02 2.211659240722656250e+02
2.420726604759693146e-02 1.985953674316406250e+02
2.521590143442153931e-02 1.788293609619140625e+02
2.622453868389129639e-02 1.617170867919921875e+02
2.723317407071590424e-02 1.467597656250000000e+02
2.824180945754051208e-02 1.323569946289062500e+02
2.925044670701026917e-02 1.211613464355468750e+02
3.025908209383487701e-02 1.104776840209960938e+02
3.126771748065948486e-02 1.020477523803710938e+02
3.227635473012924194e-02 9.205254364013671875e+01
3.328499197959899902e-02 8.505092620849609375e+01
3.429362550377845764e-02 7.831107330322265625e+01
3.530226275324821472e-02 7.267400360107421875e+01
3.631090000271797180e-02 6.752128601074218750e+01
3.731953352689743042e-02 6.160333251953125000e+01
3.832817077636718750e-02 5.721369171142578125e+01
3.933680802583694458e-02 5.307175064086914062e+01
4.034544527530670166e-02 4.919018173217773438e+01
4.135407879948616028e-02 4.620930480957031250e+01
4.236271604895591736e-02 4.316399002075195312e+01
4.337135329842567444e-02 4.026939392089843750e+01
4.437998682260513306e-02 3.742962646484375000e+01
4.538862407207489014e-02 3.544551467895507812e+01
4.639726132154464722e-02 3.256339645385742188e+01
4.740589484572410583e-02 3.064425277709960938e+01
4.841453209519386292e-02 2.910318374633789062e+01
4.942316934466362000e-02 2.690808486938476562e+01
5.043180286884307861e-02 2.521033096313476562e+01
5.144044011831283569e-02 2.394775962829589844e+01
5.244907736778259277e-02 2.277296257019042969e+01
5.345771089196205139e-02 2.165024757385253906e+01
5.446634814143180847e-02 2.032979202270507812e+01
5.547498539090156555e-02 1.927967643737792969e+01
5.648361891508102417e-02 1.832336044311523438e+01
5.749225616455078125e-02 1.747857666015625000e+01
5.850089341402053833e-02 1.689284896850585938e+01
5.950953066349029541e-02 1.610869026184082031e+01
6.051816418766975403e-02 1.528996467590332031e+01
6.152680143713951111e-02 1.440564632415771484e+01
6.253543496131896973e-02 1.379919910430908203e+01
6.354407221078872681e-02 1.313365840911865234e+01
6.455270946025848389e-02 1.265395069122314453e+01
6.556134670972824097e-02 1.217851543426513672e+01
6.656998395919799805e-02 1.155468177795410156e+01
6.757862120866775513e-02 1.106516075134277344e+01
6.858725100755691528e-02 1.078759765625000000e+01
6.959588825702667236e-02 1.046725559234619141e+01
7.060452550649642944e-02 9.999631881713867188e+00
7.161316275596618652e-02 9.675595283508300781e+00
7.262180000543594360e-02 9.224017143249511719e+00
7.363043725490570068e-02 8.966759681701660156e+00
7.463906705379486084e-02 8.653281211853027344e+00
7.564770430326461792e-02 8.295699119567871094e+00
7.665634155273437500e-02 8.036991119384765625e+00
7.766497880220413208e-02 7.815583705902099609e+00
7.867361605167388916e-02 7.699455738067626953e+00
7.968225330114364624e-02 7.399767875671386719e+00
8.069089055061340332e-02 7.233486175537109375e+00
8.169952034950256348e-02 6.993602275848388672e+00
8.270815759897232056e-02 6.821890354156494141e+00
8.371679484844207764e-02 6.689762592315673828e+00
8.472543209791183472e-02 6.405547142028808594e+00
8.573406934738159180e-02 6.190180778503417969e+00
8.674270659685134888e-02 6.113957881927490234e+00
8.775133639574050903e-02 6.026270389556884766e+00
8.875997364521026611e-02 5.790237426757812500e+00
8.976861089468002319e-02 5.760795593261718750e+00
9.077724814414978027e-02 5.627976894378662109e+00
9.178588539361953735e-02 5.366179466247558594e+00
9.279452264308929443e-02 5.246545791625976562e+00
9.380315244197845459e-02 5.234148502349853516e+00
9.481178969144821167e-02 5.191545963287353516e+00
9.582042694091796875e-02 5.078260421752929688e+00
9.682906419038772583e-02 4.917706489562988281e+00
9.783770143985748291e-02 4.813889026641845703e+00
9.884633868932723999e-02 4.725704669952392578e+00
9.985497593879699707e-02 4.564059257507324219e+00
1.008636057376861572e-01 4.585212230682373047e+00
1.018722429871559143e-01 4.564776420593261719e+00
1.028808802366256714e-01 4.498501300811767578e+00
1.038895174860954285e-01 4.428855895996093750e+00
1.048981547355651855e-01 4.293676853179931641e+00
1.059067919850349426e-01 4.249371528625488281e+00
1.069154217839241028e-01 4.241958618164062500e+00
1.079240590333938599e-01 4.092624187469482422e+00
1.089326962828636169e-01 4.043376445770263672e+00
1.099413335323333740e-01 4.016102313995361328e+00
1.109499707818031311e-01 3.949584484100341797e+00
1.119586080312728882e-01 3.895883798599243164e+00
1.129672378301620483e-01 3.830546617507934570e+00
1.139758750796318054e-01 3.802286386489868164e+00
1.149845123291015625e-01 3.802607774734497070e+00
1.159931495785713196e-01 3.711933851242065430e+00
1.170017868280410767e-01 3.677910566329956055e+00
1.180104240775108337e-01 3.573942661285400391e+00
1.190190613269805908e-01 3.585197925567626953e+00
1.200276911258697510e-01 3.572881460189819336e+00
1.210363283753395081e-01 3.458052158355712891e+00
1.220449656248092651e-01 3.423667430877685547e+00
1.230536028742790222e-01 3.471412420272827148e+00
1.240622401237487793e-01 3.392465829849243164e+00
1.250708699226379395e-01 3.414420843124389648e+00
1.260795146226882935e-01 3.313543558120727539e+00
1.270881444215774536e-01 3.248559236526489258e+00
1.280967891216278076e-01 3.224692583084106445e+00
1.291054189205169678e-01 3.220459461212158203e+00
1.301140487194061279e-01 3.208774805068969727e+00
1.311226934194564819e-01 3.144614458084106445e+00
1.321313232183456421e-01 3.171547412872314453e+00
1.331399679183959961e-01 3.141454458236694336e+00
1.341485977172851562e-01 3.022615909576416016e+00
1.351572424173355103e-01 3.036599636077880859e+00
1.361658722162246704e-01 3.085306882858276367e+00
1.371745020151138306e-01 3.052470207214355469e+00
1.381831467151641846e-01 2.968659400939941406e+00
1.391917765140533447e-01 2.972139596939086914e+00
1.402004212141036987e-01 2.963112354278564453e+00
1.412090510129928589e-01 2.951032400131225586e+00
1.422176808118820190e-01 2.955213785171508789e+00
1.432263255119323730e-01 2.899465322494506836e+00
1.442349553108215332e-01 2.880916833877563477e+00
1.452436000108718872e-01 2.856527566909790039e+00
1.462522298097610474e-01 2.878033638000488281e+00
1.472608745098114014e-01 2.829561233520507812e+00
1.482695043087005615e-01 2.795249462127685547e+00
1.492781341075897217e-01 2.799281120300292969e+00
1.502867788076400757e-01 2.821056127548217773e+00
1.512954086065292358e-01 2.779340982437133789e+00
1.523040533065795898e-01 2.718028545379638672e+00
1.533126831054687500e-01 2.710137128829956055e+00
1.543213278055191040e-01 2.667290449142456055e+00
1.553299576044082642e-01 2.695578575134277344e+00
1.563385874032974243e-01 2.654632806777954102e+00
1.573472321033477783e-01 2.610902547836303711e+00
1.583558619022369385e-01 2.659757614135742188e+00
1.593645066022872925e-01 2.612374067306518555e+00
1.603731364011764526e-01 2.602212190628051758e+00
1.613817811012268066e-01 2.631834030151367188e+00
1.623904109001159668e-01 2.637601137161254883e+00
1.633990406990051270e-01 2.535569429397583008e+00
1.644076853990554810e-01 2.576379060745239258e+00
1.654163151979446411e-01 2.554551362991333008e+00
1.664249598979949951e-01 2.570949554443359375e+00
1.674335896968841553e-01 2.550344705581665039e+00
1.684422194957733154e-01 2.538333177566528320e+00
1.694508641958236694e-01 2.495878934860229492e+00
1.704594939947128296e-01 2.529079914093017578e+00
1.714681386947631836e-01 2.532518148422241211e+00
1.724767684936523438e-01 2.437804222106933594e+00
1.734854131937026978e-01 2.490682125091552734e+00
1.744940429925918579e-01 2.464791059494018555e+00
1.755026727914810181e-01 2.406675815582275391e+00
1.765113174915313721e-01 2.366544961929321289e+00
1.775199472904205322e-01 2.395604610443115234e+00
1.785285919904708862e-01 2.382431030273437500e+00
1.795372217893600464e-01 2.379903316497802734e+00
1.805458664894104004e-01 2.408551216125488281e+00
1.815544962882995605e-01 2.405808925628662109e+00
1.825631260871887207e-01 2.384168148040771484e+00
1.835717707872390747e-01 2.312053442001342773e+00
1.845804005861282349e-01 2.366533279418945312e+00
1.855890452861785889e-01 2.378311157226562500e+00
1.865976750850677490e-01 2.353934288024902344e+00
1.876063048839569092e-01 2.309838294982910156e+00
1.886149495840072632e-01 2.267966747283935547e+00
1.896235793828964233e-01 2.344908475875854492e+00
1.906322240829467773e-01 2.292545318603515625e+00
1.916408538818359375e-01 2.268011331558227539e+00
1.926494985818862915e-01 2.286674022674560547e+00
1.936581283807754517e-01 2.274991273880004883e+00
1.946667581796646118e-01 2.259428739547729492e+00
1.956754028797149658e-01 2.246395349502563477e+00
1.966840326786041260e-01 2.193023681640625000e+00
1.976926773786544800e-01 2.224814891815185547e+00
1.987013071775436401e-01 2.192656040191650391e+00
1.997099518775939941e-01 2.211547374725341797e+00
2.007185816764831543e-01 2.193219900131225586e+00
2.017272114753723145e-01 2.211215734481811523e+00
2.027358561754226685e-01 2.224471569061279297e+00
2.037444859743118286e-01 2.210244178771972656e+00
2.047531306743621826e-01 2.149607896804809570e+00
2.057617604732513428e-01 2.130124568939208984e+00
2.067703902721405029e-01 2.125700235366821289e+00
2.077790349721908569e-01 2.188010692596435547e+00
2.087876647710800171e-01 2.166348934173583984e+00
2.097963094711303711e-01 2.110222816467285156e+00
2.108049392700195312e-01 2.137475013732910156e+00
2.118135839700698853e-01 2.084872245788574219e+00
2.128222137689590454e-01 2.111623287200927734e+00
2.138308435678482056e-01 2.105775117874145508e+00
2.148394882678985596e-01 2.077305793762207031e+00
2.158481180667877197e-01 2.108709573745727539e+00
2.168567627668380737e-01 2.133557319641113281e+00
2.178653925657272339e-01 2.131984710693359375e+00
2.188740372657775879e-01 2.082703590393066406e+00
2.198826670646667480e-01 2.094982624053955078e+00
2.208912968635559082e-01 2.098701000213623047e+00
2.218999415636062622e-01 2.101655006408691406e+00
2.229085713624954224e-01 2.051929473876953125e+00
2.239172160625457764e-01 2.073269128799438477e+00
2.249258458614349365e-01 2.057548522949218750e+00
2.259344756603240967e-01 2.017796993255615234e+00
2.269431203603744507e-01 2.056415081024169922e+00
2.279517501592636108e-01 2.026412487030029297e+00
2.289603948593139648e-01 2.056935071945190430e+00
2.299690246582031250e-01 2.056660175323486328e+00
2.309776693582534790e-01 2.003258705139160156e+00
2.319862991571426392e-01 2.012642383575439453e+00
2.329949289560317993e-01 1.985433816909790039e+00
2.340035736560821533e-01 2.017754316329956055e+00
2.350122034549713135e-01 1.981347322463989258e+00
2.360208481550216675e-01 2.029876708984375000e+00
2.370294779539108276e-01 2.042310953140258789e+00
2.380381226539611816e-01 2.013525009155273438e+00
2.390467524528503418e-01 1.974701404571533203e+00
2.400553822517395020e-01 1.973125934600830078e+00
2.410640269517898560e-01 1.937848567962646484e+00
2.420726567506790161e-01 1.978752255439758301e+00
2.430813014507293701e-01 2.101039171218872070e+00
2.440899312496185303e-01 1.991577982902526855e+00
2.450985759496688843e-01 1.978000998497009277e+00
2.461072057485580444e-01 1.963650226593017578e+00
2.471158355474472046e-01 1.925706744194030762e+00
2.481244802474975586e-01 1.932979941368103027e+00
2.491331100463867188e-01 1.976771593093872070e+00
2.501417398452758789e-01 1.938641667366027832e+00
2.511503994464874268e-01 1.916127681732177734e+00
2.521590292453765869e-01 1.951353430747985840e+00
2.531676590442657471e-01 1.920298933982849121e+00
2.541762888431549072e-01 1.921548962593078613e+00
2.551849186420440674e-01 1.973938107490539551e+00
2.561935782432556152e-01 1.929651379585266113e+00
2.572022080421447754e-01 1.945316791534423828e+00
2.582108378410339355e-01 1.928774595260620117e+00
2.592194676399230957e-01 1.926657915115356445e+00
2.602280974388122559e-01 1.929064512252807617e+00
2.612367570400238037e-01 1.885771393775939941e+00
2.622453868389129639e-01 1.910459876060485840e+00
2.632540166378021240e-01 1.912164688110351562e+00
2.642626464366912842e-01 1.876078605651855469e+00
2.652712762355804443e-01 1.871107935905456543e+00
2.662799358367919922e-01 1.898816943168640137e+00
2.672885656356811523e-01 1.886817693710327148e+00
2.682971954345703125e-01 1.918906927108764648e+00
2.693058252334594727e-01 1.888652563095092773e+00
2.703144848346710205e-01 1.834514021873474121e+00
2.713231146335601807e-01 1.861759543418884277e+00
2.723317444324493408e-01 1.901129126548767090e+00
2.733403742313385010e-01 1.866771697998046875e+00
2.743490040302276611e-01 1.863580584526062012e+00
2.753576636314392090e-01 1.833522915840148926e+00
2.763662934303283691e-01 1.815871000289916992e+00
2.773749232292175293e-01 1.887292265892028809e+00
2.783835530281066895e-01 1.882392406463623047e+00
2.793921828269958496e-01 1.867964386940002441e+00
2.804008424282073975e-01 1.904812574386596680e+00
2.814094722270965576e-01 1.856356143951416016e+00
2.824181020259857178e-01 1.841189861297607422e+00
2.834267318248748779e-01 1.837018728256225586e+00
2.844353616237640381e-01 1.839589118957519531e+00
2.854440212249755859e-01 1.843451142311096191e+00
2.864526510238647461e-01 1.864542007446289062e+00
2.874612808227539062e-01 1.871885538101196289e+00
2.884699106216430664e-01 1.857991218566894531e+00
2.894785702228546143e-01 1.856669902801513672e+00
2.904872000217437744e-01 1.840399861335754395e+00
2.914958298206329346e-01 1.847897410392761230e+00
2.925044596195220947e-01 1.828296542167663574e+00
2.935130894184112549e-01 1.810209393501281738e+00
2.945217490196228027e-01 1.838735342025756836e+00
2.955303788185119629e-01 1.816648960113525391e+00
2.965390086174011230e-01 1.821732044219970703e+00
2.975476384162902832e-01 1.828973889350891113e+00
2.985562682151794434e-01 1.837800025939941406e+00
2.995649278163909912e-01 1.830834865570068359e+00
3.005735576152801514e-01 1.827541470527648926e+00
3.015821874141693115e-01 1.844547271728515625e+00
3.025908172130584717e-01 1.791681170463562012e+00
3.035994470119476318e-01 1.794338226318359375e+00
3.046081066131591797e-01 1.830946445465087891e+00
3.056167364120483398e-01 1.811320543289184570e+00
3.066253662109375000e-01 1.829637765884399414e+00
3.076339960098266602e-01 1.810668110847473145e+00
3.086426556110382080e-01 1.828220844268798828e+00
3.096512854099273682e-01 1.788625240325927734e+00
3.106599152088165283e-01 1.823588132858276367e+00
3.116685450077056885e-01 1.815483808517456055e+00
3.126771748065948486e-01 1.858113765716552734e+00
3.136858344078063965e-01 1.810317397117614746e+00
3.146944642066955566e-01 1.812953472137451172e+00
3.157030940055847168e-01 1.833170890808105469e+00
3.167117238044738770e-01 1.835103392601013184e+00
3.177203536033630371e-01 1.820874929428100586e+00
3.187290132045745850e-01 1.805007338523864746e+00
3.197376430034637451e-01 1.789816737174987793e+00
3.207462728023529053e-01 1.781861662864685059e+00
3.217549026012420654e-01 1.768363237380981445e+00
3.227635622024536133e-01 1.754389643669128418e+00
3.237721920013427734e-01 1.776196002960205078e+00
3.247808218002319336e-01 1.771607279777526855e+00
3.257894515991210938e-01 1.823550581932067871e+00
3.267980813980102539e-01 1.807203292846679688e+00
3.278067409992218018e-01 1.824316620826721191e+00
3.288153707981109619e-01 1.785293698310852051e+00
3.298240005970001221e-01 1.774591684341430664e+00
3.308326303958892822e-01 1.815418004989624023e+00
3.318412601947784424e-01 1.805277824401855469e+00
3.328499197959899902e-01 1.767004609107971191e+00
3.338585495948791504e-01 1.780283808708190918e+00
3.348671793937683105e-01 1.782769680023193359e+00
3.358758091926574707e-01 1.754929780960083008e+00
3.368844389915466309e-01 1.796185135841369629e+00
3.378930985927581787e-01 1.775625586509704590e+00
3.389017283916473389e-01 1.764314055442810059e+00
3.399103581905364990e-01 1.772910714149475098e+00
3.409189879894256592e-01 1.775388717651367188e+00
3.419276475906372070e-01 1.770509600639343262e+00
3.429362773895263672e-01 1.782499909400939941e+00
3.439449071884155273e-01 1.771334886550903320e+00
3.449535369873046875e-01 1.754228115081787109e+00
3.459621667861938477e-01 1.794003367424011230e+00
3.469708263874053955e-01 1.777553081512451172e+00
3.479794561862945557e-01 1.797596812248229980e+00
3.489880859851837158e-01 1.772705674171447754e+00
3.499967157840728760e-01 1.777615308761596680e+00
3.510053455829620361e-01 1.780039072036743164e+00
3.520140051841735840e-01 1.750449538230895996e+00
3.530226349830627441e-01 1.750554203987121582e+00
3.540312647819519043e-01 1.753768444061279297e+00
3.550398945808410645e-01 1.788509368896484375e+00
3.560485243797302246e-01 1.810792684555053711e+00
3.570571839809417725e-01 1.790222287178039551e+00
3.580658137798309326e-01 1.783555984497070312e+00
3.590744435787200928e-01 1.779281258583068848e+00
3.600830733776092529e-01 1.742884516716003418e+00
3.610917329788208008e-01 1.764052867889404297e+00
3.621003627777099609e-01 1.748740315437316895e+00
3.631089925765991211e-01 1.755418419837951660e+00
3.641176223754882812e-01 1.741235017776489258e+00
3.651262521743774414e-01 1.739720940589904785e+00
3.661349117755889893e-01 1.759929776191711426e+00
3.671435415744781494e-01 1.770181536674499512e+00
3.681521713733673096e-01 1.773846030235290527e+00
3.691608011722564697e-01 1.786129474639892578e+00
3.701694309711456299e-01 1.760372519493103027e+00
3.711780905723571777e-01 1.762851476669311523e+00
3.721867203712463379e-01 1.730792760848999023e+00
3.731953501701354980e-01 1.751145482063293457e+00
3.742039799690246582e-01 1.732840299606323242e+00
3.752126097679138184e-01 1.759158015251159668e+00
3.762212693691253662e-01 1.751130342483520508e+00
3.772298991680145264e-01 1.748201966285705566e+00
3.782385289669036865e-01 1.739126801490783691e+00
3.792471587657928467e-01 1.743309497833251953e+00
3.802558183670043945e-01 1.762225270271301270e+00
3.812644481658935547e-01 1.733765840530395508e+00
3.822730779647827148e-01 1.754835963249206543e+00
3.832817077636718750e-01 1.737857460975646973e+00
3.842903375625610352e-01 1.742563843727111816e+00
3.852989971637725830e-01 1.758467197418212891e+00
3.863076269626617432e-01 1.760841846466064453e+00
3.873162567615509033e-01 1.756504297256469727e+00
3.883248865604400635e-01 1.745726346969604492e+00
3.893335163593292236e-01 1.754268288612365723e+00
3.903421759605407715e-01 1.758524298667907715e+00
3.913508057594299316e-01 1.763510704040527344e+00
3.923594355583190918e-01 1.720712661743164062e+00
3.933680653572082520e-01 1.762148141860961914e+00
3.943766951560974121e-01 1.766604900360107422e+00
3.953853547573089600e-01 1.726151943206787109e+00
3.963939845561981201e-01 1.731774449348449707e+00
3.974026143550872803e-01 1.740789532661437988e+00
3.984112441539764404e-01 1.744001030921936035e+00
3.994199037551879883e-01 1.770623087882995605e+00
4.004285335540771484e-01 1.728651046752929688e+00
4.014371633529663086e-01 1.727218389511108398e+00
4.024457931518554688e-01 1.756406664848327637e+00
4.034544229507446289e-01 1.723643660545349121e+00
4.044630825519561768e-01 1.738339662551879883e+00
4.054717123508453369e-01 1.738013505935668945e+00
4.064803421497344971e-01 1.732399702072143555e+00
4.074889719486236572e-01 1.735827088356018066e+00
4.084976017475128174e-01 1.730500698089599609e+00
4.095062613487243652e-01 1.788771629333496094e+00
4.105148911476135254e-01 1.739864468574523926e+00
4.115235209465026855e-01 1.754760026931762695e+00
4.125321507453918457e-01 1.745078325271606445e+00
4.135407805442810059e-01 1.732415199279785156e+00
4.145494401454925537e-01 1.743370413780212402e+00
4.155580699443817139e-01 1.724684953689575195e+00
4.165666997432708740e-01 1.739043474197387695e+00
4.175753295421600342e-01 1.725535273551940918e+00
4.185839891433715820e-01 1.731974244117736816e+00
4.195926189422607422e-01 1.737222909927368164e+00
4.206012487411499023e-01 1.710462808609008789e+00
4.216098785400390625e-01 1.741773724555969238e+00
4.226185083389282227e-01 1.751340150833129883e+00
4.236271679401397705e-01 1.737329959869384766e+00
4.246357977390289307e-01 1.721551418304443359e+00
4.256444275379180908e-01 1.725772976875305176e+00
4.266530573368072510e-01 1.731863141059875488e+00
4.276616871356964111e-01 1.726683378219604492e+00
4.286703467369079590e-01 1.728043675422668457e+00
4.296789765357971191e-01 1.760126471519470215e+00
4.306876063346862793e-01 1.724284768104553223e+00
4.316962361335754395e-01 1.746079564094543457e+00
4.327048659324645996e-01 1.756899356842041016e+00
4.337135255336761475e-01 1.742361903190612793e+00
4.347221553325653076e-01 1.703701615333557129e+00
4.357307851314544678e-01 1.734770417213439941e+00
4.367394149303436279e-01 1.734384179115295410e+00
4.377480745315551758e-01 1.729490995407104492e+00
4.387567043304443359e-01 1.737545728683471680e+00
4.397653341293334961e-01 1.719705104827880859e+00
4.407739639282226562e-01 1.721045494079589844e+00
4.417825937271118164e-01 1.735353469848632812e+00
4.427912533283233643e-01 1.730816960334777832e+00
4.437998831272125244e-01 1.720994353294372559e+00
4.448085129261016846e-01 1.712817907333374023e+00
4.458171427249908447e-01 1.722228646278381348e+00
4.468257725238800049e-01 1.735531330108642578e+00
4.478344321250915527e-01 1.742027640342712402e+00
4.488430619239807129e-01 1.714099526405334473e+00
4.498516917228698730e-01 1.706840634346008301e+00
4.508603215217590332e-01 1.709595680236816406e+00
4.518689513206481934e-01 1.716208815574645996e+00
4.528776109218597412e-01 1.734826207160949707e+00
4.538862407207489014e-01 1.731451153755187988e+00
4.548948705196380615e-01 1.740580677986145020e+00
4.559035003185272217e-01 1.716780424118041992e+00
4.569121599197387695e-01 1.727339148521423340e+00
4.579207897186279297e-01 1.695090174674987793e+00
4.589294195175170898e-01 1.694506406784057617e+00
4.599380493164062500e-01 1.689055800437927246e+00
4.609466791152954102e-01 1.730649828910827637e+00
4.619553387165069580e-01 1.716664075851440430e+00
4.629639685153961182e-01 1.704677700996398926e+00
4.639725983142852783e-01 1.723108410835266113e+00
4.649812281131744385e-01 1.719791889190673828e+00
4.659898579120635986e-01 1.723376631736755371e+00
4.669985175132751465e-01 1.675783514976501465e+00
4.680071473121643066e-01 1.669737339019775391e+00
4.690157771110534668e-01 1.699715256690979004e+00
4.700244069099426270e-01 1.720984458923339844e+00
4.710330665111541748e-01 1.716371297836303711e+00
4.720416963100433350e-01 1.691583156585693359e+00
4.730503261089324951e-01 1.708006381988525391e+00
4.740589559078216553e-01 1.697176337242126465e+00
4.750675857067108154e-01 1.708798766136169434e+00
4.760762453079223633e-01 1.716042876243591309e+00
4.770848751068115234e-01 1.686691284179687500e+00
4.780935049057006836e-01 1.714575648307800293e+00
4.791021347045898438e-01 1.702530264854431152e+00
4.801107645034790039e-01 1.689355492591857910e+00
4.811194241046905518e-01 1.704786181449890137e+00
4.821280539035797119e-01 1.721921801567077637e+00
4.831366837024688721e-01 1.696536898612976074e+00
4.841453135013580322e-01 1.688533663749694824e+00
4.851539433002471924e-01 1.699254155158996582e+00
4.861626029014587402e-01 1.701330065727233887e+00
4.871712327003479004e-01 1.717713832855224609e+00
4.881798624992370605e-01 1.707266688346862793e+00
4.891884922981262207e-01 1.669951915740966797e+00
4.901971518993377686e-01 1.675573468208312988e+00
4.912057816982269287e-01 1.696511030197143555e+00
4.922144114971160889e-01 1.699664235115051270e+00
4.932230412960052490e-01 1.716666579246520996e+00
4.942316710948944092e-01 1.691422104835510254e+00
4.952403306961059570e-01 1.693148851394653320e+00
4.962489604949951172e-01 1.699140787124633789e+00
4.972575902938842773e-01 1.686359405517578125e+00
4.982662200927734375e-01 1.706356048583984375e+00
4.992748498916625977e-01 1.705429673194885254e+00
5.002834796905517578e-01 1.694718956947326660e+00
5.012921094894409180e-01 1.707770586013793945e+00
5.023007988929748535e-01 1.685277700424194336e+00
5.033094286918640137e-01 1.683745622634887695e+00
5.043180584907531738e-01 1.753615736961364746e+00
5.053266882896423340e-01 1.720815539360046387e+00
5.063353180885314941e-01 1.680359005928039551e+00
5.073439478874206543e-01 1.670402884483337402e+00
5.083525776863098145e-01 1.708576560020446777e+00
5.093612074851989746e-01 1.714464902877807617e+00
5.103698372840881348e-01 1.689259171485900879e+00
5.113784670829772949e-01 1.710156559944152832e+00
5.123871564865112305e-01 1.691834211349487305e+00
5.133957862854003906e-01 1.687791943550109863e+00
5.144044160842895508e-01 1.679473042488098145e+00
5.154130458831787109e-01 1.683794260025024414e+00
5.164216756820678711e-01 1.709450125694274902e+00
5.174303054809570312e-01 1.676506876945495605e+00
5.184389352798461914e-01 1.671783685684204102e+00
5.194475650787353516e-01 1.689183473587036133e+00
5.204561948776245117e-01 1.693632364273071289e+00
5.214648842811584473e-01 1.671402215957641602e+00
5.224735140800476074e-01 1.687978029251098633e+00
5.234821438789367676e-01 1.694319367408752441e+00
5.244907736778259277e-01 1.704275608062744141e+00
5.254994034767150879e-01 1.693750023841857910e+00
5.265080332756042480e-01 1.678010702133178711e+00
5.275166630744934082e-01 1.682590723037719727e+00
5.285252928733825684e-01 1.689621448516845703e+00
5.295339226722717285e-01 1.647136688232421875e+00
5.305425524711608887e-01 1.687649011611938477e+00
5.315512418746948242e-01 1.722000718116760254e+00
5.325598716735839844e-01 1.690394282341003418e+00
5.335685014724731445e-01 1.699398875236511230e+00
5.345771312713623047e-01 1.707601428031921387e+00
5.355857610702514648e-01 1.697584629058837891e+00
5.365943908691406250e-01 1.703711509704589844e+00
5.376030206680297852e-01 1.698575854301452637e+00
5.386116504669189453e-01 1.708065509796142578e+00
5.396202802658081055e-01 1.692013263702392578e+00
5.406289696693420410e-01 1.674540042877197266e+00
5.416375994682312012e-01 1.693831801414489746e+00
5.426462292671203613e-01 1.693886756896972656e+00
5.436548590660095215e-01 1.684018492698669434e+00
5.446634888648986816e-01 1.702418923377990723e+00
5.456721186637878418e-01 1.668137431144714355e+00
5.466807484626770020e-01 1.655414938926696777e+00
5.476893782615661621e-01 1.683295965194702148e+00
5.486980080604553223e-01 1.679143071174621582e+00
5.497066378593444824e-01 1.706852793693542480e+00
5.507153272628784180e-01 1.668234109878540039e+00
5.517239570617675781e-01 1.679710626602172852e+00
5.527325868606567383e-01 1.687857627868652344e+00
5.537412166595458984e-01 1.667558789253234863e+00
5.547498464584350586e-01 1.681354999542236328e+00
5.557584762573242188e-01 1.640691876411437988e+00
5.567671060562133789e-01 1.671656847000122070e+00
5.577757358551025391e-01 1.665647268295288086e+00
5.587843656539916992e-01 1.685251712799072266e+00
5.597930550575256348e-01 1.650440335273742676e+00
5.608016848564147949e-01 1.670570611953735352e+00
5.618103146553039551e-01 1.687106013298034668e+00
5.628189444541931152e-01 1.676533222198486328e+00
5.638275742530822754e-01 1.674712061882019043e+00
5.648362040519714355e-01 1.674695253372192383e+00
5.658448338508605957e-01 1.667123794555664062e+00
5.668534636497497559e-01 1.644562363624572754e+00
5.678620934486389160e-01 1.682347774505615234e+00
5.688707232475280762e-01 1.660300016403198242e+00
5.698794126510620117e-01 1.661399245262145996e+00
5.708880424499511719e-01 1.645018815994262695e+00
5.718966722488403320e-01 1.664724826812744141e+00
5.729053020477294922e-01 1.675390601158142090e+00
5.739139318466186523e-01 1.675594568252563477e+00
5.749225616455078125e-01 1.659098386764526367e+00
5.759311914443969727e-01 1.646552205085754395e+00
5.769398212432861328e-01 1.669499516487121582e+00
5.779484510421752930e-01 1.671137690544128418e+00
5.789571404457092285e-01 1.651986479759216309e+00
5.799657702445983887e-01 1.650987744331359863e+00
5.809744000434875488e-01 1.659279823303222656e+00
5.819830298423767090e-01 1.667063236236572266e+00
5.829916596412658691e-01 1.649782776832580566e+00
5.840002894401550293e-01 1.644107222557067871e+00
5.850089192390441895e-01 1.654921889305114746e+00
5.860175490379333496e-01 1.666496992111206055e+00
5.870261788368225098e-01 1.670527338981628418e+00
5.880348086357116699e-01 1.699287652969360352e+00
5.890434980392456055e-01 1.673076868057250977e+00
5.900521278381347656e-01 1.676594614982604980e+00
5.910607576370239258e-01 1.620587110519409180e+00
5.920693874359130859e-01 1.678190946578979492e+00
5.930780172348022461e-01 1.655118703842163086e+00
5.940866470336914062e-01 1.649006128311157227e+00
5.950952768325805664e-01 1.676056504249572754e+00
5.961039066314697266e-01 1.668633222579956055e+00
5.971125364303588867e-01 1.667574763298034668e+00
5.981212258338928223e-01 1.660625100135803223e+00
5.991298556327819824e-01 1.662523269653320312e+00
6.001384854316711426e-01 1.674492239952087402e+00
6.011471152305603027e-01 1.652509212493896484e+00
6.021557450294494629e-01 1.659466266632080078e+00
6.031643748283386230e-01 1.643457412719726562e+00
6.041730046272277832e-01 1.673321604728698730e+00
6.051816344261169434e-01 1.642528891563415527e+00
6.061902642250061035e-01 1.628707647323608398e+00
6.071988940238952637e-01 1.658534526824951172e+00
6.082075834274291992e-01 1.681008577346801758e+00
6.092162132263183594e-01 1.672127366065979004e+00
6.102248430252075195e-01 1.648687481880187988e+00
6.112334728240966797e-01 1.646214246749877930e+00
6.122421026229858398e-01 1.672426581382751465e+00
6.132507324218750000e-01 1.663107275962829590e+00
6.142593622207641602e-01 1.633666872978210449e+00
6.152679920196533203e-01 1.615710496902465820e+00
6.162766218185424805e-01 1.647099971771240234e+00
6.172853112220764160e-01 1.638540029525756836e+00
6.182939410209655762e-01 1.650445222854614258e+00
6.193025708198547363e-01 1.650720953941345215e+00
6.203112006187438965e-01 1.653344154357910156e+00
6.213198304176330566e-01 1.665223598480224609e+00
6.223284602165222168e-01 1.630877375602722168e+00
6.233370900154113770e-01 1.644386172294616699e+00
6.243457198143005371e-01 1.665979266166687012e+00
6.253543496131896973e-01 1.643972516059875488e+00
6.263629794120788574e-01 1.665165901184082031e+00
6.273716688156127930e-01 1.638439059257507324e+00
6.283802986145019531e-01 1.649717807769775391e+00
6.293889284133911133e-01 1.651920318603515625e+00
6.303975582122802734e-01 1.645730137825012207e+00
6.314061880111694336e-01 1.652805089950561523e+00
6.324148178100585938e-01 1.661071062088012695e+00
6.334234476089477539e-01 1.663332223892211914e+00
6.344320774078369141e-01 1.666410326957702637e+00
6.354407072067260742e-01 1.636542081832885742e+00
6.364493966102600098e-01 1.642134428024291992e+00
6.374580264091491699e-01 1.616088509559631348e+00
6.384666562080383301e-01 1.641689181327819824e+00
6.394752860069274902e-01 1.652707457542419434e+00
6.404839158058166504e-01 1.636617064476013184e+00
6.414925456047058105e-01 1.642031192779541016e+00
6.425011754035949707e-01 1.679675936698913574e+00
6.435098052024841309e-01 1.621040821075439453e+00
6.445184350013732910e-01 1.667308568954467773e+00
6.455271244049072266e-01 1.654609560966491699e+00
6.465357542037963867e-01 1.652343034744262695e+00
6.475443840026855469e-01 1.641430139541625977e+00
6.485530138015747070e-01 1.636849999427795410e+00
6.495616436004638672e-01 1.629383325576782227e+00
6.505702733993530273e-01 1.634794473648071289e+00
6.515789031982421875e-01 1.645360827445983887e+00
6.525875329971313477e-01 1.655404806137084961e+00
6.535961627960205078e-01 1.644809961318969727e+00
6.546047925949096680e-01 1.617997050285339355e+00
6.556134819984436035e-01 1.629445195198059082e+00
6.566221117973327637e-01 1.636438488960266113e+00
6.576307415962219238e-01 1.667981505393981934e+00
6.586393713951110840e-01 1.627699732780456543e+00
6.596480011940002441e-01 1.646168231964111328e+00
6.606566309928894043e-01 1.637035846710205078e+00
6.616652607917785645e-01 1.640040397644042969e+00
6.626738905906677246e-01 1.637730002403259277e+00
6.636825203895568848e-01 1.612614989280700684e+00
6.646912097930908203e-01 1.653059124946594238e+00
6.656998395919799805e-01 1.652603387832641602e+00
6.667084693908691406e-01 1.653417587280273438e+00
6.677170991897583008e-01 1.656607747077941895e+00
6.687257289886474609e-01 1.651555538177490234e+00
6.697343587875366211e-01 1.626881957054138184e+00
6.707429885864257812e-01 1.634767651557922363e+00
6.717516183853149414e-01 1.651495099067687988e+00
6.727602481842041016e-01 1.642745971679687500e+00
6.737688779830932617e-01 1.634026050567626953e+00
6.747775673866271973e-01 1.654182791709899902e+00
6.757861971855163574e-01 1.646278500556945801e+00
6.767948269844055176e-01 1.651986479759216309e+00
6.778034567832946777e-01 1.624731421470642090e+00
6.788120865821838379e-01 1.641571640968322754e+00
6.798207163810729980e-01 1.613910079002380371e+00
6.808293461799621582e-01 1.631250977516174316e+00
6.818379759788513184e-01 1.670183777809143066e+00
6.828466057777404785e-01 1.651437163352966309e+00
6.838552951812744141e-01 1.632820725440979004e+00
6.848639249801635742e-01 1.638108611106872559e+00
6.858725547790527344e-01 1.655281305313110352e+00
6.868811845779418945e-01 1.644947290420532227e+00
6.878898143768310547e-01 1.624281644821166992e+00
6.888984441757202148e-01 1.658833503723144531e+00
6.899070739746093750e-01 1.628145694732666016e+00
6.909157037734985352e-01 1.624446511268615723e+00
6.919243335723876953e-01 1.641488671302795410e+00
6.929329633712768555e-01 1.625301957130432129e+00
6.939416527748107910e-01 1.638844490051269531e+00
6.949502825736999512e-01 1.644935846328735352e+00
6.959589123725891113e-01 1.655922293663024902e+00
6.969675421714782715e-01 1.627331972122192383e+00
6.979761719703674316e-01 1.665686607360839844e+00
6.989848017692565918e-01 1.659947156906127930e+00
6.999934315681457520e-01 1.662544727325439453e+00
7.010020613670349121e-01 1.636954545974731445e+00
7.020106911659240723e-01 1.660888552665710449e+00
7.030193805694580078e-01 1.657114505767822266e+00
7.040280103683471680e-01 1.645628213882446289e+00
7.050366401672363281e-01 1.662108063697814941e+00
7.060452699661254883e-01 1.619746446609497070e+00
7.070538997650146484e-01 1.657329916954040527e+00
7.080625295639038086e-01 1.649873733520507812e+00
7.090711593627929688e-01 1.668398857116699219e+00
7.100797891616821289e-01 1.682938098907470703e+00
7.110884189605712891e-01 1.667760729789733887e+00
7.120970487594604492e-01 1.651402592658996582e+00
7.131057381629943848e-01 1.666149616241455078e+00
7.141143679618835449e-01 1.674087285995483398e+00
7.151229977607727051e-01 1.654131054878234863e+00
7.161316275596618652e-01 1.642951369285583496e+00
7.171402573585510254e-01 1.630712151527404785e+00
7.181488871574401855e-01 1.641335129737854004e+00
7.191575169563293457e-01 1.647238135337829590e+00
7.201661467552185059e-01 1.681150317192077637e+00
7.211747765541076660e-01 1.658461451530456543e+00
7.221834659576416016e-01 1.648539781570434570e+00
7.231920957565307617e-01 1.660554051399230957e+00
7.242007255554199219e-01 1.659301280975341797e+00
7.252093553543090820e-01 1.676127433776855469e+00
7.262179851531982422e-01 1.647433280944824219e+00
7.272266149520874023e-01 1.646867871284484863e+00
7.282352447509765625e-01 1.662875652313232422e+00
7.292438745498657227e-01 1.664223909378051758e+00
7.302525043487548828e-01 1.672330498695373535e+00
7.312611341476440430e-01 1.670526027679443359e+00
7.322698235511779785e-01 1.664457440376281738e+00
7.332784533500671387e-01 1.682258963584899902e+00
7.342870831489562988e-01 1.666136622428894043e+00
7.352957129478454590e-01 1.665415763854980469e+00
7.363043427467346191e-01 1.657865405082702637e+00
7.373129725456237793e-01 1.657551765441894531e+00
7.383216023445129395e-01 1.667858600616455078e+00
7.393302321434020996e-01 1.688466668128967285e+00
7.403388619422912598e-01 1.661950826644897461e+00
7.413475513458251953e-01 1.642606496810913086e+00
7.423561811447143555e-01 1.682597637176513672e+00
7.433648109436035156e-01 1.675287008285522461e+00
7.443734407424926758e-01 1.663019657135009766e+00
7.453820705413818359e-01 1.675728082656860352e+00
7.463907003402709961e-01 1.680716156959533691e+00
7.473993301391601562e-01 1.679304957389831543e+00
7.484079599380493164e-01 1.684082031250000000e+00
7.494165897369384766e-01 1.681415796279907227e+00
7.504252195358276367e-01 1.680387496948242188e+00
7.514339089393615723e-01 1.664316773414611816e+00
7.524425387382507324e-01 1.722349524497985840e+00
7.534511685371398926e-01 1.710803270339965820e+00
7.544597983360290527e-01 1.678202629089355469e+00
7.554684281349182129e-01 1.690312385559082031e+00
7.564770579338073730e-01 1.677980661392211914e+00
7.574856877326965332e-01 1.665475249290466309e+00
7.584943175315856934e-01 1.668725013732910156e+00
7.595029473304748535e-01 1.705564618110656738e+00
7.605116367340087891e-01 1.712697863578796387e+00
7.615202665328979492e-01 1.671832561492919922e+00
7.625288963317871094e-01 1.678388476371765137e+00
7.635375261306762695e-01 1.681038022041320801e+00
7.645461559295654297e-01 1.701727747917175293e+00
7.655547857284545898e-01 1.670492053031921387e+00
7.665634155273437500e-01 1.670338034629821777e+00
7.675720453262329102e-01 1.702109813690185547e+00
7.685806751251220703e-01 1.706462383270263672e+00
7.695893049240112305e-01 1.672885298728942871e+00
7.705979943275451660e-01 1.700492024421691895e+00
7.716066241264343262e-01 1.691324949264526367e+00
7.726152539253234863e-01 1.714195489883422852e+00
7.736238837242126465e-01 1.708442091941833496e+00
7.746325135231018066e-01 1.709565520286560059e+00
7.756411433219909668e-01 1.689906954765319824e+00
7.766497731208801270e-01 1.683959841728210449e+00
7.776584029197692871e-01 1.717822432518005371e+00
7.786670327186584473e-01 1.710172533988952637e+00
7.796757221221923828e-01 1.678014993667602539e+00
7.806843519210815430e-01 1.697135567665100098e+00
7.816929817199707031e-01 1.711644291877746582e+00
7.827016115188598633e-01 1.689731478691101074e+00
7.837102413177490234e-01 1.669049024581909180e+00
7.847188711166381836e-01 1.692741870880126953e+00
7.857275009155273438e-01 1.704731822013854980e+00
7.867361307144165039e-01 1.677340149879455566e+00
7.877447605133056641e-01 1.681124687194824219e+00
7.887533903121948242e-01 1.705742835998535156e+00
7.897620797157287598e-01 1.706145048141479492e+00
7.907707095146179199e-01 1.695387363433837891e+00
7.917793393135070801e-01 1.690948486328125000e+00
7.927879691123962402e-01 1.710446357727050781e+00
7.937965989112854004e-01 1.735145926475524902e+00
7.948052287101745605e-01 1.731719017028808594e+00
7.958138585090637207e-01 1.719949007034301758e+00
7.968224883079528809e-01 1.697824597358703613e+00
7.978311181068420410e-01 1.693132519721984863e+00
7.988398075103759766e-01 1.708986639976501465e+00
7.998484373092651367e-01 1.685615777969360352e+00
8.008570671081542969e-01 1.694783449172973633e+00
8.018656969070434570e-01 1.708842277526855469e+00
8.028743267059326172e-01 1.707397818565368652e+00
8.038829565048217773e-01 1.733160734176635742e+00
8.048915863037109375e-01 1.723284363746643066e+00
8.059002161026000977e-01 1.700126767158508301e+00
8.069088459014892578e-01 1.711241006851196289e+00
8.079174757003784180e-01 1.716960191726684570e+00
8.089261651039123535e-01 1.732477903366088867e+00
8.099347949028015137e-01 1.705610752105712891e+00
8.109434247016906738e-01 1.711960673332214355e+00
8.119520545005798340e-01 1.737192988395690918e+00
8.129606842994689941e-01 1.720144271850585938e+00
8.139693140983581543e-01 1.736151933670043945e+00
8.149779438972473145e-01 1.714795351028442383e+00
8.159865736961364746e-01 1.726820945739746094e+00
8.169952034950256348e-01 1.708932399749755859e+00
8.180038928985595703e-01 1.727705121040344238e+00
8.190125226974487305e-01 1.740851163864135742e+00
8.200211524963378906e-01 1.733932256698608398e+00
8.210297822952270508e-01 1.709478974342346191e+00
8.220384120941162109e-01 1.748274326324462891e+00
8.230470418930053711e-01 1.777938365936279297e+00
8.240556716918945312e-01 1.757747054100036621e+00
8.250643014907836914e-01 1.736371755599975586e+00
8.260729312896728516e-01 1.763807177543640137e+00
8.270815610885620117e-01 1.739292621612548828e+00
8.280902504920959473e-01 1.735692858695983887e+00
8.290988802909851074e-01 1.741663336753845215e+00
8.301075100898742676e-01 1.747727155685424805e+00
8.311161398887634277e-01 1.739584803581237793e+00
8.321247696876525879e-01 1.721765398979187012e+00
8.331333994865417480e-01 1.747851729393005371e+00
8.341420292854309082e-01 1.743133664131164551e+00
8.351506590843200684e-01 1.761708974838256836e+00
8.361592888832092285e-01 1.739662170410156250e+00
8.371679782867431641e-01 1.759308695793151855e+00
8.381766080856323242e-01 1.733258605003356934e+00
8.391852378845214844e-01 1.771553874015808105e+00
8.401938676834106445e-01 1.744462847709655762e+00
8.412024974822998047e-01 1.758239269256591797e+00
8.422111272811889648e-01 1.785812854766845703e+00
8.432197570800781250e-01 1.771026849746704102e+00
8.442283868789672852e-01 1.775415420532226562e+00
8.452370166778564453e-01 1.784205198287963867e+00
8.462456464767456055e-01 1.803360819816589355e+00
8.472543358802795410e-01 1.762398362159729004e+00
8.482629656791687012e-01 1.772158026695251465e+00
8.492715954780578613e-01 1.750594496726989746e+00
8.502802252769470215e-01 1.744329214096069336e+00
8.512888550758361816e-01 1.749710440635681152e+00
8.522974848747253418e-01 1.750022172927856445e+00
8.533061146736145020e-01 1.720212578773498535e+00
8.543147444725036621e-01 1.720852971076965332e+00
8.553233742713928223e-01 1.733316898345947266e+00
8.563320636749267578e-01 1.755231142044067383e+00
8.573406934738159180e-01 1.728806018829345703e+00
8.583493232727050781e-01 1.738868117332458496e+00
8.593579530715942383e-01 1.713178515434265137e+00
8.603665828704833984e-01 1.750486373901367188e+00
8.613752126693725586e-01 1.721372723579406738e+00
8.623838424682617188e-01 1.740997552871704102e+00
8.633924722671508789e-01 1.759021162986755371e+00
8.644011020660400391e-01 1.698446035385131836e+00
8.654097318649291992e-01 1.758661508560180664e+00
8.664184212684631348e-01 1.734510064125061035e+00
8.674270510673522949e-01 1.780663251876831055e+00
8.684356808662414551e-01 1.760042428970336914e+00
8.694443106651306152e-01 1.723983764648437500e+00
8.704529404640197754e-01 1.754206180572509766e+00
8.714615702629089355e-01 1.768562197685241699e+00
8.724702000617980957e-01 1.779810547828674316e+00
8.734788298606872559e-01 1.789997935295104980e+00
8.744874596595764160e-01 1.755011081695556641e+00
8.754961490631103516e-01 1.776191830635070801e+00
8.765047788619995117e-01 1.768400788307189941e+00
8.775134086608886719e-01 1.782201170921325684e+00
8.785220384597778320e-01 1.770129680633544922e+00
8.795306682586669922e-01 1.780544757843017578e+00
8.805392980575561523e-01 1.762879729270935059e+00
8.815479278564453125e-01 1.759265542030334473e+00
8.825565576553344727e-01 1.793881654739379883e+00
8.835651874542236328e-01 1.745381355285644531e+00
8.845738172531127930e-01 1.780067801475524902e+00
8.855825066566467285e-01 1.743210434913635254e+00
8.865911364555358887e-01 1.763351440429687500e+00
8.875997662544250488e-01 1.782969117164611816e+00
8.886083960533142090e-01 1.810048103332519531e+00
8.896170258522033691e-01 1.793468594551086426e+00
8.906256556510925293e-01 1.756941199302673340e+00
8.916342854499816895e-01 1.767959475517272949e+00
8.926429152488708496e-01 1.780546784400939941e+00
8.936515450477600098e-01 1.779918313026428223e+00
8.946602344512939453e-01 1.829983949661254883e+00
8.956688642501831055e-01 1.849264383316040039e+00
8.966774940490722656e-01 1.788748741149902344e+00
8.976861238479614258e-01 1.784883856773376465e+00
8.986947536468505859e-01 1.822734713554382324e+00
8.997033834457397461e-01 1.795208215713500977e+00
9.007120132446289062e-01 1.791759610176086426e+00
9.017206430435180664e-01 1.795518159866333008e+00
9.027292728424072266e-01 1.791491746902465820e+00
9.037379026412963867e-01 1.798521161079406738e+00
9.047465920448303223e-01 1.818188905715942383e+00
9.057552218437194824e-01 1.828131914138793945e+00
9.067638516426086426e-01 1.804577708244323730e+00
9.077724814414978027e-01 1.821539640426635742e+00
9.087811112403869629e-01 1.824686765670776367e+00
9.097897410392761230e-01 1.808333516120910645e+00
9.107983708381652832e-01 1.829477190971374512e+00
9.118070006370544434e-01 1.837704300880432129e+00
9.128156304359436035e-01 1.822608947753906250e+00
9.138243198394775391e-01 1.841115593910217285e+00
9.148329496383666992e-01 1.847318291664123535e+00
9.158415794372558594e-01 1.809117317199707031e+00
9.168502092361450195e-01 1.800702333450317383e+00
9.178588390350341797e-01 1.874913096427917480e+00
9.188674688339233398e-01 1.872586488723754883e+00
9.198760986328125000e-01 1.825593709945678711e+00
9.208847284317016602e-01 1.820860862731933594e+00
9.218933582305908203e-01 1.861280441284179688e+00
9.229020476341247559e-01 1.880034804344177246e+00
9.239106774330139160e-01 1.853856444358825684e+00
9.249193072319030762e-01 1.825727224349975586e+00
9.259279370307922363e-01 1.841845750808715820e+00
9.269365668296813965e-01 1.834108591079711914e+00
9.279451966285705566e-01 1.865259647369384766e+00
9.289538264274597168e-01 1.822111845016479492e+00
9.299624562263488770e-01 1.890169739723205566e+00
9.309710860252380371e-01 1.858281016349792480e+00
9.319797158241271973e-01 1.809006452560424805e+00
9.329884052276611328e-01 1.842365026473999023e+00
9.339970350265502930e-01 1.835326313972473145e+00
9.350056648254394531e-01 1.829504728317260742e+00
9.360142946243286133e-01 1.844340801239013672e+00
9.370229244232177734e-01 1.843253731727600098e+00
9.380315542221069336e-01 1.879207968711853027e+00
9.390401840209960938e-01 1.887373805046081543e+00
9.400488138198852539e-01 1.856787800788879395e+00
9.410574436187744141e-01 1.794685721397399902e+00
9.420661330223083496e-01 1.821437597274780273e+00
9.430747628211975098e-01 1.847770214080810547e+00
9.440833926200866699e-01 1.843956708908081055e+00
9.450920224189758301e-01 1.843414902687072754e+00
9.461006522178649902e-01 1.871021628379821777e+00
9.471092820167541504e-01 1.851196765899658203e+00
9.481179118156433105e-01 1.845382332801818848e+00
9.491265416145324707e-01 1.836906313896179199e+00
9.501351714134216309e-01 1.819227218627929688e+00
9.511438012123107910e-01 1.870095610618591309e+00
9.521524906158447266e-01 1.809697151184082031e+00
9.531611204147338867e-01 1.819354891777038574e+00
9.541697502136230469e-01 1.822502613067626953e+00
9.551783800125122070e-01 1.842034339904785156e+00
9.561870098114013672e-01 1.811887979507446289e+00
9.571956396102905273e-01 1.843207120895385742e+00
9.582042694091796875e-01 1.855515360832214355e+00
9.592128992080688477e-01 1.799003481864929199e+00
9.602215290069580078e-01 1.851615548133850098e+00
9.612302184104919434e-01 1.865368962287902832e+00
9.622388482093811035e-01 1.858936548233032227e+00
9.632474780082702637e-01 1.859197139739990234e+00
9.642561078071594238e-01 1.897627949714660645e+00
9.652647376060485840e-01 1.843685388565063477e+00
9.662733674049377441e-01 1.836615800857543945e+00
9.672819972038269043e-01 1.839589953422546387e+00
9.682906270027160645e-01 1.913280963897705078e+00
9.692992568016052246e-01 1.855783820152282715e+00
9.703078866004943848e-01 1.854067325592041016e+00
9.713165760040283203e-01 1.837337613105773926e+00
9.723252058029174805e-01 1.849541544914245605e+00
9.733338356018066406e-01 1.848451375961303711e+00
9.743424654006958008e-01 1.866978287696838379e+00
9.753510951995849609e-01 1.861222863197326660e+00
9.763597249984741211e-01 1.834193348884582520e+00
9.773683547973632812e-01 1.847977876663208008e+00
9.783769845962524414e-01 1.812906503677368164e+00
9.793856143951416016e-01 1.831664800643920898e+00
9.803943037986755371e-01 1.831832408905029297e+00
9.814029335975646973e-01 1.837708711624145508e+00
9.824115633964538574e-01 1.847832918167114258e+00
9.834201931953430176e-01 1.831350207328796387e+00
9.844288229942321777e-01 1.867313981056213379e+00
9.854374527931213379e-01 1.846158146858215332e+00
9.864460825920104980e-01 1.856353163719177246e+00
9.874547123908996582e-01 1.842027068138122559e+00
9.884633421897888184e-01 1.805896878242492676e+00
9.894719719886779785e-01 1.804193139076232910e+00
9.904806613922119141e-01 1.783055782318115234e+00
9.914892911911010742e-01 1.822442889213562012e+00
9.924979209899902344e-01 1.842561841011047363e+00
9.935065507888793945e-01 1.811064720153808594e+00
9.945151805877685547e-01 1.889338850975036621e+00
9.955238103866577148e-01 1.844063997268676758e+00
9.965324401855468750e-01 1.854081273078918457e+00
9.975410699844360352e-01 1.810062885284423828e+00
9.985496997833251953e-01 1.852746009826660156e+00
9.995583891868591309e-01 1.827814459800720215e+00
1.000566959381103516e+00 1.858078479766845703e+00
1.001575589179992676e+00 1.764562845230102539e+00
1.002584218978881836e+00 1.775496602058410645e+00
1.003592848777770996e+00 1.799651265144348145e+00
1.004601597785949707e+00 1.848878741264343262e+00
1.005610227584838867e+00 1.809180140495300293e+00
1.006618857383728027e+00 1.848877787590026855e+00
1.007627487182617188e+00 1.813877463340759277e+00
1.008636116981506348e+00 1.805620789527893066e+00
1.009644746780395508e+00 1.782606601715087891e+00
1.010653376579284668e+00 1.740024805068969727e+00
1.011662006378173828e+00 1.799630761146545410e+00
1.012670636177062988e+00 1.816840648651123047e+00
1.013679265975952148e+00 1.756155252456665039e+00
1.014687895774841309e+00 1.811569929122924805e+00
1.015696525573730469e+00 1.825712323188781738e+00
1.016705155372619629e+00 1.839339375495910645e+00
1.017713785171508789e+00 1.788585186004638672e+00
1.018722414970397949e+00 1.827999472618103027e+00
1.019731044769287109e+00 1.884171128273010254e+00
1.020739674568176270e+00 1.885655283927917480e+00
1.021748304367065430e+00 1.889709949493408203e+00
1.022756934165954590e+00 1.824843287467956543e+00
1.023765683174133301e+00 1.789009571075439453e+00
1.024774312973022461e+00 1.702046394348144531e+00
1.025782942771911621e+00 1.792578577995300293e+00
1.026791572570800781e+00 1.842986345291137695e+00
1.027800202369689941e+00 1.865034341812133789e+00
1.028808832168579102e+00 1.915148854255676270e+00
1.029817461967468262e+00 1.836604595184326172e+00
1.030826091766357422e+00 1.801755666732788086e+00
1.031834721565246582e+00 1.872535943984985352e+00
1.032843351364135742e+00 1.848467469215393066e+00
1.033851981163024902e+00 1.853053450584411621e+00
1.034860610961914062e+00 1.835167646408081055e+00
1.035869240760803223e+00 1.850526809692382812e+00
1.036877870559692383e+00 1.811689615249633789e+00
1.037886500358581543e+00 1.816891193389892578e+00
1.038895130157470703e+00 1.828679561614990234e+00
1.039903759956359863e+00 1.793742775917053223e+00
1.040912389755249023e+00 1.766017198562622070e+00
1.041921019554138184e+00 1.824118494987487793e+00
1.042929768562316895e+00 1.795832633972167969e+00
1.043938398361206055e+00 1.817701458930969238e+00
1.044947028160095215e+00 1.783928990364074707e+00
1.045955657958984375e+00 1.834532260894775391e+00
1.046964287757873535e+00 1.808529853820800781e+00
1.047972917556762695e+00 1.827974677085876465e+00
1.048981547355651855e+00 1.791880488395690918e+00
1.049990177154541016e+00 1.784655451774597168e+00
1.050998806953430176e+00 1.870900988578796387e+00
1.052007436752319336e+00 1.889667034149169922e+00
1.053016066551208496e+00 1.740331888198852539e+00
1.054024696350097656e+00 1.775386929512023926e+00
1.055033326148986816e+00 1.845648288726806641e+00
1.056041955947875977e+00 1.814989089965820312e+00
1.057050585746765137e+00 1.887491822242736816e+00
1.058059215545654297e+00 1.845551609992980957e+00
1.059067845344543457e+00 1.915267825126647949e+00
1.060076475143432617e+00 1.926685214042663574e+00
1.061085104942321777e+00 1.948163509368896484e+00
1.062093853950500488e+00 1.904509186744689941e+00
1.063102483749389648e+00 1.801637411117553711e+00
1.064111113548278809e+00 1.788821458816528320e+00
1.065119743347167969e+00 1.875309586524963379e+00
1.066128373146057129e+00 1.877512574195861816e+00
1.067137002944946289e+00 1.884343147277832031e+00
1.068145632743835449e+00 1.902177572250366211e+00
1.069154262542724609e+00 1.829205393791198730e+00
1.070162892341613770e+00 1.915712594985961914e+00
1.071171522140502930e+00 1.945595145225524902e+00
1.072180151939392090e+00 1.893696665763854980e+00
1.073188781738281250e+00 1.859030485153198242e+00
1.074197411537170410e+00 1.862188220024108887e+00
1.075206041336059570e+00 1.916871547698974609e+00
1.076214671134948730e+00 1.861882567405700684e+00
1.077223300933837891e+00 1.823331475257873535e+00
1.078231930732727051e+00 1.811568021774291992e+00
1.079240560531616211e+00 1.804251074790954590e+00
1.080249190330505371e+00 1.862806081771850586e+00
1.081257939338684082e+00 1.905010938644409180e+00
1.082266569137573242e+00 1.927378058433532715e+00
1.083275198936462402e+00 1.875771522521972656e+00
1.084283828735351562e+00 1.918071389198303223e+00
1.085292458534240723e+00 1.751319050788879395e+00
1.086301088333129883e+00 1.755581378936767578e+00
1.087309718132019043e+00 1.891164660453796387e+00
1.088318347930908203e+00 1.891294836997985840e+00
1.089326977729797363e+00 1.941723585128784180e+00
1.090335607528686523e+00 1.905609846115112305e+00
1.091344237327575684e+00 1.896241784095764160e+00
1.092352867126464844e+00 1.847040176391601562e+00
1.093361496925354004e+00 1.852223515510559082e+00
1.094370126724243164e+00 1.854287385940551758e+00
1.095378756523132324e+00 1.957503914833068848e+00
1.096387386322021484e+00 1.964731454849243164e+00
1.097396016120910645e+00 1.894515514373779297e+00
1.098404645919799805e+00 1.914424777030944824e+00
1.099413275718688965e+00 1.859269022941589355e+00
1.100422024726867676e+00 1.949909329414367676e+00
1.101430654525756836e+00 1.896007776260375977e+00
1.102439284324645996e+00 1.896229386329650879e+00
1.103447914123535156e+00 1.904407978057861328e+00
1.104456543922424316e+00 1.843779683113098145e+00
1.105465173721313477e+00 1.964627146720886230e+00
1.106473803520202637e+00 1.984845995903015137e+00
1.107482433319091797e+00 1.915772318840026855e+00
1.108491063117980957e+00 1.937322735786437988e+00
1.109499692916870117e+00 1.941423535346984863e+00
1.110508322715759277e+00 2.030976295471191406e+00
1.111516952514648438e+00 2.011970043182373047e+00
1.112525582313537598e+00 2.000593662261962891e+00
1.113534212112426758e+00 1.973976492881774902e+00
1.114542841911315918e+00 1.954573035240173340e+00
1.115551471710205078e+00 1.870109081268310547e+00
1.116560101509094238e+00 1.946512460708618164e+00
1.117568731307983398e+00 1.997310638427734375e+00
1.118577361106872559e+00 1.905635952949523926e+00
1.119586110115051270e+00 1.902200698852539062e+00
1.120594739913940430e+00 1.995472431182861328e+00
1.121603369712829590e+00 1.982049226760864258e+00
1.122611999511718750e+00 1.976910591125488281e+00
1.123620629310607910e+00 1.890919327735900879e+00
1.124629259109497070e+00 1.841530203819274902e+00
1.125637888908386230e+00 1.911977767944335938e+00
1.126646518707275391e+00 1.903824329376220703e+00
1.127655148506164551e+00 1.848439812660217285e+00
1.128663778305053711e+00 1.933180570602416992e+00
1.129672408103942871e+00 2.041664838790893555e+00
1.130681037902832031e+00 1.926646113395690918e+00
1.131689667701721191e+00 1.933585286140441895e+00
1.132698297500610352e+00 1.929609537124633789e+00
1.133706927299499512e+00 1.911084294319152832e+00
1.134715557098388672e+00 1.950697422027587891e+00
1.135724186897277832e+00 1.888165235519409180e+00
1.136732816696166992e+00 1.957777500152587891e+00
1.137741446495056152e+00 1.929836034774780273e+00
1.138750195503234863e+00 1.866005897521972656e+00
1.139758825302124023e+00 2.012501478195190430e+00
1.140767455101013184e+00 2.029709815979003906e+00
1.141776084899902344e+00 1.914047122001647949e+00
1.142784714698791504e+00 2.001664876937866211e+00
1.143793344497680664e+00 1.940613150596618652e+00
1.144801974296569824e+00 1.937888622283935547e+00
1.145810604095458984e+00 2.007823228836059570e+00
1.146819233894348145e+00 1.928424715995788574e+00
1.147827863693237305e+00 1.943710088729858398e+00
1.148836493492126465e+00 1.924730420112609863e+00
1.149845123291015625e+00 1.944544553756713867e+00
1.150853753089904785e+00 2.002285957336425781e+00
1.151862382888793945e+00 1.974135279655456543e+00
1.152871012687683105e+00 1.968802571296691895e+00
1.153879642486572266e+00 2.097323894500732422e+00
1.154888272285461426e+00 1.957301616668701172e+00
1.155896902084350586e+00 2.058853387832641602e+00
1.156905531883239746e+00 2.188691616058349609e+00
1.157914280891418457e+00 2.032324790954589844e+00
1.158922910690307617e+00 2.042245149612426758e+00
1.159931540489196777e+00 2.065469026565551758e+00
1.160940170288085938e+00 1.967854857444763184e+00
1.161948800086975098e+00 1.922063231468200684e+00
1.162957429885864258e+00 2.062048196792602539e+00
1.163966059684753418e+00 2.090865373611450195e+00
1.164974689483642578e+00 1.906518101692199707e+00
1.165983319282531738e+00 2.035737276077270508e+00
1.166991949081420898e+00 1.888845562934875488e+00
1.168000578880310059e+00 2.022772789001464844e+00
1.169009208679199219e+00 2.044209480285644531e+00
1.170017838478088379e+00 2.038566350936889648e+00
1.171026468276977539e+00 2.105910301208496094e+00
1.172035098075866699e+00 1.984282493591308594e+00
1.173043727874755859e+00 2.162330150604248047e+00
1.174052357673645020e+00 2.197621583938598633e+00
1.175060987472534180e+00 2.170828342437744141e+00
1.176069617271423340e+00 2.192111492156982422e+00
1.177078366279602051e+00 2.122320413589477539e+00
1.178086996078491211e+00 2.193044424057006836e+00
1.179095625877380371e+00 2.000465393066406250e+00
1.180104255676269531e+00 2.153161764144897461e+00
1.181112885475158691e+00 2.087358474731445312e+00
1.182121515274047852e+00 2.090105772018432617e+00
1.183130145072937012e+00 2.115431547164916992e+00
1.184138774871826172e+00 2.068868875503540039e+00
1.185147404670715332e+00 2.001737356185913086e+00
1.186156034469604492e+00 2.063434123992919922e+00
1.187164664268493652e+00 2.286971330642700195e+00
1.188173294067382812e+00 2.013520002365112305e+00
1.189181923866271973e+00 2.076587438583374023e+00
1.190190553665161133e+00 2.167853593826293945e+00
1.191199183464050293e+00 2.259973526000976562e+00
1.192207813262939453e+00 2.138411283493041992e+00
1.193216443061828613e+00 2.183216810226440430e+00
1.194225072860717773e+00 2.117060661315917969e+00
1.195233702659606934e+00 2.287258386611938477e+00
1.196242451667785645e+00 2.385475873947143555e+00
1.197251081466674805e+00 2.142133951187133789e+00
1.198259711265563965e+00 2.348617792129516602e+00
1.199268341064453125e+00 2.191785335540771484e+00
1.200276970863342285e+00 2.358178138732910156e+00
1.201285600662231445e+00 2.245813846588134766e+00
1.202294230461120605e+00 1.853980064392089844e+00
1.203302860260009766e+00 1.702949762344360352e+00
1.204311490058898926e+00 2.260132312774658203e+00
1.205320119857788086e+00 2.309624671936035156e+00
1.206328749656677246e+00 2.307303905487060547e+00
1.207337379455566406e+00 2.179539918899536133e+00
1.208346009254455566e+00 1.339446306228637695e+00
1.209354639053344727e+00 2.142695188522338867e+00
