0.000000000000000000e+00 4.228538085937500000e+03
1.008636085316538811e-03 3.189293457031250000e+03
2.017272170633077621e-03 2.335966308593750000e+03
3.025908255949616432e-03 1.746074584960937500e+03
4.034544341266155243e-03 1.344851562500000000e+03
5.043180659413337708e-03 1.102217407226562500e+03
6.051816511899232864e-03 8.871846313476562500e+02
7.060452364385128021e-03 7.247276000976562500e+02
8.069088682532310486e-03 6.033951416015625000e+02
9.077725000679492950e-03 5.108454284667968750e+02
1.008636131882667542e-02 4.322672729492187500e+02
1.109499670565128326e-02 3.630781860351562500e+02
1.210363302379846573e-02 2.977781372070312500e+02
1.311226934194564819e-02 2.559986419677734375e+02
1.412090472877025604e-02 2.164903259277343750e+02
1.512954104691743851e-02 1.874997100830078125e+02
1.613817736506462097e-02 1.628795623779296875e+02
1.714681275188922882e-02 1.433005371093750000e+02
1.815545000135898590e-02 1.292060089111328125e+02
1.916408538818359375e-02 1.128534317016601562e+02
2.017272263765335083e-02 9.983766937255859375e+01
2.118135802447795868e-02 8.949050903320312500e+01
2.218999341130256653e-02 8.202442932128906250e+01
2.319863066077232361e-02 7.332872009277343750e+01
2.420726604759693146e-02 6.607260131835937500e+01
2.521590143442153931e-02 6.025914382934570312e+01
2.622453868389129639e-02 5.539637756347656250e+01
2.723317407071590424e-02 4.984820938110351562e+01
2.824180945754051208e-02 4.600043869018554688e+01
2.925044670701026917e-02 4.233529663085937500e+01
3.025908209383487701e-02 3.895920181274414062e+01
3.126771748065948486e-02 3.554213714599609375e+01
3.227635473012924194e-02 3.278862380981445312e+01
3.328499197959899902e-02 3.048246002197265625e+01
3.429362550377845764e-02 2.818238449096679688e+01
3.530226275324821472e-02 2.644950866699218750e+01
3.631090000271797180e-02 2.399545478820800781e+01
3.731953352689743042e-02 2.231031417846679688e+01
3.832817077636718750e-02 2.079144287109375000e+01
3.933680802583694458e-02 1.930896568298339844e+01
4.034544527530670166e-02 1.794388008117675781e+01
4.135407879948616028e-02 1.673505973815917969e+01
4.236271604895591736e-02 1.591880893707275391e+01
4.337135329842567444e-02 1.524657344818115234e+01
4.437998682260513306e-02 1.414445209503173828e+01
4.538862407207489014e-02 1.334134483337402344e+01
4.639726132154464722e-02 1.267098045349121094e+01
4.740589484572410583e-02 1.197289943695068359e+01
4.841453209519386292e-02 1.123585319519042969e+01
4.942316934466362000e-02 1.074430179595947266e+01
5.043180286884307861e-02 1.014845371246337891e+01
5.144044011831283569e-02 9.616724014282226562e+00
5.244907736778259277e-02 9.296094894409179688e+00
5.345771089196205139e-02 8.819676399230957031e+00
5.446634814143180847e-02 8.287671089172363281e+00
5.547498539090156555e-02 7.999922275543212891e+00
5.648361891508102417e-02 7.744618415832519531e+00
5.749225616455078125e-02 7.429899215698242188e+00
5.850089341402053833e-02 7.041567325592041016e+00
5.950953066349029541e-02 6.778271675109863281e+00
6.051816418766975403e-02 6.738833904266357422e+00
6.152680143713951111e-02 6.413170337677001953e+00
6.253543496131896973e-02 6.094549179077148438e+00
6.354407221078872681e-02 5.847431659698486328e+00
6.455270946025848389e-02 5.654636383056640625e+00
6.556134670972824097e-02 5.404408931732177734e+00
6.656998395919799805e-02 5.269863605499267578e+00
6.757862120866775513e-02 5.216626644134521484e+00
6.858725100755691528e-02 4.883272171020507812e+00
6.959588825702667236e-02 4.678017139434814453e+00
7.060452550649642944e-02 4.515168666839599609e+00
7.161316275596618652e-02 4.434193134307861328e+00
7.262180000543594360e-02 4.335686206817626953e+00
7.363043725490570068e-02 4.218997955322265625e+00
7.463906705379486084e-02 4.081647872924804688e+00
7.564770430326461792e-02 3.978974580764770508e+00
7.665634155273437500e-02 3.918301820755004883e+00
7.766497880220413208e-02 3.834693431854248047e+00
7.867361605167388916e-02 3.776165962219238281e+00
7.968225330114364624e-02 3.626746177673339844e+00
8.069089055061340332e-02 3.457773208618164062e+00
8.169952034950256348e-02 3.438374280929565430e+00
8.270815759897232056e-02 3.388983011245727539e+00
8.371679484844207764e-02 3.318146944046020508e+00
8.472543209791183472e-02 3.165625810623168945e+00
8.573406934738159180e-02 3.111908912658691406e+00
8.674270659685134888e-02 2.991608619689941406e+00
8.775133639574050903e-02 2.937380790710449219e+00
8.875997364521026611e-02 2.866387367248535156e+00
8.976861089468002319e-02 2.929826259613037109e+00
9.077724814414978027e-02 2.822133541107177734e+00
9.178588539361953735e-02 2.693705558776855469e+00
9.279452264308929443e-02 2.692497730255126953e+00
9.380315244197845459e-02 2.598250627517700195e+00
9.481178969144821167e-02 2.525277853012084961e+00
9.582042694091796875e-02 2.501395225524902344e+00
9.682906419038772583e-02 2.462096452713012695e+00
9.783770143985748291e-02 2.495962619781494141e+00
9.884633868932723999e-02 2.496482372283935547e+00
9.985497593879699707e-02 2.417153120040893555e+00
1.008636057376861572e-01 2.348620653152465820e+00
1.018722429871559143e-01 2.300411701202392578e+00
1.028808802366256714e-01 2.307911157608032227e+00
1.038895174860954285e-01 2.224817991256713867e+00
1.048981547355651855e-01 2.199349641799926758e+00
1.059067919850349426e-01 2.247246503829956055e+00
1.069154217839241028e-01 2.166201114654541016e+00
1.079240590333938599e-01 2.118736505508422852e+00
1.089326962828636169e-01 2.118489980697631836e+00
1.099413335323333740e-01 2.081515550613403320e+00
1.109499707818031311e-01 2.035548210144042969e+00
1.119586080312728882e-01 2.028139829635620117e+00
1.129672378301620483e-01 2.038923263549804688e+00
1.139758750796318054e-01 1.968055009841918945e+00
1.149845123291015625e-01 2.048043727874755859e+00
1.159931495785713196e-01 1.951987862586975098e+00
1.170017868280410767e-01 1.942139387130737305e+00
1.180104240775108337e-01 1.874530673027038574e+00
1.190190613269805908e-01 1.888634085655212402e+00
1.200276911258697510e-01 1.952732920646667480e+00
1.210363283753395081e-01 1.905607104301452637e+00
1.220449656248092651e-01 1.847092986106872559e+00
1.230536028742790222e-01 1.831782937049865723e+00
1.240622401237487793e-01 1.850372910499572754e+00
1.250708699226379395e-01 1.787079095840454102e+00
1.260795146226882935e-01 1.802930951118469238e+00
1.270881444215774536e-01 1.798950910568237305e+00
1.280967891216278076e-01 1.796371698379516602e+00
1.291054189205169678e-01 1.760399818420410156e+00
1.301140487194061279e-01 1.708699107170104980e+00
1.311226934194564819e-01 1.735933542251586914e+00
1.321313232183456421e-01 1.738768100738525391e+00
1.331399679183959961e-01 1.700873613357543945e+00
1.341485977172851562e-01 1.646272063255310059e+00
1.351572424173355103e-01 1.679751157760620117e+00
1.361658722162246704e-01 1.747664928436279297e+00
1.371745020151138306e-01 1.690648317337036133e+00
1.381831467151641846e-01 1.648526668548583984e+00
1.391917765140533447e-01 1.636418581008911133e+00
1.402004212141036987e-01 1.600211620330810547e+00
1.412090510129928589e-01 1.647033572196960449e+00
1.422176808118820190e-01 1.599531650543212891e+00
1.432263255119323730e-01 1.577098965644836426e+00
1.442349553108215332e-01 1.592488050460815430e+00
1.452436000108718872e-01 1.523536086082458496e+00
1.462522298097610474e-01 1.531329989433288574e+00
1.472608745098114014e-01 1.514116168022155762e+00
1.482695043087005615e-01 1.473799347877502441e+00
1.492781341075897217e-01 1.499169111251831055e+00
1.502867788076400757e-01 1.466726422309875488e+00
1.512954086065292358e-01 1.438050150871276855e+00
1.523040533065795898e-01 1.416157245635986328e+00
1.533126831054687500e-01 1.457793235778808594e+00
1.543213278055191040e-01 1.422367811203002930e+00
1.553299576044082642e-01 1.409936666488647461e+00
1.563385874032974243e-01 1.442756414413452148e+00
1.573472321033477783e-01 1.396512269973754883e+00
1.583558619022369385e-01 1.371214389801025391e+00
1.593645066022872925e-01 1.347957134246826172e+00
1.603731364011764526e-01 1.381216049194335938e+00
1.613817811012268066e-01 1.336058139801025391e+00
1.623904109001159668e-01 1.359939098358154297e+00
1.633990406990051270e-01 1.338677883148193359e+00
1.644076853990554810e-01 1.339929938316345215e+00
1.654163151979446411e-01 1.366204738616943359e+00
1.664249598979949951e-01 1.380208969116210938e+00
1.674335896968841553e-01 1.369217038154602051e+00
1.684422194957733154e-01 1.356261849403381348e+00
1.694508641958236694e-01 1.364703536033630371e+00
1.704594939947128296e-01 1.357937693595886230e+00
1.714681386947631836e-01 1.347216486930847168e+00
1.724767684936523438e-01 1.374117255210876465e+00
1.734854131937026978e-01 1.382586002349853516e+00
1.744940429925918579e-01 1.374867916107177734e+00
1.755026727914810181e-01 1.357960581779479980e+00
1.765113174915313721e-01 1.318791627883911133e+00
1.775199472904205322e-01 1.372199177742004395e+00
1.785285919904708862e-01 1.362622857093811035e+00
1.795372217893600464e-01 1.302441120147705078e+00
1.805458664894104004e-01 1.332747697830200195e+00
1.815544962882995605e-01 1.312110543251037598e+00
1.825631260871887207e-01 1.359826922416687012e+00
1.835717707872390747e-01 1.288546204566955566e+00
1.845804005861282349e-01 1.309434413909912109e+00
1.855890452861785889e-01 1.295772194862365723e+00
1.865976750850677490e-01 1.305023908615112305e+00
1.876063048839569092e-01 1.334710717201232910e+00
1.886149495840072632e-01 1.311099886894226074e+00
1.896235793828964233e-01 1.318354368209838867e+00
1.906322240829467773e-01 1.324992775917053223e+00
1.916408538818359375e-01 1.341806769371032715e+00
1.926494985818862915e-01 1.340538263320922852e+00
1.936581283807754517e-01 1.286015748977661133e+00
1.946667581796646118e-01 1.319971323013305664e+00
1.956754028797149658e-01 1.312955975532531738e+00
1.966840326786041260e-01 1.288221478462219238e+00
1.976926773786544800e-01 1.301393032073974609e+00
1.987013071775436401e-01 1.333981990814208984e+00
1.997099518775939941e-01 1.298394203186035156e+00
2.007185816764831543e-01 1.280011296272277832e+00
2.017272114753723145e-01 1.296432614326477051e+00
2.027358561754226685e-01 1.285458922386169434e+00
2.037444859743118286e-01 1.298026323318481445e+00
2.047531306743621826e-01 1.280868172645568848e+00
2.057617604732513428e-01 1.267752051353454590e+00
2.067703902721405029e-01 1.272046446800231934e+00
2.077790349721908569e-01 1.297526121139526367e+00
2.087876647710800171e-01 1.305150866508483887e+00
2.097963094711303711e-01 1.274463057518005371e+00
2.108049392700195312e-01 1.253521919250488281e+00
2.118135839700698853e-01 1.226279616355895996e+00
2.128222137689590454e-01 1.263311743736267090e+00
2.138308435678482056e-01 1.226492285728454590e+00
2.148394882678985596e-01 1.256460785865783691e+00
2.158481180667877197e-01 1.269946217536926270e+00
2.168567627668380737e-01 1.269555807113647461e+00
2.178653925657272339e-01 1.247306585311889648e+00
2.188740372657775879e-01 1.226573228836059570e+00
2.198826670646667480e-01 1.207186937332153320e+00
2.208912968635559082e-01 1.206950902938842773e+00
2.218999415636062622e-01 1.212986230850219727e+00
2.229085713624954224e-01 1.224292397499084473e+00
2.239172160625457764e-01 1.236890673637390137e+00
2.249258458614349365e-01 1.241923213005065918e+00
2.259344756603240967e-01 1.222696065902709961e+00
2.269431203603744507e-01 1.256872296333312988e+00
2.279517501592636108e-01 1.213037729263305664e+00
2.289603948593139648e-01 1.224118113517761230e+00
2.299690246582031250e-01 1.209394574165344238e+00
2.309776693582534790e-01 1.217978715896606445e+00
2.319862991571426392e-01 1.193816304206848145e+00
2.329949289560317993e-01 1.193994998931884766e+00
2.340035736560821533e-01 1.184206604957580566e+00
2.350122034549713135e-01 1.168487548828125000e+00
2.360208481550216675e-01 1.157251358032226562e+00
2.370294779539108276e-01 1.171419262886047363e+00
2.380381226539611816e-01 1.197603225708007812e+00
2.390467524528503418e-01 1.198292016983032227e+00
2.400553822517395020e-01 1.182766556739807129e+00
2.410640269517898560e-01 1.193786859512329102e+00
2.420726567506790161e-01 1.216526627540588379e+00
2.430813014507293701e-01 1.368361830711364746e+00
2.440899312496185303e-01 1.146709442138671875e+00
2.450985759496688843e-01 1.173454046249389648e+00
2.461072057485580444e-01 1.150853991508483887e+00
2.471158355474472046e-01 1.140828609466552734e+00
2.481244802474975586e-01 1.155782103538513184e+00
2.491331100463867188e-01 1.138592958450317383e+00
2.501417398452758789e-01 1.133435964584350586e+00
2.511503994464874268e-01 1.159445881843566895e+00
2.521590292453765869e-01 1.168852329254150391e+00
2.531676590442657471e-01 1.160861372947692871e+00
2.541762888431549072e-01 1.141328930854797363e+00
2.551849186420440674e-01 1.163942575454711914e+00
2.561935782432556152e-01 1.149691104888916016e+00
2.572022080421447754e-01 1.142309904098510742e+00
2.582108378410339355e-01 1.127030134201049805e+00
2.592194676399230957e-01 1.141403675079345703e+00
2.602280974388122559e-01 1.148686647415161133e+00
2.612367570400238037e-01 1.134105086326599121e+00
2.622453868389129639e-01 1.144508838653564453e+00
2.632540166378021240e-01 1.125377178192138672e+00
2.642626464366912842e-01 1.139782428741455078e+00
2.652712762355804443e-01 1.122019290924072266e+00
2.662799358367919922e-01 1.096904158592224121e+00
2.672885656356811523e-01 1.133774280548095703e+00
2.682971954345703125e-01 1.148252129554748535e+00
2.693058252334594727e-01 1.105087637901306152e+00
2.703144848346710205e-01 1.127294063568115234e+00
2.713231146335601807e-01 1.105660676956176758e+00
2.723317444324493408e-01 1.115047693252563477e+00
2.733403742313385010e-01 1.131460309028625488e+00
2.743490040302276611e-01 1.093567490577697754e+00
2.753576636314392090e-01 1.138373732566833496e+00
2.763662934303283691e-01 1.139057993888854980e+00
2.773749232292175293e-01 1.124464392662048340e+00
2.783835530281066895e-01 1.141121983528137207e+00
2.793921828269958496e-01 1.095638275146484375e+00
2.804008424282073975e-01 1.083631038665771484e+00
2.814094722270965576e-01 1.127007842063903809e+00
2.824181020259857178e-01 1.117869973182678223e+00
2.834267318248748779e-01 1.104683756828308105e+00
2.844353616237640381e-01 1.113127470016479492e+00
2.854440212249755859e-01 1.100078225135803223e+00
2.864526510238647461e-01 1.098580241203308105e+00
2.874612808227539062e-01 1.107190370559692383e+00
2.884699106216430664e-01 1.107562780380249023e+00
2.894785702228546143e-01 1.098047971725463867e+00
2.904872000217437744e-01 1.098022460937500000e+00
2.914958298206329346e-01 1.083531618118286133e+00
2.925044596195220947e-01 1.101653933525085449e+00
2.935130894184112549e-01 1.105535507202148438e+00
2.945217490196228027e-01 1.104141831398010254e+00
2.955303788185119629e-01 1.082229971885681152e+00
2.965390086174011230e-01 1.114434719085693359e+00
2.975476384162902832e-01 1.085484981536865234e+00
2.985562682151794434e-01 1.115388035774230957e+00
2.995649278163909912e-01 1.095685243606567383e+00
3.005735576152801514e-01 1.112138032913208008e+00
3.015821874141693115e-01 1.098959684371948242e+00
3.025908172130584717e-01 1.081325769424438477e+00
3.035994470119476318e-01 1.054455518722534180e+00
3.046081066131591797e-01 1.061057090759277344e+00
3.056167364120483398e-01 1.074334502220153809e+00
3.066253662109375000e-01 1.087646484375000000e+00
3.076339960098266602e-01 1.090550899505615234e+00
3.086426556110382080e-01 1.108420372009277344e+00
3.096512854099273682e-01 1.080121874809265137e+00
3.106599152088165283e-01 1.065644383430480957e+00
3.116685450077056885e-01 1.068422198295593262e+00
3.126771748065948486e-01 1.082503199577331543e+00
3.136858344078063965e-01 1.099767208099365234e+00
3.146944642066955566e-01 1.080998778343200684e+00
3.157030940055847168e-01 1.069697737693786621e+00
3.167117238044738770e-01 1.051207780838012695e+00
3.177203536033630371e-01 1.072533369064331055e+00
3.187290132045745850e-01 1.078679203987121582e+00
3.197376430034637451e-01 1.048717498779296875e+00
3.207462728023529053e-01 1.067301154136657715e+00
3.217549026012420654e-01 1.071930527687072754e+00
3.227635622024536133e-01 1.058930277824401855e+00
3.237721920013427734e-01 1.051967024803161621e+00
3.247808218002319336e-01 1.039081454277038574e+00
3.257894515991210938e-01 1.061614036560058594e+00
3.267980813980102539e-01 1.056139111518859863e+00
3.278067409992218018e-01 1.069040894508361816e+00
3.288153707981109619e-01 1.042796850204467773e+00
3.298240005970001221e-01 1.053437232971191406e+00
3.308326303958892822e-01 1.056502699851989746e+00
3.318412601947784424e-01 1.043817281723022461e+00
3.328499197959899902e-01 1.066721439361572266e+00
3.338585495948791504e-01 1.055413603782653809e+00
3.348671793937683105e-01 1.042411208152770996e+00
3.358758091926574707e-01 1.039280891418457031e+00
3.368844389915466309e-01 1.042666912078857422e+00
3.378930985927581787e-01 1.064738512039184570e+00
3.389017283916473389e-01 1.063174843788146973e+00
3.399103581905364990e-01 1.050744771957397461e+00
3.409189879894256592e-01 1.058370709419250488e+00
3.419276475906372070e-01 1.041957259178161621e+00
3.429362773895263672e-01 1.044789671897888184e+00
3.439449071884155273e-01 1.023080229759216309e+00
3.449535369873046875e-01 1.046705961227416992e+00
3.459621667861938477e-01 1.036572933197021484e+00
3.469708263874053955e-01 1.065835118293762207e+00
3.479794561862945557e-01 1.058314323425292969e+00
3.489880859851837158e-01 1.040605187416076660e+00
3.499967157840728760e-01 1.042493939399719238e+00
3.510053455829620361e-01 1.052595376968383789e+00
3.520140051841735840e-01 1.036314249038696289e+00
3.530226349830627441e-01 1.043661832809448242e+00
3.540312647819519043e-01 1.056636214256286621e+00
3.550398945808410645e-01 1.011361598968505859e+00
3.560485243797302246e-01 1.038614153861999512e+00
3.570571839809417725e-01 1.045861124992370605e+00
3.580658137798309326e-01 1.019792675971984863e+00
3.590744435787200928e-01 1.039075016975402832e+00
3.600830733776092529e-01 1.024493813514709473e+00
3.610917329788208008e-01 1.028170704841613770e+00
3.621003627777099609e-01 1.034179925918579102e+00
3.631089925765991211e-01 1.029683232307434082e+00
3.641176223754882812e-01 1.027658224105834961e+00
3.651262521743774414e-01 1.025684356689453125e+00
3.661349117755889893e-01 1.017665863037109375e+00
3.671435415744781494e-01 1.012612462043762207e+00
3.681521713733673096e-01 1.023605942726135254e+00
3.691608011722564697e-01 1.014678597450256348e+00
3.701694309711456299e-01 1.039971947669982910e+00
3.711780905723571777e-01 1.028049826622009277e+00
3.721867203712463379e-01 1.038355946540832520e+00
3.731953501701354980e-01 1.027531862258911133e+00
3.742039799690246582e-01 1.028445839881896973e+00
3.752126097679138184e-01 1.009687900543212891e+00
3.762212693691253662e-01 1.025544166564941406e+00
3.772298991680145264e-01 1.022966504096984863e+00
3.782385289669036865e-01 1.038657546043395996e+00
3.792471587657928467e-01 1.031287908554077148e+00
3.802558183670043945e-01 1.003831267356872559e+00
3.812644481658935547e-01 1.025383949279785156e+00
3.822730779647827148e-01 1.031058549880981445e+00
3.832817077636718750e-01 1.025654196739196777e+00
3.842903375625610352e-01 1.018533229827880859e+00
3.852989971637725830e-01 1.019661188125610352e+00
3.863076269626617432e-01 1.018752098083496094e+00
3.873162567615509033e-01 1.017891883850097656e+00
3.883248865604400635e-01 1.023458480834960938e+00
3.893335163593292236e-01 1.008230090141296387e+00
3.903421759605407715e-01 1.008831262588500977e+00
3.913508057594299316e-01 1.001644492149353027e+00
3.923594355583190918e-01 1.001685380935668945e+00
3.933680653572082520e-01 1.003034830093383789e+00
3.943766951560974121e-01 9.972050189971923828e-01
3.953853547573089600e-01 1.007991909980773926e+00
3.963939845561981201e-01 1.010725021362304688e+00
3.974026143550872803e-01 1.001820206642150879e+00
3.984112441539764404e-01 1.007114648818969727e+00
3.994199037551879883e-01 9.793661236763000488e-01
4.004285335540771484e-01 1.022549271583557129e+00
4.014371633529663086e-01 1.015771627426147461e+00
4.024457931518554688e-01 1.007381916046142578e+00
4.034544229507446289e-01 1.003115653991699219e+00
4.044630825519561768e-01 1.001195907592773438e+00
4.054717123508453369e-01 9.816449880599975586e-01
4.064803421497344971e-01 9.843292832374572754e-01
4.074889719486236572e-01 9.804507493972778320e-01
4.084976017475128174e-01 9.796327352523803711e-01
4.095062613487243652e-01 9.825386404991149902e-01
4.105148911476135254e-01 9.801179170608520508e-01
4.115235209465026855e-01 9.796428084373474121e-01
4.125321507453918457e-01 9.965346455574035645e-01
4.135407805442810059e-01 9.880648851394653320e-01
4.145494401454925537e-01 9.907463192939758301e-01
4.155580699443817139e-01 9.814224243164062500e-01
4.165666997432708740e-01 9.715148210525512695e-01
4.175753295421600342e-01 9.824681282043457031e-01
4.185839891433715820e-01 9.691839814186096191e-01
4.195926189422607422e-01 9.802302122116088867e-01
4.206012487411499023e-01 9.764009714126586914e-01
4.216098785400390625e-01 9.725224971771240234e-01
4.226185083389282227e-01 9.663509130477905273e-01
4.236271679401397705e-01 9.663428664207458496e-01
4.246357977390289307e-01 9.639660120010375977e-01
4.256444275379180908e-01 9.623919725418090820e-01
4.266530573368072510e-01 9.799681305885314941e-01
4.276616871356964111e-01 9.717543125152587891e-01
4.286703467369079590e-01 9.533947706222534180e-01
4.296789765357971191e-01 9.779631495475769043e-01
4.306876063346862793e-01 9.521045684814453125e-01
4.316962361335754395e-01 9.564635753631591797e-01
4.327048659324645996e-01 9.465667605400085449e-01
4.337135255336761475e-01 9.825503230094909668e-01
4.347221553325653076e-01 9.750581383705139160e-01
4.357307851314544678e-01 9.694021940231323242e-01
4.367394149303436279e-01 9.581283330917358398e-01
4.377480745315551758e-01 9.426446557044982910e-01
4.387567043304443359e-01 9.348167181015014648e-01
4.397653341293334961e-01 9.571195840835571289e-01
4.407739639282226562e-01 9.415224790573120117e-01
4.417825937271118164e-01 9.376502037048339844e-01
4.427912533283233643e-01 9.608402848243713379e-01
4.437998831272125244e-01 9.571529626846313477e-01
4.448085129261016846e-01 9.380953311920166016e-01
4.458171427249908447e-01 9.285539388656616211e-01
4.468257725238800049e-01 9.372229576110839844e-01
4.478344321250915527e-01 9.244237542152404785e-01
4.488430619239807129e-01 9.279334545135498047e-01
4.498516917228698730e-01 9.275327324867248535e-01
4.508603215217590332e-01 9.373080730438232422e-01
4.518689513206481934e-01 9.544803500175476074e-01
4.528776109218597412e-01 9.359679222106933594e-01
4.538862407207489014e-01 9.301285147666931152e-01
4.548948705196380615e-01 9.403033256530761719e-01
4.559035003185272217e-01 9.469791650772094727e-01
4.569121599197387695e-01 9.343039989471435547e-01
4.579207897186279297e-01 9.307134151458740234e-01
4.589294195175170898e-01 9.318447709083557129e-01
4.599380493164062500e-01 9.111478328704833984e-01
4.609466791152954102e-01 9.300588965415954590e-01
4.619553387165069580e-01 9.336745142936706543e-01
4.629639685153961182e-01 9.128502607345581055e-01
4.639725983142852783e-01 8.900387287139892578e-01
4.649812281131744385e-01 9.167685508728027344e-01
4.659898579120635986e-01 8.961354494094848633e-01
4.669985175132751465e-01 9.179232120513916016e-01
4.680071473121643066e-01 9.017574191093444824e-01
4.690157771110534668e-01 9.227298498153686523e-01
4.700244069099426270e-01 9.168465733528137207e-01
4.710330665111541748e-01 9.256135225296020508e-01
4.720416963100433350e-01 9.262974262237548828e-01
4.730503261089324951e-01 9.327582120895385742e-01
4.740589559078216553e-01 9.325079917907714844e-01
4.750675857067108154e-01 9.249834418296813965e-01
4.760762453079223633e-01 8.949216604232788086e-01
4.770848751068115234e-01 9.050019979476928711e-01
4.780935049057006836e-01 8.986482620239257812e-01
4.791021347045898438e-01 9.065334796905517578e-01
4.801107645034790039e-01 9.162298440933227539e-01
4.811194241046905518e-01 8.926433324813842773e-01
4.821280539035797119e-01 8.896996974945068359e-01
4.831366837024688721e-01 9.039812684059143066e-01
4.841453135013580322e-01 9.021167159080505371e-01
4.851539433002471924e-01 8.880504965782165527e-01
4.861626029014587402e-01 9.044893980026245117e-01
4.871712327003479004e-01 9.137714505195617676e-01
4.881798624992370605e-01 8.934341669082641602e-01
4.891884922981262207e-01 8.964117169380187988e-01
4.901971518993377686e-01 8.997516632080078125e-01
4.912057816982269287e-01 8.680518269538879395e-01
4.922144114971160889e-01 8.852435946464538574e-01
4.932230412960052490e-01 8.841574192047119141e-01
4.942316710948944092e-01 8.912684917449951172e-01
4.952403306961059570e-01 8.994760513305664062e-01
4.962489604949951172e-01 8.720947504043579102e-01
4.972575902938842773e-01 8.710845708847045898e-01
4.982662200927734375e-01 8.890787959098815918e-01
4.992748498916625977e-01 8.947241902351379395e-01
5.002834796905517578e-01 8.761050701141357422e-01
5.012921094894409180e-01 8.890939354896545410e-01
5.023007988929748535e-01 8.889575600624084473e-01
5.033094286918640137e-01 8.817375302314758301e-01
5.043180584907531738e-01 9.472160339355468750e-01
5.053266882896423340e-01 9.069316387176513672e-01
5.063353180885314941e-01 8.640023469924926758e-01
5.073439478874206543e-01 8.836334347724914551e-01
5.083525776863098145e-01 8.762980699539184570e-01
5.093612074851989746e-01 8.637937307357788086e-01
5.103698372840881348e-01 8.746748566627502441e-01
5.113784670829772949e-01 8.701829314231872559e-01
5.123871564865112305e-01 8.677903413772583008e-01
5.133957862854003906e-01 8.784823417663574219e-01
5.144044160842895508e-01 8.614351749420166016e-01
5.154130458831787109e-01 8.601382374763488770e-01
5.164216756820678711e-01 8.434261083602905273e-01
5.174303054809570312e-01 8.677613139152526855e-01
5.184389352798461914e-01 8.733561038970947266e-01
5.194475650787353516e-01 8.729661107063293457e-01
5.204561948776245117e-01 8.812640905380249023e-01
5.214648842811584473e-01 8.622201681137084961e-01
5.224735140800476074e-01 8.584869503974914551e-01
5.234821438789367676e-01 8.620750904083251953e-01
5.244907736778259277e-01 8.715168237686157227e-01
5.254994034767150879e-01 8.687827587127685547e-01
5.265080332756042480e-01 8.712081313133239746e-01
5.275166630744934082e-01 8.545252084732055664e-01
5.285252928733825684e-01 8.545479178428649902e-01
5.295339226722717285e-01 8.380246758460998535e-01
5.305425524711608887e-01 8.597914576530456543e-01
5.315512418746948242e-01 8.646358251571655273e-01
5.325598716735839844e-01 8.557917475700378418e-01
5.335685014724731445e-01 8.453894257545471191e-01
5.345771312713623047e-01 8.566154241561889648e-01
5.355857610702514648e-01 8.623110055923461914e-01
5.365943908691406250e-01 8.676811456680297852e-01
5.376030206680297852e-01 8.417938351631164551e-01
5.386116504669189453e-01 8.657004237174987793e-01
5.396202802658081055e-01 8.502418398857116699e-01
5.406289696693420410e-01 8.305780887603759766e-01
5.416375994682312012e-01 8.541842103004455566e-01
5.426462292671203613e-01 8.597165346145629883e-01
5.436548590660095215e-01 8.508111834526062012e-01
5.446634888648986816e-01 8.449776172637939453e-01
5.456721186637878418e-01 8.630369901657104492e-01
5.466807484626770020e-01 8.577418923377990723e-01
5.476893782615661621e-01 8.486245870590209961e-01
5.486980080604553223e-01 8.571813702583312988e-01
5.497066378593444824e-01 8.367143869400024414e-01
5.507153272628784180e-01 8.361839652061462402e-01
5.517239570617675781e-01 8.416895866394042969e-01
5.527325868606567383e-01 8.566473722457885742e-01
5.537412166595458984e-01 8.413782119750976562e-01
5.547498464584350586e-01 8.450722098350524902e-01
5.557584762573242188e-01 8.537210226058959961e-01
5.567671060562133789e-01 8.578801155090332031e-01
5.577757358551025391e-01 8.689356446266174316e-01
5.587843656539916992e-01 8.525549173355102539e-01
5.597930550575256348e-01 8.425317406654357910e-01
5.608016848564147949e-01 8.435806035995483398e-01
5.618103146553039551e-01 8.383479714393615723e-01
5.628189444541931152e-01 8.598147630691528320e-01
5.638275742530822754e-01 8.438332080841064453e-01
5.648362040519714355e-01 8.496138453483581543e-01
5.658448338508605957e-01 8.591958284378051758e-01
5.668534636497497559e-01 8.526856303215026855e-01
5.678620934486389160e-01 8.398576378822326660e-01
5.688707232475280762e-01 8.526474237442016602e-01
5.698794126510620117e-01 8.641129136085510254e-01
5.708880424499511719e-01 8.555608391761779785e-01
5.718966722488403320e-01 8.590856194496154785e-01
5.729053020477294922e-01 8.499596118927001953e-01
5.739139318466186523e-01 8.422657251358032227e-01
5.749225616455078125e-01 8.607712984085083008e-01
5.759311914443969727e-01 8.448350429534912109e-01
5.769398212432861328e-01 8.572819232940673828e-01
5.779484510421752930e-01 8.485459089279174805e-01
5.789571404457092285e-01 8.466734886169433594e-01
5.799657702445983887e-01 8.604037761688232422e-01
5.809744000434875488e-01 8.441237211227416992e-01
5.819830298423767090e-01 8.607969880104064941e-01
5.829916596412658691e-01 8.651354312896728516e-01
5.840002894401550293e-01 8.706536293029785156e-01
5.850089192390441895e-01 8.651659488677978516e-01
5.860175490379333496e-01 8.587688207626342773e-01
5.870261788368225098e-01 8.436970114707946777e-01
5.880348086357116699e-01 8.585591316223144531e-01
5.890434980392456055e-01 8.755863308906555176e-01
5.900521278381347656e-01 8.739113211631774902e-01
5.910607576370239258e-01 8.521852493286132812e-01
5.920693874359130859e-01 8.474843502044677734e-01
5.930780172348022461e-01 8.598678112030029297e-01
5.940866470336914062e-01 8.568767309188842773e-01
5.950952768325805664e-01 8.414240479469299316e-01
5.961039066314697266e-01 8.579879403114318848e-01
5.971125364303588867e-01 8.528454899787902832e-01
5.981212258338928223e-01 8.682226538658142090e-01
5.991298556327819824e-01 8.663520216941833496e-01
6.001384854316711426e-01 8.424184918403625488e-01
6.011471152305603027e-01 8.485698103904724121e-01
6.021557450294494629e-01 8.599440455436706543e-01
6.031643748283386230e-01 8.526835441589355469e-01
6.041730046272277832e-01 8.682888150215148926e-01
6.051816344261169434e-01 8.523507714271545410e-01
6.061902642250061035e-01 8.480105996131896973e-01
6.071988940238952637e-01 8.592023253440856934e-01
6.082075834274291992e-01 8.477503657341003418e-01
6.092162132263183594e-01 8.501852750778198242e-01
6.102248430252075195e-01 8.739914894104003906e-01
6.112334728240966797e-01 8.504183888435363770e-01
6.122421026229858398e-01 8.709132671356201172e-01
6.132507324218750000e-01 8.626226782798767090e-01
6.142593622207641602e-01 8.664067983627319336e-01
6.152679920196533203e-01 8.596637248992919922e-01
6.162766218185424805e-01 8.656479120254516602e-01
6.172853112220764160e-01 8.440367579460144043e-01
6.182939410209655762e-01 8.564384579658508301e-01
6.193025708198547363e-01 8.566091060638427734e-01
6.203112006187438965e-01 8.590492606163024902e-01
6.213198304176330566e-01 8.630056977272033691e-01
6.223284602165222168e-01 8.434063792228698730e-01
6.233370900154113770e-01 8.582460284233093262e-01
6.243457198143005371e-01 8.624817728996276855e-01
6.253543496131896973e-01 8.560014367103576660e-01
6.263629794120788574e-01 8.596954941749572754e-01
6.273716688156127930e-01 8.499853014945983887e-01
6.283802986145019531e-01 8.565361499786376953e-01
6.293889284133911133e-01 8.592186570167541504e-01
6.303975582122802734e-01 8.379877209663391113e-01
6.314061880111694336e-01 8.407307863235473633e-01
6.324148178100585938e-01 8.600031137466430664e-01
6.334234476089477539e-01 8.531814813613891602e-01
6.344320774078369141e-01 8.438792824745178223e-01
6.354407072067260742e-01 8.381960391998291016e-01
6.364493966102600098e-01 8.564667105674743652e-01
6.374580264091491699e-01 8.687866330146789551e-01
6.384666562080383301e-01 8.408513069152832031e-01
6.394752860069274902e-01 8.601273894309997559e-01
6.404839158058166504e-01 8.773925900459289551e-01
6.414925456047058105e-01 8.544840812683105469e-01
6.425011754035949707e-01 8.407979607582092285e-01
6.435098052024841309e-01 8.584749102592468262e-01
6.445184350013732910e-01 8.520464301109313965e-01
6.455271244049072266e-01 8.525341153144836426e-01
6.465357542037963867e-01 8.512939214706420898e-01
6.475443840026855469e-01 8.380992412567138672e-01
6.485530138015747070e-01 8.577894568443298340e-01
6.495616436004638672e-01 8.554030656814575195e-01
6.505702733993530273e-01 8.463795185089111328e-01
6.515789031982421875e-01 8.352103233337402344e-01
6.525875329971313477e-01 8.603144884109497070e-01
6.535961627960205078e-01 8.486759066581726074e-01
6.546047925949096680e-01 8.427703976631164551e-01
6.556134819984436035e-01 8.414365649223327637e-01
6.566221117973327637e-01 8.482076525688171387e-01
6.576307415962219238e-01 8.516566753387451172e-01
6.586393713951110840e-01 8.618391752243041992e-01
6.596480011940002441e-01 8.479087948799133301e-01
6.606566309928894043e-01 8.487080335617065430e-01
6.616652607917785645e-01 8.636831641197204590e-01
6.626738905906677246e-01 8.716053962707519531e-01
6.636825203895568848e-01 8.469373583793640137e-01
6.646912097930908203e-01 8.600450754165649414e-01
6.656998395919799805e-01 8.688004612922668457e-01
6.667084693908691406e-01 8.701737523078918457e-01
6.677170991897583008e-01 8.698777556419372559e-01
6.687257289886474609e-01 8.647281527519226074e-01
6.697343587875366211e-01 8.572666049003601074e-01
6.707429885864257812e-01 8.393841385841369629e-01
6.717516183853149414e-01 8.681466579437255859e-01
6.727602481842041016e-01 8.577305674552917480e-01
6.737688779830932617e-01 8.559253811836242676e-01
6.747775673866271973e-01 8.610399961471557617e-01
6.757861971855163574e-01 8.478535413742065430e-01
6.767948269844055176e-01 8.514385819435119629e-01
6.778034567832946777e-01 8.620921969413757324e-01
6.788120865821838379e-01 8.648278117179870605e-01
6.798207163810729980e-01 8.521432280540466309e-01
6.808293461799621582e-01 8.636766076087951660e-01
6.818379759788513184e-01 8.685383200645446777e-01
6.828466057777404785e-01 8.629662394523620605e-01
6.838552951812744141e-01 8.585240244865417480e-01
6.848639249801635742e-01 8.608704805374145508e-01
6.858725547790527344e-01 8.640773296356201172e-01
6.868811845779418945e-01 8.690966963768005371e-01
6.878898143768310547e-01 8.625916838645935059e-01
6.888984441757202148e-01 8.558228015899658203e-01
6.899070739746093750e-01 8.414949774742126465e-01
6.909157037734985352e-01 8.493241667747497559e-01
6.919243335723876953e-01 8.685070276260375977e-01
6.929329633712768555e-01 8.714047074317932129e-01
6.939416527748107910e-01 8.508956432342529297e-01
6.949502825736999512e-01 8.542398214340209961e-01
6.959589123725891113e-01 8.602098226547241211e-01
6.969675421714782715e-01 8.684143424034118652e-01
6.979761719703674316e-01 8.733256459236145020e-01
6.989848017692565918e-01 8.663818836212158203e-01
6.999934315681457520e-01 8.719864487648010254e-01
7.010020613670349121e-01 8.929600715637207031e-01
7.020106911659240723e-01 8.885331749916076660e-01
7.030193805694580078e-01 8.721647262573242188e-01
7.040280103683471680e-01 8.712855577468872070e-01
7.050366401672363281e-01 8.734236955642700195e-01
7.060452699661254883e-01 8.530022501945495605e-01
7.070538997650146484e-01 8.753319978713989258e-01
7.080625295639038086e-01 8.878944516181945801e-01
7.090711593627929688e-01 8.849822878837585449e-01
7.100797891616821289e-01 8.826656937599182129e-01
7.110884189605712891e-01 8.695467710494995117e-01
7.120970487594604492e-01 8.866380453109741211e-01
7.131057381629943848e-01 8.649070262908935547e-01
7.141143679618835449e-01 8.841874003410339355e-01
7.151229977607727051e-01 8.724133968353271484e-01
7.161316275596618652e-01 8.802329301834106445e-01
7.171402573585510254e-01 8.857531547546386719e-01
7.181488871574401855e-01 8.770394921302795410e-01
7.191575169563293457e-01 8.756428956985473633e-01
7.201661467552185059e-01 8.808175921440124512e-01
7.211747765541076660e-01 8.888350129127502441e-01
7.221834659576416016e-01 8.884178400039672852e-01
7.231920957565307617e-01 9.025828838348388672e-01
7.242007255554199219e-01 8.757033348083496094e-01
7.252093553543090820e-01 8.835602402687072754e-01
7.262179851531982422e-01 8.932669162750244141e-01
7.272266149520874023e-01 8.760104179382324219e-01
7.282352447509765625e-01 8.821089863777160645e-01
7.292438745498657227e-01 8.772042989730834961e-01
7.302525043487548828e-01 8.932927250862121582e-01
7.312611341476440430e-01 8.937052488327026367e-01
7.322698235511779785e-01 8.774423599243164062e-01
7.332784533500671387e-01 8.908499479293823242e-01
7.342870831489562988e-01 8.905352950096130371e-01
7.352957129478454590e-01 9.065356254577636719e-01
7.363043427467346191e-01 9.009573459625244141e-01
7.373129725456237793e-01 9.009420275688171387e-01
7.383216023445129395e-01 9.028971791267395020e-01
7.393302321434020996e-01 8.967338204383850098e-01
7.403388619422912598e-01 8.814734220504760742e-01
7.413475513458251953e-01 9.041280746459960938e-01
7.423561811447143555e-01 9.029894471168518066e-01
7.433648109436035156e-01 9.294602870941162109e-01
7.443734407424926758e-01 9.018269181251525879e-01
7.453820705413818359e-01 8.926221728324890137e-01
7.463907003402709961e-01 8.829864859580993652e-01
7.473993301391601562e-01 8.983141779899597168e-01
7.484079599380493164e-01 9.007829427719116211e-01
7.494165897369384766e-01 8.988687396049499512e-01
7.504252195358276367e-01 9.231335520744323730e-01
7.514339089393615723e-01 9.003944993019104004e-01
7.524425387382507324e-01 9.322358965873718262e-01
7.534511685371398926e-01 9.488465189933776855e-01
7.544597983360290527e-01 8.877799510955810547e-01
7.554684281349182129e-01 8.910810947418212891e-01
7.564770579338073730e-01 8.984633684158325195e-01
7.574856877326965332e-01 9.156371951103210449e-01
7.584943175315856934e-01 9.090145826339721680e-01
7.595029473304748535e-01 9.176423549652099609e-01
7.605116367340087891e-01 9.093242883682250977e-01
7.615202665328979492e-01 9.104071259498596191e-01
7.625288963317871094e-01 9.139914512634277344e-01
7.635375261306762695e-01 9.167033433914184570e-01
7.645461559295654297e-01 8.814063072204589844e-01
7.655547857284545898e-01 8.919514417648315430e-01
7.665634155273437500e-01 9.209135770797729492e-01
7.675720453262329102e-01 9.047837257385253906e-01
7.685806751251220703e-01 9.065033793449401855e-01
7.695893049240112305e-01 9.055548906326293945e-01
7.705979943275451660e-01 9.261409640312194824e-01
7.716066241264343262e-01 9.151300191879272461e-01
7.726152539253234863e-01 9.122008085250854492e-01
7.736238837242126465e-01 9.136915206909179688e-01
7.746325135231018066e-01 9.239090085029602051e-01
7.756411433219909668e-01 9.215299487113952637e-01
7.766497731208801270e-01 9.410681128501892090e-01
7.776584029197692871e-01 9.410190582275390625e-01
7.786670327186584473e-01 9.392986893653869629e-01
7.796757221221923828e-01 9.147140383720397949e-01
7.806843519210815430e-01 9.127954840660095215e-01
7.816929817199707031e-01 9.107944369316101074e-01
7.827016115188598633e-01 8.989026546478271484e-01
7.837102413177490234e-01 8.965751528739929199e-01
7.847188711166381836e-01 9.203851819038391113e-01
7.857275009155273438e-01 9.185963869094848633e-01
7.867361307144165039e-01 9.269107580184936523e-01
7.877447605133056641e-01 9.363802671432495117e-01
7.887533903121948242e-01 9.068760871887207031e-01
7.897620797157287598e-01 9.131566882133483887e-01
7.907707095146179199e-01 9.281950592994689941e-01
7.917793393135070801e-01 9.319285750389099121e-01
7.927879691123962402e-01 9.338674545288085938e-01
7.937965989112854004e-01 9.084312915802001953e-01
7.948052287101745605e-01 9.465326666831970215e-01
7.958138585090637207e-01 9.503603577613830566e-01
7.968224883079528809e-01 9.373473525047302246e-01
7.978311181068420410e-01 9.369356036186218262e-01
7.988398075103759766e-01 9.292380213737487793e-01
7.998484373092651367e-01 9.389621615409851074e-01
8.008570671081542969e-01 9.425216317176818848e-01
8.018656969070434570e-01 9.493396282196044922e-01
8.028743267059326172e-01 9.224533438682556152e-01
8.038829565048217773e-01 9.274253249168395996e-01
8.048915863037109375e-01 9.159489870071411133e-01
8.059002161026000977e-01 9.382167458534240723e-01
8.069088459014892578e-01 9.321075081825256348e-01
8.079174757003784180e-01 9.271875023841857910e-01
8.089261651039123535e-01 9.440435767173767090e-01
8.099347949028015137e-01 9.483910799026489258e-01
8.109434247016906738e-01 9.453018903732299805e-01
8.119520545005798340e-01 9.407864212989807129e-01
8.129606842994689941e-01 9.422642588615417480e-01
8.139693140983581543e-01 9.348715543746948242e-01
8.149779438972473145e-01 9.463311433792114258e-01
8.159865736961364746e-01 9.589328765869140625e-01
8.169952034950256348e-01 9.527873992919921875e-01
8.180038928985595703e-01 9.547317028045654297e-01
8.190125226974487305e-01 9.581269025802612305e-01
8.200211524963378906e-01 9.594946503639221191e-01
8.210297822952270508e-01 9.408179521560668945e-01
8.220384120941162109e-01 9.367855191230773926e-01
8.230470418930053711e-01 9.599556326866149902e-01
8.240556716918945312e-01 9.530760049819946289e-01
8.250643014907836914e-01 9.615738391876220703e-01
8.260729312896728516e-01 9.717962741851806641e-01
8.270815610885620117e-01 9.608789086341857910e-01
8.280902504920959473e-01 9.528330564498901367e-01
8.290988802909851074e-01 9.429511427879333496e-01
8.301075100898742676e-01 9.482080936431884766e-01
8.311161398887634277e-01 9.633393883705139160e-01
8.321247696876525879e-01 1.008165478706359863e+00
8.331333994865417480e-01 9.854238629341125488e-01
8.341420292854309082e-01 9.460811018943786621e-01
8.351506590843200684e-01 9.705379605293273926e-01
8.361592888832092285e-01 9.615998864173889160e-01
8.371679782867431641e-01 9.834940433502197266e-01
8.381766080856323242e-01 9.729817509651184082e-01
8.391852378845214844e-01 9.667286872863769531e-01
8.401938676834106445e-01 9.746094942092895508e-01
8.412024974822998047e-01 9.604371190071105957e-01
8.422111272811889648e-01 9.595252275466918945e-01
8.432197570800781250e-01 9.756338596343994141e-01
8.442283868789672852e-01 9.873274564743041992e-01
8.452370166778564453e-01 9.718799591064453125e-01
8.462456464767456055e-01 9.653202891349792480e-01
8.472543358802795410e-01 9.884616136550903320e-01
8.482629656791687012e-01 9.763683676719665527e-01
8.492715954780578613e-01 9.838863015174865723e-01
8.502802252769470215e-01 9.829680323600769043e-01
8.512888550758361816e-01 9.625460505485534668e-01
8.522974848747253418e-01 9.597806334495544434e-01
8.533061146736145020e-01 9.599588513374328613e-01
8.543147444725036621e-01 9.512769579887390137e-01
8.553233742713928223e-01 9.371727108955383301e-01
8.563320636749267578e-01 9.584998488426208496e-01
8.573406934738159180e-01 9.554729461669921875e-01
8.583493232727050781e-01 9.662262201309204102e-01
8.593579530715942383e-01 9.644423127174377441e-01
8.603665828704833984e-01 9.659166336059570312e-01
8.613752126693725586e-01 9.709170460700988770e-01
8.623838424682617188e-01 9.636404514312744141e-01
8.633924722671508789e-01 9.734944701194763184e-01
8.644011020660400391e-01 9.815834164619445801e-01
8.654097318649291992e-01 9.796098470687866211e-01
8.664184212684631348e-01 9.511281251907348633e-01
8.674270510673522949e-01 9.598404765129089355e-01
8.684356808662414551e-01 9.710125923156738281e-01
8.694443106651306152e-01 9.849048852920532227e-01
8.704529404640197754e-01 9.712982177734375000e-01
8.714615702629089355e-01 9.528317451477050781e-01
8.724702000617980957e-01 9.716879129409790039e-01
8.734788298606872559e-01 9.638186693191528320e-01
8.744874596595764160e-01 9.685653448104858398e-01
8.754961490631103516e-01 9.550603628158569336e-01
8.765047788619995117e-01 9.352630376815795898e-01
8.775134086608886719e-01 9.526388645172119141e-01
8.785220384597778320e-01 9.547095298767089844e-01
8.795306682586669922e-01 9.622127413749694824e-01
8.805392980575561523e-01 9.705440998077392578e-01
8.815479278564453125e-01 9.438415169715881348e-01
8.825565576553344727e-01 9.480972886085510254e-01
8.835651874542236328e-01 9.405093193054199219e-01
8.845738172531127930e-01 9.434092640876770020e-01
8.855825066566467285e-01 9.630761146545410156e-01
8.865911364555358887e-01 9.278789162635803223e-01
8.875997662544250488e-01 9.316571354866027832e-01
8.886083960533142090e-01 9.395799040794372559e-01
8.896170258522033691e-01 9.651508331298828125e-01
8.906256556510925293e-01 9.686492085456848145e-01
8.916342854499816895e-01 9.385551810264587402e-01
8.926429152488708496e-01 9.418283700942993164e-01
8.936515450477600098e-01 9.607995748519897461e-01
8.946602344512939453e-01 9.761309027671813965e-01
8.956688642501831055e-01 9.968754649162292480e-01
8.966774940490722656e-01 9.606456756591796875e-01
8.976861238479614258e-01 9.501359462738037109e-01
8.986947536468505859e-01 9.764123558998107910e-01
8.997033834457397461e-01 9.558802247047424316e-01
9.007120132446289062e-01 9.585486054420471191e-01
9.017206430435180664e-01 9.592692255973815918e-01
9.027292728424072266e-01 9.514865279197692871e-01
9.037379026412963867e-01 9.386136531829833984e-01
9.047465920448303223e-01 9.327983260154724121e-01
9.057552218437194824e-01 9.691358804702758789e-01
9.067638516426086426e-01 9.670167565345764160e-01
9.077724814414978027e-01 9.540914893150329590e-01
9.087811112403869629e-01 9.541118144989013672e-01
9.097897410392761230e-01 9.228274226188659668e-01
9.107983708381652832e-01 9.232430458068847656e-01
9.118070006370544434e-01 9.417064785957336426e-01
9.128156304359436035e-01 9.424902796745300293e-01
9.138243198394775391e-01 9.881438612937927246e-01
9.148329496383666992e-01 9.400107860565185547e-01
9.158415794372558594e-01 9.233675003051757812e-01
9.168502092361450195e-01 9.670028090476989746e-01
9.178588390350341797e-01 9.635656476020812988e-01
9.188674688339233398e-01 9.614078998565673828e-01
9.198760986328125000e-01 9.560856819152832031e-01
9.208847284317016602e-01 9.379495978355407715e-01
9.218933582305908203e-01 9.423363804817199707e-01
9.229020476341247559e-01 9.405063390731811523e-01
9.239106774330139160e-01 9.459100365638732910e-01
9.249193072319030762e-01 9.382146000862121582e-01
9.259279370307922363e-01 9.493107795715332031e-01
9.269365668296813965e-01 9.716504216194152832e-01
9.279451966285705566e-01 9.785022735595703125e-01
9.289538264274597168e-01 9.647265076637268066e-01
9.299624562263488770e-01 9.699620604515075684e-01
9.309710860252380371e-01 9.801046252250671387e-01
9.319797158241271973e-01 9.579838514328002930e-01
9.329884052276611328e-01 9.567390084266662598e-01
9.339970350265502930e-01 9.483669400215148926e-01
9.350056648254394531e-01 9.588436484336853027e-01
9.360142946243286133e-01 9.502562284469604492e-01
9.370229244232177734e-01 9.600831866264343262e-01
9.380315542221069336e-01 9.883554577827453613e-01
9.390401840209960938e-01 9.476010203361511230e-01
9.400488138198852539e-01 9.325220584869384766e-01
9.410574436187744141e-01 9.658046960830688477e-01
9.420661330223083496e-01 9.772149920463562012e-01
9.430747628211975098e-01 9.248130321502685547e-01
9.440833926200866699e-01 9.481142163276672363e-01
9.450920224189758301e-01 9.438331127166748047e-01
9.461006522178649902e-01 9.663771390914916992e-01
9.471092820167541504e-01 9.606969952583312988e-01
9.481179118156433105e-01 9.404405951499938965e-01
9.491265416145324707e-01 9.637334942817687988e-01
9.501351714134216309e-01 9.347428679466247559e-01
9.511438012123107910e-01 9.564151763916015625e-01
9.521524906158447266e-01 9.349768161773681641e-01
9.531611204147338867e-01 9.326316714286804199e-01
9.541697502136230469e-01 9.566234350204467773e-01
9.551783800125122070e-01 9.602095484733581543e-01
9.561870098114013672e-01 9.621778726577758789e-01
9.571956396102905273e-01 9.476943612098693848e-01
9.582042694091796875e-01 9.502314329147338867e-01
9.592128992080688477e-01 9.380676746368408203e-01
9.602215290069580078e-01 9.601040482521057129e-01
9.612302184104919434e-01 9.668568968772888184e-01
9.622388482093811035e-01 9.596661329269409180e-01
9.632474780082702637e-01 9.435246586799621582e-01
9.642561078071594238e-01 9.384665489196777344e-01
9.652647376060485840e-01 9.822282195091247559e-01
9.662733674049377441e-01 9.817827343940734863e-01
9.672819972038269043e-01 9.651004672050476074e-01
9.682906270027160645e-01 9.773750901222229004e-01
9.692992568016052246e-01 9.785121083259582520e-01
9.703078866004943848e-01 9.650434851646423340e-01
9.713165760040283203e-01 9.571077227592468262e-01
9.723252058029174805e-01 9.912332892417907715e-01
9.733338356018066406e-01 9.511418342590332031e-01
9.743424654006958008e-01 9.382703900337219238e-01
9.753510951995849609e-01 9.728615880012512207e-01
9.763597249984741211e-01 9.762622714042663574e-01
9.773683547973632812e-01 9.478127360343933105e-01
9.783769845962524414e-01 9.955489635467529297e-01
9.793856143951416016e-01 1.005308747291564941e+00
9.803943037986755371e-01 9.877173900604248047e-01
9.814029335975646973e-01 9.446560740470886230e-01
9.824115633964538574e-01 9.808623790740966797e-01
9.834201931953430176e-01 9.551714658737182617e-01
9.844288229942321777e-01 9.571800231933593750e-01
9.854374527931213379e-01 9.830985665321350098e-01
9.864460825920104980e-01 9.752650856971740723e-01
9.874547123908996582e-01 9.651486277580261230e-01
9.884633421897888184e-01 9.657768607139587402e-01
9.894719719886779785e-01 9.991176724433898926e-01
9.904806613922119141e-01 9.846656322479248047e-01
9.914892911911010742e-01 9.768940210342407227e-01
9.924979209899902344e-01 9.615034461021423340e-01
9.935065507888793945e-01 9.729592204093933105e-01
9.945151805877685547e-01 1.061706900596618652e+00
9.955238103866577148e-01 9.750733971595764160e-01
9.965324401855468750e-01 9.845097661018371582e-01
9.975410699844360352e-01 9.905003309249877930e-01
9.985496997833251953e-01 1.002370476722717285e+00
9.995583891868591309e-01 9.987622499465942383e-01
1.000566959381103516e+00 1.009416818618774414e+00
1.001575589179992676e+00 1.014014601707458496e+00
1.002584218978881836e+00 9.839303493499755859e-01
1.003592848777770996e+00 9.933911561965942383e-01
1.004601597785949707e+00 1.010508775711059570e+00
1.005610227584838867e+00 1.019750475883483887e+00
1.006618857383728027e+00 9.953948259353637695e-01
1.007627487182617188e+00 1.038542032241821289e+00
1.008636116981506348e+00 1.026138782501220703e+00
1.009644746780395508e+00 1.026439785957336426e+00
1.010653376579284668e+00 1.046793103218078613e+00
1.011662006378173828e+00 1.007630348205566406e+00
1.012670636177062988e+00 1.010066509246826172e+00
1.013679265975952148e+00 1.003497958183288574e+00
1.014687895774841309e+00 1.035444736480712891e+00
1.015696525573730469e+00 9.803283810615539551e-01
1.016705155372619629e+00 1.015300154685974121e+00
1.017713785171508789e+00 1.042650818824768066e+00
1.018722414970397949e+00 9.960806369781494141e-01
1.019731044769287109e+00 1.045754194259643555e+00
1.020739674568176270e+00 1.054575681686401367e+00
1.021748304367065430e+00 9.933837652206420898e-01
1.022756934165954590e+00 1.032637715339660645e+00
1.023765683174133301e+00 1.050933837890625000e+00
1.024774312973022461e+00 1.043811917304992676e+00
1.025782942771911621e+00 9.914309382438659668e-01
1.026791572570800781e+00 9.956139922142028809e-01
1.027800202369689941e+00 1.025135040283203125e+00
1.028808832168579102e+00 1.044454813003540039e+00
1.029817461967468262e+00 1.054396867752075195e+00
1.030826091766357422e+00 1.043190240859985352e+00
1.031834721565246582e+00 1.081280112266540527e+00
1.032843351364135742e+00 1.025536417961120605e+00
1.033851981163024902e+00 1.014196753501892090e+00
1.034860610961914062e+00 1.033121705055236816e+00
1.035869240760803223e+00 1.010453343391418457e+00
1.036877870559692383e+00 1.076206326484680176e+00
1.037886500358581543e+00 1.080042839050292969e+00
1.038895130157470703e+00 1.053601145744323730e+00
1.039903759956359863e+00 1.023207426071166992e+00
1.040912389755249023e+00 1.007762908935546875e+00
1.041921019554138184e+00 1.066837310791015625e+00
1.042929768562316895e+00 1.024415850639343262e+00
1.043938398361206055e+00 9.926568865776062012e-01
1.044947028160095215e+00 1.056315422058105469e+00
1.045955657958984375e+00 1.102450132369995117e+00
1.046964287757873535e+00 1.043080568313598633e+00
1.047972917556762695e+00 1.050498366355895996e+00
1.048981547355651855e+00 1.066339731216430664e+00
1.049990177154541016e+00 1.083653926849365234e+00
1.050998806953430176e+00 1.064607501029968262e+00
1.052007436752319336e+00 1.045531630516052246e+00
1.053016066551208496e+00 1.077201962471008301e+00
1.054024696350097656e+00 1.071739792823791504e+00
1.055033326148986816e+00 1.061797380447387695e+00
1.056041955947875977e+00 1.086552500724792480e+00
1.057050585746765137e+00 1.052779674530029297e+00
1.058059215545654297e+00 1.061313152313232422e+00
1.059067845344543457e+00 1.064122915267944336e+00
1.060076475143432617e+00 1.100524187088012695e+00
1.061085104942321777e+00 1.108272194862365723e+00
1.062093853950500488e+00 1.063077211380004883e+00
1.063102483749389648e+00 1.098122715950012207e+00
1.064111113548278809e+00 1.117494583129882812e+00
1.065119743347167969e+00 1.035934448242187500e+00
1.066128373146057129e+00 1.058008670806884766e+00
1.067137002944946289e+00 1.132214665412902832e+00
1.068145632743835449e+00 1.067377090454101562e+00
1.069154262542724609e+00 1.099519848823547363e+00
1.070162892341613770e+00 1.141257882118225098e+00
1.071171522140502930e+00 1.079225778579711914e+00
1.072180151939392090e+00 1.085863590240478516e+00
1.073188781738281250e+00 1.104996085166931152e+00
1.074197411537170410e+00 1.131661534309387207e+00
1.075206041336059570e+00 1.079377532005310059e+00
1.076214671134948730e+00 1.047367095947265625e+00
1.077223300933837891e+00 1.066400766372680664e+00
1.078231930732727051e+00 1.128117799758911133e+00
1.079240560531616211e+00 1.139958739280700684e+00
1.080249190330505371e+00 1.125888943672180176e+00
1.081257939338684082e+00 1.130240797996520996e+00
1.082266569137573242e+00 1.101903200149536133e+00
1.083275198936462402e+00 1.096322774887084961e+00
1.084283828735351562e+00 1.123874664306640625e+00
1.085292458534240723e+00 1.124071002006530762e+00
1.086301088333129883e+00 1.188739538192749023e+00
1.087309718132019043e+00 1.227293610572814941e+00
1.088318347930908203e+00 1.143563151359558105e+00
1.089326977729797363e+00 1.065524339675903320e+00
1.090335607528686523e+00 1.077960610389709473e+00
1.091344237327575684e+00 1.205114006996154785e+00
1.092352867126464844e+00 1.102398395538330078e+00
1.093361496925354004e+00 1.050975322723388672e+00
1.094370126724243164e+00 1.090051889419555664e+00
1.095378756523132324e+00 1.144502282142639160e+00
1.096387386322021484e+00 1.096819281578063965e+00
1.097396016120910645e+00 1.059299349784851074e+00
1.098404645919799805e+00 1.130642533302307129e+00
1.099413275718688965e+00 1.127485871315002441e+00
1.100422024726867676e+00 1.091916561126708984e+00
1.101430654525756836e+00 1.140480041503906250e+00
1.102439284324645996e+00 1.121547818183898926e+00
1.103447914123535156e+00 1.143692374229431152e+00
1.104456543922424316e+00 1.100841879844665527e+00
1.105465173721313477e+00 1.090070962905883789e+00
1.106473803520202637e+00 1.101142525672912598e+00
1.107482433319091797e+00 1.085702300071716309e+00
1.108491063117980957e+00 1.164491534233093262e+00
1.109499692916870117e+00 1.102596402168273926e+00
1.110508322715759277e+00 1.122373104095458984e+00
1.111516952514648438e+00 1.216014504432678223e+00
1.112525582313537598e+00 1.125667572021484375e+00
1.113534212112426758e+00 1.084479212760925293e+00
1.114542841911315918e+00 1.174519777297973633e+00
1.115551471710205078e+00 1.141044616699218750e+00
1.116560101509094238e+00 1.112061500549316406e+00
1.117568731307983398e+00 1.235419034957885742e+00
1.118577361106872559e+00 1.219921469688415527e+00
1.119586110115051270e+00 1.127085089683532715e+00
1.120594739913940430e+00 1.083988666534423828e+00
1.121603369712829590e+00 1.135504007339477539e+00
1.122611999511718750e+00 1.192902445793151855e+00
1.123620629310607910e+00 1.241913914680480957e+00
1.124629259109497070e+00 1.262863516807556152e+00
1.125637888908386230e+00 1.202346205711364746e+00
1.126646518707275391e+00 1.172776937484741211e+00
1.127655148506164551e+00 1.085593581199645996e+00
1.128663778305053711e+00 1.182083725929260254e+00
1.129672408103942871e+00 1.222016453742980957e+00
1.130681037902832031e+00 1.253131508827209473e+00
1.131689667701721191e+00 1.170773744583129883e+00
1.132698297500610352e+00 1.175806999206542969e+00
1.133706927299499512e+00 1.251373052597045898e+00
1.134715557098388672e+00 1.219801902770996094e+00
1.135724186897277832e+00 1.218255996704101562e+00
1.136732816696166992e+00 1.225822329521179199e+00
1.137741446495056152e+00 1.234251379966735840e+00
1.138750195503234863e+00 1.235999345779418945e+00
1.139758825302124023e+00 1.257326364517211914e+00
1.140767455101013184e+00 1.229311108589172363e+00
1.141776084899902344e+00 1.265395879745483398e+00
1.142784714698791504e+00 1.234920024871826172e+00
1.143793344497680664e+00 1.246869564056396484e+00
1.144801974296569824e+00 1.287750005722045898e+00
1.145810604095458984e+00 1.113808751106262207e+00
1.146819233894348145e+00 1.171456456184387207e+00
1.147827863693237305e+00 1.182415723800659180e+00
1.148836493492126465e+00 1.243158102035522461e+00
1.149845123291015625e+00 1.222289085388183594e+00
1.150853753089904785e+00 1.186012864112854004e+00
1.151862382888793945e+00 1.263750553131103516e+00
1.152871012687683105e+00 1.220085263252258301e+00
1.153879642486572266e+00 1.237084984779357910e+00
1.154888272285461426e+00 1.240710496902465820e+00
1.155896902084350586e+00 1.187265515327453613e+00
1.156905531883239746e+00 1.216828465461730957e+00
1.157914280891418457e+00 1.315001964569091797e+00
1.158922910690307617e+00 1.325557112693786621e+00
1.159931540489196777e+00 1.212972402572631836e+00
1.160940170288085938e+00 1.201741337776184082e+00
1.161948800086975098e+00 1.216345787048339844e+00
1.162957429885864258e+00 1.275241971015930176e+00
1.163966059684753418e+00 1.257114648818969727e+00
1.164974689483642578e+00 1.386128425598144531e+00
1.165983319282531738e+00 1.373843193054199219e+00
1.166991949081420898e+00 1.221276998519897461e+00
1.168000578880310059e+00 1.270088672637939453e+00
1.169009208679199219e+00 1.201230406761169434e+00
1.170017838478088379e+00 1.254815697669982910e+00
1.171026468276977539e+00 1.297756910324096680e+00
1.172035098075866699e+00 1.279173851013183594e+00
1.173043727874755859e+00 1.309307217597961426e+00
1.174052357673645020e+00 1.270904660224914551e+00
1.175060987472534180e+00 1.283522605895996094e+00
1.176069617271423340e+00 1.295869469642639160e+00
1.177078366279602051e+00 1.300774812698364258e+00
1.178086996078491211e+00 1.278607845306396484e+00
1.179095625877380371e+00 1.216609597206115723e+00
1.180104255676269531e+00 1.214685201644897461e+00
1.181112885475158691e+00 1.353229522705078125e+00
1.182121515274047852e+00 1.291221737861633301e+00
1.183130145072937012e+00 1.289946198463439941e+00
1.184138774871826172e+00 1.266125798225402832e+00
1.185147404670715332e+00 1.167115330696105957e+00
1.186156034469604492e+00 1.296101093292236328e+00
1.187164664268493652e+00 1.194065690040588379e+00
1.188173294067382812e+00 1.266371488571166992e+00
1.189181923866271973e+00 1.263900160789489746e+00
1.190190553665161133e+00 1.255021333694458008e+00
1.191199183464050293e+00 1.226184368133544922e+00
1.192207813262939453e+00 1.489270567893981934e+00
1.193216443061828613e+00 1.373947620391845703e+00
1.194225072860717773e+00 1.182574272155761719e+00
1.195233702659606934e+00 1.485018610954284668e+00
1.196242451667785645e+00 1.395162701606750488e+00
1.197251081466674805e+00 1.211021065711975098e+00
1.198259711265563965e+00 1.105620741844177246e+00
1.199268341064453125e+00 1.046473383903503418e+00
1.200276970863342285e+00 1.180912852287292480e+00
1.201285600662231445e+00 1.061660289764404297e+00
1.202294230461120605e+00 1.327105641365051270e+00
1.203302860260009766e+00 1.171699881553649902e+00
1.204311490058898926e+00 1.221871137619018555e+00
1.205320119857788086e+00 1.397066354751586914e+00
1.206328749656677246e+00 1.360067605972290039e+00
1.207337379455566406e+00 1.496099233627319336e+00
1.208346009254455566e+00 1.067368149757385254e+00
1.209354639053344727e+00 1.296895980834960938e+00
