0.000000000000000000e+00 1.032843994140625000e+03
1.008636085316538811e-03 7.877681274414062500e+02
2.017272170633077621e-03 6.299130859375000000e+02
3.025908255949616432e-03 4.875866394042968750e+02
4.034544341266155243e-03 3.911109008789062500e+02
5.043180659413337708e-03 3.294574890136718750e+02
6.051816511899232864e-03 2.736033020019531250e+02
7.060452364385128021e-03 2.272819213867187500e+02
8.069088682532310486e-03 1.925303955078125000e+02
9.077725000679492950e-03 1.647969055175781250e+02
1.008636131882667542e-02 1.410834655761718750e+02
1.109499670565128326e-02 1.209429779052734375e+02
1.210363302379846573e-02 1.041519165039062500e+02
1.311226934194564819e-02 9.041217041015625000e+01
1.412090472877025604e-02 7.900030517578125000e+01
1.512954104691743851e-02 6.918987274169921875e+01
1.613817736506462097e-02 6.012252044677734375e+01
1.714681275188922882e-02 5.455427169799804688e+01
1.815545000135898590e-02 4.885254287719726562e+01
1.916408538818359375e-02 4.345733261108398438e+01
2.017272263765335083e-02 3.919274139404296875e+01
2.118135802447795868e-02 3.504281234741210938e+01
2.218999341130256653e-02 3.131098175048828125e+01
2.319863066077232361e-02 2.875821304321289062e+01
2.420726604759693146e-02 2.619778251647949219e+01
2.521590143442153931e-02 2.363502311706542969e+01
2.622453868389129639e-02 2.137539672851562500e+01
2.723317407071590424e-02 1.980150794982910156e+01
2.824180945754051208e-02 1.796029472351074219e+01
2.925044670701026917e-02 1.660087013244628906e+01
3.025908209383487701e-02 1.525563621520996094e+01
3.126771748065948486e-02 1.386141967773437500e+01
3.227635473012924194e-02 1.272647857666015625e+01
3.328499197959899902e-02 1.174829196929931641e+01
3.429362550377845764e-02 1.093594741821289062e+01
3.530226275324821472e-02 1.016622161865234375e+01
3.631090000271797180e-02 9.259951591491699219e+00
3.731953352689743042e-02 8.768123626708984375e+00
3.832817077636718750e-02 8.147755622863769531e+00
3.933680802583694458e-02 7.712172508239746094e+00
4.034544527530670166e-02 6.994732856750488281e+00
4.135407879948616028e-02 6.452582836151123047e+00
4.236271604895591736e-02 6.121731758117675781e+00
4.337135329842567444e-02 5.799231529235839844e+00
4.437998682260513306e-02 5.538823604583740234e+00
4.538862407207489014e-02 5.101858139038085938e+00
4.639726132154464722e-02 4.782231807708740234e+00
4.740589484572410583e-02 4.560321331024169922e+00
4.841453209519386292e-02 4.418416976928710938e+00
4.942316934466362000e-02 4.085331439971923828e+00
5.043180286884307861e-02 4.068057060241699219e+00
5.144044011831283569e-02 3.790826797485351562e+00
5.244907736778259277e-02 3.556712388992309570e+00
5.345771089196205139e-02 3.476560831069946289e+00
5.446634814143180847e-02 3.318395376205444336e+00
5.547498539090156555e-02 3.271060705184936523e+00
5.648361891508102417e-02 3.029675245285034180e+00
5.749225616455078125e-02 2.915900707244873047e+00
5.850089341402053833e-02 2.889635324478149414e+00
5.950953066349029541e-02 2.764658212661743164e+00
6.051816418766975403e-02 2.661646127700805664e+00
6.152680143713951111e-02 2.470414161682128906e+00
6.253543496131896973e-02 2.453910112380981445e+00
6.354407221078872681e-02 2.393870115280151367e+00
6.455270946025848389e-02 2.365398406982421875e+00
6.556134670972824097e-02 2.326171636581420898e+00
6.656998395919799805e-02 2.120833635330200195e+00
6.757862120866775513e-02 2.152133464813232422e+00
6.858725100755691528e-02 2.121682167053222656e+00
6.959588825702667236e-02 2.053722143173217773e+00
7.060452550649642944e-02 1.919254302978515625e+00
7.161316275596618652e-02 1.943149089813232422e+00
7.262180000543594360e-02 1.855580687522888184e+00
7.363043725490570068e-02 1.842406749725341797e+00
7.463906705379486084e-02 1.805733919143676758e+00
7.564770430326461792e-02 1.685316801071166992e+00
7.665634155273437500e-02 1.785853028297424316e+00
7.766497880220413208e-02 1.609406709671020508e+00
7.867361605167388916e-02 1.599176764488220215e+00
7.968225330114364624e-02 1.577444672584533691e+00
8.069089055061340332e-02 1.608928442001342773e+00
8.169952034950256348e-02 1.538044571876525879e+00
8.270815759897232056e-02 1.496177792549133301e+00
8.371679484844207764e-02 1.423619508743286133e+00
8.472543209791183472e-02 1.458956480026245117e+00
8.573406934738159180e-02 1.423673391342163086e+00
8.674270659685134888e-02 1.350853681564331055e+00
8.775133639574050903e-02 1.368335723876953125e+00
8.875997364521026611e-02 1.349758148193359375e+00
8.976861089468002319e-02 1.346740603446960449e+00
9.077724814414978027e-02 1.316226363182067871e+00
9.178588539361953735e-02 1.322360754013061523e+00
9.279452264308929443e-02 1.286463618278503418e+00
9.380315244197845459e-02 1.266110777854919434e+00
9.481178969144821167e-02 1.260871887207031250e+00
9.582042694091796875e-02 1.240301370620727539e+00
9.682906419038772583e-02 1.228840351104736328e+00
9.783770143985748291e-02 1.249544143676757812e+00
9.884633868932723999e-02 1.193678140640258789e+00
9.985497593879699707e-02 1.169448018074035645e+00
1.008636057376861572e-01 1.190300107002258301e+00
1.018722429871559143e-01 1.151051402091979980e+00
1.028808802366256714e-01 1.148416638374328613e+00
1.038895174860954285e-01 1.119200825691223145e+00
1.048981547355651855e-01 1.127782464027404785e+00
1.059067919850349426e-01 1.102451443672180176e+00
1.069154217839241028e-01 1.053619623184204102e+00
1.079240590333938599e-01 1.072551727294921875e+00
1.089326962828636169e-01 1.055752038955688477e+00
1.099413335323333740e-01 1.041526913642883301e+00
1.109499707818031311e-01 1.070108532905578613e+00
1.119586080312728882e-01 1.051273345947265625e+00
1.129672378301620483e-01 1.046167492866516113e+00
1.139758750796318054e-01 1.036876201629638672e+00
1.149845123291015625e-01 1.020504951477050781e+00
1.159931495785713196e-01 1.041038870811462402e+00
1.170017868280410767e-01 1.036177515983581543e+00
1.180104240775108337e-01 9.817295074462890625e-01
1.190190613269805908e-01 1.035006284713745117e+00
1.200276911258697510e-01 1.003576755523681641e+00
1.210363283753395081e-01 1.008381605148315430e+00
1.220449656248092651e-01 1.050680041313171387e+00
1.230536028742790222e-01 9.714478254318237305e-01
1.240622401237487793e-01 9.924300312995910645e-01
1.250708699226379395e-01 9.423329830169677734e-01
1.260795146226882935e-01 9.557164311408996582e-01
1.270881444215774536e-01 9.542860984802246094e-01
1.280967891216278076e-01 9.467633962631225586e-01
1.291054189205169678e-01 9.431022405624389648e-01
1.301140487194061279e-01 9.435802698135375977e-01
1.311226934194564819e-01 9.336318969726562500e-01
1.321313232183456421e-01 9.290050268173217773e-01
1.331399679183959961e-01 9.357306957244873047e-01
1.341485977172851562e-01 9.298164248466491699e-01
1.351572424173355103e-01 9.172960519790649414e-01
1.361658722162246704e-01 9.238057732582092285e-01
1.371745020151138306e-01 9.091055393218994141e-01
1.381831467151641846e-01 9.046619534492492676e-01
1.391917765140533447e-01 8.894187211990356445e-01
1.402004212141036987e-01 8.488138318061828613e-01
1.412090510129928589e-01 8.395203351974487305e-01
1.422176808118820190e-01 8.661044836044311523e-01
1.432263255119323730e-01 8.630697727203369141e-01
1.442349553108215332e-01 8.576226234436035156e-01
1.452436000108718872e-01 8.189947009086608887e-01
1.462522298097610474e-01 8.331592679023742676e-01
1.472608745098114014e-01 8.119373917579650879e-01
1.482695043087005615e-01 8.134495019912719727e-01
1.492781341075897217e-01 8.091776967048645020e-01
1.502867788076400757e-01 8.147543668746948242e-01
1.512954086065292358e-01 8.223594427108764648e-01
1.523040533065795898e-01 8.107749223709106445e-01
1.533126831054687500e-01 7.841058969497680664e-01
1.543213278055191040e-01 7.702611088752746582e-01
1.553299576044082642e-01 7.650328874588012695e-01
1.563385874032974243e-01 7.552743554115295410e-01
1.573472321033477783e-01 7.577346563339233398e-01
1.583558619022369385e-01 7.345505952835083008e-01
1.593645066022872925e-01 7.496164441108703613e-01
1.603731364011764526e-01 7.554395198822021484e-01
1.613817811012268066e-01 7.284175157546997070e-01
1.623904109001159668e-01 7.213500738143920898e-01
1.633990406990051270e-01 7.218995094299316406e-01
1.644076853990554810e-01 7.097737789154052734e-01
1.654163151979446411e-01 7.194406390190124512e-01
1.664249598979949951e-01 6.949939727783203125e-01
1.674335896968841553e-01 7.243476510047912598e-01
1.684422194957733154e-01 7.363967299461364746e-01
1.694508641958236694e-01 6.979357600212097168e-01
1.704594939947128296e-01 7.246072292327880859e-01
1.714681386947631836e-01 6.936149001121520996e-01
1.724767684936523438e-01 7.097111940383911133e-01
1.734854131937026978e-01 6.953901648521423340e-01
1.744940429925918579e-01 7.345973253250122070e-01
1.755026727914810181e-01 6.894239783287048340e-01
1.765113174915313721e-01 6.982423067092895508e-01
1.775199472904205322e-01 6.999100446701049805e-01
1.785285919904708862e-01 7.298137545585632324e-01
1.795372217893600464e-01 7.087572216987609863e-01
1.805458664894104004e-01 6.777915954589843750e-01
1.815544962882995605e-01 6.938936114311218262e-01
1.825631260871887207e-01 6.689288020133972168e-01
1.835717707872390747e-01 6.977588534355163574e-01
1.845804005861282349e-01 7.094407677650451660e-01
1.855890452861785889e-01 6.911536455154418945e-01
1.865976750850677490e-01 6.573856472969055176e-01
1.876063048839569092e-01 7.019063234329223633e-01
1.886149495840072632e-01 6.721572875976562500e-01
1.896235793828964233e-01 6.983661651611328125e-01
1.906322240829467773e-01 6.935731768608093262e-01
1.916408538818359375e-01 7.077041864395141602e-01
1.926494985818862915e-01 7.127828598022460938e-01
1.936581283807754517e-01 7.025175690650939941e-01
1.946667581796646118e-01 7.005577683448791504e-01
1.956754028797149658e-01 6.904879212379455566e-01
1.966840326786041260e-01 6.659982800483703613e-01
1.976926773786544800e-01 6.892014741897583008e-01
1.987013071775436401e-01 6.778454780578613281e-01
1.997099518775939941e-01 6.982197761535644531e-01
2.007185816764831543e-01 6.590987443923950195e-01
2.017272114753723145e-01 6.884781718254089355e-01
2.027358561754226685e-01 6.837390065193176270e-01
2.037444859743118286e-01 6.524407267570495605e-01
2.047531306743621826e-01 6.852687001228332520e-01
2.057617604732513428e-01 6.680816411972045898e-01
2.067703902721405029e-01 6.793200373649597168e-01
2.077790349721908569e-01 7.095969319343566895e-01
2.087876647710800171e-01 7.051511406898498535e-01
2.097963094711303711e-01 6.796027421951293945e-01
2.108049392700195312e-01 6.594114899635314941e-01
2.118135839700698853e-01 6.733129620552062988e-01
2.128222137689590454e-01 6.503846645355224609e-01
2.138308435678482056e-01 6.642340421676635742e-01
2.148394882678985596e-01 6.632666587829589844e-01
2.158481180667877197e-01 6.695347428321838379e-01
2.168567627668380737e-01 6.803938150405883789e-01
2.178653925657272339e-01 6.498709917068481445e-01
2.188740372657775879e-01 6.584434509277343750e-01
2.198826670646667480e-01 6.239125132560729980e-01
2.208912968635559082e-01 6.299985647201538086e-01
2.218999415636062622e-01 6.365486383438110352e-01
2.229085713624954224e-01 6.528766751289367676e-01
2.239172160625457764e-01 6.586269736289978027e-01
2.249258458614349365e-01 6.558920741081237793e-01
2.259344756603240967e-01 6.296409368515014648e-01
2.269431203603744507e-01 6.205457448959350586e-01
2.279517501592636108e-01 6.186551451683044434e-01
2.289603948593139648e-01 6.338645815849304199e-01
2.299690246582031250e-01 6.392106413841247559e-01
2.309776693582534790e-01 6.431802511215209961e-01
2.319862991571426392e-01 6.393039226531982422e-01
2.329949289560317993e-01 6.315872073173522949e-01
2.340035736560821533e-01 6.463557481765747070e-01
2.350122034549713135e-01 6.223355531692504883e-01
2.360208481550216675e-01 6.356866359710693359e-01
2.370294779539108276e-01 6.407584547996520996e-01
2.380381226539611816e-01 6.235621571540832520e-01
2.390467524528503418e-01 6.181955933570861816e-01
2.400553822517395020e-01 6.166375279426574707e-01
2.410640269517898560e-01 6.164339184761047363e-01
2.420726567506790161e-01 6.832851767539978027e-01
2.430813014507293701e-01 7.893359661102294922e-01
2.440899312496185303e-01 6.488709449768066406e-01
2.450985759496688843e-01 6.320803165435791016e-01
2.461072057485580444e-01 6.361556053161621094e-01
2.471158355474472046e-01 6.084027886390686035e-01
2.481244802474975586e-01 6.029985547065734863e-01
2.491331100463867188e-01 6.380149126052856445e-01
2.501417398452758789e-01 6.399703621864318848e-01
2.511503994464874268e-01 6.333900690078735352e-01
2.521590292453765869e-01 6.442167758941650391e-01
2.531676590442657471e-01 6.362013816833496094e-01
2.541762888431549072e-01 6.240772008895874023e-01
2.551849186420440674e-01 6.225828528404235840e-01
2.561935782432556152e-01 6.261967420578002930e-01
2.572022080421447754e-01 6.375600099563598633e-01
2.582108378410339355e-01 6.287233829498291016e-01
2.592194676399230957e-01 6.206259727478027344e-01
2.602280974388122559e-01 6.188016533851623535e-01
2.612367570400238037e-01 6.297270655632019043e-01
2.622453868389129639e-01 6.108397245407104492e-01
2.632540166378021240e-01 6.079666018486022949e-01
2.642626464366912842e-01 6.139653325080871582e-01
2.652712762355804443e-01 6.336894631385803223e-01
2.662799358367919922e-01 6.154848337173461914e-01
2.672885656356811523e-01 6.101016998291015625e-01
2.682971954345703125e-01 6.261580586433410645e-01
2.693058252334594727e-01 6.439171433448791504e-01
2.703144848346710205e-01 6.172056198120117188e-01
2.713231146335601807e-01 6.268630027770996094e-01
2.723317444324493408e-01 6.606290340423583984e-01
2.733403742313385010e-01 6.253453493118286133e-01
2.743490040302276611e-01 6.457381844520568848e-01
2.753576636314392090e-01 6.197744607925415039e-01
2.763662934303283691e-01 6.411215066909790039e-01
2.773749232292175293e-01 6.050916314125061035e-01
2.783835530281066895e-01 6.140798926353454590e-01
2.793921828269958496e-01 6.327551603317260742e-01
2.804008424282073975e-01 6.354054808616638184e-01
2.814094722270965576e-01 6.182686686515808105e-01
2.824181020259857178e-01 6.218130588531494141e-01
2.834267318248748779e-01 6.323608160018920898e-01
2.844353616237640381e-01 6.333432793617248535e-01
2.854440212249755859e-01 6.260333061218261719e-01
2.864526510238647461e-01 6.318171024322509766e-01
2.874612808227539062e-01 6.372578144073486328e-01
2.884699106216430664e-01 6.286692023277282715e-01
2.894785702228546143e-01 6.491404175758361816e-01
2.904872000217437744e-01 6.126446127891540527e-01
2.914958298206329346e-01 6.379791498184204102e-01
2.925044596195220947e-01 6.231364011764526367e-01
2.935130894184112549e-01 6.399432420730590820e-01
2.945217490196228027e-01 6.344202756881713867e-01
2.955303788185119629e-01 6.299799680709838867e-01
2.965390086174011230e-01 6.143804192543029785e-01
2.975476384162902832e-01 6.271163225173950195e-01
2.985562682151794434e-01 6.181039214134216309e-01
2.995649278163909912e-01 6.214891672134399414e-01
3.005735576152801514e-01 6.228503584861755371e-01
3.015821874141693115e-01 6.362054347991943359e-01
3.025908172130584717e-01 6.292212009429931641e-01
3.035994470119476318e-01 6.224205493927001953e-01
3.046081066131591797e-01 6.168663501739501953e-01
3.056167364120483398e-01 6.341725587844848633e-01
3.066253662109375000e-01 6.153240203857421875e-01
3.076339960098266602e-01 6.163231134414672852e-01
3.086426556110382080e-01 6.081521511077880859e-01
3.096512854099273682e-01 6.119097471237182617e-01
3.106599152088165283e-01 6.336461305618286133e-01
3.116685450077056885e-01 6.313073039054870605e-01
3.126771748065948486e-01 6.194092631340026855e-01
3.136858344078063965e-01 6.245302557945251465e-01
3.146944642066955566e-01 6.217513680458068848e-01
3.157030940055847168e-01 5.998361110687255859e-01
3.167117238044738770e-01 6.233593225479125977e-01
3.177203536033630371e-01 6.229708790779113770e-01
3.187290132045745850e-01 6.284126043319702148e-01
3.197376430034637451e-01 6.299798488616943359e-01
3.207462728023529053e-01 6.243762969970703125e-01
3.217549026012420654e-01 6.266773939132690430e-01
3.227635622024536133e-01 6.188019514083862305e-01
3.237721920013427734e-01 6.178709864616394043e-01
3.247808218002319336e-01 6.232349276542663574e-01
3.257894515991210938e-01 6.343606710433959961e-01
3.267980813980102539e-01 6.244070529937744141e-01
3.278067409992218018e-01 6.386265754699707031e-01
3.288153707981109619e-01 6.445533037185668945e-01
3.298240005970001221e-01 6.294408440589904785e-01
3.308326303958892822e-01 6.140387058258056641e-01
3.318412601947784424e-01 6.303821206092834473e-01
3.328499197959899902e-01 6.356870532035827637e-01
3.338585495948791504e-01 6.283657550811767578e-01
3.348671793937683105e-01 6.299751996994018555e-01
3.358758091926574707e-01 6.347738504409790039e-01
3.368844389915466309e-01 6.307858228683471680e-01
3.378930985927581787e-01 6.365086436271667480e-01
3.389017283916473389e-01 6.302636861801147461e-01
3.399103581905364990e-01 6.290975809097290039e-01
3.409189879894256592e-01 6.299679875373840332e-01
3.419276475906372070e-01 6.185504794120788574e-01
3.429362773895263672e-01 6.213648319244384766e-01
3.439449071884155273e-01 6.387272477149963379e-01
3.449535369873046875e-01 6.368573904037475586e-01
3.459621667861938477e-01 6.280425190925598145e-01
3.469708263874053955e-01 6.230105161666870117e-01
3.479794561862945557e-01 6.233689785003662109e-01
3.489880859851837158e-01 6.516414284706115723e-01
3.499967157840728760e-01 6.316621899604797363e-01
3.510053455829620361e-01 6.323876380920410156e-01
3.520140051841735840e-01 6.403298377990722656e-01
3.530226349830627441e-01 6.344282627105712891e-01
3.540312647819519043e-01 6.280001997947692871e-01
3.550398945808410645e-01 6.415060162544250488e-01
3.560485243797302246e-01 6.345870494842529297e-01
3.570571839809417725e-01 6.437206268310546875e-01
3.580658137798309326e-01 6.298279762268066406e-01
3.590744435787200928e-01 6.338130235671997070e-01
3.600830733776092529e-01 6.381695866584777832e-01
3.610917329788208008e-01 6.429515480995178223e-01
3.621003627777099609e-01 6.410838365554809570e-01
3.631089925765991211e-01 6.207474470138549805e-01
3.641176223754882812e-01 6.182829737663269043e-01
3.651262521743774414e-01 6.320573687553405762e-01
3.661349117755889893e-01 6.378386616706848145e-01
3.671435415744781494e-01 6.176910996437072754e-01
3.681521713733673096e-01 6.235525608062744141e-01
3.691608011722564697e-01 6.383494734764099121e-01
3.701694309711456299e-01 6.237248182296752930e-01
3.711780905723571777e-01 6.199154853820800781e-01
3.721867203712463379e-01 6.286795735359191895e-01
3.731953501701354980e-01 6.421633958816528320e-01
3.742039799690246582e-01 6.175489425659179688e-01
3.752126097679138184e-01 6.194475889205932617e-01
3.762212693691253662e-01 6.268807053565979004e-01
3.772298991680145264e-01 6.307818293571472168e-01
3.782385289669036865e-01 6.270045638084411621e-01
3.792471587657928467e-01 6.184866428375244141e-01
3.802558183670043945e-01 6.202281117439270020e-01
3.812644481658935547e-01 6.365026235580444336e-01
3.822730779647827148e-01 6.465256810188293457e-01
3.832817077636718750e-01 6.242470741271972656e-01
3.842903375625610352e-01 6.069214344024658203e-01
3.852989971637725830e-01 6.202899217605590820e-01
3.863076269626617432e-01 6.404649019241333008e-01
3.873162567615509033e-01 6.312647461891174316e-01
3.883248865604400635e-01 6.353994607925415039e-01
3.893335163593292236e-01 6.177262067794799805e-01
3.903421759605407715e-01 6.380950212478637695e-01
3.913508057594299316e-01 6.325955986976623535e-01
3.923594355583190918e-01 6.304628252983093262e-01
3.933680653572082520e-01 6.166878342628479004e-01
3.943766951560974121e-01 6.291820406913757324e-01
3.953853547573089600e-01 6.373202204704284668e-01
3.963939845561981201e-01 6.344319581985473633e-01
3.974026143550872803e-01 6.173686981201171875e-01
3.984112441539764404e-01 6.234605312347412109e-01
3.994199037551879883e-01 6.324906349182128906e-01
4.004285335540771484e-01 6.241866946220397949e-01
4.014371633529663086e-01 6.184092760086059570e-01
4.024457931518554688e-01 6.160289049148559570e-01
4.034544229507446289e-01 6.185850501060485840e-01
4.044630825519561768e-01 6.170160174369812012e-01
4.054717123508453369e-01 6.098673939704895020e-01
4.064803421497344971e-01 6.249562501907348633e-01
4.074889719486236572e-01 6.348112821578979492e-01
4.084976017475128174e-01 6.265571713447570801e-01
4.095062613487243652e-01 6.384832859039306641e-01
4.105148911476135254e-01 6.218355298042297363e-01
4.115235209465026855e-01 6.258119344711303711e-01
4.125321507453918457e-01 6.379225850105285645e-01
4.135407805442810059e-01 6.446423530578613281e-01
4.145494401454925537e-01 6.241561174392700195e-01
4.155580699443817139e-01 6.335974931716918945e-01
4.165666997432708740e-01 6.167442798614501953e-01
4.175753295421600342e-01 6.265054345130920410e-01
4.185839891433715820e-01 6.460458636283874512e-01
4.195926189422607422e-01 6.297337412834167480e-01
4.206012487411499023e-01 6.296772360801696777e-01
4.216098785400390625e-01 6.124250292778015137e-01
4.226185083389282227e-01 6.186860799789428711e-01
4.236271679401397705e-01 6.123548150062561035e-01
4.246357977390289307e-01 6.108841300010681152e-01
4.256444275379180908e-01 6.218041777610778809e-01
4.266530573368072510e-01 6.271392703056335449e-01
4.276616871356964111e-01 6.377286314964294434e-01
4.286703467369079590e-01 6.287227869033813477e-01
4.296789765357971191e-01 6.241700053215026855e-01
4.306876063346862793e-01 6.358894705772399902e-01
4.316962361335754395e-01 6.202487945556640625e-01
4.327048659324645996e-01 6.179776787757873535e-01
4.337135255336761475e-01 6.184900403022766113e-01
4.347221553325653076e-01 6.438130736351013184e-01
4.357307851314544678e-01 6.250446438789367676e-01
4.367394149303436279e-01 6.174202561378479004e-01
4.377480745315551758e-01 6.163328886032104492e-01
4.387567043304443359e-01 6.279801726341247559e-01
4.397653341293334961e-01 6.351127624511718750e-01
4.407739639282226562e-01 6.289427876472473145e-01
4.417825937271118164e-01 6.380280256271362305e-01
4.427912533283233643e-01 6.278641819953918457e-01
4.437998831272125244e-01 6.297815442085266113e-01
4.448085129261016846e-01 6.191871166229248047e-01
4.458171427249908447e-01 6.242139339447021484e-01
4.468257725238800049e-01 6.325135231018066406e-01
4.478344321250915527e-01 6.283136606216430664e-01
4.488430619239807129e-01 6.235803365707397461e-01
4.498516917228698730e-01 6.119012832641601562e-01
4.508603215217590332e-01 6.174392104148864746e-01
4.518689513206481934e-01 6.209589242935180664e-01
4.528776109218597412e-01 6.266175508499145508e-01
4.538862407207489014e-01 6.172590255737304688e-01
4.548948705196380615e-01 6.331459879875183105e-01
4.559035003185272217e-01 6.284769177436828613e-01
4.569121599197387695e-01 6.184351444244384766e-01
4.579207897186279297e-01 6.172019839286804199e-01
4.589294195175170898e-01 6.058501005172729492e-01
4.599380493164062500e-01 6.225004196166992188e-01
4.609466791152954102e-01 6.178029775619506836e-01
4.619553387165069580e-01 6.307467222213745117e-01
4.629639685153961182e-01 6.363275051116943359e-01
4.639725983142852783e-01 6.228044033050537109e-01
4.649812281131744385e-01 6.237156391143798828e-01
4.659898579120635986e-01 6.153628826141357422e-01
4.669985175132751465e-01 6.269204616546630859e-01
4.680071473121643066e-01 6.220716834068298340e-01
4.690157771110534668e-01 6.222197413444519043e-01
4.700244069099426270e-01 6.283358335494995117e-01
4.710330665111541748e-01 6.110545992851257324e-01
4.720416963100433350e-01 6.261131167411804199e-01
4.730503261089324951e-01 6.398906707763671875e-01
4.740589559078216553e-01 6.240578293800354004e-01
4.750675857067108154e-01 6.326534152030944824e-01
4.760762453079223633e-01 6.186778545379638672e-01
4.770848751068115234e-01 6.135119199752807617e-01
4.780935049057006836e-01 6.191936135292053223e-01
4.791021347045898438e-01 6.259866356849670410e-01
4.801107645034790039e-01 6.313048601150512695e-01
4.811194241046905518e-01 6.187620162963867188e-01
4.821280539035797119e-01 6.178854703903198242e-01
4.831366837024688721e-01 6.282945275306701660e-01
4.841453135013580322e-01 6.356130242347717285e-01
4.851539433002471924e-01 6.307368874549865723e-01
4.861626029014587402e-01 6.316693425178527832e-01
4.871712327003479004e-01 6.112371683120727539e-01
4.881798624992370605e-01 6.167099475860595703e-01
4.891884922981262207e-01 6.369892954826354980e-01
4.901971518993377686e-01 6.193817853927612305e-01
4.912057816982269287e-01 6.299825906753540039e-01
4.922144114971160889e-01 6.230620741844177246e-01
4.932230412960052490e-01 6.300526261329650879e-01
4.942316710948944092e-01 6.278536319732666016e-01
4.952403306961059570e-01 6.248546838760375977e-01
4.962489604949951172e-01 6.287502646446228027e-01
4.972575902938842773e-01 6.303290128707885742e-01
4.982662200927734375e-01 6.223469972610473633e-01
4.992748498916625977e-01 6.226697564125061035e-01
5.002834796905517578e-01 6.329898238182067871e-01
5.012921094894409180e-01 6.372925043106079102e-01
5.023007988929748535e-01 6.288502812385559082e-01
5.033094286918640137e-01 6.311308741569519043e-01
5.043180584907531738e-01 6.861882805824279785e-01
5.053266882896423340e-01 6.635645627975463867e-01
5.063353180885314941e-01 6.218500733375549316e-01
5.073439478874206543e-01 6.038892865180969238e-01
5.083525776863098145e-01 6.229611635208129883e-01
5.093612074851989746e-01 6.251908540725708008e-01
5.103698372840881348e-01 6.165556907653808594e-01
5.113784670829772949e-01 6.172144412994384766e-01
5.123871564865112305e-01 6.092289090156555176e-01
5.133957862854003906e-01 5.915895700454711914e-01
5.144044160842895508e-01 6.178620457649230957e-01
5.154130458831787109e-01 6.032871007919311523e-01
5.164216756820678711e-01 6.031813025474548340e-01
5.174303054809570312e-01 5.950927138328552246e-01
5.184389352798461914e-01 5.931195020675659180e-01
5.194475650787353516e-01 6.009869575500488281e-01
5.204561948776245117e-01 5.903933644294738770e-01
5.214648842811584473e-01 5.963186621665954590e-01
5.224735140800476074e-01 6.005976200103759766e-01
5.234821438789367676e-01 6.057951450347900391e-01
5.244907736778259277e-01 5.995670557022094727e-01
5.254994034767150879e-01 5.911600589752197266e-01
5.265080332756042480e-01 6.078913807868957520e-01
5.275166630744934082e-01 5.821164846420288086e-01
5.285252928733825684e-01 5.968279838562011719e-01
5.295339226722717285e-01 5.941794514656066895e-01
5.305425524711608887e-01 5.955415964126586914e-01
5.315512418746948242e-01 5.970824360847473145e-01
5.325598716735839844e-01 6.083481907844543457e-01
5.335685014724731445e-01 6.183121204376220703e-01
5.345771312713623047e-01 6.155819892883300781e-01
5.355857610702514648e-01 6.231126189231872559e-01
5.365943908691406250e-01 6.258366107940673828e-01
5.376030206680297852e-01 6.271635293960571289e-01
5.386116504669189453e-01 6.165627837181091309e-01
5.396202802658081055e-01 6.190034747123718262e-01
5.406289696693420410e-01 6.246307492256164551e-01
5.416375994682312012e-01 6.383414864540100098e-01
5.426462292671203613e-01 6.331722736358642578e-01
5.436548590660095215e-01 6.227850914001464844e-01
5.446634888648986816e-01 6.222373843193054199e-01
5.456721186637878418e-01 6.291024088859558105e-01
5.466807484626770020e-01 6.359046697616577148e-01
5.476893782615661621e-01 6.375301480293273926e-01
5.486980080604553223e-01 6.299399137496948242e-01
5.497066378593444824e-01 6.294174790382385254e-01
5.507153272628784180e-01 6.409417986869812012e-01
5.517239570617675781e-01 6.388678550720214844e-01
5.527325868606567383e-01 6.443344950675964355e-01
5.537412166595458984e-01 6.377771496772766113e-01
5.547498464584350586e-01 6.328162550926208496e-01
5.557584762573242188e-01 6.524740457534790039e-01
5.567671060562133789e-01 6.602510213851928711e-01
5.577757358551025391e-01 6.595058441162109375e-01
5.587843656539916992e-01 6.520422101020812988e-01
5.597930550575256348e-01 6.447490453720092773e-01
5.608016848564147949e-01 6.679905056953430176e-01
5.618103146553039551e-01 6.581048369407653809e-01
5.628189444541931152e-01 6.577661037445068359e-01
5.638275742530822754e-01 6.734537482261657715e-01
5.648362040519714355e-01 6.554611325263977051e-01
5.658448338508605957e-01 6.683432459831237793e-01
5.668534636497497559e-01 6.752402186393737793e-01
5.678620934486389160e-01 6.728157401084899902e-01
5.688707232475280762e-01 6.808948516845703125e-01
5.698794126510620117e-01 6.746488213539123535e-01
5.708880424499511719e-01 6.747877001762390137e-01
5.718966722488403320e-01 6.796938776969909668e-01
5.729053020477294922e-01 6.874188184738159180e-01
5.739139318466186523e-01 6.754358410835266113e-01
5.749225616455078125e-01 6.872439980506896973e-01
5.759311914443969727e-01 6.953950524330139160e-01
5.769398212432861328e-01 6.962344646453857422e-01
5.779484510421752930e-01 6.837669610977172852e-01
5.789571404457092285e-01 6.717318892478942871e-01
5.799657702445983887e-01 6.703683137893676758e-01
5.809744000434875488e-01 6.858816742897033691e-01
5.819830298423767090e-01 6.851594448089599609e-01
5.829916596412658691e-01 7.029200792312622070e-01
5.840002894401550293e-01 6.790285110473632812e-01
5.850089192390441895e-01 6.906760334968566895e-01
5.860175490379333496e-01 6.952667832374572754e-01
5.870261788368225098e-01 6.979181170463562012e-01
5.880348086357116699e-01 6.831049919128417969e-01
5.890434980392456055e-01 6.926638484001159668e-01
5.900521278381347656e-01 7.105271816253662109e-01
5.910607576370239258e-01 7.060700654983520508e-01
5.920693874359130859e-01 7.082148194313049316e-01
5.930780172348022461e-01 6.871914863586425781e-01
5.940866470336914062e-01 7.020478844642639160e-01
5.950952768325805664e-01 6.946245431900024414e-01
5.961039066314697266e-01 7.049268484115600586e-01
5.971125364303588867e-01 7.011255025863647461e-01
5.981212258338928223e-01 7.152333259582519531e-01
5.991298556327819824e-01 7.010816931724548340e-01
6.001384854316711426e-01 7.062965631484985352e-01
6.011471152305603027e-01 7.008272409439086914e-01
6.021557450294494629e-01 7.108877301216125488e-01
6.031643748283386230e-01 7.055349349975585938e-01
6.041730046272277832e-01 6.932377815246582031e-01
6.051816344261169434e-01 7.266579270362854004e-01
6.061902642250061035e-01 7.274569272994995117e-01
6.071988940238952637e-01 7.202034592628479004e-01
6.082075834274291992e-01 7.043817639350891113e-01
6.092162132263183594e-01 7.152820825576782227e-01
6.102248430252075195e-01 7.259907722473144531e-01
6.112334728240966797e-01 7.130975127220153809e-01
6.122421026229858398e-01 7.125889658927917480e-01
6.132507324218750000e-01 7.204532027244567871e-01
6.142593622207641602e-01 7.094111442565917969e-01
6.152679920196533203e-01 7.140374779701232910e-01
6.162766218185424805e-01 7.024301886558532715e-01
6.172853112220764160e-01 7.136523723602294922e-01
6.182939410209655762e-01 7.071787714958190918e-01
6.193025708198547363e-01 7.130014896392822266e-01
6.203112006187438965e-01 7.151374220848083496e-01
6.213198304176330566e-01 7.123826146125793457e-01
6.223284602165222168e-01 7.257351279258728027e-01
6.233370900154113770e-01 7.125499844551086426e-01
6.243457198143005371e-01 7.100390791893005371e-01
6.253543496131896973e-01 7.353960275650024414e-01
6.263629794120788574e-01 7.164596915245056152e-01
6.273716688156127930e-01 7.253443598747253418e-01
6.283802986145019531e-01 7.030805945396423340e-01
6.293889284133911133e-01 7.062456011772155762e-01
6.303975582122802734e-01 7.320382595062255859e-01
6.314061880111694336e-01 7.144285440444946289e-01
6.324148178100585938e-01 7.154372334480285645e-01
6.334234476089477539e-01 7.453941702842712402e-01
6.344320774078369141e-01 7.353476881980895996e-01
6.354407072067260742e-01 7.050510644912719727e-01
6.364493966102600098e-01 7.427867054939270020e-01
6.374580264091491699e-01 7.256323695182800293e-01
6.384666562080383301e-01 7.286568284034729004e-01
6.394752860069274902e-01 7.232441902160644531e-01
6.404839158058166504e-01 7.191653251647949219e-01
6.414925456047058105e-01 7.209861278533935547e-01
6.425011754035949707e-01 7.264370918273925781e-01
6.435098052024841309e-01 7.220614552497863770e-01
6.445184350013732910e-01 7.372357845306396484e-01
6.455271244049072266e-01 7.402699589729309082e-01
6.465357542037963867e-01 7.293186187744140625e-01
6.475443840026855469e-01 7.140901088714599609e-01
6.485530138015747070e-01 7.205512523651123047e-01
6.495616436004638672e-01 7.229653000831604004e-01
6.505702733993530273e-01 7.180792689323425293e-01
6.515789031982421875e-01 7.250222563743591309e-01
6.525875329971313477e-01 7.396543025970458984e-01
6.535961627960205078e-01 7.260162234306335449e-01
6.546047925949096680e-01 7.204344272613525391e-01
6.556134819984436035e-01 7.251939177513122559e-01
6.566221117973327637e-01 7.362419962882995605e-01
6.576307415962219238e-01 7.434762716293334961e-01
6.586393713951110840e-01 7.344675064086914062e-01
6.596480011940002441e-01 7.235739827156066895e-01
6.606566309928894043e-01 7.232879400253295898e-01
6.616652607917785645e-01 7.344043254852294922e-01
6.626738905906677246e-01 7.358468770980834961e-01
6.636825203895568848e-01 7.363576889038085938e-01
6.646912097930908203e-01 7.279264330863952637e-01
6.656998395919799805e-01 7.169910073280334473e-01
6.667084693908691406e-01 7.318277955055236816e-01
6.677170991897583008e-01 7.339479327201843262e-01
6.687257289886474609e-01 7.304238080978393555e-01
6.697343587875366211e-01 7.525243163108825684e-01
6.707429885864257812e-01 7.241737842559814453e-01
6.717516183853149414e-01 7.470504045486450195e-01
6.727602481842041016e-01 7.469333410263061523e-01
6.737688779830932617e-01 7.419872283935546875e-01
6.747775673866271973e-01 7.236436009407043457e-01
6.757861971855163574e-01 7.326771616935729980e-01
6.767948269844055176e-01 7.531732320785522461e-01
6.778034567832946777e-01 7.368376851081848145e-01
6.788120865821838379e-01 7.440410256385803223e-01
6.798207163810729980e-01 7.498385310173034668e-01
6.808293461799621582e-01 7.517569661140441895e-01
6.818379759788513184e-01 7.455646395683288574e-01
6.828466057777404785e-01 7.445436120033264160e-01
6.838552951812744141e-01 7.459677457809448242e-01
6.848639249801635742e-01 7.453619837760925293e-01
6.858725547790527344e-01 7.388007044792175293e-01
6.868811845779418945e-01 7.316530942916870117e-01
6.878898143768310547e-01 7.418112754821777344e-01
6.888984441757202148e-01 7.422703504562377930e-01
6.899070739746093750e-01 7.356910705566406250e-01
6.909157037734985352e-01 7.319524884223937988e-01
6.919243335723876953e-01 7.357210516929626465e-01
6.929329633712768555e-01 7.460433840751647949e-01
6.939416527748107910e-01 7.511976957321166992e-01
6.949502825736999512e-01 7.529847025871276855e-01
6.959589123725891113e-01 7.485503554344177246e-01
6.969675421714782715e-01 7.342306375503540039e-01
6.979761719703674316e-01 7.357912063598632812e-01
6.989848017692565918e-01 7.411521673202514648e-01
6.999934315681457520e-01 7.260212898254394531e-01
7.010020613670349121e-01 7.377583384513854980e-01
7.020106911659240723e-01 7.567199468612670898e-01
7.030193805694580078e-01 7.541249394416809082e-01
7.040280103683471680e-01 7.550592422485351562e-01
7.050366401672363281e-01 7.551476359367370605e-01
7.060452699661254883e-01 7.392376661300659180e-01
7.070538997650146484e-01 7.678483724594116211e-01
7.080625295639038086e-01 7.358094453811645508e-01
7.090711593627929688e-01 7.412087321281433105e-01
7.100797891616821289e-01 7.510499358177185059e-01
7.110884189605712891e-01 7.674821615219116211e-01
7.120970487594604492e-01 7.535188794136047363e-01
7.131057381629943848e-01 7.392680644989013672e-01
7.141143679618835449e-01 7.531628012657165527e-01
7.151229977607727051e-01 7.376445531845092773e-01
7.161316275596618652e-01 7.438104152679443359e-01
7.171402573585510254e-01 7.550609707832336426e-01
7.181488871574401855e-01 7.477208971977233887e-01
7.191575169563293457e-01 7.545359134674072266e-01
7.201661467552185059e-01 7.572734355926513672e-01
7.211747765541076660e-01 7.544291615486145020e-01
7.221834659576416016e-01 7.735818028450012207e-01
7.231920957565307617e-01 7.496320605278015137e-01
7.242007255554199219e-01 7.254693508148193359e-01
7.252093553543090820e-01 7.464134693145751953e-01
7.262179851531982422e-01 7.389726638793945312e-01
7.272266149520874023e-01 7.570037841796875000e-01
7.282352447509765625e-01 7.542899847030639648e-01
7.292438745498657227e-01 7.429295778274536133e-01
7.302525043487548828e-01 7.666959762573242188e-01
7.312611341476440430e-01 7.559418082237243652e-01
7.322698235511779785e-01 7.579933404922485352e-01
7.332784533500671387e-01 7.725683450698852539e-01
7.342870831489562988e-01 7.619424462318420410e-01
7.352957129478454590e-01 7.444254755973815918e-01
7.363043427467346191e-01 7.541658282279968262e-01
7.373129725456237793e-01 7.456990480422973633e-01
7.383216023445129395e-01 7.532034516334533691e-01
7.393302321434020996e-01 7.683178782463073730e-01
7.403388619422912598e-01 7.692320942878723145e-01
7.413475513458251953e-01 7.767767906188964844e-01
7.423561811447143555e-01 7.713228464126586914e-01
7.433648109436035156e-01 7.571468353271484375e-01
7.443734407424926758e-01 7.598326802253723145e-01
7.453820705413818359e-01 7.682731151580810547e-01
7.463907003402709961e-01 7.730150818824768066e-01
7.473993301391601562e-01 7.712832093238830566e-01
7.484079599380493164e-01 7.668439745903015137e-01
7.494165897369384766e-01 7.667949795722961426e-01
7.504252195358276367e-01 7.521795034408569336e-01
7.514339089393615723e-01 7.664875984191894531e-01
7.524425387382507324e-01 7.992579340934753418e-01
7.534511685371398926e-01 8.126743435859680176e-01
7.544597983360290527e-01 7.580529451370239258e-01
7.554684281349182129e-01 7.747790813446044922e-01
7.564770579338073730e-01 7.430597543716430664e-01
7.574856877326965332e-01 7.572887539863586426e-01
7.584943175315856934e-01 7.681195735931396484e-01
7.595029473304748535e-01 7.674548625946044922e-01
7.605116367340087891e-01 7.674525976181030273e-01
7.615202665328979492e-01 7.656616568565368652e-01
7.625288963317871094e-01 7.750696539878845215e-01
7.635375261306762695e-01 7.696421146392822266e-01
7.645461559295654297e-01 7.614887952804565430e-01
7.655547857284545898e-01 7.546064257621765137e-01
7.665634155273437500e-01 7.425695657730102539e-01
7.675720453262329102e-01 7.488809823989868164e-01
7.685806751251220703e-01 7.585076689720153809e-01
7.695893049240112305e-01 7.809615731239318848e-01
7.705979943275451660e-01 7.579504847526550293e-01
7.716066241264343262e-01 7.455171346664428711e-01
7.726152539253234863e-01 7.372868657112121582e-01
7.736238837242126465e-01 7.574394941329956055e-01
7.746325135231018066e-01 7.453715205192565918e-01
7.756411433219909668e-01 7.626326680183410645e-01
7.766497731208801270e-01 7.393639683723449707e-01
7.776584029197692871e-01 7.632011175155639648e-01
7.786670327186584473e-01 7.523924708366394043e-01
7.796757221221923828e-01 7.427895069122314453e-01
7.806843519210815430e-01 7.687888741493225098e-01
7.816929817199707031e-01 7.598449587821960449e-01
7.827016115188598633e-01 7.609726190567016602e-01
7.837102413177490234e-01 7.606072425842285156e-01
7.847188711166381836e-01 7.605616450309753418e-01
7.857275009155273438e-01 7.565708160400390625e-01
7.867361307144165039e-01 7.289164662361145020e-01
7.877447605133056641e-01 7.460156679153442383e-01
7.887533903121948242e-01 7.593445777893066406e-01
7.897620797157287598e-01 7.632828354835510254e-01
7.907707095146179199e-01 7.525870800018310547e-01
7.917793393135070801e-01 7.447696328163146973e-01
7.927879691123962402e-01 7.613922357559204102e-01
7.937965989112854004e-01 7.700012326240539551e-01
7.948052287101745605e-01 7.533072829246520996e-01
7.958138585090637207e-01 7.519779801368713379e-01
7.968224883079528809e-01 7.636092305183410645e-01
7.978311181068420410e-01 7.542382478713989258e-01
7.988398075103759766e-01 7.454320192337036133e-01
7.998484373092651367e-01 7.389971017837524414e-01
8.008570671081542969e-01 7.615908980369567871e-01
8.018656969070434570e-01 7.640637755393981934e-01
8.028743267059326172e-01 7.682474255561828613e-01
8.038829565048217773e-01 7.462388277053833008e-01
8.048915863037109375e-01 7.481501698493957520e-01
8.059002161026000977e-01 7.482790946960449219e-01
8.069088459014892578e-01 7.738802433013916016e-01
8.079174757003784180e-01 7.549936175346374512e-01
8.089261651039123535e-01 7.388798594474792480e-01
8.099347949028015137e-01 7.428370118141174316e-01
8.109434247016906738e-01 7.596092820167541504e-01
8.119520545005798340e-01 7.519443631172180176e-01
8.129606842994689941e-01 7.499298453330993652e-01
8.139693140983581543e-01 7.566974163055419922e-01
8.149779438972473145e-01 7.645340561866760254e-01
8.159865736961364746e-01 7.361884713172912598e-01
8.169952034950256348e-01 7.606022953987121582e-01
8.180038928985595703e-01 7.586001753807067871e-01
8.190125226974487305e-01 7.527212500572204590e-01
8.200211524963378906e-01 7.505156397819519043e-01
8.210297822952270508e-01 7.494043111801147461e-01
8.220384120941162109e-01 7.475111484527587891e-01
8.230470418930053711e-01 7.436462044715881348e-01
8.240556716918945312e-01 7.315905094146728516e-01
8.250643014907836914e-01 7.477810978889465332e-01
8.260729312896728516e-01 7.506277561187744141e-01
8.270815610885620117e-01 7.399413585662841797e-01
8.280902504920959473e-01 7.482854127883911133e-01
8.290988802909851074e-01 7.479600906372070312e-01
8.301075100898742676e-01 7.489897608757019043e-01
8.311161398887634277e-01 7.457909584045410156e-01
8.321247696876525879e-01 7.466608881950378418e-01
8.331333994865417480e-01 7.283529043197631836e-01
8.341420292854309082e-01 7.431693077087402344e-01
8.351506590843200684e-01 7.595868110656738281e-01
8.361592888832092285e-01 7.449727058410644531e-01
8.371679782867431641e-01 7.491258382797241211e-01
8.381766080856323242e-01 7.484272122383117676e-01
8.391852378845214844e-01 7.654573917388916016e-01
8.401938676834106445e-01 7.390936017036437988e-01
8.412024974822998047e-01 7.510743141174316406e-01
8.422111272811889648e-01 7.541887760162353516e-01
8.432197570800781250e-01 7.368839979171752930e-01
8.442283868789672852e-01 7.607442140579223633e-01
8.452370166778564453e-01 7.519366741180419922e-01
8.462456464767456055e-01 7.464264631271362305e-01
8.472543358802795410e-01 7.559896111488342285e-01
8.482629656791687012e-01 7.657148838043212891e-01
8.492715954780578613e-01 7.698301076889038086e-01
8.502802252769470215e-01 7.737459540367126465e-01
8.512888550758361816e-01 7.625030875205993652e-01
8.522974848747253418e-01 7.677444815635681152e-01
8.533061146736145020e-01 7.765352725982666016e-01
8.543147444725036621e-01 7.516004443168640137e-01
8.553233742713928223e-01 7.637506127357482910e-01
8.563320636749267578e-01 7.697816491127014160e-01
8.573406934738159180e-01 7.677891254425048828e-01
8.583493232727050781e-01 7.616794705390930176e-01
8.593579530715942383e-01 7.655153274536132812e-01
8.603665828704833984e-01 7.546138763427734375e-01
8.613752126693725586e-01 7.672526836395263672e-01
8.623838424682617188e-01 7.746077179908752441e-01
8.633924722671508789e-01 7.573013901710510254e-01
8.644011020660400391e-01 7.565100193023681641e-01
8.654097318649291992e-01 7.865690588951110840e-01
8.664184212684631348e-01 7.820200324058532715e-01
8.674270510673522949e-01 7.786627411842346191e-01
8.684356808662414551e-01 7.705972790718078613e-01
8.694443106651306152e-01 7.894315123558044434e-01
8.704529404640197754e-01 7.746949195861816406e-01
8.714615702629089355e-01 8.013867139816284180e-01
8.724702000617980957e-01 7.824241518974304199e-01
8.734788298606872559e-01 7.962455749511718750e-01
8.744874596595764160e-01 7.978397607803344727e-01
8.754961490631103516e-01 8.159306645393371582e-01
8.765047788619995117e-01 7.847283482551574707e-01
8.775134086608886719e-01 7.944180369377136230e-01
8.785220384597778320e-01 7.881178855895996094e-01
8.795306682586669922e-01 8.053386807441711426e-01
8.805392980575561523e-01 7.982665300369262695e-01
8.815479278564453125e-01 8.106408119201660156e-01
8.825565576553344727e-01 8.202732205390930176e-01
8.835651874542236328e-01 8.113725781440734863e-01
8.845738172531127930e-01 8.091363310813903809e-01
8.855825066566467285e-01 8.113402128219604492e-01
8.865911364555358887e-01 8.300868272781372070e-01
8.875997662544250488e-01 8.220483064651489258e-01
8.886083960533142090e-01 8.205271363258361816e-01
8.896170258522033691e-01 8.349547982215881348e-01
8.906256556510925293e-01 8.266752958297729492e-01
8.916342854499816895e-01 8.304108381271362305e-01
8.926429152488708496e-01 8.258051872253417969e-01
8.936515450477600098e-01 8.210481405258178711e-01
8.946602344512939453e-01 8.491365313529968262e-01
8.956688642501831055e-01 8.680391907691955566e-01
8.966774940490722656e-01 8.559380769729614258e-01
8.976861238479614258e-01 8.467361330986022949e-01
8.986947536468505859e-01 8.196980357170104980e-01
8.997033834457397461e-01 8.212018609046936035e-01
9.007120132446289062e-01 8.436002731323242188e-01
9.017206430435180664e-01 8.255239129066467285e-01
9.027292728424072266e-01 8.265110254287719727e-01
9.037379026412963867e-01 8.608617782592773438e-01
9.047465920448303223e-01 8.470572233200073242e-01
9.057552218437194824e-01 8.525083065032958984e-01
9.067638516426086426e-01 8.489844799041748047e-01
9.077724814414978027e-01 8.505730628967285156e-01
9.087811112403869629e-01 8.369622230529785156e-01
9.097897410392761230e-01 8.615616559982299805e-01
9.107983708381652832e-01 8.801413774490356445e-01
9.118070006370544434e-01 8.783513307571411133e-01
9.128156304359436035e-01 8.350274562835693359e-01
9.138243198394775391e-01 8.347235918045043945e-01
9.148329496383666992e-01 8.730475902557373047e-01
9.158415794372558594e-01 8.355884552001953125e-01
9.168502092361450195e-01 8.599849939346313477e-01
9.178588390350341797e-01 8.608972430229187012e-01
9.188674688339233398e-01 8.670691251754760742e-01
9.198760986328125000e-01 8.412263393402099609e-01
9.208847284317016602e-01 8.635627031326293945e-01
9.218933582305908203e-01 8.868551254272460938e-01
9.229020476341247559e-01 8.700211644172668457e-01
9.239106774330139160e-01 8.756648302078247070e-01
9.249193072319030762e-01 8.795746564865112305e-01
9.259279370307922363e-01 8.679298162460327148e-01
9.269365668296813965e-01 8.859140872955322266e-01
9.279451966285705566e-01 8.839082717895507812e-01
9.289538264274597168e-01 8.898248076438903809e-01
9.299624562263488770e-01 8.886420726776123047e-01
9.309710860252380371e-01 8.662262558937072754e-01
9.319797158241271973e-01 9.011905789375305176e-01
9.329884052276611328e-01 8.902608156204223633e-01
9.339970350265502930e-01 8.858271241188049316e-01
9.350056648254394531e-01 8.644461631774902344e-01
9.360142946243286133e-01 8.891357779502868652e-01
9.370229244232177734e-01 9.164212346076965332e-01
9.380315542221069336e-01 8.982051014900207520e-01
9.390401840209960938e-01 9.005956053733825684e-01
9.400488138198852539e-01 8.976342082023620605e-01
9.410574436187744141e-01 8.940409421920776367e-01
9.420661330223083496e-01 8.857663869857788086e-01
9.430747628211975098e-01 8.861163258552551270e-01
9.440833926200866699e-01 8.785821199417114258e-01
9.450920224189758301e-01 8.740268945693969727e-01
9.461006522178649902e-01 8.723371028900146484e-01
9.471092820167541504e-01 8.877084255218505859e-01
9.481179118156433105e-01 8.661614656448364258e-01
9.491265416145324707e-01 8.728204369544982910e-01
9.501351714134216309e-01 8.844357728958129883e-01
9.511438012123107910e-01 8.950208425521850586e-01
9.521524906158447266e-01 8.859807848930358887e-01
9.531611204147338867e-01 9.093763232231140137e-01
9.541697502136230469e-01 8.880906701087951660e-01
9.551783800125122070e-01 9.008106589317321777e-01
9.561870098114013672e-01 9.235973954200744629e-01
9.571956396102905273e-01 9.114407300949096680e-01
9.582042694091796875e-01 9.252202510833740234e-01
9.592128992080688477e-01 9.524517655372619629e-01
9.602215290069580078e-01 9.037835597991943359e-01
9.612302184104919434e-01 9.393501281738281250e-01
9.622388482093811035e-01 9.307954907417297363e-01
9.632474780082702637e-01 9.130600690841674805e-01
9.642561078071594238e-01 9.227405786514282227e-01
9.652647376060485840e-01 9.477358460426330566e-01
9.662733674049377441e-01 9.651987552642822266e-01
9.672819972038269043e-01 9.469555020332336426e-01
9.682906270027160645e-01 9.532801508903503418e-01
9.692992568016052246e-01 9.682344794273376465e-01
9.703078866004943848e-01 9.552178382873535156e-01
9.713165760040283203e-01 9.530262351036071777e-01
9.723252058029174805e-01 9.243380427360534668e-01
9.733338356018066406e-01 9.279955625534057617e-01
9.743424654006958008e-01 9.719961285591125488e-01
9.753510951995849609e-01 9.547173976898193359e-01
9.763597249984741211e-01 9.638091325759887695e-01
9.773683547973632812e-01 9.659571051597595215e-01
9.783769845962524414e-01 9.719974398612976074e-01
9.793856143951416016e-01 9.468516707420349121e-01
9.803943037986755371e-01 9.833880066871643066e-01
9.814029335975646973e-01 9.578790664672851562e-01
9.824115633964538574e-01 1.004251837730407715e+00
9.834201931953430176e-01 9.588419795036315918e-01
9.844288229942321777e-01 9.580404162406921387e-01
9.854374527931213379e-01 9.724153280258178711e-01
9.864460825920104980e-01 9.642447233200073242e-01
9.874547123908996582e-01 9.964311718940734863e-01
9.884633421897888184e-01 1.014019608497619629e+00
9.894719719886779785e-01 9.781327247619628906e-01
9.904806613922119141e-01 9.697059392929077148e-01
9.914892911911010742e-01 9.500965476036071777e-01
9.924979209899902344e-01 9.980341196060180664e-01
9.935065507888793945e-01 1.036553025245666504e+00
9.945151805877685547e-01 1.006844639778137207e+00
9.955238103866577148e-01 9.841634035110473633e-01
9.965324401855468750e-01 9.954772591590881348e-01
9.975410699844360352e-01 1.017129898071289062e+00
9.985496997833251953e-01 1.019602417945861816e+00
9.995583891868591309e-01 1.040665626525878906e+00
1.000566959381103516e+00 1.028311967849731445e+00
1.001575589179992676e+00 1.054286241531372070e+00
1.002584218978881836e+00 1.056492686271667480e+00
1.003592848777770996e+00 1.054509758949279785e+00
1.004601597785949707e+00 1.014755606651306152e+00
1.005610227584838867e+00 1.020198225975036621e+00
1.006618857383728027e+00 1.029341936111450195e+00
1.007627487182617188e+00 1.038241744041442871e+00
1.008636116981506348e+00 1.068736910820007324e+00
1.009644746780395508e+00 1.091075062751770020e+00
1.010653376579284668e+00 1.098066210746765137e+00
1.011662006378173828e+00 1.088081955909729004e+00
1.012670636177062988e+00 1.048792004585266113e+00
1.013679265975952148e+00 1.090980768203735352e+00
1.014687895774841309e+00 1.100093126296997070e+00
1.015696525573730469e+00 1.058019995689392090e+00
1.016705155372619629e+00 1.002524137496948242e+00
1.017713785171508789e+00 1.064775586128234863e+00
1.018722414970397949e+00 1.058882355690002441e+00
1.019731044769287109e+00 1.007065176963806152e+00
1.020739674568176270e+00 1.026881337165832520e+00
1.021748304367065430e+00 1.007586479187011719e+00
1.022756934165954590e+00 1.046044230461120605e+00
1.023765683174133301e+00 1.050078153610229492e+00
1.024774312973022461e+00 1.053316950798034668e+00
1.025782942771911621e+00 1.041247844696044922e+00
1.026791572570800781e+00 1.054233193397521973e+00
1.027800202369689941e+00 1.049842476844787598e+00
1.028808832168579102e+00 1.041201353073120117e+00
1.029817461967468262e+00 1.030589938163757324e+00
1.030826091766357422e+00 1.090287804603576660e+00
1.031834721565246582e+00 1.033052921295166016e+00
1.032843351364135742e+00 1.053245186805725098e+00
1.033851981163024902e+00 1.080659031867980957e+00
1.034860610961914062e+00 9.994496107101440430e-01
1.035869240760803223e+00 1.011530280113220215e+00
1.036877870559692383e+00 1.037055850028991699e+00
1.037886500358581543e+00 1.032676219940185547e+00
1.038895130157470703e+00 1.042697072029113770e+00
1.039903759956359863e+00 1.015983939170837402e+00
1.040912389755249023e+00 1.031406521797180176e+00
1.041921019554138184e+00 1.011477947235107422e+00
1.042929768562316895e+00 9.950081110000610352e-01
1.043938398361206055e+00 1.032991766929626465e+00
1.044947028160095215e+00 9.648928046226501465e-01
1.045955657958984375e+00 9.915395975112915039e-01
1.046964287757873535e+00 1.019717097282409668e+00
1.047972917556762695e+00 9.980736970901489258e-01
1.048981547355651855e+00 9.940351843833923340e-01
1.049990177154541016e+00 1.027863502502441406e+00
1.050998806953430176e+00 9.815338253974914551e-01
1.052007436752319336e+00 1.048069834709167480e+00
1.053016066551208496e+00 9.682829380035400391e-01
1.054024696350097656e+00 9.309787154197692871e-01
1.055033326148986816e+00 9.938452243804931641e-01
1.056041955947875977e+00 9.481631517410278320e-01
1.057050585746765137e+00 1.037996172904968262e+00
1.058059215545654297e+00 1.052226185798645020e+00
1.059067845344543457e+00 1.039571404457092285e+00
1.060076475143432617e+00 1.035420536994934082e+00
1.061085104942321777e+00 1.042593002319335938e+00
1.062093853950500488e+00 9.936362504959106445e-01
1.063102483749389648e+00 1.001819252967834473e+00
1.064111113548278809e+00 9.752359390258789062e-01
1.065119743347167969e+00 9.690148234367370605e-01
1.066128373146057129e+00 9.853985905647277832e-01
1.067137002944946289e+00 1.000316143035888672e+00
1.068145632743835449e+00 9.862957000732421875e-01
1.069154262542724609e+00 1.015941262245178223e+00
1.070162892341613770e+00 1.014635562896728516e+00
1.071171522140502930e+00 1.013578891754150391e+00
1.072180151939392090e+00 9.674350619316101074e-01
1.073188781738281250e+00 1.008991122245788574e+00
1.074197411537170410e+00 9.914720058441162109e-01
1.075206041336059570e+00 1.031469345092773438e+00
1.076214671134948730e+00 1.009811758995056152e+00
1.077223300933837891e+00 9.776180982589721680e-01
1.078231930732727051e+00 1.076387882232666016e+00
1.079240560531616211e+00 1.006563067436218262e+00
1.080249190330505371e+00 1.017286658287048340e+00
1.081257939338684082e+00 1.018079042434692383e+00
1.082266569137573242e+00 1.012404441833496094e+00
1.083275198936462402e+00 9.855320453643798828e-01
1.084283828735351562e+00 1.008280515670776367e+00
1.085292458534240723e+00 1.008997797966003418e+00
1.086301088333129883e+00 9.674081802368164062e-01
1.087309718132019043e+00 1.061161637306213379e+00
1.088318347930908203e+00 1.020067334175109863e+00
1.089326977729797363e+00 1.009602546691894531e+00
1.090335607528686523e+00 1.010547757148742676e+00
1.091344237327575684e+00 9.883351325988769531e-01
1.092352867126464844e+00 1.026740789413452148e+00
1.093361496925354004e+00 1.009756803512573242e+00
1.094370126724243164e+00 9.542430639266967773e-01
1.095378756523132324e+00 1.024393439292907715e+00
1.096387386322021484e+00 9.856538176536560059e-01
1.097396016120910645e+00 9.573087096214294434e-01
1.098404645919799805e+00 9.352745413780212402e-01
1.099413275718688965e+00 1.004764556884765625e+00
1.100422024726867676e+00 1.050054788589477539e+00
1.101430654525756836e+00 1.066066980361938477e+00
1.102439284324645996e+00 1.036578893661499023e+00
1.103447914123535156e+00 1.005974888801574707e+00
1.104456543922424316e+00 9.053446054458618164e-01
1.105465173721313477e+00 1.014286756515502930e+00
1.106473803520202637e+00 1.028493881225585938e+00
1.107482433319091797e+00 9.543957710266113281e-01
1.108491063117980957e+00 9.677113890647888184e-01
1.109499692916870117e+00 9.842060804367065430e-01
1.110508322715759277e+00 1.049106955528259277e+00
1.111516952514648438e+00 9.383144974708557129e-01
1.112525582313537598e+00 9.396436810493469238e-01
1.113534212112426758e+00 9.887577891349792480e-01
1.114542841911315918e+00 1.005760431289672852e+00
1.115551471710205078e+00 1.073151111602783203e+00
1.116560101509094238e+00 9.795764088630676270e-01
1.117568731307983398e+00 9.758557081222534180e-01
1.118577361106872559e+00 9.769808650016784668e-01
1.119586110115051270e+00 9.649950861930847168e-01
1.120594739913940430e+00 9.778204560279846191e-01
1.121603369712829590e+00 1.054423093795776367e+00
1.122611999511718750e+00 1.020921111106872559e+00
1.123620629310607910e+00 9.916545152664184570e-01
1.124629259109497070e+00 9.357739090919494629e-01
1.125637888908386230e+00 9.645652770996093750e-01
1.126646518707275391e+00 1.010553836822509766e+00
1.127655148506164551e+00 1.089296460151672363e+00
1.128663778305053711e+00 1.026593804359436035e+00
1.129672408103942871e+00 9.960871934890747070e-01
1.130681037902832031e+00 1.062366962432861328e+00
1.131689667701721191e+00 1.026533007621765137e+00
1.132698297500610352e+00 9.748497605323791504e-01
1.133706927299499512e+00 1.029564142227172852e+00
1.134715557098388672e+00 1.031022429466247559e+00
1.135724186897277832e+00 9.638518691062927246e-01
1.136732816696166992e+00 1.008312582969665527e+00
1.137741446495056152e+00 1.088309049606323242e+00
1.138750195503234863e+00 1.110712289810180664e+00
1.139758825302124023e+00 1.007879495620727539e+00
1.140767455101013184e+00 9.396055936813354492e-01
1.141776084899902344e+00 1.019459486007690430e+00
1.142784714698791504e+00 9.837556481361389160e-01
1.143793344497680664e+00 9.426369667053222656e-01
1.144801974296569824e+00 9.724014997482299805e-01
1.145810604095458984e+00 1.029185175895690918e+00
1.146819233894348145e+00 1.000726938247680664e+00
1.147827863693237305e+00 1.010481595993041992e+00
1.148836493492126465e+00 9.454792141914367676e-01
1.149845123291015625e+00 9.596264958381652832e-01
1.150853753089904785e+00 1.060823798179626465e+00
1.151862382888793945e+00 9.826604127883911133e-01
1.152871012687683105e+00 9.904980063438415527e-01
1.153879642486572266e+00 9.323046207427978516e-01
1.154888272285461426e+00 9.901939034461975098e-01
1.155896902084350586e+00 9.865996837615966797e-01
1.156905531883239746e+00 1.049022078514099121e+00
1.157914280891418457e+00 9.518070220947265625e-01
1.158922910690307617e+00 9.850770831108093262e-01
1.159931540489196777e+00 1.048228621482849121e+00
1.160940170288085938e+00 1.027390837669372559e+00
1.161948800086975098e+00 9.091803431510925293e-01
1.162957429885864258e+00 9.771544337272644043e-01
1.163966059684753418e+00 1.111771583557128906e+00
1.164974689483642578e+00 1.051896214485168457e+00
1.165983319282531738e+00 1.031800746917724609e+00
1.166991949081420898e+00 1.059317231178283691e+00
1.168000578880310059e+00 1.099616527557373047e+00
1.169009208679199219e+00 1.072921276092529297e+00
1.170017838478088379e+00 1.010027647018432617e+00
1.171026468276977539e+00 9.447269439697265625e-01
1.172035098075866699e+00 9.500952363014221191e-01
1.173043727874755859e+00 9.629083871841430664e-01
1.174052357673645020e+00 9.927288293838500977e-01
1.175060987472534180e+00 1.036479473114013672e+00
1.176069617271423340e+00 9.189904928207397461e-01
1.177078366279602051e+00 1.147182226181030273e+00
1.178086996078491211e+00 1.030267596244812012e+00
1.179095625877380371e+00 1.088097214698791504e+00
1.180104255676269531e+00 1.002417683601379395e+00
1.181112885475158691e+00 1.053814768791198730e+00
1.182121515274047852e+00 1.032833933830261230e+00
1.183130145072937012e+00 1.105965375900268555e+00
1.184138774871826172e+00 1.041388630867004395e+00
1.185147404670715332e+00 1.034789800643920898e+00
1.186156034469604492e+00 1.050949454307556152e+00
1.187164664268493652e+00 9.989679455757141113e-01
1.188173294067382812e+00 1.015151977539062500e+00
1.189181923866271973e+00 1.160948872566223145e+00
1.190190553665161133e+00 1.034184336662292480e+00
1.191199183464050293e+00 1.100592851638793945e+00
1.192207813262939453e+00 9.429309368133544922e-01
1.193216443061828613e+00 1.069491386413574219e+00
1.194225072860717773e+00 1.049689292907714844e+00
1.195233702659606934e+00 1.145737886428833008e+00
1.196242451667785645e+00 1.127848386764526367e+00
1.197251081466674805e+00 9.639154672622680664e-01
1.198259711265563965e+00 9.540238976478576660e-01
1.199268341064453125e+00 1.121098399162292480e+00
1.200276970863342285e+00 8.721044063568115234e-01
1.201285600662231445e+00 1.052405595779418945e+00
1.202294230461120605e+00 1.140477061271667480e+00
1.203302860260009766e+00 1.119109749794006348e+00
1.204311490058898926e+00 9.908582568168640137e-01
1.205320119857788086e+00 1.067414760589599609e+00
1.206328749656677246e+00 1.010441184043884277e+00
1.207337379455566406e+00 1.051396250724792480e+00
1.208346009254455566e+00 1.004701614379882812e+00
1.209354639053344727e+00 1.389562964439392090e+00
