0.000000000000000000e+00 8.296237304687500000e+03
1.008636085316538811e-03 6.029629882812500000e+03
2.017272170633077621e-03 4.405664062500000000e+03
3.025908255949616432e-03 3.525899414062500000e+03
4.034544341266155243e-03 2.767672607421875000e+03
5.043180659413337708e-03 2.161152587890625000e+03
6.051816511899232864e-03 1.748804077148437500e+03
7.060452364385128021e-03 1.404830444335937500e+03
8.069088682532310486e-03 1.126780517578125000e+03
9.077725000679492950e-03 9.068021240234375000e+02
1.008636131882667542e-02 7.565270996093750000e+02
1.109499670565128326e-02 6.338851928710937500e+02
1.210363302379846573e-02 5.517023315429687500e+02
1.311226934194564819e-02 4.782985534667968750e+02
1.412090472877025604e-02 4.146344299316406250e+02
1.512954104691743851e-02 3.586168823242187500e+02
1.613817736506462097e-02 3.154735412597656250e+02
1.714681275188922882e-02 2.784074707031250000e+02
1.815545000135898590e-02 2.428369293212890625e+02
1.916408538818359375e-02 2.120667266845703125e+02
2.017272263765335083e-02 1.919263000488281250e+02
2.118135802447795868e-02 1.727209320068359375e+02
2.218999341130256653e-02 1.545804901123046875e+02
2.319863066077232361e-02 1.369168701171875000e+02
2.420726604759693146e-02 1.239413757324218750e+02
2.521590143442153931e-02 1.118948059082031250e+02
2.622453868389129639e-02 1.017786712646484375e+02
2.723317407071590424e-02 9.244585418701171875e+01
2.824180945754051208e-02 8.403723144531250000e+01
2.925044670701026917e-02 7.720314788818359375e+01
3.025908209383487701e-02 7.154718780517578125e+01
3.126771748065948486e-02 6.528066253662109375e+01
3.227635473012924194e-02 5.999485015869140625e+01
3.328499197959899902e-02 5.494300842285156250e+01
3.429362550377845764e-02 5.142377090454101562e+01
3.530226275324821472e-02 4.789433670043945312e+01
3.631090000271797180e-02 4.376354598999023438e+01
3.731953352689743042e-02 4.079986190795898438e+01
3.832817077636718750e-02 3.828634262084960938e+01
3.933680802583694458e-02 3.573837661743164062e+01
4.034544527530670166e-02 3.350186538696289062e+01
4.135407879948616028e-02 3.148147392272949219e+01
4.236271604895591736e-02 2.946211624145507812e+01
4.337135329842567444e-02 2.778350448608398438e+01
4.437998682260513306e-02 2.583757972717285156e+01
4.538862407207489014e-02 2.448108291625976562e+01
4.639726132154464722e-02 2.307059478759765625e+01
4.740589484572410583e-02 2.183384513854980469e+01
4.841453209519386292e-02 2.062904548645019531e+01
4.942316934466362000e-02 1.983036613464355469e+01
5.043180286884307861e-02 1.852035522460937500e+01
5.144044011831283569e-02 1.771888160705566406e+01
5.244907736778259277e-02 1.672478103637695312e+01
5.345771089196205139e-02 1.600916671752929688e+01
5.446634814143180847e-02 1.526477336883544922e+01
5.547498539090156555e-02 1.452819728851318359e+01
5.648361891508102417e-02 1.385312271118164062e+01
5.749225616455078125e-02 1.320744228363037109e+01
5.850089341402053833e-02 1.256327533721923828e+01
5.950953066349029541e-02 1.212719154357910156e+01
6.051816418766975403e-02 1.173618507385253906e+01
6.152680143713951111e-02 1.114364337921142578e+01
6.253543496131896973e-02 1.080548191070556641e+01
6.354407221078872681e-02 1.044249534606933594e+01
6.455270946025848389e-02 9.975795745849609375e+00
6.556134670972824097e-02 9.680335998535156250e+00
6.656998395919799805e-02 9.416121482849121094e+00
6.757862120866775513e-02 9.076651573181152344e+00
6.858725100755691528e-02 8.770621299743652344e+00
6.959588825702667236e-02 8.410585403442382812e+00
7.060452550649642944e-02 8.193116188049316406e+00
7.161316275596618652e-02 7.932665824890136719e+00
7.262180000543594360e-02 7.767526626586914062e+00
7.363043725490570068e-02 7.541499614715576172e+00
7.463906705379486084e-02 7.282782077789306641e+00
7.564770430326461792e-02 7.031609535217285156e+00
7.665634155273437500e-02 6.924093246459960938e+00
7.766497880220413208e-02 6.558623313903808594e+00
7.867361605167388916e-02 6.570731639862060547e+00
7.968225330114364624e-02 6.382025241851806641e+00
8.069089055061340332e-02 6.223349571228027344e+00
8.169952034950256348e-02 6.098321437835693359e+00
8.270815759897232056e-02 6.086728096008300781e+00
8.371679484844207764e-02 5.881910800933837891e+00
8.472543209791183472e-02 5.730959415435791016e+00
8.573406934738159180e-02 5.624890804290771484e+00
8.674270659685134888e-02 5.532919883728027344e+00
8.775133639574050903e-02 5.357057571411132812e+00
8.875997364521026611e-02 5.276669979095458984e+00
8.976861089468002319e-02 5.212200164794921875e+00
9.077724814414978027e-02 5.182295799255371094e+00
9.178588539361953735e-02 5.074891090393066406e+00
9.279452264308929443e-02 4.870040893554687500e+00
9.380315244197845459e-02 4.843664646148681641e+00
9.481178969144821167e-02 4.746239662170410156e+00
9.582042694091796875e-02 4.780468463897705078e+00
9.682906419038772583e-02 4.611548423767089844e+00
9.783770143985748291e-02 4.562148094177246094e+00
9.884633868932723999e-02 4.552159309387207031e+00
9.985497593879699707e-02 4.402719020843505859e+00
1.008636057376861572e-01 4.399621009826660156e+00
1.018722429871559143e-01 4.317507743835449219e+00
1.028808802366256714e-01 4.288776874542236328e+00
1.038895174860954285e-01 4.224979400634765625e+00
1.048981547355651855e-01 4.165586948394775391e+00
1.059067919850349426e-01 4.113982200622558594e+00
1.069154217839241028e-01 4.058479785919189453e+00
1.079240590333938599e-01 4.065323829650878906e+00
1.089326962828636169e-01 3.966681003570556641e+00
1.099413335323333740e-01 3.949187040328979492e+00
1.109499707818031311e-01 3.900271892547607422e+00
1.119586080312728882e-01 3.939148902893066406e+00
1.129672378301620483e-01 3.884869575500488281e+00
1.139758750796318054e-01 3.808797836303710938e+00
1.149845123291015625e-01 3.816146373748779297e+00
1.159931495785713196e-01 3.774862766265869141e+00
1.170017868280410767e-01 3.691792249679565430e+00
1.180104240775108337e-01 3.699626445770263672e+00
1.190190613269805908e-01 3.713011741638183594e+00
1.200276911258697510e-01 3.649639844894409180e+00
1.210363283753395081e-01 3.552530527114868164e+00
1.220449656248092651e-01 3.596429109573364258e+00
1.230536028742790222e-01 3.564976453781127930e+00
1.240622401237487793e-01 3.492449045181274414e+00
1.250708699226379395e-01 3.457199335098266602e+00
1.260795146226882935e-01 3.492413520812988281e+00
1.270881444215774536e-01 3.421972990036010742e+00
1.280967891216278076e-01 3.413524150848388672e+00
1.291054189205169678e-01 3.429360866546630859e+00
1.301140487194061279e-01 3.390170097351074219e+00
1.311226934194564819e-01 3.445735454559326172e+00
1.321313232183456421e-01 3.426627635955810547e+00
1.331399679183959961e-01 3.417797088623046875e+00
1.341485977172851562e-01 3.330182790756225586e+00
1.351572424173355103e-01 3.299161434173583984e+00
1.361658722162246704e-01 3.348955631256103516e+00
1.371745020151138306e-01 3.234231233596801758e+00
1.381831467151641846e-01 3.282551288604736328e+00
1.391917765140533447e-01 3.269149780273437500e+00
1.402004212141036987e-01 3.224057912826538086e+00
1.412090510129928589e-01 3.275901556015014648e+00
1.422176808118820190e-01 3.312350749969482422e+00
1.432263255119323730e-01 3.285740852355957031e+00
1.442349553108215332e-01 3.339968681335449219e+00
1.452436000108718872e-01 3.251672983169555664e+00
1.462522298097610474e-01 3.267109870910644531e+00
1.472608745098114014e-01 3.244127988815307617e+00
1.482695043087005615e-01 3.293396472930908203e+00
1.492781341075897217e-01 3.292928934097290039e+00
1.502867788076400757e-01 3.264349460601806641e+00
1.512954086065292358e-01 3.242512941360473633e+00
1.523040533065795898e-01 3.197353601455688477e+00
1.533126831054687500e-01 3.206632137298583984e+00
1.543213278055191040e-01 3.156919479370117188e+00
1.553299576044082642e-01 3.193431377410888672e+00
1.563385874032974243e-01 3.198815345764160156e+00
1.573472321033477783e-01 3.197577953338623047e+00
1.583558619022369385e-01 3.182646036148071289e+00
1.593645066022872925e-01 3.149769783020019531e+00
1.603731364011764526e-01 3.161719799041748047e+00
1.613817811012268066e-01 3.226060152053833008e+00
1.623904109001159668e-01 3.163690328598022461e+00
1.633990406990051270e-01 3.139760732650756836e+00
1.644076853990554810e-01 3.160959243774414062e+00
1.654163151979446411e-01 3.077215671539306641e+00
1.664249598979949951e-01 3.065156936645507812e+00
1.674335896968841553e-01 3.031068086624145508e+00
1.684422194957733154e-01 3.058956146240234375e+00
1.694508641958236694e-01 2.970922231674194336e+00
1.704594939947128296e-01 3.008205175399780273e+00
1.714681386947631836e-01 2.943160295486450195e+00
1.724767684936523438e-01 2.955336809158325195e+00
1.734854131937026978e-01 2.914327383041381836e+00
1.744940429925918579e-01 2.891945600509643555e+00
1.755026727914810181e-01 2.885641813278198242e+00
1.765113174915313721e-01 2.843577623367309570e+00
1.775199472904205322e-01 2.866376638412475586e+00
1.785285919904708862e-01 2.858504533767700195e+00
1.795372217893600464e-01 2.872096300125122070e+00
1.805458664894104004e-01 2.825060129165649414e+00
1.815544962882995605e-01 2.805957317352294922e+00
1.825631260871887207e-01 2.845291137695312500e+00
1.835717707872390747e-01 2.793555021286010742e+00
1.845804005861282349e-01 2.815009355545043945e+00
1.855890452861785889e-01 2.776256322860717773e+00
1.865976750850677490e-01 2.730932235717773438e+00
1.876063048839569092e-01 2.716089010238647461e+00
1.886149495840072632e-01 2.735580444335937500e+00
1.896235793828964233e-01 2.707947731018066406e+00
1.906322240829467773e-01 2.694736480712890625e+00
1.916408538818359375e-01 2.676113128662109375e+00
1.926494985818862915e-01 2.677147626876831055e+00
1.936581283807754517e-01 2.583211421966552734e+00
1.946667581796646118e-01 2.600743293762207031e+00
1.956754028797149658e-01 2.518026351928710938e+00
1.966840326786041260e-01 2.593271493911743164e+00
1.976926773786544800e-01 2.549170970916748047e+00
1.987013071775436401e-01 2.566840648651123047e+00
1.997099518775939941e-01 2.527336120605468750e+00
2.007185816764831543e-01 2.468337535858154297e+00
2.017272114753723145e-01 2.504540920257568359e+00
2.027358561754226685e-01 2.499937295913696289e+00
2.037444859743118286e-01 2.443126916885375977e+00
2.047531306743621826e-01 2.448481798171997070e+00
2.057617604732513428e-01 2.503200531005859375e+00
2.067703902721405029e-01 2.458653450012207031e+00
2.077790349721908569e-01 2.441155195236206055e+00
2.087876647710800171e-01 2.399588346481323242e+00
2.097963094711303711e-01 2.458532333374023438e+00
2.108049392700195312e-01 2.433459043502807617e+00
2.118135839700698853e-01 2.491894960403442383e+00
2.128222137689590454e-01 2.471650362014770508e+00
2.138308435678482056e-01 2.438821554183959961e+00
2.148394882678985596e-01 2.409901380538940430e+00
2.158481180667877197e-01 2.436104774475097656e+00
2.168567627668380737e-01 2.442963600158691406e+00
2.178653925657272339e-01 2.473584651947021484e+00
2.188740372657775879e-01 2.436546325683593750e+00
2.198826670646667480e-01 2.427964448928833008e+00
2.208912968635559082e-01 2.414872646331787109e+00
2.218999415636062622e-01 2.408759355545043945e+00
2.229085713624954224e-01 2.443666696548461914e+00
2.239172160625457764e-01 2.377299547195434570e+00
2.249258458614349365e-01 2.400765657424926758e+00
2.259344756603240967e-01 2.435296058654785156e+00
2.269431203603744507e-01 2.376243829727172852e+00
2.279517501592636108e-01 2.389248609542846680e+00
2.289603948593139648e-01 2.391155242919921875e+00
2.299690246582031250e-01 2.391428947448730469e+00
2.309776693582534790e-01 2.383901834487915039e+00
2.319862991571426392e-01 2.379709959030151367e+00
2.329949289560317993e-01 2.371584415435791016e+00
2.340035736560821533e-01 2.336787462234497070e+00
2.350122034549713135e-01 2.322705030441284180e+00
2.360208481550216675e-01 2.347769975662231445e+00
2.370294779539108276e-01 2.327332735061645508e+00
2.380381226539611816e-01 2.352636337280273438e+00
2.390467524528503418e-01 2.344621181488037109e+00
2.400553822517395020e-01 2.369958400726318359e+00
2.410640269517898560e-01 2.336210966110229492e+00
2.420726567506790161e-01 2.404302358627319336e+00
2.430813014507293701e-01 2.483153820037841797e+00
2.440899312496185303e-01 2.308616876602172852e+00
2.450985759496688843e-01 2.339546680450439453e+00
2.461072057485580444e-01 2.273796796798706055e+00
2.471158355474472046e-01 2.312995910644531250e+00
2.481244802474975586e-01 2.321419715881347656e+00
2.491331100463867188e-01 2.294563770294189453e+00
2.501417398452758789e-01 2.322720527648925781e+00
2.511503994464874268e-01 2.299188852310180664e+00
2.521590292453765869e-01 2.233544349670410156e+00
2.531676590442657471e-01 2.237835884094238281e+00
2.541762888431549072e-01 2.247351408004760742e+00
2.551849186420440674e-01 2.256531476974487305e+00
2.561935782432556152e-01 2.247836828231811523e+00
2.572022080421447754e-01 2.225669860839843750e+00
2.582108378410339355e-01 2.207390069961547852e+00
2.592194676399230957e-01 2.233205556869506836e+00
2.602280974388122559e-01 2.240525722503662109e+00
2.612367570400238037e-01 2.213593482971191406e+00
2.622453868389129639e-01 2.217615842819213867e+00
2.632540166378021240e-01 2.223515748977661133e+00
2.642626464366912842e-01 2.217986106872558594e+00
2.652712762355804443e-01 2.210936546325683594e+00
2.662799358367919922e-01 2.211258888244628906e+00
2.672885656356811523e-01 2.185561418533325195e+00
2.682971954345703125e-01 2.209738969802856445e+00
2.693058252334594727e-01 2.213835954666137695e+00
2.703144848346710205e-01 2.176793575286865234e+00
2.713231146335601807e-01 2.161694765090942383e+00
2.723317444324493408e-01 2.188907623291015625e+00
2.733403742313385010e-01 2.156213045120239258e+00
2.743490040302276611e-01 2.139262676239013672e+00
2.753576636314392090e-01 2.120882987976074219e+00
2.763662934303283691e-01 2.117104530334472656e+00
2.773749232292175293e-01 2.148428916931152344e+00
2.783835530281066895e-01 2.116698980331420898e+00
2.793921828269958496e-01 2.093131780624389648e+00
2.804008424282073975e-01 2.139825820922851562e+00
2.814094722270965576e-01 2.137243032455444336e+00
2.824181020259857178e-01 2.117058753967285156e+00
2.834267318248748779e-01 2.119467020034790039e+00
2.844353616237640381e-01 2.144316911697387695e+00
2.854440212249755859e-01 2.136211395263671875e+00
2.864526510238647461e-01 2.061492443084716797e+00
2.874612808227539062e-01 2.070529699325561523e+00
2.884699106216430664e-01 2.097443819046020508e+00
2.894785702228546143e-01 2.058405637741088867e+00
2.904872000217437744e-01 2.045964002609252930e+00
2.914958298206329346e-01 2.075429201126098633e+00
2.925044596195220947e-01 2.077002525329589844e+00
2.935130894184112549e-01 2.027841091156005859e+00
2.945217490196228027e-01 2.040534257888793945e+00
2.955303788185119629e-01 2.028269290924072266e+00
2.965390086174011230e-01 2.067565441131591797e+00
2.975476384162902832e-01 2.037529945373535156e+00
2.985562682151794434e-01 2.038673162460327148e+00
2.995649278163909912e-01 2.002333402633666992e+00
3.005735576152801514e-01 2.014742851257324219e+00
3.015821874141693115e-01 2.029025316238403320e+00
3.025908172130584717e-01 1.977526068687438965e+00
3.035994470119476318e-01 1.998884320259094238e+00
3.046081066131591797e-01 2.010427713394165039e+00
3.056167364120483398e-01 2.014601469039916992e+00
3.066253662109375000e-01 2.004676103591918945e+00
3.076339960098266602e-01 1.984337806701660156e+00
3.086426556110382080e-01 1.966100215911865234e+00
3.096512854099273682e-01 1.977375745773315430e+00
3.106599152088165283e-01 1.943880081176757812e+00
3.116685450077056885e-01 1.959500908851623535e+00
3.126771748065948486e-01 1.959015130996704102e+00
3.136858344078063965e-01 1.996634721755981445e+00
3.146944642066955566e-01 1.964768290519714355e+00
3.157030940055847168e-01 1.953806161880493164e+00
3.167117238044738770e-01 1.922857284545898438e+00
3.177203536033630371e-01 1.921701192855834961e+00
3.187290132045745850e-01 1.954847574234008789e+00
3.197376430034637451e-01 1.929727077484130859e+00
3.207462728023529053e-01 1.921719551086425781e+00
3.217549026012420654e-01 1.941857576370239258e+00
3.227635622024536133e-01 1.900033831596374512e+00
3.237721920013427734e-01 1.895536661148071289e+00
3.247808218002319336e-01 1.884350061416625977e+00
3.257894515991210938e-01 1.882112145423889160e+00
3.267980813980102539e-01 1.898568630218505859e+00
3.278067409992218018e-01 1.872849702835083008e+00
3.288153707981109619e-01 1.904180645942687988e+00
3.298240005970001221e-01 1.914643406867980957e+00
3.308326303958892822e-01 1.891192317008972168e+00
3.318412601947784424e-01 1.916361808776855469e+00
3.328499197959899902e-01 1.865394473075866699e+00
3.338585495948791504e-01 1.860029697418212891e+00
3.348671793937683105e-01 1.869408607482910156e+00
3.358758091926574707e-01 1.880682826042175293e+00
3.368844389915466309e-01 1.860440254211425781e+00
3.378930985927581787e-01 1.849788546562194824e+00
3.389017283916473389e-01 1.875257015228271484e+00
3.399103581905364990e-01 1.855387806892395020e+00
3.409189879894256592e-01 1.825125098228454590e+00
3.419276475906372070e-01 1.855930805206298828e+00
3.429362773895263672e-01 1.838869333267211914e+00
3.439449071884155273e-01 1.802131652832031250e+00
3.449535369873046875e-01 1.806842684745788574e+00
3.459621667861938477e-01 1.858714818954467773e+00
3.469708263874053955e-01 1.801396131515502930e+00
3.479794561862945557e-01 1.817110896110534668e+00
3.489880859851837158e-01 1.838436126708984375e+00
3.499967157840728760e-01 1.815919160842895508e+00
3.510053455829620361e-01 1.787971615791320801e+00
3.520140051841735840e-01 1.812443971633911133e+00
3.530226349830627441e-01 1.819805383682250977e+00
3.540312647819519043e-01 1.814935684204101562e+00
3.550398945808410645e-01 1.796973705291748047e+00
3.560485243797302246e-01 1.797799468040466309e+00
3.570571839809417725e-01 1.786134362220764160e+00
3.580658137798309326e-01 1.781371235847473145e+00
3.590744435787200928e-01 1.816484570503234863e+00
3.600830733776092529e-01 1.817337989807128906e+00
3.610917329788208008e-01 1.793931245803833008e+00
3.621003627777099609e-01 1.791385650634765625e+00
3.631089925765991211e-01 1.771795630455017090e+00
3.641176223754882812e-01 1.775995254516601562e+00
3.651262521743774414e-01 1.802248001098632812e+00
3.661349117755889893e-01 1.768556475639343262e+00
3.671435415744781494e-01 1.762106060981750488e+00
3.681521713733673096e-01 1.753162264823913574e+00
3.691608011722564697e-01 1.764348149299621582e+00
3.701694309711456299e-01 1.774174094200134277e+00
3.711780905723571777e-01 1.783836007118225098e+00
3.721867203712463379e-01 1.749159097671508789e+00
3.731953501701354980e-01 1.774567127227783203e+00
3.742039799690246582e-01 1.748042225837707520e+00
3.752126097679138184e-01 1.775066614151000977e+00
3.762212693691253662e-01 1.736777305603027344e+00
3.772298991680145264e-01 1.727514505386352539e+00
3.782385289669036865e-01 1.731698513031005859e+00
3.792471587657928467e-01 1.740298986434936523e+00
3.802558183670043945e-01 1.763359904289245605e+00
3.812644481658935547e-01 1.747306585311889648e+00
3.822730779647827148e-01 1.694169759750366211e+00
3.832817077636718750e-01 1.710630059242248535e+00
3.842903375625610352e-01 1.730399370193481445e+00
3.852989971637725830e-01 1.708661794662475586e+00
3.863076269626617432e-01 1.708226323127746582e+00
3.873162567615509033e-01 1.721997857093811035e+00
3.883248865604400635e-01 1.725755572319030762e+00
3.893335163593292236e-01 1.727992177009582520e+00
3.903421759605407715e-01 1.707287907600402832e+00
3.913508057594299316e-01 1.721076369285583496e+00
3.923594355583190918e-01 1.751962900161743164e+00
3.933680653572082520e-01 1.748906254768371582e+00
3.943766951560974121e-01 1.696009397506713867e+00
3.953853547573089600e-01 1.713758707046508789e+00
3.963939845561981201e-01 1.733913064002990723e+00
3.974026143550872803e-01 1.695181012153625488e+00
3.984112441539764404e-01 1.691578984260559082e+00
3.994199037551879883e-01 1.696650385856628418e+00
4.004285335540771484e-01 1.695862650871276855e+00
4.014371633529663086e-01 1.705511212348937988e+00
4.024457931518554688e-01 1.702292799949645996e+00
4.034544229507446289e-01 1.689198493957519531e+00
4.044630825519561768e-01 1.722755312919616699e+00
4.054717123508453369e-01 1.704246044158935547e+00
4.064803421497344971e-01 1.688546061515808105e+00
4.074889719486236572e-01 1.677266597747802734e+00
4.084976017475128174e-01 1.661594271659851074e+00
4.095062613487243652e-01 1.673668622970581055e+00
4.105148911476135254e-01 1.684479355812072754e+00
4.115235209465026855e-01 1.690249085426330566e+00
4.125321507453918457e-01 1.654458284378051758e+00
4.135407805442810059e-01 1.667276024818420410e+00
4.145494401454925537e-01 1.664858460426330566e+00
4.155580699443817139e-01 1.676992654800415039e+00
4.165666997432708740e-01 1.685090780258178711e+00
4.175753295421600342e-01 1.689949989318847656e+00
4.185839891433715820e-01 1.664253473281860352e+00
4.195926189422607422e-01 1.663785099983215332e+00
4.206012487411499023e-01 1.664770483970642090e+00
4.216098785400390625e-01 1.637271881103515625e+00
4.226185083389282227e-01 1.670593023300170898e+00
4.236271679401397705e-01 1.644329905509948730e+00
4.246357977390289307e-01 1.634963274002075195e+00
4.256444275379180908e-01 1.656033873558044434e+00
4.266530573368072510e-01 1.658650159835815430e+00
4.276616871356964111e-01 1.651000976562500000e+00
4.286703467369079590e-01 1.646857023239135742e+00
4.296789765357971191e-01 1.640923261642456055e+00
4.306876063346862793e-01 1.658760190010070801e+00
4.316962361335754395e-01 1.642303347587585449e+00
4.327048659324645996e-01 1.637692332267761230e+00
4.337135255336761475e-01 1.635843038558959961e+00
4.347221553325653076e-01 1.601091861724853516e+00
4.357307851314544678e-01 1.632983684539794922e+00
4.367394149303436279e-01 1.645805120468139648e+00
4.377480745315551758e-01 1.636082530021667480e+00
4.387567043304443359e-01 1.639509797096252441e+00
4.397653341293334961e-01 1.615117073059082031e+00
4.407739639282226562e-01 1.622025132179260254e+00
4.417825937271118164e-01 1.620862245559692383e+00
4.427912533283233643e-01 1.620601296424865723e+00
4.437998831272125244e-01 1.621304750442504883e+00
4.448085129261016846e-01 1.619461417198181152e+00
4.458171427249908447e-01 1.626367092132568359e+00
4.468257725238800049e-01 1.616725564002990723e+00
4.478344321250915527e-01 1.614070892333984375e+00
4.488430619239807129e-01 1.621889948844909668e+00
4.498516917228698730e-01 1.634372353553771973e+00
4.508603215217590332e-01 1.599240064620971680e+00
4.518689513206481934e-01 1.601585626602172852e+00
4.528776109218597412e-01 1.635114192962646484e+00
4.538862407207489014e-01 1.621994972229003906e+00
4.548948705196380615e-01 1.608372211456298828e+00
4.559035003185272217e-01 1.606574773788452148e+00
4.569121599197387695e-01 1.630078434944152832e+00
4.579207897186279297e-01 1.605625510215759277e+00
4.589294195175170898e-01 1.585324525833129883e+00
4.599380493164062500e-01 1.596016407012939453e+00
4.609466791152954102e-01 1.573733210563659668e+00
4.619553387165069580e-01 1.585781574249267578e+00
4.629639685153961182e-01 1.598073840141296387e+00
4.639725983142852783e-01 1.595098137855529785e+00
4.649812281131744385e-01 1.596026778221130371e+00
4.659898579120635986e-01 1.595659017562866211e+00
4.669985175132751465e-01 1.588796138763427734e+00
4.680071473121643066e-01 1.590283632278442383e+00
4.690157771110534668e-01 1.614475488662719727e+00
4.700244069099426270e-01 1.609223723411560059e+00
4.710330665111541748e-01 1.570568799972534180e+00
4.720416963100433350e-01 1.577504396438598633e+00
4.730503261089324951e-01 1.573355793952941895e+00
4.740589559078216553e-01 1.566218852996826172e+00
4.750675857067108154e-01 1.592717170715332031e+00
4.760762453079223633e-01 1.598683714866638184e+00
4.770848751068115234e-01 1.603548765182495117e+00
4.780935049057006836e-01 1.578937768936157227e+00
4.791021347045898438e-01 1.557320475578308105e+00
4.801107645034790039e-01 1.564283728599548340e+00
4.811194241046905518e-01 1.562579393386840820e+00
4.821280539035797119e-01 1.592411279678344727e+00
4.831366837024688721e-01 1.576686263084411621e+00
4.841453135013580322e-01 1.581407189369201660e+00
4.851539433002471924e-01 1.567853689193725586e+00
4.861626029014587402e-01 1.565283179283142090e+00
4.871712327003479004e-01 1.567356228828430176e+00
4.881798624992370605e-01 1.576478242874145508e+00
4.891884922981262207e-01 1.574672341346740723e+00
4.901971518993377686e-01 1.566421151161193848e+00
4.912057816982269287e-01 1.572723507881164551e+00
4.922144114971160889e-01 1.544915676116943359e+00
4.932230412960052490e-01 1.548732042312622070e+00
4.942316710948944092e-01 1.567056417465209961e+00
4.952403306961059570e-01 1.573806881904602051e+00
4.962489604949951172e-01 1.567306995391845703e+00
4.972575902938842773e-01 1.539159774780273438e+00
4.982662200927734375e-01 1.554944038391113281e+00
4.992748498916625977e-01 1.570345997810363770e+00
5.002834796905517578e-01 1.564394950866699219e+00
5.012921094894409180e-01 1.561419606208801270e+00
5.023007988929748535e-01 1.539226889610290527e+00
5.033094286918640137e-01 1.543671727180480957e+00
5.043180584907531738e-01 1.622971653938293457e+00
5.053266882896423340e-01 1.577573060989379883e+00
5.063353180885314941e-01 1.559761762619018555e+00
5.073439478874206543e-01 1.569319367408752441e+00
5.083525776863098145e-01 1.551101088523864746e+00
5.093612074851989746e-01 1.554975509643554688e+00
5.103698372840881348e-01 1.558633208274841309e+00
5.113784670829772949e-01 1.569782018661499023e+00
5.123871564865112305e-01 1.578763127326965332e+00
5.133957862854003906e-01 1.588362693786621094e+00
5.144044160842895508e-01 1.570986509323120117e+00
5.154130458831787109e-01 1.571888446807861328e+00
5.164216756820678711e-01 1.600874423980712891e+00
5.174303054809570312e-01 1.556254863739013672e+00
5.184389352798461914e-01 1.576138854026794434e+00
5.194475650787353516e-01 1.595008730888366699e+00
5.204561948776245117e-01 1.596136569976806641e+00
5.214648842811584473e-01 1.613812327384948730e+00
5.224735140800476074e-01 1.589946746826171875e+00
5.234821438789367676e-01 1.584317207336425781e+00
5.244907736778259277e-01 1.597903728485107422e+00
5.254994034767150879e-01 1.573599338531494141e+00
5.265080332756042480e-01 1.588532686233520508e+00
5.275166630744934082e-01 1.573555231094360352e+00
5.285252928733825684e-01 1.578518033027648926e+00
5.295339226722717285e-01 1.585113406181335449e+00
5.305425524711608887e-01 1.576210021972656250e+00
5.315512418746948242e-01 1.589448690414428711e+00
5.325598716735839844e-01 1.591703295707702637e+00
5.335685014724731445e-01 1.569156289100646973e+00
5.345771312713623047e-01 1.559851050376892090e+00
5.355857610702514648e-01 1.540526390075683594e+00
5.365943908691406250e-01 1.562545418739318848e+00
5.376030206680297852e-01 1.546688675880432129e+00
5.386116504669189453e-01 1.560360908508300781e+00
5.396202802658081055e-01 1.533559083938598633e+00
5.406289696693420410e-01 1.543413281440734863e+00
5.416375994682312012e-01 1.560142636299133301e+00
5.426462292671203613e-01 1.565926194190979004e+00
5.436548590660095215e-01 1.545936107635498047e+00
5.446634888648986816e-01 1.525235891342163086e+00
5.456721186637878418e-01 1.552474975585937500e+00
5.466807484626770020e-01 1.532677531242370605e+00
5.476893782615661621e-01 1.543491244316101074e+00
5.486980080604553223e-01 1.548277139663696289e+00
5.497066378593444824e-01 1.531572341918945312e+00
5.507153272628784180e-01 1.514501929283142090e+00
5.517239570617675781e-01 1.534436464309692383e+00
5.527325868606567383e-01 1.517785787582397461e+00
5.537412166595458984e-01 1.524580359458923340e+00
5.547498464584350586e-01 1.532607674598693848e+00
5.557584762573242188e-01 1.518178820610046387e+00
5.567671060562133789e-01 1.492599964141845703e+00
5.577757358551025391e-01 1.491156339645385742e+00
5.587843656539916992e-01 1.503694891929626465e+00
5.597930550575256348e-01 1.480751752853393555e+00
5.608016848564147949e-01 1.504719972610473633e+00
5.618103146553039551e-01 1.489791393280029297e+00
5.628189444541931152e-01 1.481485962867736816e+00
5.638275742530822754e-01 1.484257578849792480e+00
5.648362040519714355e-01 1.490864634513854980e+00
5.658448338508605957e-01 1.473450064659118652e+00
5.668534636497497559e-01 1.468358993530273438e+00
5.678620934486389160e-01 1.468875050544738770e+00
5.688707232475280762e-01 1.459789991378784180e+00
5.698794126510620117e-01 1.470774531364440918e+00
5.708880424499511719e-01 1.474985003471374512e+00
5.718966722488403320e-01 1.449336528778076172e+00
5.729053020477294922e-01 1.453884005546569824e+00
5.739139318466186523e-01 1.455510497093200684e+00
5.749225616455078125e-01 1.415667176246643066e+00
5.759311914443969727e-01 1.430396437644958496e+00
5.769398212432861328e-01 1.451660156250000000e+00
5.779484510421752930e-01 1.447315216064453125e+00
5.789571404457092285e-01 1.463429450988769531e+00
5.799657702445983887e-01 1.439637064933776855e+00
5.809744000434875488e-01 1.437823891639709473e+00
5.819830298423767090e-01 1.437359571456909180e+00
5.829916596412658691e-01 1.426153540611267090e+00
5.840002894401550293e-01 1.439753770828247070e+00
5.850089192390441895e-01 1.425912857055664062e+00
5.860175490379333496e-01 1.450284957885742188e+00
5.870261788368225098e-01 1.442603945732116699e+00
5.880348086357116699e-01 1.429672122001647949e+00
5.890434980392456055e-01 1.410999059677124023e+00
5.900521278381347656e-01 1.414555907249450684e+00
5.910607576370239258e-01 1.427814245223999023e+00
5.920693874359130859e-01 1.433685898780822754e+00
5.930780172348022461e-01 1.432651042938232422e+00
5.940866470336914062e-01 1.418760418891906738e+00
5.950952768325805664e-01 1.428110599517822266e+00
5.961039066314697266e-01 1.412420511245727539e+00
5.971125364303588867e-01 1.396728396415710449e+00
5.981212258338928223e-01 1.405911326408386230e+00
5.991298556327819824e-01 1.428031682968139648e+00
6.001384854316711426e-01 1.389327526092529297e+00
6.011471152305603027e-01 1.382941246032714844e+00
6.021557450294494629e-01 1.411137580871582031e+00
6.031643748283386230e-01 1.385385274887084961e+00
6.041730046272277832e-01 1.387086629867553711e+00
6.051816344261169434e-01 1.404420375823974609e+00
6.061902642250061035e-01 1.391322970390319824e+00
6.071988940238952637e-01 1.399207115173339844e+00
6.082075834274291992e-01 1.416616439819335938e+00
6.092162132263183594e-01 1.387324452400207520e+00
6.102248430252075195e-01 1.372298717498779297e+00
6.112334728240966797e-01 1.383786439895629883e+00
6.122421026229858398e-01 1.389443039894104004e+00
6.132507324218750000e-01 1.394377827644348145e+00
6.142593622207641602e-01 1.391259193420410156e+00
6.152679920196533203e-01 1.370679140090942383e+00
6.162766218185424805e-01 1.358965992927551270e+00
6.172853112220764160e-01 1.361312627792358398e+00
6.182939410209655762e-01 1.385025978088378906e+00
6.193025708198547363e-01 1.369463443756103516e+00
6.203112006187438965e-01 1.363896012306213379e+00
6.213198304176330566e-01 1.372504830360412598e+00
6.223284602165222168e-01 1.374884724617004395e+00
6.233370900154113770e-01 1.385727643966674805e+00
6.243457198143005371e-01 1.369512438774108887e+00
6.253543496131896973e-01 1.357022881507873535e+00
6.263629794120788574e-01 1.374681353569030762e+00
6.273716688156127930e-01 1.371089935302734375e+00
6.283802986145019531e-01 1.365989685058593750e+00
6.293889284133911133e-01 1.384666085243225098e+00
6.303975582122802734e-01 1.363375067710876465e+00
6.314061880111694336e-01 1.357463598251342773e+00
6.324148178100585938e-01 1.350370407104492188e+00
6.334234476089477539e-01 1.355636000633239746e+00
6.344320774078369141e-01 1.341364145278930664e+00
6.354407072067260742e-01 1.359843611717224121e+00
6.364493966102600098e-01 1.348506331443786621e+00
6.374580264091491699e-01 1.359681963920593262e+00
6.384666562080383301e-01 1.338839530944824219e+00
6.394752860069274902e-01 1.327614784240722656e+00
6.404839158058166504e-01 1.336902976036071777e+00
6.414925456047058105e-01 1.344299912452697754e+00
6.425011754035949707e-01 1.334551692008972168e+00
6.435098052024841309e-01 1.340122103691101074e+00
6.445184350013732910e-01 1.341028332710266113e+00
6.455271244049072266e-01 1.355567455291748047e+00
6.465357542037963867e-01 1.325837850570678711e+00
6.475443840026855469e-01 1.339329242706298828e+00
6.485530138015747070e-01 1.330930352210998535e+00
6.495616436004638672e-01 1.339850544929504395e+00
6.505702733993530273e-01 1.326087951660156250e+00
6.515789031982421875e-01 1.333707690238952637e+00
6.525875329971313477e-01 1.323907971382141113e+00
6.535961627960205078e-01 1.329709053039550781e+00
6.546047925949096680e-01 1.327969074249267578e+00
6.556134819984436035e-01 1.304706335067749023e+00
6.566221117973327637e-01 1.323277831077575684e+00
6.576307415962219238e-01 1.318145871162414551e+00
6.586393713951110840e-01 1.314291238784790039e+00
6.596480011940002441e-01 1.317970633506774902e+00
6.606566309928894043e-01 1.319229006767272949e+00
6.616652607917785645e-01 1.345554947853088379e+00
6.626738905906677246e-01 1.324344396591186523e+00
6.636825203895568848e-01 1.333484649658203125e+00
6.646912097930908203e-01 1.309068083763122559e+00
6.656998395919799805e-01 1.332607865333557129e+00
6.667084693908691406e-01 1.324687004089355469e+00
6.677170991897583008e-01 1.299203634262084961e+00
6.687257289886474609e-01 1.304620265960693359e+00
6.697343587875366211e-01 1.321692466735839844e+00
6.707429885864257812e-01 1.318521976470947266e+00
6.717516183853149414e-01 1.291325330734252930e+00
6.727602481842041016e-01 1.310435414314270020e+00
6.737688779830932617e-01 1.331283092498779297e+00
6.747775673866271973e-01 1.318273425102233887e+00
6.757861971855163574e-01 1.283037185668945312e+00
6.767948269844055176e-01 1.300738334655761719e+00
6.778034567832946777e-01 1.293145179748535156e+00
6.788120865821838379e-01 1.285311341285705566e+00
6.798207163810729980e-01 1.301923394203186035e+00
6.808293461799621582e-01 1.293282032012939453e+00
6.818379759788513184e-01 1.311219453811645508e+00
6.828466057777404785e-01 1.304525256156921387e+00
6.838552951812744141e-01 1.292034029960632324e+00
6.848639249801635742e-01 1.262400031089782715e+00
6.858725547790527344e-01 1.295012116432189941e+00
6.868811845779418945e-01 1.302057504653930664e+00
6.878898143768310547e-01 1.276468396186828613e+00
6.888984441757202148e-01 1.306974887847900391e+00
6.899070739746093750e-01 1.287134647369384766e+00
6.909157037734985352e-01 1.283538341522216797e+00
6.919243335723876953e-01 1.290444731712341309e+00
6.929329633712768555e-01 1.283349514007568359e+00
6.939416527748107910e-01 1.283356785774230957e+00
6.949502825736999512e-01 1.266634464263916016e+00
6.959589123725891113e-01 1.286744832992553711e+00
6.969675421714782715e-01 1.311760306358337402e+00
6.979761719703674316e-01 1.283490300178527832e+00
6.989848017692565918e-01 1.302223086357116699e+00
6.999934315681457520e-01 1.284368157386779785e+00
7.010020613670349121e-01 1.290446519851684570e+00
7.020106911659240723e-01 1.274734258651733398e+00
7.030193805694580078e-01 1.296334266662597656e+00
7.040280103683471680e-01 1.279336810111999512e+00
7.050366401672363281e-01 1.292733907699584961e+00
7.060452699661254883e-01 1.282195806503295898e+00
7.070538997650146484e-01 1.282453179359436035e+00
7.080625295639038086e-01 1.281127095222473145e+00
7.090711593627929688e-01 1.272763609886169434e+00
7.100797891616821289e-01 1.266324281692504883e+00
7.110884189605712891e-01 1.272691488265991211e+00
7.120970487594604492e-01 1.270699739456176758e+00
7.131057381629943848e-01 1.285100817680358887e+00
7.141143679618835449e-01 1.274344801902770996e+00
7.151229977607727051e-01 1.274849057197570801e+00
7.161316275596618652e-01 1.265367388725280762e+00
7.171402573585510254e-01 1.266380548477172852e+00
7.181488871574401855e-01 1.279369235038757324e+00
7.191575169563293457e-01 1.290741443634033203e+00
7.201661467552185059e-01 1.281437993049621582e+00
7.211747765541076660e-01 1.272216439247131348e+00
7.221834659576416016e-01 1.260999321937561035e+00
7.231920957565307617e-01 1.271086215972900391e+00
7.242007255554199219e-01 1.257835745811462402e+00
7.252093553543090820e-01 1.252252340316772461e+00
7.262179851531982422e-01 1.263812184333801270e+00
7.272266149520874023e-01 1.266562104225158691e+00
7.282352447509765625e-01 1.254988193511962891e+00
7.292438745498657227e-01 1.251332640647888184e+00
7.302525043487548828e-01 1.262747883796691895e+00
7.312611341476440430e-01 1.270227074623107910e+00
7.322698235511779785e-01 1.247734665870666504e+00
7.332784533500671387e-01 1.240563392639160156e+00
7.342870831489562988e-01 1.257801651954650879e+00
7.352957129478454590e-01 1.277881622314453125e+00
7.363043427467346191e-01 1.267461776733398438e+00
7.373129725456237793e-01 1.276967525482177734e+00
7.383216023445129395e-01 1.239563941955566406e+00
7.393302321434020996e-01 1.241643667221069336e+00
7.403388619422912598e-01 1.265340566635131836e+00
7.413475513458251953e-01 1.266706109046936035e+00
7.423561811447143555e-01 1.254809260368347168e+00
7.433648109436035156e-01 1.241534829139709473e+00
7.443734407424926758e-01 1.265462279319763184e+00
7.453820705413818359e-01 1.248868823051452637e+00
7.463907003402709961e-01 1.264461636543273926e+00
7.473993301391601562e-01 1.255423665046691895e+00
7.484079599380493164e-01 1.222653031349182129e+00
7.494165897369384766e-01 1.260652542114257812e+00
7.504252195358276367e-01 1.255931019783020020e+00
7.514339089393615723e-01 1.266816735267639160e+00
7.524425387382507324e-01 1.289534926414489746e+00
7.534511685371398926e-01 1.306298136711120605e+00
7.544597983360290527e-01 1.234300136566162109e+00
7.554684281349182129e-01 1.264617800712585449e+00
7.564770579338073730e-01 1.260599136352539062e+00
7.574856877326965332e-01 1.262897968292236328e+00
7.584943175315856934e-01 1.249599337577819824e+00
7.595029473304748535e-01 1.256477475166320801e+00
7.605116367340087891e-01 1.235548138618469238e+00
7.615202665328979492e-01 1.245749235153198242e+00
7.625288963317871094e-01 1.251194238662719727e+00
7.635375261306762695e-01 1.262937188148498535e+00
7.645461559295654297e-01 1.248158097267150879e+00
7.655547857284545898e-01 1.262986302375793457e+00
7.665634155273437500e-01 1.264193058013916016e+00
7.675720453262329102e-01 1.258275151252746582e+00
7.685806751251220703e-01 1.265645265579223633e+00
7.695893049240112305e-01 1.248188495635986328e+00
7.705979943275451660e-01 1.245921015739440918e+00
7.716066241264343262e-01 1.262694597244262695e+00
7.726152539253234863e-01 1.243443846702575684e+00
7.736238837242126465e-01 1.264347076416015625e+00
7.746325135231018066e-01 1.272542595863342285e+00
7.756411433219909668e-01 1.269351720809936523e+00
7.766497731208801270e-01 1.250900268554687500e+00
7.776584029197692871e-01 1.258442521095275879e+00
7.786670327186584473e-01 1.270039200782775879e+00
7.796757221221923828e-01 1.270021319389343262e+00
7.806843519210815430e-01 1.270504832267761230e+00
7.816929817199707031e-01 1.268229961395263672e+00
7.827016115188598633e-01 1.269702911376953125e+00
7.837102413177490234e-01 1.260120034217834473e+00
7.847188711166381836e-01 1.263583302497863770e+00
7.857275009155273438e-01 1.282565832138061523e+00
7.867361307144165039e-01 1.280494689941406250e+00
7.877447605133056641e-01 1.269500970840454102e+00
7.887533903121948242e-01 1.310153841972351074e+00
7.897620797157287598e-01 1.284134626388549805e+00
7.907707095146179199e-01 1.289606451988220215e+00
7.917793393135070801e-01 1.273545622825622559e+00
7.927879691123962402e-01 1.272665977478027344e+00
7.937965989112854004e-01 1.300870060920715332e+00
7.948052287101745605e-01 1.267664313316345215e+00
7.958138585090637207e-01 1.255484461784362793e+00
7.968224883079528809e-01 1.254355192184448242e+00
7.978311181068420410e-01 1.259450674057006836e+00
7.988398075103759766e-01 1.283953785896301270e+00
7.998484373092651367e-01 1.281517863273620605e+00
8.008570671081542969e-01 1.261982917785644531e+00
8.018656969070434570e-01 1.268155455589294434e+00
8.028743267059326172e-01 1.277382016181945801e+00
8.038829565048217773e-01 1.263709902763366699e+00
8.048915863037109375e-01 1.256991624832153320e+00
8.059002161026000977e-01 1.278324604034423828e+00
8.069088459014892578e-01 1.267563939094543457e+00
8.079174757003784180e-01 1.280858516693115234e+00
8.089261651039123535e-01 1.304001808166503906e+00
8.099347949028015137e-01 1.296066522598266602e+00
8.109434247016906738e-01 1.300469517707824707e+00
8.119520545005798340e-01 1.288355827331542969e+00
8.129606842994689941e-01 1.271239399909973145e+00
8.139693140983581543e-01 1.281531572341918945e+00
8.149779438972473145e-01 1.272187948226928711e+00
8.159865736961364746e-01 1.293171525001525879e+00
8.169952034950256348e-01 1.284970521926879883e+00
8.180038928985595703e-01 1.333408594131469727e+00
8.190125226974487305e-01 1.303472042083740234e+00
8.200211524963378906e-01 1.277075409889221191e+00
8.210297822952270508e-01 1.280410647392272949e+00
8.220384120941162109e-01 1.271567463874816895e+00
8.230470418930053711e-01 1.296391010284423828e+00
8.240556716918945312e-01 1.312695741653442383e+00
8.250643014907836914e-01 1.296415090560913086e+00
8.260729312896728516e-01 1.293946862220764160e+00
8.270815610885620117e-01 1.293006896972656250e+00
8.280902504920959473e-01 1.303792476654052734e+00
8.290988802909851074e-01 1.283415794372558594e+00
8.301075100898742676e-01 1.282884597778320312e+00
8.311161398887634277e-01 1.274444818496704102e+00
8.321247696876525879e-01 1.293403267860412598e+00
8.331333994865417480e-01 1.302859663963317871e+00
8.341420292854309082e-01 1.293123126029968262e+00
8.351506590843200684e-01 1.291876077651977539e+00
8.361592888832092285e-01 1.311693787574768066e+00
8.371679782867431641e-01 1.298625588417053223e+00
8.381766080856323242e-01 1.304456830024719238e+00
8.391852378845214844e-01 1.314591884613037109e+00
8.401938676834106445e-01 1.306687355041503906e+00
8.412024974822998047e-01 1.327376723289489746e+00
8.422111272811889648e-01 1.297999501228332520e+00
8.432197570800781250e-01 1.332466602325439453e+00
8.442283868789672852e-01 1.316736340522766113e+00
8.452370166778564453e-01 1.314746856689453125e+00
8.462456464767456055e-01 1.305047512054443359e+00
8.472543358802795410e-01 1.294134020805358887e+00
8.482629656791687012e-01 1.280932426452636719e+00
8.492715954780578613e-01 1.292550325393676758e+00
8.502802252769470215e-01 1.276296138763427734e+00
8.512888550758361816e-01 1.266075253486633301e+00
8.522974848747253418e-01 1.267198562622070312e+00
8.533061146736145020e-01 1.279673457145690918e+00
8.543147444725036621e-01 1.263629555702209473e+00
8.553233742713928223e-01 1.232955813407897949e+00
8.563320636749267578e-01 1.230439662933349609e+00
8.573406934738159180e-01 1.241835236549377441e+00
8.583493232727050781e-01 1.226898074150085449e+00
8.593579530715942383e-01 1.217050909996032715e+00
8.603665828704833984e-01 1.259084343910217285e+00
8.613752126693725586e-01 1.225441932678222656e+00
8.623838424682617188e-01 1.231787323951721191e+00
8.633924722671508789e-01 1.216457486152648926e+00
8.644011020660400391e-01 1.246551513671875000e+00
8.654097318649291992e-01 1.221310019493103027e+00
8.664184212684631348e-01 1.258733987808227539e+00
8.674270510673522949e-01 1.224483728408813477e+00
8.684356808662414551e-01 1.239995598793029785e+00
8.694443106651306152e-01 1.256421208381652832e+00
8.704529404640197754e-01 1.253634572029113770e+00
8.714615702629089355e-01 1.261603713035583496e+00
8.724702000617980957e-01 1.251765370368957520e+00
8.734788298606872559e-01 1.260223388671875000e+00
8.744874596595764160e-01 1.250150680541992188e+00
8.754961490631103516e-01 1.248558282852172852e+00
8.765047788619995117e-01 1.241363406181335449e+00
8.775134086608886719e-01 1.276625275611877441e+00
8.785220384597778320e-01 1.276197552680969238e+00
8.795306682586669922e-01 1.247436404228210449e+00
8.805392980575561523e-01 1.247347235679626465e+00
8.815479278564453125e-01 1.277698040008544922e+00
8.825565576553344727e-01 1.261458396911621094e+00
8.835651874542236328e-01 1.283607721328735352e+00
8.845738172531127930e-01 1.241636395454406738e+00
8.855825066566467285e-01 1.263774633407592773e+00
8.865911364555358887e-01 1.281282901763916016e+00
8.875997662544250488e-01 1.309426426887512207e+00
8.886083960533142090e-01 1.290609121322631836e+00
8.896170258522033691e-01 1.293961286544799805e+00
8.906256556510925293e-01 1.290681600570678711e+00
8.916342854499816895e-01 1.242226123809814453e+00
8.926429152488708496e-01 1.286936640739440918e+00
8.936515450477600098e-01 1.270947694778442383e+00
8.946602344512939453e-01 1.309018373489379883e+00
8.956688642501831055e-01 1.321687579154968262e+00
8.966774940490722656e-01 1.266387462615966797e+00
8.976861238479614258e-01 1.282712340354919434e+00
8.986947536468505859e-01 1.276324033737182617e+00
8.997033834457397461e-01 1.278435111045837402e+00
9.007120132446289062e-01 1.307830095291137695e+00
9.017206430435180664e-01 1.299607992172241211e+00
9.027292728424072266e-01 1.285407185554504395e+00
9.037379026412963867e-01 1.293374538421630859e+00
9.047465920448303223e-01 1.282429099082946777e+00
9.057552218437194824e-01 1.292428016662597656e+00
9.067638516426086426e-01 1.303948163986206055e+00
9.077724814414978027e-01 1.259327769279479980e+00
9.087811112403869629e-01 1.278609156608581543e+00
9.097897410392761230e-01 1.282566547393798828e+00
9.107983708381652832e-01 1.272988677024841309e+00
9.118070006370544434e-01 1.302327752113342285e+00
9.128156304359436035e-01 1.298779845237731934e+00
9.138243198394775391e-01 1.308900475502014160e+00
9.148329496383666992e-01 1.286595821380615234e+00
9.158415794372558594e-01 1.304286003112792969e+00
9.168502092361450195e-01 1.288970112800598145e+00
9.178588390350341797e-01 1.288590669631958008e+00
9.188674688339233398e-01 1.275672912597656250e+00
9.198760986328125000e-01 1.281546473503112793e+00
9.208847284317016602e-01 1.289408922195434570e+00
9.218933582305908203e-01 1.270159244537353516e+00
9.229020476341247559e-01 1.289532542228698730e+00
9.239106774330139160e-01 1.266433835029602051e+00
9.249193072319030762e-01 1.290111422538757324e+00
9.259279370307922363e-01 1.284932017326354980e+00
9.269365668296813965e-01 1.288804769515991211e+00
9.279451966285705566e-01 1.333958506584167480e+00
9.289538264274597168e-01 1.341467261314392090e+00
9.299624562263488770e-01 1.301958203315734863e+00
9.309710860252380371e-01 1.279130578041076660e+00
9.319797158241271973e-01 1.282045483589172363e+00
9.329884052276611328e-01 1.301053643226623535e+00
9.339970350265502930e-01 1.285848498344421387e+00
9.350056648254394531e-01 1.290159106254577637e+00
9.360142946243286133e-01 1.302282691001892090e+00
9.370229244232177734e-01 1.280774235725402832e+00
9.380315542221069336e-01 1.297147750854492188e+00
9.390401840209960938e-01 1.298425078392028809e+00
9.400488138198852539e-01 1.293788194656372070e+00
9.410574436187744141e-01 1.277038097381591797e+00
9.420661330223083496e-01 1.303390145301818848e+00
9.430747628211975098e-01 1.320450305938720703e+00
9.440833926200866699e-01 1.311169028282165527e+00
9.450920224189758301e-01 1.268663644790649414e+00
9.461006522178649902e-01 1.280929803848266602e+00
9.471092820167541504e-01 1.276090264320373535e+00
9.481179118156433105e-01 1.282151341438293457e+00
9.491265416145324707e-01 1.312162876129150391e+00
9.501351714134216309e-01 1.263548493385314941e+00
9.511438012123107910e-01 1.328363895416259766e+00
9.521524906158447266e-01 1.292662262916564941e+00
9.531611204147338867e-01 1.273924946784973145e+00
9.541697502136230469e-01 1.284548401832580566e+00
9.551783800125122070e-01 1.300484657287597656e+00
9.561870098114013672e-01 1.272530674934387207e+00
9.571956396102905273e-01 1.242241859436035156e+00
9.582042694091796875e-01 1.267578840255737305e+00
9.592128992080688477e-01 1.303079485893249512e+00
9.602215290069580078e-01 1.295968055725097656e+00
9.612302184104919434e-01 1.286643624305725098e+00
9.622388482093811035e-01 1.260751485824584961e+00
9.632474780082702637e-01 1.244812965393066406e+00
9.642561078071594238e-01 1.263127923011779785e+00
9.652647376060485840e-01 1.287028551101684570e+00
9.662733674049377441e-01 1.240252017974853516e+00
9.672819972038269043e-01 1.251628756523132324e+00
9.682906270027160645e-01 1.230484127998352051e+00
9.692992568016052246e-01 1.300036191940307617e+00
9.703078866004943848e-01 1.264863848686218262e+00
9.713165760040283203e-01 1.254195094108581543e+00
9.723252058029174805e-01 1.295237183570861816e+00
9.733338356018066406e-01 1.307478189468383789e+00
9.743424654006958008e-01 1.260278224945068359e+00
9.753510951995849609e-01 1.257407069206237793e+00
9.763597249984741211e-01 1.295744299888610840e+00
9.773683547973632812e-01 1.267829656600952148e+00
9.783769845962524414e-01 1.262780547142028809e+00
9.793856143951416016e-01 1.260959386825561523e+00
9.803943037986755371e-01 1.167679071426391602e+00
9.814029335975646973e-01 1.200679421424865723e+00
9.824115633964538574e-01 1.198909878730773926e+00
9.834201931953430176e-01 1.261346340179443359e+00
9.844288229942321777e-01 1.249704003334045410e+00
9.854374527931213379e-01 1.210054636001586914e+00
9.864460825920104980e-01 1.188024282455444336e+00
9.874547123908996582e-01 1.222474455833435059e+00
9.884633421897888184e-01 1.248133301734924316e+00
9.894719719886779785e-01 1.196021556854248047e+00
9.904806613922119141e-01 1.234080195426940918e+00
9.914892911911010742e-01 1.148702859878540039e+00
9.924979209899902344e-01 1.213157057762145996e+00
9.935065507888793945e-01 1.214396119117736816e+00
9.945151805877685547e-01 1.165972232818603516e+00
9.955238103866577148e-01 1.105378866195678711e+00
9.965324401855468750e-01 1.148244500160217285e+00
9.975410699844360352e-01 1.169308781623840332e+00
9.985496997833251953e-01 1.164300799369812012e+00
9.995583891868591309e-01 1.158241391181945801e+00
1.000566959381103516e+00 1.122201800346374512e+00
1.001575589179992676e+00 1.165804862976074219e+00
1.002584218978881836e+00 1.109109282493591309e+00
1.003592848777770996e+00 1.121500134468078613e+00
1.004601597785949707e+00 1.155719280242919922e+00
1.005610227584838867e+00 1.126469373703002930e+00
1.006618857383728027e+00 1.132809877395629883e+00
1.007627487182617188e+00 1.140295743942260742e+00
1.008636116981506348e+00 1.093937039375305176e+00
1.009644746780395508e+00 1.094836115837097168e+00
1.010653376579284668e+00 1.123776435852050781e+00
1.011662006378173828e+00 1.080073833465576172e+00
1.012670636177062988e+00 1.113108396530151367e+00
1.013679265975952148e+00 1.093446254730224609e+00
1.014687895774841309e+00 1.095552086830139160e+00
1.015696525573730469e+00 1.079677700996398926e+00
1.016705155372619629e+00 1.107520341873168945e+00
1.017713785171508789e+00 1.084489941596984863e+00
1.018722414970397949e+00 1.088227391242980957e+00
1.019731044769287109e+00 1.097288250923156738e+00
1.020739674568176270e+00 1.121693372726440430e+00
1.021748304367065430e+00 1.066202163696289062e+00
1.022756934165954590e+00 1.138823509216308594e+00
1.023765683174133301e+00 1.094721436500549316e+00
1.024774312973022461e+00 1.139894127845764160e+00
1.025782942771911621e+00 1.114441871643066406e+00
1.026791572570800781e+00 1.132714629173278809e+00
1.027800202369689941e+00 1.080414414405822754e+00
1.028808832168579102e+00 1.072654128074645996e+00
1.029817461967468262e+00 1.053700447082519531e+00
1.030826091766357422e+00 1.089994907379150391e+00
1.031834721565246582e+00 1.052683115005493164e+00
1.032843351364135742e+00 1.034358024597167969e+00
1.033851981163024902e+00 1.081940889358520508e+00
1.034860610961914062e+00 1.095287084579467773e+00
1.035869240760803223e+00 1.119843721389770508e+00
1.036877870559692383e+00 1.127839207649230957e+00
1.037886500358581543e+00 1.043750047683715820e+00
1.038895130157470703e+00 1.115119457244873047e+00
1.039903759956359863e+00 1.074488759040832520e+00
1.040912389755249023e+00 1.133045792579650879e+00
1.041921019554138184e+00 1.108302712440490723e+00
1.042929768562316895e+00 1.117725014686584473e+00
1.043938398361206055e+00 1.094838976860046387e+00
1.044947028160095215e+00 1.111704587936401367e+00
1.045955657958984375e+00 1.104939937591552734e+00
1.046964287757873535e+00 1.139852523803710938e+00
1.047972917556762695e+00 1.080126047134399414e+00
1.048981547355651855e+00 1.145119428634643555e+00
1.049990177154541016e+00 1.125004410743713379e+00
1.050998806953430176e+00 1.110164284706115723e+00
1.052007436752319336e+00 1.104980111122131348e+00
1.053016066551208496e+00 1.156839489936828613e+00
1.054024696350097656e+00 1.189646005630493164e+00
1.055033326148986816e+00 1.165052175521850586e+00
1.056041955947875977e+00 1.197554945945739746e+00
1.057050585746765137e+00 1.099588990211486816e+00
1.058059215545654297e+00 1.122942447662353516e+00
1.059067845344543457e+00 1.170848965644836426e+00
1.060076475143432617e+00 1.127046108245849609e+00
1.061085104942321777e+00 1.160685896873474121e+00
1.062093853950500488e+00 1.128055572509765625e+00
1.063102483749389648e+00 1.122021079063415527e+00
1.064111113548278809e+00 1.127696275711059570e+00
1.065119743347167969e+00 1.118462204933166504e+00
1.066128373146057129e+00 1.129351854324340820e+00
1.067137002944946289e+00 1.107922911643981934e+00
1.068145632743835449e+00 1.194246888160705566e+00
1.069154262542724609e+00 1.175203680992126465e+00
1.070162892341613770e+00 1.198030471801757812e+00
1.071171522140502930e+00 1.119768142700195312e+00
1.072180151939392090e+00 1.174064993858337402e+00
1.073188781738281250e+00 1.172970294952392578e+00
1.074197411537170410e+00 1.185715079307556152e+00
1.075206041336059570e+00 1.168290019035339355e+00
1.076214671134948730e+00 1.216239809989929199e+00
1.077223300933837891e+00 1.158967971801757812e+00
1.078231930732727051e+00 1.172299385070800781e+00
1.079240560531616211e+00 1.201310038566589355e+00
1.080249190330505371e+00 1.175850629806518555e+00
1.081257939338684082e+00 1.160390853881835938e+00
1.082266569137573242e+00 1.216141939163208008e+00
1.083275198936462402e+00 1.209471583366394043e+00
1.084283828735351562e+00 1.252880334854125977e+00
1.085292458534240723e+00 1.215690255165100098e+00
1.086301088333129883e+00 1.209551215171813965e+00
1.087309718132019043e+00 1.193397164344787598e+00
1.088318347930908203e+00 1.196621060371398926e+00
1.089326977729797363e+00 1.193371176719665527e+00
1.090335607528686523e+00 1.222499251365661621e+00
1.091344237327575684e+00 1.243356585502624512e+00
1.092352867126464844e+00 1.187933325767517090e+00
1.093361496925354004e+00 1.195158958435058594e+00
1.094370126724243164e+00 1.229427814483642578e+00
1.095378756523132324e+00 1.199313879013061523e+00
1.096387386322021484e+00 1.205915093421936035e+00
1.097396016120910645e+00 1.206304788589477539e+00
1.098404645919799805e+00 1.185359477996826172e+00
1.099413275718688965e+00 1.146718025207519531e+00
1.100422024726867676e+00 1.280493855476379395e+00
1.101430654525756836e+00 1.216465234756469727e+00
1.102439284324645996e+00 1.173228502273559570e+00
1.103447914123535156e+00 1.175117611885070801e+00
1.104456543922424316e+00 1.215173840522766113e+00
1.105465173721313477e+00 1.163490295410156250e+00
1.106473803520202637e+00 1.214381456375122070e+00
1.107482433319091797e+00 1.232031583786010742e+00
1.108491063117980957e+00 1.195214033126831055e+00
1.109499692916870117e+00 1.247870206832885742e+00
1.110508322715759277e+00 1.167402863502502441e+00
1.111516952514648438e+00 1.231893181800842285e+00
1.112525582313537598e+00 1.283430337905883789e+00
1.113534212112426758e+00 1.226622819900512695e+00
1.114542841911315918e+00 1.197843194007873535e+00
1.115551471710205078e+00 1.245768785476684570e+00
1.116560101509094238e+00 1.264588475227355957e+00
1.117568731307983398e+00 1.337029695510864258e+00
1.118577361106872559e+00 1.244249820709228516e+00
1.119586110115051270e+00 1.197591662406921387e+00
1.120594739913940430e+00 1.215831756591796875e+00
1.121603369712829590e+00 1.265974998474121094e+00
1.122611999511718750e+00 1.200643301010131836e+00
1.123620629310607910e+00 1.236391305923461914e+00
1.124629259109497070e+00 1.254739642143249512e+00
1.125637888908386230e+00 1.236919403076171875e+00
1.126646518707275391e+00 1.278110742568969727e+00
1.127655148506164551e+00 1.262511134147644043e+00
1.128663778305053711e+00 1.250012636184692383e+00
1.129672408103942871e+00 1.266741752624511719e+00
1.130681037902832031e+00 1.240619540214538574e+00
1.131689667701721191e+00 1.251061916351318359e+00
1.132698297500610352e+00 1.337588548660278320e+00
1.133706927299499512e+00 1.300200700759887695e+00
1.134715557098388672e+00 1.234380006790161133e+00
1.135724186897277832e+00 1.204897880554199219e+00
1.136732816696166992e+00 1.268141865730285645e+00
1.137741446495056152e+00 1.357081770896911621e+00
1.138750195503234863e+00 1.232156038284301758e+00
1.139758825302124023e+00 1.243530631065368652e+00
1.140767455101013184e+00 1.337090849876403809e+00
1.141776084899902344e+00 1.270575642585754395e+00
1.142784714698791504e+00 1.317670345306396484e+00
1.143793344497680664e+00 1.276402592658996582e+00
1.144801974296569824e+00 1.232737064361572266e+00
1.145810604095458984e+00 1.232044816017150879e+00
1.146819233894348145e+00 1.251931428909301758e+00
1.147827863693237305e+00 1.314908981323242188e+00
1.148836493492126465e+00 1.313129305839538574e+00
1.149845123291015625e+00 1.357156753540039062e+00
1.150853753089904785e+00 1.295057654380798340e+00
1.151862382888793945e+00 1.312364101409912109e+00
1.152871012687683105e+00 1.208196401596069336e+00
1.153879642486572266e+00 1.195183038711547852e+00
1.154888272285461426e+00 1.233953952789306641e+00
1.155896902084350586e+00 1.355733275413513184e+00
1.156905531883239746e+00 1.382514715194702148e+00
1.157914280891418457e+00 1.252256989479064941e+00
1.158922910690307617e+00 1.276092052459716797e+00
1.159931540489196777e+00 1.161722183227539062e+00
1.160940170288085938e+00 1.270732283592224121e+00
1.161948800086975098e+00 1.333593010902404785e+00
1.162957429885864258e+00 1.350120067596435547e+00
1.163966059684753418e+00 1.378424167633056641e+00
1.164974689483642578e+00 1.389649391174316406e+00
1.165983319282531738e+00 1.344637870788574219e+00
1.166991949081420898e+00 1.271402120590209961e+00
1.168000578880310059e+00 1.311708807945251465e+00
1.169009208679199219e+00 1.346507906913757324e+00
1.170017838478088379e+00 1.263121962547302246e+00
1.171026468276977539e+00 1.225955247879028320e+00
1.172035098075866699e+00 1.414265990257263184e+00
1.173043727874755859e+00 1.466206550598144531e+00
1.174052357673645020e+00 1.345797300338745117e+00
1.175060987472534180e+00 1.280464291572570801e+00
1.176069617271423340e+00 1.361084103584289551e+00
1.177078366279602051e+00 1.332765460014343262e+00
1.178086996078491211e+00 1.320325732231140137e+00
1.179095625877380371e+00 1.214691758155822754e+00
1.180104255676269531e+00 1.330943584442138672e+00
1.181112885475158691e+00 1.304271578788757324e+00
1.182121515274047852e+00 1.197893500328063965e+00
1.183130145072937012e+00 1.497888565063476562e+00
1.184138774871826172e+00 1.433703541755676270e+00
1.185147404670715332e+00 1.341272115707397461e+00
1.186156034469604492e+00 1.469020366668701172e+00
1.187164664268493652e+00 1.498415231704711914e+00
1.188173294067382812e+00 1.450951218605041504e+00
1.189181923866271973e+00 1.390260934829711914e+00
1.190190553665161133e+00 1.381960988044738770e+00
1.191199183464050293e+00 1.397451043128967285e+00
1.192207813262939453e+00 1.415187358856201172e+00
1.193216443061828613e+00 1.414043188095092773e+00
1.194225072860717773e+00 1.386129379272460938e+00
1.195233702659606934e+00 1.495263218879699707e+00
1.196242451667785645e+00 1.238268494606018066e+00
1.197251081466674805e+00 1.433411002159118652e+00
1.198259711265563965e+00 1.169227242469787598e+00
1.199268341064453125e+00 1.425485491752624512e+00
1.200276970863342285e+00 1.442960739135742188e+00
1.201285600662231445e+00 1.398450851440429688e+00
1.202294230461120605e+00 1.357332229614257812e+00
1.203302860260009766e+00 1.295463323593139648e+00
1.204311490058898926e+00 1.198339223861694336e+00
1.205320119857788086e+00 1.760962247848510742e+00
1.206328749656677246e+00 1.406960725784301758e+00
1.207337379455566406e+00 1.288929104804992676e+00
1.208346009254455566e+00 1.179498076438903809e+00
1.209354639053344727e+00 8.019102811813354492e-01
