0.000000000000000000e+00 3.703751087188720703e+00
1.000000000000000000e+00 3.477318286895751953e+00
2.000000000000000000e+00 4.219967365264892578e+00
3.000000000000000000e+00 4.670890808105468750e+00
4.000000000000000000e+00 4.736931324005126953e+00
5.000000000000000000e+00 5.460470199584960938e+00
6.000000000000000000e+00 5.684453487396240234e+00
7.000000000000000000e+00 6.172042369842529297e+00
8.000000000000000000e+00 6.424653530120849609e+00
9.000000000000000000e+00 7.102259635925292969e+00
1.000000000000000000e+01 7.456992626190185547e+00
1.100000000000000000e+01 6.606696605682373047e+00
1.200000000000000000e+01 6.096126079559326172e+00
1.300000000000000000e+01 7.405320167541503906e+00
1.400000000000000000e+01 7.608843326568603516e+00
1.500000000000000000e+01 7.674872875213623047e+00
1.600000000000000000e+01 7.631493568420410156e+00
1.700000000000000000e+01 7.899002075195312500e+00
1.800000000000000000e+01 7.746891498565673828e+00
1.900000000000000000e+01 7.777731895446777344e+00
2.000000000000000000e+01 7.360038280487060547e+00
2.100000000000000000e+01 7.244037151336669922e+00
2.200000000000000000e+01 7.042025566101074219e+00
2.300000000000000000e+01 7.301697254180908203e+00
2.400000000000000000e+01 6.669076442718505859e+00
2.500000000000000000e+01 5.748339176177978516e+00
2.600000000000000000e+01 5.515202045440673828e+00
2.700000000000000000e+01 5.073760032653808594e+00
2.800000000000000000e+01 4.777256488800048828e+00
2.900000000000000000e+01 4.551780700683593750e+00
3.000000000000000000e+01 4.428855895996093750e+00
3.100000000000000000e+01 4.518353462219238281e+00
3.200000000000000000e+01 4.487877368927001953e+00
3.300000000000000000e+01 4.320919036865234375e+00
3.400000000000000000e+01 4.032928943634033203e+00
3.500000000000000000e+01 4.170234203338623047e+00
3.600000000000000000e+01 4.698687076568603516e+00
3.700000000000000000e+01 4.394182682037353516e+00
3.800000000000000000e+01 4.384414196014404297e+00
3.900000000000000000e+01 4.706112861633300781e+00
4.000000000000000000e+01 4.598340034484863281e+00
4.100000000000000000e+01 4.734166145324707031e+00
4.200000000000000000e+01 4.606748580932617188e+00
4.300000000000000000e+01 4.596503734588623047e+00
4.400000000000000000e+01 4.255246162414550781e+00
4.500000000000000000e+01 4.702320575714111328e+00
4.600000000000000000e+01 4.869777202606201172e+00
4.700000000000000000e+01 5.032310485839843750e+00
4.800000000000000000e+01 4.837654113769531250e+00
4.900000000000000000e+01 4.749706745147705078e+00
5.000000000000000000e+01 4.831840515136718750e+00
5.100000000000000000e+01 4.987341403961181641e+00
5.200000000000000000e+01 5.368942737579345703e+00
5.300000000000000000e+01 5.519216060638427734e+00
5.400000000000000000e+01 5.712797164916992188e+00
5.500000000000000000e+01 5.778578758239746094e+00
5.600000000000000000e+01 5.562974929809570312e+00
5.700000000000000000e+01 5.423285484313964844e+00
5.800000000000000000e+01 5.679079055786132812e+00
5.900000000000000000e+01 5.891319751739501953e+00
6.000000000000000000e+01 5.611744880676269531e+00
6.100000000000000000e+01 5.843704223632812500e+00
6.200000000000000000e+01 6.155251502990722656e+00
6.300000000000000000e+01 6.301255702972412109e+00
6.400000000000000000e+01 6.063892841339111328e+00
6.500000000000000000e+01 5.867405414581298828e+00
6.600000000000000000e+01 6.008473873138427734e+00
6.700000000000000000e+01 5.990485668182373047e+00
6.800000000000000000e+01 6.060481548309326172e+00
6.900000000000000000e+01 6.145336151123046875e+00
7.000000000000000000e+01 6.571610450744628906e+00
7.100000000000000000e+01 6.497539997100830078e+00
7.200000000000000000e+01 6.828934669494628906e+00
7.300000000000000000e+01 7.064567565917968750e+00
7.400000000000000000e+01 6.972940444946289062e+00
7.500000000000000000e+01 6.938206672668457031e+00
7.600000000000000000e+01 6.909022808074951172e+00
7.700000000000000000e+01 6.805037021636962891e+00
7.800000000000000000e+01 6.990604877471923828e+00
7.900000000000000000e+01 6.772510528564453125e+00
8.000000000000000000e+01 6.968372821807861328e+00
8.100000000000000000e+01 7.076532840728759766e+00
8.200000000000000000e+01 7.122711658477783203e+00
8.300000000000000000e+01 7.056267738342285156e+00
8.400000000000000000e+01 6.714333057403564453e+00
8.500000000000000000e+01 5.889867305755615234e+00
8.600000000000000000e+01 6.379357814788818359e+00
8.700000000000000000e+01 6.809008121490478516e+00
8.800000000000000000e+01 6.475895404815673828e+00
8.900000000000000000e+01 6.319481849670410156e+00
9.000000000000000000e+01 6.702889442443847656e+00
9.100000000000000000e+01 6.740360260009765625e+00
9.200000000000000000e+01 6.629416942596435547e+00
9.300000000000000000e+01 5.817444801330566406e+00
9.400000000000000000e+01 4.180630683898925781e+00
9.500000000000000000e+01 5.214328765869140625e+00
9.600000000000000000e+01 6.366106986999511719e+00
9.700000000000000000e+01 5.757160663604736328e+00
9.800000000000000000e+01 5.771596431732177734e+00
9.900000000000000000e+01 5.788115501403808594e+00
1.000000000000000000e+02 5.463716506958007812e+00
