0.000000000000000000e+00 1.298145507812500000e+04
1.008636085316538811e-03 9.679203125000000000e+03
2.017272170633077621e-03 7.287331054687500000e+03
3.025908255949616432e-03 5.677758300781250000e+03
4.034544341266155243e-03 4.392918945312500000e+03
5.043180659413337708e-03 3.394721435546875000e+03
6.051816511899232864e-03 2.744267822265625000e+03
7.060452364385128021e-03 2.243374023437500000e+03
8.069088682532310486e-03 1.830042968750000000e+03
9.077725000679492950e-03 1.496562988281250000e+03
1.008636131882667542e-02 1.210804199218750000e+03
1.109499670565128326e-02 1.032802368164062500e+03
1.210363302379846573e-02 8.707590332031250000e+02
1.311226934194564819e-02 7.235662231445312500e+02
1.412090472877025604e-02 6.217122802734375000e+02
1.512954104691743851e-02 5.320552368164062500e+02
1.613817736506462097e-02 4.646445617675781250e+02
1.714681275188922882e-02 4.040202636718750000e+02
1.815545000135898590e-02 3.526706542968750000e+02
1.916408538818359375e-02 3.148765869140625000e+02
2.017272263765335083e-02 2.767788391113281250e+02
2.118135802447795868e-02 2.435120697021484375e+02
2.218999341130256653e-02 2.167546844482421875e+02
2.319863066077232361e-02 1.947018127441406250e+02
2.420726604759693146e-02 1.745276489257812500e+02
2.521590143442153931e-02 1.565596160888671875e+02
2.622453868389129639e-02 1.421848602294921875e+02
2.723317407071590424e-02 1.272807006835937500e+02
2.824180945754051208e-02 1.155801467895507812e+02
2.925044670701026917e-02 1.052425537109375000e+02
3.025908209383487701e-02 9.714805603027343750e+01
3.126771748065948486e-02 8.848102569580078125e+01
3.227635473012924194e-02 8.149910736083984375e+01
3.328499197959899902e-02 7.477969360351562500e+01
3.429362550377845764e-02 6.845218658447265625e+01
3.530226275324821472e-02 6.333197784423828125e+01
3.631090000271797180e-02 5.855176162719726562e+01
3.731953352689743042e-02 5.431014251708984375e+01
3.832817077636718750e-02 5.102606201171875000e+01
3.933680802583694458e-02 4.731182861328125000e+01
4.034544527530670166e-02 4.399700546264648438e+01
4.135407879948616028e-02 4.070264053344726562e+01
4.236271604895591736e-02 3.800670242309570312e+01
4.337135329842567444e-02 3.583310317993164062e+01
4.437998682260513306e-02 3.324016571044921875e+01
4.538862407207489014e-02 3.139207839965820312e+01
4.639726132154464722e-02 2.953616714477539062e+01
4.740589484572410583e-02 2.777020072937011719e+01
4.841453209519386292e-02 2.629938316345214844e+01
4.942316934466362000e-02 2.494566726684570312e+01
5.043180286884307861e-02 2.350952911376953125e+01
5.144044011831283569e-02 2.190236282348632812e+01
5.244907736778259277e-02 2.095302009582519531e+01
5.345771089196205139e-02 2.011921501159667969e+01
5.446634814143180847e-02 1.903272819519042969e+01
5.547498539090156555e-02 1.786258888244628906e+01
5.648361891508102417e-02 1.699554443359375000e+01
5.749225616455078125e-02 1.616777038574218750e+01
5.850089341402053833e-02 1.572874355316162109e+01
5.950953066349029541e-02 1.495875644683837891e+01
6.051816418766975403e-02 1.422468757629394531e+01
6.152680143713951111e-02 1.367751502990722656e+01
6.253543496131896973e-02 1.301866340637207031e+01
6.354407221078872681e-02 1.258996009826660156e+01
6.455270946025848389e-02 1.211653614044189453e+01
6.556134670972824097e-02 1.147113704681396484e+01
6.656998395919799805e-02 1.114291191101074219e+01
6.757862120866775513e-02 1.064895629882812500e+01
6.858725100755691528e-02 1.026604843139648438e+01
6.959588825702667236e-02 9.956405639648437500e+00
7.060452550649642944e-02 9.619908332824707031e+00
7.161316275596618652e-02 9.415390968322753906e+00
7.262180000543594360e-02 9.079177856445312500e+00
7.363043725490570068e-02 8.635586738586425781e+00
7.463906705379486084e-02 8.430422782897949219e+00
7.564770430326461792e-02 8.090167999267578125e+00
7.665634155273437500e-02 7.895277500152587891e+00
7.766497880220413208e-02 7.789122581481933594e+00
7.867361605167388916e-02 7.593018531799316406e+00
7.968225330114364624e-02 7.303885936737060547e+00
8.069089055061340332e-02 7.017559528350830078e+00
8.169952034950256348e-02 6.657173633575439453e+00
8.270815759897232056e-02 6.539216518402099609e+00
8.371679484844207764e-02 6.540066719055175781e+00
8.472543209791183472e-02 6.373746395111083984e+00
8.573406934738159180e-02 6.270763874053955078e+00
8.674270659685134888e-02 6.032660007476806641e+00
8.775133639574050903e-02 5.864185810089111328e+00
8.875997364521026611e-02 5.772807598114013672e+00
8.976861089468002319e-02 5.602951049804687500e+00
9.077724814414978027e-02 5.479591369628906250e+00
9.178588539361953735e-02 5.353282451629638672e+00
9.279452264308929443e-02 5.260368824005126953e+00
9.380315244197845459e-02 5.133104324340820312e+00
9.481178969144821167e-02 5.060003757476806641e+00
9.582042694091796875e-02 4.986628055572509766e+00
9.682906419038772583e-02 4.864425182342529297e+00
9.783770143985748291e-02 4.851749897003173828e+00
9.884633868932723999e-02 4.684731483459472656e+00
9.985497593879699707e-02 4.690333843231201172e+00
1.008636057376861572e-01 4.617456436157226562e+00
1.018722429871559143e-01 4.451538085937500000e+00
1.028808802366256714e-01 4.403055191040039062e+00
1.038895174860954285e-01 4.430442333221435547e+00
1.048981547355651855e-01 4.354117870330810547e+00
1.059067919850349426e-01 4.203054904937744141e+00
1.069154217839241028e-01 4.158592700958251953e+00
1.079240590333938599e-01 4.031195640563964844e+00
1.089326962828636169e-01 4.089587688446044922e+00
1.099413335323333740e-01 4.107494831085205078e+00
1.109499707818031311e-01 4.043368816375732422e+00
1.119586080312728882e-01 3.997575521469116211e+00
1.129672378301620483e-01 3.850006818771362305e+00
1.139758750796318054e-01 3.895563125610351562e+00
1.149845123291015625e-01 3.844852209091186523e+00
1.159931495785713196e-01 3.770022392272949219e+00
1.170017868280410767e-01 3.788458585739135742e+00
1.180104240775108337e-01 3.653391122817993164e+00
1.190190613269805908e-01 3.671295404434204102e+00
1.200276911258697510e-01 3.639726161956787109e+00
1.210363283753395081e-01 3.662152290344238281e+00
1.220449656248092651e-01 3.596388339996337891e+00
1.230536028742790222e-01 3.614216327667236328e+00
1.240622401237487793e-01 3.537309408187866211e+00
1.250708699226379395e-01 3.501769065856933594e+00
1.260795146226882935e-01 3.393272876739501953e+00
1.270881444215774536e-01 3.373615980148315430e+00
1.280967891216278076e-01 3.393898963928222656e+00
1.291054189205169678e-01 3.412785291671752930e+00
1.301140487194061279e-01 3.343411922454833984e+00
1.311226934194564819e-01 3.299672842025756836e+00
1.321313232183456421e-01 3.256194829940795898e+00
1.331399679183959961e-01 3.278429031372070312e+00
1.341485977172851562e-01 3.308285474777221680e+00
1.351572424173355103e-01 3.234273195266723633e+00
1.361658722162246704e-01 3.170928716659545898e+00
1.371745020151138306e-01 3.166886329650878906e+00
1.381831467151641846e-01 3.157584905624389648e+00
1.391917765140533447e-01 3.088811635971069336e+00
1.402004212141036987e-01 3.098732709884643555e+00
1.412090510129928589e-01 3.121625900268554688e+00
1.422176808118820190e-01 3.108589172363281250e+00
1.432263255119323730e-01 3.054722070693969727e+00
1.442349553108215332e-01 3.053397893905639648e+00
1.452436000108718872e-01 3.004796504974365234e+00
1.462522298097610474e-01 3.053062200546264648e+00
1.472608745098114014e-01 2.987008094787597656e+00
1.482695043087005615e-01 3.004565000534057617e+00
1.492781341075897217e-01 2.989763259887695312e+00
1.502867788076400757e-01 3.044566154479980469e+00
1.512954086065292358e-01 2.911102533340454102e+00
1.523040533065795898e-01 2.831158876419067383e+00
1.533126831054687500e-01 2.900558233261108398e+00
1.543213278055191040e-01 2.946413278579711914e+00
1.553299576044082642e-01 2.872053384780883789e+00
1.563385874032974243e-01 2.898818492889404297e+00
1.573472321033477783e-01 2.887265443801879883e+00
1.583558619022369385e-01 2.840749740600585938e+00
1.593645066022872925e-01 2.813789367675781250e+00
1.603731364011764526e-01 2.817571640014648438e+00
1.613817811012268066e-01 2.811280727386474609e+00
1.623904109001159668e-01 2.741645097732543945e+00
1.633990406990051270e-01 2.722683906555175781e+00
1.644076853990554810e-01 2.749696254730224609e+00
1.654163151979446411e-01 2.793679475784301758e+00
1.664249598979949951e-01 2.790391206741333008e+00
1.674335896968841553e-01 2.821717977523803711e+00
1.684422194957733154e-01 2.738826513290405273e+00
1.694508641958236694e-01 2.708259820938110352e+00
1.704594939947128296e-01 2.762621879577636719e+00
1.714681386947631836e-01 2.721585750579833984e+00
1.724767684936523438e-01 2.736044168472290039e+00
1.734854131937026978e-01 2.691520690917968750e+00
1.744940429925918579e-01 2.727729797363281250e+00
1.755026727914810181e-01 2.685393095016479492e+00
1.765113174915313721e-01 2.736716032028198242e+00
1.775199472904205322e-01 2.657890558242797852e+00
1.785285919904708862e-01 2.694175720214843750e+00
1.795372217893600464e-01 2.674302816390991211e+00
1.805458664894104004e-01 2.624289751052856445e+00
1.815544962882995605e-01 2.677659034729003906e+00
1.825631260871887207e-01 2.675270080566406250e+00
1.835717707872390747e-01 2.651032924652099609e+00
1.845804005861282349e-01 2.628432035446166992e+00
1.855890452861785889e-01 2.597697734832763672e+00
1.865976750850677490e-01 2.599548816680908203e+00
1.876063048839569092e-01 2.605484962463378906e+00
1.886149495840072632e-01 2.606104850769042969e+00
1.896235793828964233e-01 2.594309806823730469e+00
1.906322240829467773e-01 2.588365077972412109e+00
1.916408538818359375e-01 2.540369987487792969e+00
1.926494985818862915e-01 2.563222646713256836e+00
1.936581283807754517e-01 2.597767829895019531e+00
1.946667581796646118e-01 2.571721792221069336e+00
1.956754028797149658e-01 2.539132833480834961e+00
1.966840326786041260e-01 2.537503719329833984e+00
1.976926773786544800e-01 2.551148414611816406e+00
1.987013071775436401e-01 2.606052637100219727e+00
1.997099518775939941e-01 2.546037912368774414e+00
2.007185816764831543e-01 2.548985719680786133e+00
2.017272114753723145e-01 2.576843500137329102e+00
2.027358561754226685e-01 2.539669275283813477e+00
2.037444859743118286e-01 2.528619050979614258e+00
2.047531306743621826e-01 2.499482154846191406e+00
2.057617604732513428e-01 2.502442359924316406e+00
2.067703902721405029e-01 2.467302799224853516e+00
2.077790349721908569e-01 2.489352464675903320e+00
2.087876647710800171e-01 2.525533199310302734e+00
2.097963094711303711e-01 2.493779420852661133e+00
2.108049392700195312e-01 2.549854993820190430e+00
2.118135839700698853e-01 2.479202032089233398e+00
2.128222137689590454e-01 2.457930088043212891e+00
2.138308435678482056e-01 2.463908672332763672e+00
2.148394882678985596e-01 2.431157588958740234e+00
2.158481180667877197e-01 2.459999561309814453e+00
2.168567627668380737e-01 2.460467576980590820e+00
2.178653925657272339e-01 2.486484527587890625e+00
2.188740372657775879e-01 2.507926464080810547e+00
2.198826670646667480e-01 2.459536075592041016e+00
2.208912968635559082e-01 2.405450105667114258e+00
2.218999415636062622e-01 2.438958168029785156e+00
2.229085713624954224e-01 2.461142063140869141e+00
2.239172160625457764e-01 2.439407825469970703e+00
2.249258458614349365e-01 2.425561428070068359e+00
2.259344756603240967e-01 2.420152187347412109e+00
2.269431203603744507e-01 2.486971139907836914e+00
2.279517501592636108e-01 2.487595558166503906e+00
2.289603948593139648e-01 2.405827760696411133e+00
2.299690246582031250e-01 2.444330692291259766e+00
2.309776693582534790e-01 2.445161104202270508e+00
2.319862991571426392e-01 2.448880672454833984e+00
2.329949289560317993e-01 2.434935092926025391e+00
2.340035736560821533e-01 2.425096750259399414e+00
2.350122034549713135e-01 2.415282011032104492e+00
2.360208481550216675e-01 2.467218875885009766e+00
2.370294779539108276e-01 2.455704450607299805e+00
2.380381226539611816e-01 2.414855241775512695e+00
2.390467524528503418e-01 2.409219741821289062e+00
2.400553822517395020e-01 2.450626850128173828e+00
2.410640269517898560e-01 2.439160108566284180e+00
2.420726567506790161e-01 2.427581787109375000e+00
2.430813014507293701e-01 2.523408412933349609e+00
2.440899312496185303e-01 2.407801389694213867e+00
2.450985759496688843e-01 2.420268297195434570e+00
2.461072057485580444e-01 2.449179410934448242e+00
2.471158355474472046e-01 2.386723041534423828e+00
2.481244802474975586e-01 2.399794578552246094e+00
2.491331100463867188e-01 2.422659635543823242e+00
2.501417398452758789e-01 2.373419761657714844e+00
2.511503994464874268e-01 2.432693958282470703e+00
2.521590292453765869e-01 2.433245420455932617e+00
2.531676590442657471e-01 2.408262014389038086e+00
2.541762888431549072e-01 2.415882587432861328e+00
2.551849186420440674e-01 2.368659973144531250e+00
2.561935782432556152e-01 2.417047023773193359e+00
2.572022080421447754e-01 2.404740095138549805e+00
2.582108378410339355e-01 2.431874990463256836e+00
2.592194676399230957e-01 2.442346572875976562e+00
2.602280974388122559e-01 2.416100263595581055e+00
2.612367570400238037e-01 2.405054807662963867e+00
2.622453868389129639e-01 2.402701616287231445e+00
2.632540166378021240e-01 2.388619899749755859e+00
2.642626464366912842e-01 2.406623125076293945e+00
2.652712762355804443e-01 2.440470695495605469e+00
2.662799358367919922e-01 2.412655830383300781e+00
2.672885656356811523e-01 2.390006303787231445e+00
2.682971954345703125e-01 2.369054317474365234e+00
2.693058252334594727e-01 2.419048547744750977e+00
2.703144848346710205e-01 2.437594175338745117e+00
2.713231146335601807e-01 2.419311761856079102e+00
2.723317444324493408e-01 2.361369848251342773e+00
2.733403742313385010e-01 2.399837493896484375e+00
2.743490040302276611e-01 2.413592338562011719e+00
2.753576636314392090e-01 2.395334959030151367e+00
2.763662934303283691e-01 2.393318414688110352e+00
2.773749232292175293e-01 2.398617506027221680e+00
2.783835530281066895e-01 2.398741245269775391e+00
2.793921828269958496e-01 2.414063215255737305e+00
2.804008424282073975e-01 2.386997699737548828e+00
2.814094722270965576e-01 2.382238864898681641e+00
2.824181020259857178e-01 2.402954578399658203e+00
2.834267318248748779e-01 2.424836397171020508e+00
2.844353616237640381e-01 2.438686609268188477e+00
2.854440212249755859e-01 2.383544921875000000e+00
2.864526510238647461e-01 2.394003868103027344e+00
2.874612808227539062e-01 2.407516002655029297e+00
2.884699106216430664e-01 2.395721197128295898e+00
2.894785702228546143e-01 2.418402433395385742e+00
2.904872000217437744e-01 2.406816005706787109e+00
2.914958298206329346e-01 2.413700580596923828e+00
2.925044596195220947e-01 2.436519861221313477e+00
2.935130894184112549e-01 2.440962314605712891e+00
2.945217490196228027e-01 2.429968595504760742e+00
2.955303788185119629e-01 2.464363098144531250e+00
2.965390086174011230e-01 2.448894262313842773e+00
2.975476384162902832e-01 2.403912305831909180e+00
2.985562682151794434e-01 2.416949510574340820e+00
2.995649278163909912e-01 2.412149667739868164e+00
3.005735576152801514e-01 2.422420024871826172e+00
3.015821874141693115e-01 2.385426044464111328e+00
3.025908172130584717e-01 2.430447816848754883e+00
3.035994470119476318e-01 2.444996833801269531e+00
3.046081066131591797e-01 2.426716327667236328e+00
3.056167364120483398e-01 2.458345890045166016e+00
3.066253662109375000e-01 2.462364435195922852e+00
3.076339960098266602e-01 2.467719793319702148e+00
3.086426556110382080e-01 2.457173109054565430e+00
3.096512854099273682e-01 2.425570964813232422e+00
3.106599152088165283e-01 2.447883367538452148e+00
3.116685450077056885e-01 2.430308580398559570e+00
3.126771748065948486e-01 2.418926239013671875e+00
3.136858344078063965e-01 2.421109914779663086e+00
3.146944642066955566e-01 2.435426950454711914e+00
3.157030940055847168e-01 2.409926414489746094e+00
3.167117238044738770e-01 2.405814409255981445e+00
3.177203536033630371e-01 2.420971870422363281e+00
3.187290132045745850e-01 2.424907445907592773e+00
3.197376430034637451e-01 2.440166711807250977e+00
3.207462728023529053e-01 2.418019533157348633e+00
3.217549026012420654e-01 2.445430994033813477e+00
3.227635622024536133e-01 2.455651998519897461e+00
3.237721920013427734e-01 2.408176183700561523e+00
3.247808218002319336e-01 2.433714628219604492e+00
3.257894515991210938e-01 2.417945623397827148e+00
3.267980813980102539e-01 2.472193479537963867e+00
3.278067409992218018e-01 2.456326007843017578e+00
3.288153707981109619e-01 2.434175014495849609e+00
3.298240005970001221e-01 2.448923587799072266e+00
3.308326303958892822e-01 2.464707136154174805e+00
3.318412601947784424e-01 2.462733983993530273e+00
3.328499197959899902e-01 2.473409891128540039e+00
3.338585495948791504e-01 2.436616182327270508e+00
3.348671793937683105e-01 2.463675022125244141e+00
3.358758091926574707e-01 2.444373130798339844e+00
3.368844389915466309e-01 2.482551574707031250e+00
3.378930985927581787e-01 2.497082471847534180e+00
3.389017283916473389e-01 2.450310468673706055e+00
3.399103581905364990e-01 2.451095342636108398e+00
3.409189879894256592e-01 2.484956026077270508e+00
3.419276475906372070e-01 2.438446998596191406e+00
3.429362773895263672e-01 2.454411268234252930e+00
3.439449071884155273e-01 2.441953897476196289e+00
3.449535369873046875e-01 2.483322620391845703e+00
3.459621667861938477e-01 2.484185457229614258e+00
3.469708263874053955e-01 2.468147039413452148e+00
3.479794561862945557e-01 2.434329986572265625e+00
3.489880859851837158e-01 2.476090669631958008e+00
3.499967157840728760e-01 2.488972425460815430e+00
3.510053455829620361e-01 2.489212274551391602e+00
3.520140051841735840e-01 2.442263841629028320e+00
3.530226349830627441e-01 2.463027715682983398e+00
3.540312647819519043e-01 2.487004041671752930e+00
3.550398945808410645e-01 2.486124038696289062e+00
3.560485243797302246e-01 2.446279048919677734e+00
3.570571839809417725e-01 2.479406356811523438e+00
3.580658137798309326e-01 2.476337671279907227e+00
3.590744435787200928e-01 2.461130619049072266e+00
3.600830733776092529e-01 2.460396528244018555e+00
3.610917329788208008e-01 2.507011890411376953e+00
3.621003627777099609e-01 2.488118648529052734e+00
3.631089925765991211e-01 2.465550184249877930e+00
3.641176223754882812e-01 2.481965065002441406e+00
3.651262521743774414e-01 2.474559307098388672e+00
3.661349117755889893e-01 2.464687585830688477e+00
3.671435415744781494e-01 2.463211059570312500e+00
3.681521713733673096e-01 2.474506855010986328e+00
3.691608011722564697e-01 2.522146701812744141e+00
3.701694309711456299e-01 2.503796815872192383e+00
3.711780905723571777e-01 2.471104145050048828e+00
3.721867203712463379e-01 2.465975761413574219e+00
3.731953501701354980e-01 2.440392494201660156e+00
3.742039799690246582e-01 2.491292476654052734e+00
3.752126097679138184e-01 2.510053396224975586e+00
3.762212693691253662e-01 2.494098424911499023e+00
3.772298991680145264e-01 2.474380254745483398e+00
3.782385289669036865e-01 2.460663557052612305e+00
3.792471587657928467e-01 2.518289804458618164e+00
3.802558183670043945e-01 2.485567569732666016e+00
3.812644481658935547e-01 2.498656749725341797e+00
3.822730779647827148e-01 2.494713068008422852e+00
3.832817077636718750e-01 2.535042524337768555e+00
3.842903375625610352e-01 2.493087768554687500e+00
3.852989971637725830e-01 2.501658678054809570e+00
3.863076269626617432e-01 2.513992071151733398e+00
3.873162567615509033e-01 2.479442358016967773e+00
3.883248865604400635e-01 2.535732269287109375e+00
3.893335163593292236e-01 2.471585273742675781e+00
3.903421759605407715e-01 2.466879367828369141e+00
3.913508057594299316e-01 2.465103626251220703e+00
3.923594355583190918e-01 2.486782550811767578e+00
3.933680653572082520e-01 2.486932277679443359e+00
3.943766951560974121e-01 2.505616188049316406e+00
3.953853547573089600e-01 2.473499059677124023e+00
3.963939845561981201e-01 2.484809398651123047e+00
3.974026143550872803e-01 2.485012531280517578e+00
3.984112441539764404e-01 2.463316440582275391e+00
3.994199037551879883e-01 2.488540649414062500e+00
4.004285335540771484e-01 2.496413707733154297e+00
4.014371633529663086e-01 2.511295795440673828e+00
4.024457931518554688e-01 2.493654251098632812e+00
4.034544229507446289e-01 2.490117549896240234e+00
4.044630825519561768e-01 2.465236663818359375e+00
4.054717123508453369e-01 2.458068132400512695e+00
4.064803421497344971e-01 2.481290340423583984e+00
4.074889719486236572e-01 2.442452192306518555e+00
4.084976017475128174e-01 2.482561111450195312e+00
4.095062613487243652e-01 2.494722366333007812e+00
4.105148911476135254e-01 2.489529132843017578e+00
4.115235209465026855e-01 2.464510917663574219e+00
4.125321507453918457e-01 2.489257335662841797e+00
4.135407805442810059e-01 2.478721141815185547e+00
4.145494401454925537e-01 2.468227386474609375e+00
4.155580699443817139e-01 2.484008789062500000e+00
4.165666997432708740e-01 2.444254875183105469e+00
4.175753295421600342e-01 2.473702907562255859e+00
4.185839891433715820e-01 2.433099985122680664e+00
4.195926189422607422e-01 2.466258525848388672e+00
4.206012487411499023e-01 2.473218917846679688e+00
4.216098785400390625e-01 2.506280660629272461e+00
4.226185083389282227e-01 2.476199626922607422e+00
4.236271679401397705e-01 2.488789558410644531e+00
4.246357977390289307e-01 2.483149290084838867e+00
4.256444275379180908e-01 2.481410503387451172e+00
4.266530573368072510e-01 2.440117359161376953e+00
4.276616871356964111e-01 2.444276809692382812e+00
4.286703467369079590e-01 2.465184450149536133e+00
4.296789765357971191e-01 2.456621408462524414e+00
4.306876063346862793e-01 2.467717647552490234e+00
4.316962361335754395e-01 2.436718940734863281e+00
4.327048659324645996e-01 2.481983900070190430e+00
4.337135255336761475e-01 2.473446607589721680e+00
4.347221553325653076e-01 2.445427179336547852e+00
4.357307851314544678e-01 2.489054203033447266e+00
4.367394149303436279e-01 2.479937314987182617e+00
4.377480745315551758e-01 2.447823524475097656e+00
4.387567043304443359e-01 2.462348937988281250e+00
4.397653341293334961e-01 2.453362226486206055e+00
4.407739639282226562e-01 2.460553884506225586e+00
4.417825937271118164e-01 2.433977365493774414e+00
4.427912533283233643e-01 2.444627761840820312e+00
4.437998831272125244e-01 2.461110830307006836e+00
4.448085129261016846e-01 2.428866624832153320e+00
4.458171427249908447e-01 2.453235864639282227e+00
4.468257725238800049e-01 2.467741727828979492e+00
4.478344321250915527e-01 2.468403816223144531e+00
4.488430619239807129e-01 2.452905893325805664e+00
4.498516917228698730e-01 2.471209287643432617e+00
4.508603215217590332e-01 2.422620534896850586e+00
4.518689513206481934e-01 2.450461626052856445e+00
4.528776109218597412e-01 2.415017366409301758e+00
4.538862407207489014e-01 2.399402379989624023e+00
4.548948705196380615e-01 2.421058654785156250e+00
4.559035003185272217e-01 2.439384698867797852e+00
4.569121599197387695e-01 2.407048940658569336e+00
4.579207897186279297e-01 2.419473409652709961e+00
4.589294195175170898e-01 2.410497188568115234e+00
4.599380493164062500e-01 2.411578655242919922e+00
4.609466791152954102e-01 2.417233943939208984e+00
4.619553387165069580e-01 2.425749540328979492e+00
4.629639685153961182e-01 2.454745531082153320e+00
4.639725983142852783e-01 2.426808357238769531e+00
4.649812281131744385e-01 2.433697462081909180e+00
4.659898579120635986e-01 2.402795076370239258e+00
4.669985175132751465e-01 2.436101913452148438e+00
4.680071473121643066e-01 2.423521995544433594e+00
4.690157771110534668e-01 2.439768552780151367e+00
4.700244069099426270e-01 2.399722576141357422e+00
4.710330665111541748e-01 2.440784692764282227e+00
4.720416963100433350e-01 2.407129764556884766e+00
4.730503261089324951e-01 2.406513452529907227e+00
4.740589559078216553e-01 2.398961067199707031e+00
4.750675857067108154e-01 2.399590015411376953e+00
4.760762453079223633e-01 2.383779048919677734e+00
4.770848751068115234e-01 2.388814687728881836e+00
4.780935049057006836e-01 2.407388925552368164e+00
4.791021347045898438e-01 2.377624511718750000e+00
4.801107645034790039e-01 2.379770994186401367e+00
4.811194241046905518e-01 2.397815704345703125e+00
4.821280539035797119e-01 2.373227119445800781e+00
4.831366837024688721e-01 2.383760452270507812e+00
4.841453135013580322e-01 2.384820222854614258e+00
4.851539433002471924e-01 2.370233058929443359e+00
4.861626029014587402e-01 2.370538234710693359e+00
4.871712327003479004e-01 2.385921716690063477e+00
4.881798624992370605e-01 2.406157732009887695e+00
4.891884922981262207e-01 2.396639823913574219e+00
4.901971518993377686e-01 2.388788223266601562e+00
4.912057816982269287e-01 2.342329978942871094e+00
4.922144114971160889e-01 2.347708463668823242e+00
4.932230412960052490e-01 2.382154703140258789e+00
4.942316710948944092e-01 2.384089469909667969e+00
4.952403306961059570e-01 2.369158267974853516e+00
4.962489604949951172e-01 2.389933347702026367e+00
4.972575902938842773e-01 2.346373081207275391e+00
4.982662200927734375e-01 2.360217571258544922e+00
4.992748498916625977e-01 2.356929779052734375e+00
5.002834796905517578e-01 2.346634626388549805e+00
5.012921094894409180e-01 2.359849691390991211e+00
5.023007988929748535e-01 2.361816883087158203e+00
5.033094286918640137e-01 2.351315736770629883e+00
5.043180584907531738e-01 2.421923160552978516e+00
5.053266882896423340e-01 2.391351938247680664e+00
5.063353180885314941e-01 2.357967615127563477e+00
5.073439478874206543e-01 2.345962285995483398e+00
5.083525776863098145e-01 2.354365825653076172e+00
5.093612074851989746e-01 2.307411909103393555e+00
5.103698372840881348e-01 2.338119268417358398e+00
5.113784670829772949e-01 2.305895328521728516e+00
5.123871564865112305e-01 2.340151548385620117e+00
5.133957862854003906e-01 2.321497678756713867e+00
5.144044160842895508e-01 2.325295448303222656e+00
5.154130458831787109e-01 2.311798572540283203e+00
5.164216756820678711e-01 2.319422960281372070e+00
5.174303054809570312e-01 2.309431552886962891e+00
5.184389352798461914e-01 2.322924137115478516e+00
5.194475650787353516e-01 2.334890604019165039e+00
5.204561948776245117e-01 2.316916704177856445e+00
5.214648842811584473e-01 2.320435047149658203e+00
5.224735140800476074e-01 2.307974338531494141e+00
5.234821438789367676e-01 2.317254304885864258e+00
5.244907736778259277e-01 2.311339855194091797e+00
5.254994034767150879e-01 2.304620027542114258e+00
5.265080332756042480e-01 2.307808876037597656e+00
5.275166630744934082e-01 2.305192708969116211e+00
5.285252928733825684e-01 2.315629005432128906e+00
5.295339226722717285e-01 2.345284700393676758e+00
5.305425524711608887e-01 2.286290168762207031e+00
5.315512418746948242e-01 2.320329666137695312e+00
5.325598716735839844e-01 2.310636758804321289e+00
5.335685014724731445e-01 2.321359634399414062e+00
5.345771312713623047e-01 2.284201383590698242e+00
5.355857610702514648e-01 2.297610521316528320e+00
5.365943908691406250e-01 2.314350128173828125e+00
5.376030206680297852e-01 2.313190698623657227e+00
5.386116504669189453e-01 2.308357238769531250e+00
5.396202802658081055e-01 2.294350862503051758e+00
5.406289696693420410e-01 2.290100097656250000e+00
5.416375994682312012e-01 2.287451744079589844e+00
5.426462292671203613e-01 2.294894218444824219e+00
5.436548590660095215e-01 2.262723922729492188e+00
5.446634888648986816e-01 2.265638113021850586e+00
5.456721186637878418e-01 2.293320894241333008e+00
5.466807484626770020e-01 2.308260917663574219e+00
5.476893782615661621e-01 2.270578384399414062e+00
5.486980080604553223e-01 2.282155275344848633e+00
5.497066378593444824e-01 2.282474756240844727e+00
5.507153272628784180e-01 2.281799554824829102e+00
5.517239570617675781e-01 2.304744005203247070e+00
5.527325868606567383e-01 2.291277408599853516e+00
5.537412166595458984e-01 2.303315877914428711e+00
5.547498464584350586e-01 2.281151056289672852e+00
5.557584762573242188e-01 2.289672851562500000e+00
5.567671060562133789e-01 2.288877487182617188e+00
5.577757358551025391e-01 2.278736829757690430e+00
5.587843656539916992e-01 2.282552719116210938e+00
5.597930550575256348e-01 2.269654273986816406e+00
5.608016848564147949e-01 2.239151239395141602e+00
5.618103146553039551e-01 2.264828681945800781e+00
5.628189444541931152e-01 2.295337200164794922e+00
5.638275742530822754e-01 2.306335687637329102e+00
5.648362040519714355e-01 2.330904006958007812e+00
5.658448338508605957e-01 2.290040254592895508e+00
5.668534636497497559e-01 2.284058094024658203e+00
5.678620934486389160e-01 2.274578571319580078e+00
5.688707232475280762e-01 2.274822950363159180e+00
5.698794126510620117e-01 2.311395406723022461e+00
5.708880424499511719e-01 2.264509677886962891e+00
5.718966722488403320e-01 2.234832048416137695e+00
5.729053020477294922e-01 2.274239301681518555e+00
5.739139318466186523e-01 2.266902208328247070e+00
5.749225616455078125e-01 2.269894599914550781e+00
5.759311914443969727e-01 2.298658132553100586e+00
5.769398212432861328e-01 2.298592090606689453e+00
5.779484510421752930e-01 2.256626129150390625e+00
5.789571404457092285e-01 2.285077095031738281e+00
5.799657702445983887e-01 2.318111896514892578e+00
5.809744000434875488e-01 2.290431976318359375e+00
5.819830298423767090e-01 2.278800010681152344e+00
5.829916596412658691e-01 2.250293731689453125e+00
5.840002894401550293e-01 2.248580694198608398e+00
5.850089192390441895e-01 2.265566349029541016e+00
5.860175490379333496e-01 2.275887489318847656e+00
5.870261788368225098e-01 2.290168046951293945e+00
5.880348086357116699e-01 2.265048027038574219e+00
5.890434980392456055e-01 2.281166791915893555e+00
5.900521278381347656e-01 2.268667697906494141e+00
5.910607576370239258e-01 2.234670400619506836e+00
5.920693874359130859e-01 2.258002519607543945e+00
5.930780172348022461e-01 2.261819124221801758e+00
5.940866470336914062e-01 2.298026084899902344e+00
5.950952768325805664e-01 2.302096128463745117e+00
5.961039066314697266e-01 2.278395175933837891e+00
5.971125364303588867e-01 2.273144721984863281e+00
5.981212258338928223e-01 2.301819086074829102e+00
5.991298556327819824e-01 2.262257575988769531e+00
6.001384854316711426e-01 2.271482706069946289e+00
6.011471152305603027e-01 2.288523197174072266e+00
6.021557450294494629e-01 2.257575988769531250e+00
6.031643748283386230e-01 2.287114858627319336e+00
6.041730046272277832e-01 2.293967723846435547e+00
6.051816344261169434e-01 2.276429414749145508e+00
6.061902642250061035e-01 2.278934001922607422e+00
6.071988940238952637e-01 2.274196624755859375e+00
6.082075834274291992e-01 2.275506258010864258e+00
6.092162132263183594e-01 2.274002075195312500e+00
6.102248430252075195e-01 2.271363496780395508e+00
6.112334728240966797e-01 2.271359443664550781e+00
6.122421026229858398e-01 2.295846700668334961e+00
6.132507324218750000e-01 2.255175113677978516e+00
6.142593622207641602e-01 2.246825218200683594e+00
6.152679920196533203e-01 2.251363992691040039e+00
6.162766218185424805e-01 2.251513004302978516e+00
6.172853112220764160e-01 2.217051982879638672e+00
6.182939410209655762e-01 2.247018098831176758e+00
6.193025708198547363e-01 2.266225337982177734e+00
6.203112006187438965e-01 2.273829936981201172e+00
6.213198304176330566e-01 2.262183189392089844e+00
6.223284602165222168e-01 2.276842594146728516e+00
6.233370900154113770e-01 2.262343168258666992e+00
6.243457198143005371e-01 2.246958255767822266e+00
6.253543496131896973e-01 2.259445428848266602e+00
6.263629794120788574e-01 2.272726774215698242e+00
6.273716688156127930e-01 2.289729595184326172e+00
6.283802986145019531e-01 2.261424541473388672e+00
6.293889284133911133e-01 2.229696035385131836e+00
6.303975582122802734e-01 2.247788429260253906e+00
6.314061880111694336e-01 2.253860950469970703e+00
6.324148178100585938e-01 2.273031473159790039e+00
6.334234476089477539e-01 2.283034086227416992e+00
6.344320774078369141e-01 2.266449213027954102e+00
6.354407072067260742e-01 2.270893573760986328e+00
6.364493966102600098e-01 2.266204118728637695e+00
6.374580264091491699e-01 2.254854440689086914e+00
6.384666562080383301e-01 2.293590307235717773e+00
6.394752860069274902e-01 2.294196605682373047e+00
6.404839158058166504e-01 2.275692939758300781e+00
6.414925456047058105e-01 2.302027940750122070e+00
6.425011754035949707e-01 2.302989959716796875e+00
6.435098052024841309e-01 2.284870147705078125e+00
6.445184350013732910e-01 2.272127628326416016e+00
6.455271244049072266e-01 2.289783716201782227e+00
6.465357542037963867e-01 2.270051479339599609e+00
6.475443840026855469e-01 2.277350902557373047e+00
6.485530138015747070e-01 2.286064147949218750e+00
6.495616436004638672e-01 2.263616323471069336e+00
6.505702733993530273e-01 2.295481443405151367e+00
6.515789031982421875e-01 2.254526138305664062e+00
6.525875329971313477e-01 2.281243801116943359e+00
6.535961627960205078e-01 2.267914295196533203e+00
6.546047925949096680e-01 2.259351015090942383e+00
6.556134819984436035e-01 2.243282318115234375e+00
6.566221117973327637e-01 2.241704225540161133e+00
6.576307415962219238e-01 2.266238689422607422e+00
6.586393713951110840e-01 2.262855291366577148e+00
6.596480011940002441e-01 2.247725248336791992e+00
6.606566309928894043e-01 2.280716896057128906e+00
6.616652607917785645e-01 2.292975425720214844e+00
6.626738905906677246e-01 2.287878513336181641e+00
6.636825203895568848e-01 2.287415742874145508e+00
6.646912097930908203e-01 2.273066282272338867e+00
6.656998395919799805e-01 2.269396781921386719e+00
6.667084693908691406e-01 2.265007495880126953e+00
6.677170991897583008e-01 2.281764030456542969e+00
6.687257289886474609e-01 2.276280879974365234e+00
6.697343587875366211e-01 2.278171062469482422e+00
6.707429885864257812e-01 2.248373270034790039e+00
6.717516183853149414e-01 2.253139019012451172e+00
6.727602481842041016e-01 2.317031621932983398e+00
6.737688779830932617e-01 2.308498144149780273e+00
6.747775673866271973e-01 2.329034328460693359e+00
6.757861971855163574e-01 2.284352064132690430e+00
6.767948269844055176e-01 2.288234949111938477e+00
6.778034567832946777e-01 2.285159587860107422e+00
6.788120865821838379e-01 2.289382219314575195e+00
6.798207163810729980e-01 2.299546241760253906e+00
6.808293461799621582e-01 2.298173427581787109e+00
6.818379759788513184e-01 2.317608356475830078e+00
6.828466057777404785e-01 2.311057567596435547e+00
6.838552951812744141e-01 2.299622774124145508e+00
6.848639249801635742e-01 2.313146114349365234e+00
6.858725547790527344e-01 2.327657222747802734e+00
6.868811845779418945e-01 2.315881729125976562e+00
6.878898143768310547e-01 2.278411388397216797e+00
6.888984441757202148e-01 2.322981357574462891e+00
6.899070739746093750e-01 2.334613800048828125e+00
6.909157037734985352e-01 2.312794208526611328e+00
6.919243335723876953e-01 2.342205286026000977e+00
6.929329633712768555e-01 2.362877130508422852e+00
6.939416527748107910e-01 2.296396970748901367e+00
6.949502825736999512e-01 2.311642169952392578e+00
6.959589123725891113e-01 2.306181192398071289e+00
6.969675421714782715e-01 2.325393676757812500e+00
6.979761719703674316e-01 2.347747087478637695e+00
6.989848017692565918e-01 2.344985723495483398e+00
6.999934315681457520e-01 2.362797975540161133e+00
7.010020613670349121e-01 2.349346160888671875e+00
7.020106911659240723e-01 2.326807022094726562e+00
7.030193805694580078e-01 2.358476877212524414e+00
7.040280103683471680e-01 2.344797849655151367e+00
7.050366401672363281e-01 2.350854635238647461e+00
7.060452699661254883e-01 2.351483106613159180e+00
7.070538997650146484e-01 2.337531089782714844e+00
7.080625295639038086e-01 2.375331163406372070e+00
7.090711593627929688e-01 2.375896692276000977e+00
7.100797891616821289e-01 2.362909317016601562e+00
7.110884189605712891e-01 2.360334396362304688e+00
7.120970487594604492e-01 2.342018365859985352e+00
7.131057381629943848e-01 2.353923559188842773e+00
7.141143679618835449e-01 2.331863641738891602e+00
7.151229977607727051e-01 2.372193574905395508e+00
7.161316275596618652e-01 2.355292558670043945e+00
7.171402573585510254e-01 2.373106002807617188e+00
7.181488871574401855e-01 2.378723621368408203e+00
7.191575169563293457e-01 2.406119585037231445e+00
7.201661467552185059e-01 2.404247045516967773e+00
7.211747765541076660e-01 2.372879505157470703e+00
7.221834659576416016e-01 2.386113643646240234e+00
7.231920957565307617e-01 2.389995813369750977e+00
7.242007255554199219e-01 2.421572923660278320e+00
7.252093553543090820e-01 2.357505559921264648e+00
7.262179851531982422e-01 2.401048660278320312e+00
7.272266149520874023e-01 2.407132387161254883e+00
7.282352447509765625e-01 2.388490438461303711e+00
7.292438745498657227e-01 2.386115074157714844e+00
7.302525043487548828e-01 2.401070117950439453e+00
7.312611341476440430e-01 2.425364494323730469e+00
7.322698235511779785e-01 2.397345304489135742e+00
7.332784533500671387e-01 2.398415803909301758e+00
7.342870831489562988e-01 2.402441978454589844e+00
7.352957129478454590e-01 2.407838344573974609e+00
7.363043427467346191e-01 2.431951284408569336e+00
7.373129725456237793e-01 2.434227228164672852e+00
7.383216023445129395e-01 2.403821706771850586e+00
7.393302321434020996e-01 2.407845020294189453e+00
7.403388619422912598e-01 2.430127143859863281e+00
7.413475513458251953e-01 2.419778108596801758e+00
7.423561811447143555e-01 2.430664062500000000e+00
7.433648109436035156e-01 2.448744535446166992e+00
7.443734407424926758e-01 2.429056882858276367e+00
7.453820705413818359e-01 2.421622753143310547e+00
7.463907003402709961e-01 2.456970453262329102e+00
7.473993301391601562e-01 2.414833545684814453e+00
7.484079599380493164e-01 2.418987751007080078e+00
7.494165897369384766e-01 2.434389352798461914e+00
7.504252195358276367e-01 2.466475248336791992e+00
7.514339089393615723e-01 2.469367265701293945e+00
7.524425387382507324e-01 2.511595964431762695e+00
7.534511685371398926e-01 2.473493337631225586e+00
7.544597983360290527e-01 2.464913845062255859e+00
7.554684281349182129e-01 2.451296806335449219e+00
7.564770579338073730e-01 2.433763027191162109e+00
7.574856877326965332e-01 2.447929143905639648e+00
7.584943175315856934e-01 2.462820529937744141e+00
7.595029473304748535e-01 2.456161499023437500e+00
7.605116367340087891e-01 2.467937707901000977e+00
7.615202665328979492e-01 2.489243745803833008e+00
7.625288963317871094e-01 2.490163087844848633e+00
7.635375261306762695e-01 2.462896108627319336e+00
7.645461559295654297e-01 2.474076986312866211e+00
7.655547857284545898e-01 2.470674276351928711e+00
7.665634155273437500e-01 2.452069997787475586e+00
7.675720453262329102e-01 2.484902143478393555e+00
7.685806751251220703e-01 2.496042490005493164e+00
7.695893049240112305e-01 2.458874464035034180e+00
7.705979943275451660e-01 2.492650985717773438e+00
7.716066241264343262e-01 2.461987257003784180e+00
7.726152539253234863e-01 2.512924909591674805e+00
7.736238837242126465e-01 2.518597364425659180e+00
7.746325135231018066e-01 2.473202228546142578e+00
7.756411433219909668e-01 2.540175676345825195e+00
7.766497731208801270e-01 2.511240720748901367e+00
7.776584029197692871e-01 2.518251180648803711e+00
7.786670327186584473e-01 2.502238512039184570e+00
7.796757221221923828e-01 2.525458574295043945e+00
7.806843519210815430e-01 2.527665376663208008e+00
7.816929817199707031e-01 2.532020568847656250e+00
7.827016115188598633e-01 2.519156217575073242e+00
7.837102413177490234e-01 2.543682575225830078e+00
7.847188711166381836e-01 2.489155054092407227e+00
7.857275009155273438e-01 2.546279907226562500e+00
7.867361307144165039e-01 2.524201393127441406e+00
7.877447605133056641e-01 2.535572290420532227e+00
7.887533903121948242e-01 2.519722938537597656e+00
7.897620797157287598e-01 2.574382543563842773e+00
7.907707095146179199e-01 2.550378322601318359e+00
7.917793393135070801e-01 2.585834264755249023e+00
7.927879691123962402e-01 2.568079233169555664e+00
7.937965989112854004e-01 2.594175100326538086e+00
7.948052287101745605e-01 2.589769601821899414e+00
7.958138585090637207e-01 2.585872411727905273e+00
7.968224883079528809e-01 2.579448938369750977e+00
7.978311181068420410e-01 2.574810028076171875e+00
7.988398075103759766e-01 2.569190740585327148e+00
7.998484373092651367e-01 2.586215972900390625e+00
8.008570671081542969e-01 2.560796976089477539e+00
8.018656969070434570e-01 2.598860979080200195e+00
8.028743267059326172e-01 2.617835998535156250e+00
8.038829565048217773e-01 2.590735673904418945e+00
8.048915863037109375e-01 2.614003658294677734e+00
8.059002161026000977e-01 2.606450080871582031e+00
8.069088459014892578e-01 2.616151332855224609e+00
8.079174757003784180e-01 2.630400180816650391e+00
8.089261651039123535e-01 2.602657794952392578e+00
8.099347949028015137e-01 2.617519617080688477e+00
8.109434247016906738e-01 2.641101598739624023e+00
8.119520545005798340e-01 2.673275470733642578e+00
8.129606842994689941e-01 2.636768817901611328e+00
8.139693140983581543e-01 2.629352331161499023e+00
8.149779438972473145e-01 2.631264925003051758e+00
8.159865736961364746e-01 2.618256092071533203e+00
8.169952034950256348e-01 2.682353973388671875e+00
8.180038928985595703e-01 2.642695426940917969e+00
8.190125226974487305e-01 2.652571201324462891e+00
8.200211524963378906e-01 2.662337064743041992e+00
8.210297822952270508e-01 2.674896717071533203e+00
8.220384120941162109e-01 2.664504289627075195e+00
8.230470418930053711e-01 2.662313461303710938e+00
8.240556716918945312e-01 2.677882432937622070e+00
8.250643014907836914e-01 2.657714843750000000e+00
8.260729312896728516e-01 2.675188302993774414e+00
8.270815610885620117e-01 2.669090032577514648e+00
8.280902504920959473e-01 2.683532714843750000e+00
8.290988802909851074e-01 2.687653064727783203e+00
8.301075100898742676e-01 2.675106287002563477e+00
8.311161398887634277e-01 2.704271554946899414e+00
8.321247696876525879e-01 2.713290452957153320e+00
8.331333994865417480e-01 2.734152078628540039e+00
8.341420292854309082e-01 2.720799207687377930e+00
8.351506590843200684e-01 2.718773365020751953e+00
8.361592888832092285e-01 2.727916002273559570e+00
8.371679782867431641e-01 2.735176563262939453e+00
8.381766080856323242e-01 2.747560262680053711e+00
8.391852378845214844e-01 2.721570491790771484e+00
8.401938676834106445e-01 2.762618064880371094e+00
8.412024974822998047e-01 2.735693931579589844e+00
8.422111272811889648e-01 2.720923662185668945e+00
8.432197570800781250e-01 2.785167932510375977e+00
8.442283868789672852e-01 2.725552320480346680e+00
8.452370166778564453e-01 2.727550506591796875e+00
8.462456464767456055e-01 2.771713972091674805e+00
8.472543358802795410e-01 2.767739057540893555e+00
8.482629656791687012e-01 2.771117925643920898e+00
8.492715954780578613e-01 2.773234367370605469e+00
8.502802252769470215e-01 2.814610242843627930e+00
8.512888550758361816e-01 2.807936668395996094e+00
8.522974848747253418e-01 2.807330608367919922e+00
8.533061146736145020e-01 2.804648399353027344e+00
8.543147444725036621e-01 2.771660089492797852e+00
8.553233742713928223e-01 2.795610904693603516e+00
8.563320636749267578e-01 2.782470703125000000e+00
8.573406934738159180e-01 2.816142320632934570e+00
8.583493232727050781e-01 2.777397155761718750e+00
8.593579530715942383e-01 2.785351037979125977e+00
8.603665828704833984e-01 2.816669225692749023e+00
8.613752126693725586e-01 2.803964614868164062e+00
8.623838424682617188e-01 2.859429597854614258e+00
8.633924722671508789e-01 2.855680465698242188e+00
8.644011020660400391e-01 2.856386661529541016e+00
8.654097318649291992e-01 2.883932828903198242e+00
8.664184212684631348e-01 2.882271051406860352e+00
8.674270510673522949e-01 2.856609821319580078e+00
8.684356808662414551e-01 2.886594057083129883e+00
8.694443106651306152e-01 2.907018423080444336e+00
8.704529404640197754e-01 2.897011041641235352e+00
8.714615702629089355e-01 2.877971410751342773e+00
8.724702000617980957e-01 2.901910066604614258e+00
8.734788298606872559e-01 2.872996091842651367e+00
8.744874596595764160e-01 2.858639240264892578e+00
8.754961490631103516e-01 2.932936429977416992e+00
8.765047788619995117e-01 2.917412281036376953e+00
8.775134086608886719e-01 2.895669460296630859e+00
8.785220384597778320e-01 2.891856193542480469e+00
8.795306682586669922e-01 2.885787010192871094e+00
8.805392980575561523e-01 2.882761478424072266e+00
8.815479278564453125e-01 2.941322326660156250e+00
8.825565576553344727e-01 2.907355070114135742e+00
8.835651874542236328e-01 2.886847496032714844e+00
8.845738172531127930e-01 2.909426450729370117e+00
8.855825066566467285e-01 2.968240022659301758e+00
8.865911364555358887e-01 2.947097539901733398e+00
8.875997662544250488e-01 2.929833173751831055e+00
8.886083960533142090e-01 2.987010717391967773e+00
8.896170258522033691e-01 2.969138622283935547e+00
8.906256556510925293e-01 2.921471118927001953e+00
8.916342854499816895e-01 2.929255723953247070e+00
8.926429152488708496e-01 2.967887163162231445e+00
8.936515450477600098e-01 2.960654735565185547e+00
8.946602344512939453e-01 2.990412712097167969e+00
8.956688642501831055e-01 2.988541364669799805e+00
8.966774940490722656e-01 2.980193138122558594e+00
8.976861238479614258e-01 2.965608358383178711e+00
8.986947536468505859e-01 2.974034786224365234e+00
8.997033834457397461e-01 3.000633716583251953e+00
9.007120132446289062e-01 3.008929491043090820e+00
9.017206430435180664e-01 2.977084159851074219e+00
9.027292728424072266e-01 2.979408264160156250e+00
9.037379026412963867e-01 3.034938812255859375e+00
9.047465920448303223e-01 3.042535543441772461e+00
9.057552218437194824e-01 3.010534048080444336e+00
9.067638516426086426e-01 3.060046672821044922e+00
9.077724814414978027e-01 3.048712968826293945e+00
9.087811112403869629e-01 3.009145259857177734e+00
9.097897410392761230e-01 3.046044826507568359e+00
9.107983708381652832e-01 3.018228054046630859e+00
9.118070006370544434e-01 3.053771257400512695e+00
9.128156304359436035e-01 3.070146322250366211e+00
9.138243198394775391e-01 3.053826332092285156e+00
9.148329496383666992e-01 3.117568492889404297e+00
9.158415794372558594e-01 3.083101987838745117e+00
9.168502092361450195e-01 3.107444524765014648e+00
9.178588390350341797e-01 3.067965984344482422e+00
9.188674688339233398e-01 3.074668169021606445e+00
9.198760986328125000e-01 3.090006113052368164e+00
9.208847284317016602e-01 3.128297090530395508e+00
9.218933582305908203e-01 3.101781129837036133e+00
9.229020476341247559e-01 3.085254669189453125e+00
9.239106774330139160e-01 3.134810686111450195e+00
9.249193072319030762e-01 3.123113155364990234e+00
9.259279370307922363e-01 3.162433624267578125e+00
9.269365668296813965e-01 3.152906179428100586e+00
9.279451966285705566e-01 3.155694723129272461e+00
9.289538264274597168e-01 3.166948318481445312e+00
9.299624562263488770e-01 3.157657384872436523e+00
9.309710860252380371e-01 3.213632583618164062e+00
9.319797158241271973e-01 3.222844362258911133e+00
9.329884052276611328e-01 3.200670242309570312e+00
9.339970350265502930e-01 3.145174741744995117e+00
9.350056648254394531e-01 3.227724075317382812e+00
9.360142946243286133e-01 3.142654418945312500e+00
9.370229244232177734e-01 3.259117364883422852e+00
9.380315542221069336e-01 3.208505868911743164e+00
9.390401840209960938e-01 3.219653844833374023e+00
9.400488138198852539e-01 3.251353979110717773e+00
9.410574436187744141e-01 3.235223770141601562e+00
9.420661330223083496e-01 3.268664836883544922e+00
9.430747628211975098e-01 3.232871055603027344e+00
9.440833926200866699e-01 3.225388765335083008e+00
9.450920224189758301e-01 3.237275838851928711e+00
9.461006522178649902e-01 3.297509908676147461e+00
9.471092820167541504e-01 3.333819866180419922e+00
9.481179118156433105e-01 3.347790479660034180e+00
9.491265416145324707e-01 3.309806346893310547e+00
9.501351714134216309e-01 3.308290719985961914e+00
9.511438012123107910e-01 3.279043197631835938e+00
9.521524906158447266e-01 3.286701440811157227e+00
9.531611204147338867e-01 3.368981361389160156e+00
9.541697502136230469e-01 3.305449247360229492e+00
9.551783800125122070e-01 3.294165849685668945e+00
9.561870098114013672e-01 3.342777252197265625e+00
9.571956396102905273e-01 3.333768844604492188e+00
9.582042694091796875e-01 3.330417394638061523e+00
9.592128992080688477e-01 3.310061454772949219e+00
9.602215290069580078e-01 3.356852769851684570e+00
9.612302184104919434e-01 3.353216886520385742e+00
9.622388482093811035e-01 3.373862028121948242e+00
9.632474780082702637e-01 3.404162406921386719e+00
9.642561078071594238e-01 3.454373598098754883e+00
9.652647376060485840e-01 3.362894296646118164e+00
9.662733674049377441e-01 3.407213687896728516e+00
9.672819972038269043e-01 3.409374952316284180e+00
9.682906270027160645e-01 3.381518125534057617e+00
9.692992568016052246e-01 3.480129003524780273e+00
9.703078866004943848e-01 3.401535987854003906e+00
9.713165760040283203e-01 3.374552726745605469e+00
9.723252058029174805e-01 3.386991977691650391e+00
9.733338356018066406e-01 3.401429176330566406e+00
9.743424654006958008e-01 3.419527530670166016e+00
9.753510951995849609e-01 3.480765819549560547e+00
9.763597249984741211e-01 3.494448423385620117e+00
9.773683547973632812e-01 3.512122631072998047e+00
9.783769845962524414e-01 3.415180206298828125e+00
9.793856143951416016e-01 3.484944105148315430e+00
9.803943037986755371e-01 3.515427112579345703e+00
9.814029335975646973e-01 3.502570152282714844e+00
9.824115633964538574e-01 3.491108655929565430e+00
9.834201931953430176e-01 3.506691217422485352e+00
9.844288229942321777e-01 3.548186540603637695e+00
9.854374527931213379e-01 3.596496820449829102e+00
9.864460825920104980e-01 3.652208328247070312e+00
9.874547123908996582e-01 3.568303823471069336e+00
9.884633421897888184e-01 3.615791082382202148e+00
9.894719719886779785e-01 3.644170761108398438e+00
9.904806613922119141e-01 3.678356170654296875e+00
9.914892911911010742e-01 3.652645111083984375e+00
9.924979209899902344e-01 3.627105236053466797e+00
9.935065507888793945e-01 3.641128778457641602e+00
9.945151805877685547e-01 3.633938789367675781e+00
9.955238103866577148e-01 3.608439445495605469e+00
9.965324401855468750e-01 3.665137529373168945e+00
9.975410699844360352e-01 3.594119548797607422e+00
9.985496997833251953e-01 3.727029800415039062e+00
9.995583891868591309e-01 3.634269952774047852e+00
1.000566959381103516e+00 3.709566116333007812e+00
1.001575589179992676e+00 3.627328157424926758e+00
1.002584218978881836e+00 3.688035249710083008e+00
1.003592848777770996e+00 3.719377994537353516e+00
1.004601597785949707e+00 3.711296081542968750e+00
1.005610227584838867e+00 3.672013282775878906e+00
1.006618857383728027e+00 3.654819726943969727e+00
1.007627487182617188e+00 3.699167728424072266e+00
1.008636116981506348e+00 3.800517797470092773e+00
1.009644746780395508e+00 3.801604747772216797e+00
1.010653376579284668e+00 3.719875097274780273e+00
1.011662006378173828e+00 3.795751333236694336e+00
1.012670636177062988e+00 3.757829904556274414e+00
1.013679265975952148e+00 3.779123783111572266e+00
1.014687895774841309e+00 3.815819263458251953e+00
1.015696525573730469e+00 3.800211668014526367e+00
1.016705155372619629e+00 3.763976097106933594e+00
1.017713785171508789e+00 3.759728431701660156e+00
1.018722414970397949e+00 3.841487407684326172e+00
1.019731044769287109e+00 3.883309602737426758e+00
1.020739674568176270e+00 3.806691169738769531e+00
1.021748304367065430e+00 3.880447149276733398e+00
1.022756934165954590e+00 3.886209487915039062e+00
1.023765683174133301e+00 3.885478258132934570e+00
1.024774312973022461e+00 3.888163566589355469e+00
1.025782942771911621e+00 3.870665788650512695e+00
1.026791572570800781e+00 3.947862148284912109e+00
1.027800202369689941e+00 3.871484279632568359e+00
1.028808832168579102e+00 3.899754047393798828e+00
1.029817461967468262e+00 3.888280868530273438e+00
1.030826091766357422e+00 3.866078138351440430e+00
1.031834721565246582e+00 3.983467102050781250e+00
1.032843351364135742e+00 3.892179012298583984e+00
1.033851981163024902e+00 3.997209072113037109e+00
1.034860610961914062e+00 3.971643924713134766e+00
1.035869240760803223e+00 3.950962305068969727e+00
1.036877870559692383e+00 3.983224153518676758e+00
1.037886500358581543e+00 3.929317235946655273e+00
1.038895130157470703e+00 4.036801815032958984e+00
1.039903759956359863e+00 4.005608081817626953e+00
1.040912389755249023e+00 3.980310201644897461e+00
1.041921019554138184e+00 4.005407333374023438e+00
1.042929768562316895e+00 4.015816211700439453e+00
1.043938398361206055e+00 4.070446014404296875e+00
1.044947028160095215e+00 4.023351669311523438e+00
1.045955657958984375e+00 4.139744758605957031e+00
1.046964287757873535e+00 4.064102649688720703e+00
1.047972917556762695e+00 4.116169929504394531e+00
1.048981547355651855e+00 4.087334156036376953e+00
1.049990177154541016e+00 4.045747280120849609e+00
1.050998806953430176e+00 4.142168998718261719e+00
1.052007436752319336e+00 4.063894271850585938e+00
1.053016066551208496e+00 4.125534057617187500e+00
1.054024696350097656e+00 4.110638618469238281e+00
1.055033326148986816e+00 4.128406047821044922e+00
1.056041955947875977e+00 4.122735023498535156e+00
1.057050585746765137e+00 4.189375877380371094e+00
1.058059215545654297e+00 4.151932239532470703e+00
1.059067845344543457e+00 4.157467365264892578e+00
1.060076475143432617e+00 4.144423007965087891e+00
1.061085104942321777e+00 4.228079319000244141e+00
1.062093853950500488e+00 4.200393199920654297e+00
1.063102483749389648e+00 4.183115005493164062e+00
1.064111113548278809e+00 4.243001461029052734e+00
1.065119743347167969e+00 4.234278678894042969e+00
1.066128373146057129e+00 4.223765850067138672e+00
1.067137002944946289e+00 4.299253940582275391e+00
1.068145632743835449e+00 4.358333110809326172e+00
1.069154262542724609e+00 4.316597938537597656e+00
1.070162892341613770e+00 4.255970001220703125e+00
1.071171522140502930e+00 4.344058036804199219e+00
1.072180151939392090e+00 4.436114788055419922e+00
1.073188781738281250e+00 4.208066940307617188e+00
1.074197411537170410e+00 4.284839153289794922e+00
1.075206041336059570e+00 4.301870822906494141e+00
1.076214671134948730e+00 4.168836593627929688e+00
1.077223300933837891e+00 4.295943260192871094e+00
1.078231930732727051e+00 4.306190013885498047e+00
1.079240560531616211e+00 4.323618412017822266e+00
1.080249190330505371e+00 4.375369071960449219e+00
1.081257939338684082e+00 4.360409736633300781e+00
1.082266569137573242e+00 4.403278350830078125e+00
1.083275198936462402e+00 4.508385658264160156e+00
1.084283828735351562e+00 4.419192790985107422e+00
1.085292458534240723e+00 4.476498126983642578e+00
1.086301088333129883e+00 4.382636547088623047e+00
1.087309718132019043e+00 4.380771636962890625e+00
1.088318347930908203e+00 4.407019138336181641e+00
1.089326977729797363e+00 4.500051021575927734e+00
1.090335607528686523e+00 4.489229202270507812e+00
1.091344237327575684e+00 4.493216514587402344e+00
1.092352867126464844e+00 4.399476528167724609e+00
1.093361496925354004e+00 4.529905796051025391e+00
1.094370126724243164e+00 4.532488822937011719e+00
1.095378756523132324e+00 4.508740901947021484e+00
1.096387386322021484e+00 4.346591949462890625e+00
1.097396016120910645e+00 4.524211406707763672e+00
1.098404645919799805e+00 4.549881935119628906e+00
1.099413275718688965e+00 4.447357654571533203e+00
1.100422024726867676e+00 4.462824821472167969e+00
1.101430654525756836e+00 4.503313541412353516e+00
1.102439284324645996e+00 4.522240161895751953e+00
1.103447914123535156e+00 4.601967334747314453e+00
1.104456543922424316e+00 4.557917118072509766e+00
1.105465173721313477e+00 4.581514835357666016e+00
1.106473803520202637e+00 4.605984687805175781e+00
1.107482433319091797e+00 4.777230739593505859e+00
1.108491063117980957e+00 4.567804336547851562e+00
1.109499692916870117e+00 4.640809059143066406e+00
1.110508322715759277e+00 4.693769931793212891e+00
1.111516952514648438e+00 4.745192050933837891e+00
1.112525582313537598e+00 4.644632339477539062e+00
1.113534212112426758e+00 4.571382045745849609e+00
1.114542841911315918e+00 4.555504322052001953e+00
1.115551471710205078e+00 4.689788341522216797e+00
1.116560101509094238e+00 4.635281085968017578e+00
1.117568731307983398e+00 4.710175514221191406e+00
1.118577361106872559e+00 4.670734882354736328e+00
1.119586110115051270e+00 4.789060592651367188e+00
1.120594739913940430e+00 4.627306938171386719e+00
1.121603369712829590e+00 4.585237503051757812e+00
1.122611999511718750e+00 4.814574241638183594e+00
1.123620629310607910e+00 4.700272560119628906e+00
1.124629259109497070e+00 4.808190345764160156e+00
1.125637888908386230e+00 4.955755710601806641e+00
1.126646518707275391e+00 4.937400817871093750e+00
1.127655148506164551e+00 4.806685924530029297e+00
1.128663778305053711e+00 4.802972316741943359e+00
1.129672408103942871e+00 4.810453414916992188e+00
1.130681037902832031e+00 4.799776554107666016e+00
1.131689667701721191e+00 4.656273841857910156e+00
1.132698297500610352e+00 4.853039264678955078e+00
1.133706927299499512e+00 4.812780857086181641e+00
1.134715557098388672e+00 4.698224544525146484e+00
1.135724186897277832e+00 4.783281803131103516e+00
1.136732816696166992e+00 5.022485733032226562e+00
1.137741446495056152e+00 5.140492916107177734e+00
1.138750195503234863e+00 5.011538028717041016e+00
1.139758825302124023e+00 5.022733688354492188e+00
1.140767455101013184e+00 4.974596500396728516e+00
1.141776084899902344e+00 4.970223426818847656e+00
1.142784714698791504e+00 4.840389728546142578e+00
1.143793344497680664e+00 4.880520343780517578e+00
1.144801974296569824e+00 4.954761505126953125e+00
1.145810604095458984e+00 5.121617317199707031e+00
1.146819233894348145e+00 4.966077804565429688e+00
1.147827863693237305e+00 5.114792346954345703e+00
1.148836493492126465e+00 4.940175056457519531e+00
1.149845123291015625e+00 5.142711162567138672e+00
1.150853753089904785e+00 5.055473327636718750e+00
1.151862382888793945e+00 5.127648353576660156e+00
1.152871012687683105e+00 5.050317764282226562e+00
1.153879642486572266e+00 5.140399456024169922e+00
1.154888272285461426e+00 4.908416748046875000e+00
1.155896902084350586e+00 4.952788352966308594e+00
1.156905531883239746e+00 5.193723678588867188e+00
1.157914280891418457e+00 5.109920501708984375e+00
1.158922910690307617e+00 4.963205814361572266e+00
1.159931540489196777e+00 4.933761119842529297e+00
1.160940170288085938e+00 5.188742637634277344e+00
1.161948800086975098e+00 5.198864459991455078e+00
1.162957429885864258e+00 5.188046455383300781e+00
1.163966059684753418e+00 5.035871505737304688e+00
1.164974689483642578e+00 5.242558956146240234e+00
1.165983319282531738e+00 5.138053417205810547e+00
1.166991949081420898e+00 5.195472240447998047e+00
1.168000578880310059e+00 5.150209426879882812e+00
1.169009208679199219e+00 5.157043457031250000e+00
1.170017838478088379e+00 5.103437423706054688e+00
1.171026468276977539e+00 5.441379547119140625e+00
1.172035098075866699e+00 5.343984603881835938e+00
1.173043727874755859e+00 5.176264286041259766e+00
1.174052357673645020e+00 5.406703472137451172e+00
1.175060987472534180e+00 5.374886989593505859e+00
1.176069617271423340e+00 5.306619644165039062e+00
1.177078366279602051e+00 5.267009258270263672e+00
1.178086996078491211e+00 5.281373500823974609e+00
1.179095625877380371e+00 5.162137985229492188e+00
1.180104255676269531e+00 5.210997104644775391e+00
1.181112885475158691e+00 5.766142368316650391e+00
1.182121515274047852e+00 5.328905105590820312e+00
1.183130145072937012e+00 5.229706764221191406e+00
1.184138774871826172e+00 5.510583877563476562e+00
1.185147404670715332e+00 5.319271564483642578e+00
1.186156034469604492e+00 5.325479984283447266e+00
1.187164664268493652e+00 5.220699787139892578e+00
1.188173294067382812e+00 5.349736690521240234e+00
1.189181923866271973e+00 5.499248981475830078e+00
1.190190553665161133e+00 5.418460845947265625e+00
1.191199183464050293e+00 5.367638587951660156e+00
1.192207813262939453e+00 5.262908458709716797e+00
1.193216443061828613e+00 5.143162727355957031e+00
1.194225072860717773e+00 5.092800617218017578e+00
1.195233702659606934e+00 5.618153572082519531e+00
1.196242451667785645e+00 5.611350059509277344e+00
1.197251081466674805e+00 5.089649200439453125e+00
1.198259711265563965e+00 5.277564048767089844e+00
1.199268341064453125e+00 5.614884376525878906e+00
1.200276970863342285e+00 5.389508724212646484e+00
1.201285600662231445e+00 5.366845607757568359e+00
1.202294230461120605e+00 4.978769779205322266e+00
1.203302860260009766e+00 5.121990680694580078e+00
1.204311490058898926e+00 5.501614570617675781e+00
1.205320119857788086e+00 4.676347732543945312e+00
1.206328749656677246e+00 4.518740177154541016e+00
1.207337379455566406e+00 5.191007614135742188e+00
1.208346009254455566e+00 5.150219917297363281e+00
1.209354639053344727e+00 4.910583972930908203e+00
