0.000000000000000000e+00 2.236100000000000000e+04
1.008636085316538811e-03 1.725558593750000000e+04
2.017272170633077621e-03 1.260717480468750000e+04
3.025908255949616432e-03 9.659969726562500000e+03
4.034544341266155243e-03 7.504918457031250000e+03
5.043180659413337708e-03 5.942010742187500000e+03
6.051816511899232864e-03 4.794914550781250000e+03
7.060452364385128021e-03 3.907463867187500000e+03
8.069088682532310486e-03 3.179817382812500000e+03
9.077725000679492950e-03 2.592194091796875000e+03
1.008636131882667542e-02 2.158645751953125000e+03
1.109499670565128326e-02 1.804381469726562500e+03
1.210363302379846573e-02 1.514185546875000000e+03
1.311226934194564819e-02 1.277744506835937500e+03
1.412090472877025604e-02 1.089573730468750000e+03
1.512954104691743851e-02 9.407039184570312500e+02
1.613817736506462097e-02 8.118144531250000000e+02
1.714681275188922882e-02 7.088975830078125000e+02
1.815545000135898590e-02 6.234966430664062500e+02
1.916408538818359375e-02 5.498074951171875000e+02
2.017272263765335083e-02 4.804079284667968750e+02
2.118135802447795868e-02 4.228498229980468750e+02
2.218999341130256653e-02 3.769771728515625000e+02
2.319863066077232361e-02 3.379865722656250000e+02
2.420726604759693146e-02 3.007110595703125000e+02
2.521590143442153931e-02 2.693830566406250000e+02
2.622453868389129639e-02 2.422346038818359375e+02
2.723317407071590424e-02 2.187680358886718750e+02
2.824180945754051208e-02 1.996792755126953125e+02
2.925044670701026917e-02 1.824064941406250000e+02
3.025908209383487701e-02 1.639530181884765625e+02
3.126771748065948486e-02 1.505789642333984375e+02
3.227635473012924194e-02 1.386066284179687500e+02
3.328499197959899902e-02 1.260782394409179688e+02
3.429362550377845764e-02 1.166007843017578125e+02
3.530226275324821472e-02 1.067134475708007812e+02
3.631090000271797180e-02 9.925051116943359375e+01
3.731953352689743042e-02 9.072904205322265625e+01
3.832817077636718750e-02 8.402280426025390625e+01
3.933680802583694458e-02 7.755860900878906250e+01
4.034544527530670166e-02 7.163252258300781250e+01
4.135407879948616028e-02 6.718855285644531250e+01
4.236271604895591736e-02 6.275441360473632812e+01
4.337135329842567444e-02 5.818123626708984375e+01
4.437998682260513306e-02 5.398450088500976562e+01
4.538862407207489014e-02 5.081292343139648438e+01
4.639726132154464722e-02 4.752113723754882812e+01
4.740589484572410583e-02 4.434803390502929688e+01
4.841453209519386292e-02 4.165279006958007812e+01
4.942316934466362000e-02 3.931973266601562500e+01
5.043180286884307861e-02 3.685582351684570312e+01
5.144044011831283569e-02 3.464690780639648438e+01
5.244907736778259277e-02 3.279426574707031250e+01
5.345771089196205139e-02 3.101146125793457031e+01
5.446634814143180847e-02 2.939231109619140625e+01
5.547498539090156555e-02 2.778894233703613281e+01
5.648361891508102417e-02 2.632279586791992188e+01
5.749225616455078125e-02 2.484715461730957031e+01
5.850089341402053833e-02 2.373763847351074219e+01
5.950953066349029541e-02 2.263363075256347656e+01
6.051816418766975403e-02 2.137041854858398438e+01
6.152680143713951111e-02 2.052811050415039062e+01
6.253543496131896973e-02 1.961225700378417969e+01
6.354407221078872681e-02 1.866631889343261719e+01
6.455270946025848389e-02 1.787993049621582031e+01
6.556134670972824097e-02 1.704166030883789062e+01
6.656998395919799805e-02 1.629576492309570312e+01
6.757862120866775513e-02 1.574083518981933594e+01
6.858725100755691528e-02 1.497345829010009766e+01
6.959588825702667236e-02 1.440145969390869141e+01
7.060452550649642944e-02 1.390828895568847656e+01
7.161316275596618652e-02 1.361939716339111328e+01
7.262180000543594360e-02 1.280705070495605469e+01
7.363043725490570068e-02 1.228273582458496094e+01
7.463906705379486084e-02 1.216036224365234375e+01
7.564770430326461792e-02 1.167518997192382812e+01
7.665634155273437500e-02 1.110101413726806641e+01
7.766497880220413208e-02 1.091881465911865234e+01
7.867361605167388916e-02 1.052446556091308594e+01
7.968225330114364624e-02 1.013516998291015625e+01
8.069089055061340332e-02 9.767102241516113281e+00
8.169952034950256348e-02 9.613457679748535156e+00
8.270815759897232056e-02 9.262978553771972656e+00
8.371679484844207764e-02 9.008003234863281250e+00
8.472543209791183472e-02 8.903514862060546875e+00
8.573406934738159180e-02 8.474670410156250000e+00
8.674270659685134888e-02 8.353529930114746094e+00
8.775133639574050903e-02 8.183478355407714844e+00
8.875997364521026611e-02 7.806749820709228516e+00
8.976861089468002319e-02 7.667389869689941406e+00
9.077724814414978027e-02 7.543207168579101562e+00
9.178588539361953735e-02 7.366087913513183594e+00
9.279452264308929443e-02 7.137248992919921875e+00
9.380315244197845459e-02 6.922764778137207031e+00
9.481178969144821167e-02 6.862856864929199219e+00
9.582042694091796875e-02 6.787219524383544922e+00
9.682906419038772583e-02 6.609020709991455078e+00
9.783770143985748291e-02 6.409921169281005859e+00
9.884633868932723999e-02 6.299605846405029297e+00
9.985497593879699707e-02 6.097024917602539062e+00
1.008636057376861572e-01 6.013832092285156250e+00
1.018722429871559143e-01 5.883685111999511719e+00
1.028808802366256714e-01 5.837126255035400391e+00
1.038895174860954285e-01 5.611744880676269531e+00
1.048981547355651855e-01 5.561580181121826172e+00
1.059067919850349426e-01 5.507687568664550781e+00
1.069154217839241028e-01 5.452824115753173828e+00
1.079240590333938599e-01 5.297132492065429688e+00
1.089326962828636169e-01 5.190166473388671875e+00
1.099413335323333740e-01 5.080650329589843750e+00
1.109499707818031311e-01 4.954360485076904297e+00
1.119586080312728882e-01 4.894189357757568359e+00
1.129672378301620483e-01 4.822267532348632812e+00
1.139758750796318054e-01 4.797982215881347656e+00
1.149845123291015625e-01 4.730884075164794922e+00
1.159931495785713196e-01 4.695760726928710938e+00
1.170017868280410767e-01 4.632753849029541016e+00
1.180104240775108337e-01 4.643370151519775391e+00
1.190190613269805908e-01 4.491837501525878906e+00
1.200276911258697510e-01 4.405908107757568359e+00
1.210363283753395081e-01 4.346189022064208984e+00
1.220449656248092651e-01 4.294401168823242188e+00
1.230536028742790222e-01 4.237486839294433594e+00
1.240622401237487793e-01 4.140915393829345703e+00
1.250708699226379395e-01 4.149031162261962891e+00
1.260795146226882935e-01 4.101045131683349609e+00
1.270881444215774536e-01 4.048213481903076172e+00
1.280967891216278076e-01 3.947767734527587891e+00
1.291054189205169678e-01 3.984860181808471680e+00
1.301140487194061279e-01 3.938928127288818359e+00
1.311226934194564819e-01 3.888928413391113281e+00
1.321313232183456421e-01 3.833540439605712891e+00
1.331399679183959961e-01 3.736284971237182617e+00
1.341485977172851562e-01 3.740305900573730469e+00
1.351572424173355103e-01 3.694759368896484375e+00
1.361658722162246704e-01 3.676167249679565430e+00
1.371745020151138306e-01 3.647880792617797852e+00
1.381831467151641846e-01 3.649884462356567383e+00
1.391917765140533447e-01 3.581838130950927734e+00
1.402004212141036987e-01 3.489203691482543945e+00
1.412090510129928589e-01 3.539969444274902344e+00
1.422176808118820190e-01 3.430865287780761719e+00
1.432263255119323730e-01 3.435075044631958008e+00
1.442349553108215332e-01 3.374826431274414062e+00
1.452436000108718872e-01 3.392668008804321289e+00
1.462522298097610474e-01 3.390084028244018555e+00
1.472608745098114014e-01 3.297704696655273438e+00
1.482695043087005615e-01 3.268299341201782227e+00
1.492781341075897217e-01 3.254944324493408203e+00
1.502867788076400757e-01 3.299120664596557617e+00
1.512954086065292358e-01 3.198793649673461914e+00
1.523040533065795898e-01 3.210585355758666992e+00
1.533126831054687500e-01 3.147474288940429688e+00
1.543213278055191040e-01 3.120896339416503906e+00
1.553299576044082642e-01 3.125900745391845703e+00
1.563385874032974243e-01 3.058721065521240234e+00
1.573472321033477783e-01 3.112981319427490234e+00
1.583558619022369385e-01 3.092493534088134766e+00
1.593645066022872925e-01 3.070738077163696289e+00
1.603731364011764526e-01 2.963322401046752930e+00
1.613817811012268066e-01 2.935523509979248047e+00
1.623904109001159668e-01 2.949010372161865234e+00
1.633990406990051270e-01 2.935817956924438477e+00
1.644076853990554810e-01 2.935698747634887695e+00
1.654163151979446411e-01 2.903365135192871094e+00
1.664249598979949951e-01 2.960182666778564453e+00
1.674335896968841553e-01 2.906937122344970703e+00
1.684422194957733154e-01 2.877674818038940430e+00
1.694508641958236694e-01 2.864334344863891602e+00
1.704594939947128296e-01 2.862147092819213867e+00
1.714681386947631836e-01 2.798378705978393555e+00
1.724767684936523438e-01 2.840146780014038086e+00
1.734854131937026978e-01 2.775398015975952148e+00
1.744940429925918579e-01 2.743145465850830078e+00
1.755026727914810181e-01 2.700723886489868164e+00
1.765113174915313721e-01 2.718670606613159180e+00
1.775199472904205322e-01 2.690092325210571289e+00
1.785285919904708862e-01 2.724224328994750977e+00
1.795372217893600464e-01 2.700432538986206055e+00
1.805458664894104004e-01 2.625739574432373047e+00
1.815544962882995605e-01 2.655806064605712891e+00
1.825631260871887207e-01 2.637945652008056641e+00
1.835717707872390747e-01 2.636817693710327148e+00
1.845804005861282349e-01 2.574357748031616211e+00
1.855890452861785889e-01 2.586087226867675781e+00
1.865976750850677490e-01 2.598850965499877930e+00
1.876063048839569092e-01 2.577199935913085938e+00
1.886149495840072632e-01 2.572112083435058594e+00
1.896235793828964233e-01 2.570790290832519531e+00
1.906322240829467773e-01 2.528778314590454102e+00
1.916408538818359375e-01 2.516339302062988281e+00
1.926494985818862915e-01 2.507304430007934570e+00
1.936581283807754517e-01 2.494874238967895508e+00
1.946667581796646118e-01 2.521557331085205078e+00
1.956754028797149658e-01 2.460180759429931641e+00
1.966840326786041260e-01 2.528349161148071289e+00
1.976926773786544800e-01 2.517696380615234375e+00
1.987013071775436401e-01 2.452378034591674805e+00
1.997099518775939941e-01 2.488241195678710938e+00
2.007185816764831543e-01 2.470887184143066406e+00
2.017272114753723145e-01 2.443491220474243164e+00
2.027358561754226685e-01 2.384714365005493164e+00
2.037444859743118286e-01 2.360895633697509766e+00
2.047531306743621826e-01 2.380076169967651367e+00
2.057617604732513428e-01 2.397680282592773438e+00
2.067703902721405029e-01 2.349860191345214844e+00
2.077790349721908569e-01 2.369586944580078125e+00
2.087876647710800171e-01 2.403617382049560547e+00
2.097963094711303711e-01 2.366331577301025391e+00
2.108049392700195312e-01 2.297320365905761719e+00
2.118135839700698853e-01 2.312259197235107422e+00
2.128222137689590454e-01 2.362010240554809570e+00
2.138308435678482056e-01 2.296685934066772461e+00
2.148394882678985596e-01 2.315509319305419922e+00
2.158481180667877197e-01 2.349954605102539062e+00
2.168567627668380737e-01 2.317473649978637695e+00
2.178653925657272339e-01 2.281227111816406250e+00
2.188740372657775879e-01 2.244438648223876953e+00
2.198826670646667480e-01 2.205844163894653320e+00
2.208912968635559082e-01 2.220813989639282227e+00
2.218999415636062622e-01 2.250422954559326172e+00
2.229085713624954224e-01 2.235888481140136719e+00
2.239172160625457764e-01 2.217437267303466797e+00
2.249258458614349365e-01 2.218345165252685547e+00
2.259344756603240967e-01 2.180293798446655273e+00
2.269431203603744507e-01 2.145604848861694336e+00
2.279517501592636108e-01 2.149154901504516602e+00
2.289603948593139648e-01 2.191437482833862305e+00
2.299690246582031250e-01 2.230394840240478516e+00
2.309776693582534790e-01 2.156319141387939453e+00
2.319862991571426392e-01 2.104792356491088867e+00
2.329949289560317993e-01 2.175945520401000977e+00
2.340035736560821533e-01 2.134701251983642578e+00
2.350122034549713135e-01 2.119518995285034180e+00
2.360208481550216675e-01 2.168401956558227539e+00
2.370294779539108276e-01 2.137690067291259766e+00
2.380381226539611816e-01 2.121942281723022461e+00
2.390467524528503418e-01 2.159193277359008789e+00
2.400553822517395020e-01 2.152235507965087891e+00
2.410640269517898560e-01 2.144069194793701172e+00
2.420726567506790161e-01 2.163414478302001953e+00
2.430813014507293701e-01 2.277753591537475586e+00
2.440899312496185303e-01 2.099586248397827148e+00
2.450985759496688843e-01 2.083090543746948242e+00
2.461072057485580444e-01 2.111572980880737305e+00
2.471158355474472046e-01 2.050283193588256836e+00
2.481244802474975586e-01 2.078929901123046875e+00
2.491331100463867188e-01 2.044295072555541992e+00
2.501417398452758789e-01 2.108194351196289062e+00
2.511503994464874268e-01 2.047831535339355469e+00
2.521590292453765869e-01 2.032598972320556641e+00
2.531676590442657471e-01 2.034095525741577148e+00
2.541762888431549072e-01 2.042473554611206055e+00
2.551849186420440674e-01 2.075057744979858398e+00
2.561935782432556152e-01 2.014152526855468750e+00
2.572022080421447754e-01 1.998080611228942871e+00
2.582108378410339355e-01 2.001269578933715820e+00
2.592194676399230957e-01 2.030013084411621094e+00
2.602280974388122559e-01 1.998872518539428711e+00
2.612367570400238037e-01 1.994777560234069824e+00
2.622453868389129639e-01 1.994030594825744629e+00
2.632540166378021240e-01 2.009911537170410156e+00
2.642626464366912842e-01 1.953604936599731445e+00
2.652712762355804443e-01 1.965220332145690918e+00
2.662799358367919922e-01 1.953541755676269531e+00
2.672885656356811523e-01 1.959237098693847656e+00
2.682971954345703125e-01 1.967996239662170410e+00
2.693058252334594727e-01 1.959732294082641602e+00
2.703144848346710205e-01 1.998417258262634277e+00
2.713231146335601807e-01 1.935481071472167969e+00
2.723317444324493408e-01 1.958202362060546875e+00
2.733403742313385010e-01 1.950742602348327637e+00
2.743490040302276611e-01 1.941544771194458008e+00
2.753576636314392090e-01 1.925163745880126953e+00
2.763662934303283691e-01 1.937168121337890625e+00
2.773749232292175293e-01 1.936834812164306641e+00
2.783835530281066895e-01 1.892864227294921875e+00
2.793921828269958496e-01 1.920497417449951172e+00
2.804008424282073975e-01 1.908828139305114746e+00
2.814094722270965576e-01 1.875259399414062500e+00
2.824181020259857178e-01 1.892934918403625488e+00
2.834267318248748779e-01 1.901555418968200684e+00
2.844353616237640381e-01 1.882153987884521484e+00
2.854440212249755859e-01 1.890893101692199707e+00
2.864526510238647461e-01 1.910235762596130371e+00
2.874612808227539062e-01 1.928231120109558105e+00
2.884699106216430664e-01 1.894459247589111328e+00
2.894785702228546143e-01 1.888502120971679688e+00
2.904872000217437744e-01 1.886810183525085449e+00
2.914958298206329346e-01 1.899059534072875977e+00
2.925044596195220947e-01 1.905009746551513672e+00
2.935130894184112549e-01 1.859849214553833008e+00
2.945217490196228027e-01 1.892804026603698730e+00
2.955303788185119629e-01 1.886921763420104980e+00
2.965390086174011230e-01 1.917162418365478516e+00
2.975476384162902832e-01 1.875823140144348145e+00
2.985562682151794434e-01 1.859445452690124512e+00
2.995649278163909912e-01 1.845645189285278320e+00
3.005735576152801514e-01 1.878536224365234375e+00
3.015821874141693115e-01 1.869305849075317383e+00
3.025908172130584717e-01 1.867662072181701660e+00
3.035994470119476318e-01 1.844142675399780273e+00
3.046081066131591797e-01 1.849832534790039062e+00
3.056167364120483398e-01 1.853536725044250488e+00
3.066253662109375000e-01 1.863823771476745605e+00
3.076339960098266602e-01 1.854691982269287109e+00
3.086426556110382080e-01 1.846643209457397461e+00
3.096512854099273682e-01 1.848505616188049316e+00
3.106599152088165283e-01 1.824673533439636230e+00
3.116685450077056885e-01 1.836355328559875488e+00
3.126771748065948486e-01 1.838040828704833984e+00
3.136858344078063965e-01 1.808985590934753418e+00
3.146944642066955566e-01 1.827292442321777344e+00
3.157030940055847168e-01 1.800190329551696777e+00
3.167117238044738770e-01 1.841091394424438477e+00
3.177203536033630371e-01 1.849759697914123535e+00
3.187290132045745850e-01 1.835861563682556152e+00
3.197376430034637451e-01 1.845952272415161133e+00
3.207462728023529053e-01 1.823298454284667969e+00
3.217549026012420654e-01 1.809555411338806152e+00
3.227635622024536133e-01 1.801236629486083984e+00
3.237721920013427734e-01 1.844416260719299316e+00
3.247808218002319336e-01 1.818358778953552246e+00
3.257894515991210938e-01 1.808977127075195312e+00
3.267980813980102539e-01 1.818290829658508301e+00
3.278067409992218018e-01 1.809918165206909180e+00
3.288153707981109619e-01 1.775870442390441895e+00
3.298240005970001221e-01 1.803749442100524902e+00
3.308326303958892822e-01 1.814121127128601074e+00
3.318412601947784424e-01 1.785868048667907715e+00
3.328499197959899902e-01 1.799939751625061035e+00
3.338585495948791504e-01 1.799677371978759766e+00
3.348671793937683105e-01 1.829084873199462891e+00
3.358758091926574707e-01 1.797283291816711426e+00
3.368844389915466309e-01 1.807201027870178223e+00
3.378930985927581787e-01 1.824014306068420410e+00
3.389017283916473389e-01 1.821956992149353027e+00
3.399103581905364990e-01 1.803592085838317871e+00
3.409189879894256592e-01 1.785514831542968750e+00
3.419276475906372070e-01 1.783353328704833984e+00
3.429362773895263672e-01 1.782186031341552734e+00
3.439449071884155273e-01 1.783298969268798828e+00
3.449535369873046875e-01 1.788949012756347656e+00
3.459621667861938477e-01 1.750147461891174316e+00
3.469708263874053955e-01 1.755045056343078613e+00
3.479794561862945557e-01 1.750389575958251953e+00
3.489880859851837158e-01 1.761686444282531738e+00
3.499967157840728760e-01 1.761374235153198242e+00
3.510053455829620361e-01 1.766764283180236816e+00
3.520140051841735840e-01 1.772163629531860352e+00
3.530226349830627441e-01 1.769594311714172363e+00
3.540312647819519043e-01 1.798632860183715820e+00
3.550398945808410645e-01 1.768428683280944824e+00
3.560485243797302246e-01 1.781220078468322754e+00
3.570571839809417725e-01 1.739198565483093262e+00
3.580658137798309326e-01 1.776744008064270020e+00
3.590744435787200928e-01 1.775583267211914062e+00
3.600830733776092529e-01 1.755019307136535645e+00
3.610917329788208008e-01 1.759197711944580078e+00
3.621003627777099609e-01 1.791384100914001465e+00
3.631089925765991211e-01 1.775382518768310547e+00
3.641176223754882812e-01 1.786449432373046875e+00
3.651262521743774414e-01 1.768501043319702148e+00
3.661349117755889893e-01 1.754024744033813477e+00
3.671435415744781494e-01 1.741428494453430176e+00
3.681521713733673096e-01 1.723361134529113770e+00
3.691608011722564697e-01 1.765581727027893066e+00
3.701694309711456299e-01 1.759096622467041016e+00
3.711780905723571777e-01 1.769856572151184082e+00
3.721867203712463379e-01 1.752564191818237305e+00
3.731953501701354980e-01 1.727618455886840820e+00
3.742039799690246582e-01 1.745700597763061523e+00
3.752126097679138184e-01 1.764714002609252930e+00
3.762212693691253662e-01 1.754464030265808105e+00
3.772298991680145264e-01 1.769824624061584473e+00
3.782385289669036865e-01 1.777851104736328125e+00
3.792471587657928467e-01 1.763362884521484375e+00
3.802558183670043945e-01 1.749607324600219727e+00
3.812644481658935547e-01 1.778107523918151855e+00
3.822730779647827148e-01 1.752135396003723145e+00
3.832817077636718750e-01 1.769419431686401367e+00
3.842903375625610352e-01 1.756316661834716797e+00
3.852989971637725830e-01 1.766734719276428223e+00
3.863076269626617432e-01 1.754329562187194824e+00
3.873162567615509033e-01 1.731430530548095703e+00
3.883248865604400635e-01 1.736404418945312500e+00
3.893335163593292236e-01 1.734666705131530762e+00
3.903421759605407715e-01 1.736359119415283203e+00
3.913508057594299316e-01 1.745890140533447266e+00
3.923594355583190918e-01 1.743125319480895996e+00
3.933680653572082520e-01 1.752703070640563965e+00
3.943766951560974121e-01 1.770688772201538086e+00
3.953853547573089600e-01 1.744346618652343750e+00
3.963939845561981201e-01 1.723923444747924805e+00
3.974026143550872803e-01 1.781673550605773926e+00
3.984112441539764404e-01 1.752004265785217285e+00
3.994199037551879883e-01 1.734781742095947266e+00
4.004285335540771484e-01 1.747577905654907227e+00
4.014371633529663086e-01 1.733804464340209961e+00
4.024457931518554688e-01 1.726715803146362305e+00
4.034544229507446289e-01 1.724846839904785156e+00
4.044630825519561768e-01 1.713501572608947754e+00
4.054717123508453369e-01 1.712931871414184570e+00
4.064803421497344971e-01 1.749488592147827148e+00
4.074889719486236572e-01 1.736842274665832520e+00
4.084976017475128174e-01 1.746376991271972656e+00
4.095062613487243652e-01 1.760154843330383301e+00
4.105148911476135254e-01 1.726059198379516602e+00
4.115235209465026855e-01 1.748887062072753906e+00
4.125321507453918457e-01 1.718274474143981934e+00
4.135407805442810059e-01 1.728316187858581543e+00
4.145494401454925537e-01 1.741380333900451660e+00
4.155580699443817139e-01 1.719025135040283203e+00
4.165666997432708740e-01 1.721381545066833496e+00
4.175753295421600342e-01 1.725426912307739258e+00
4.185839891433715820e-01 1.711145877838134766e+00
4.195926189422607422e-01 1.739007711410522461e+00
4.206012487411499023e-01 1.753351926803588867e+00
4.216098785400390625e-01 1.733775258064270020e+00
4.226185083389282227e-01 1.754546880722045898e+00
4.236271679401397705e-01 1.730924010276794434e+00
4.246357977390289307e-01 1.736593484878540039e+00
4.256444275379180908e-01 1.716460466384887695e+00
4.266530573368072510e-01 1.689953804016113281e+00
4.276616871356964111e-01 1.713150501251220703e+00
4.286703467369079590e-01 1.735992550849914551e+00
4.296789765357971191e-01 1.734280705451965332e+00
4.306876063346862793e-01 1.729606509208679199e+00
4.316962361335754395e-01 1.730573296546936035e+00
4.327048659324645996e-01 1.725566625595092773e+00
4.337135255336761475e-01 1.740148186683654785e+00
4.347221553325653076e-01 1.729433536529541016e+00
4.357307851314544678e-01 1.708751559257507324e+00
4.367394149303436279e-01 1.710170507431030273e+00
4.377480745315551758e-01 1.712455630302429199e+00
4.387567043304443359e-01 1.714528322219848633e+00
4.397653341293334961e-01 1.738000869750976562e+00
4.407739639282226562e-01 1.734221577644348145e+00
4.417825937271118164e-01 1.699282765388488770e+00
4.427912533283233643e-01 1.717942357063293457e+00
4.437998831272125244e-01 1.722581624984741211e+00
4.448085129261016846e-01 1.703777313232421875e+00
4.458171427249908447e-01 1.707672953605651855e+00
4.468257725238800049e-01 1.722859263420104980e+00
4.478344321250915527e-01 1.692635178565979004e+00
4.488430619239807129e-01 1.723227858543395996e+00
4.498516917228698730e-01 1.741360664367675781e+00
4.508603215217590332e-01 1.709158062934875488e+00
4.518689513206481934e-01 1.722777366638183594e+00
4.528776109218597412e-01 1.715055465698242188e+00
4.538862407207489014e-01 1.680271029472351074e+00
4.548948705196380615e-01 1.717787981033325195e+00
4.559035003185272217e-01 1.737244725227355957e+00
4.569121599197387695e-01 1.706511020660400391e+00
4.579207897186279297e-01 1.699357271194458008e+00
4.589294195175170898e-01 1.712377071380615234e+00
4.599380493164062500e-01 1.710780978202819824e+00
4.609466791152954102e-01 1.715404868125915527e+00
4.619553387165069580e-01 1.671664118766784668e+00
4.629639685153961182e-01 1.704966545104980469e+00
4.639725983142852783e-01 1.717828869819641113e+00
4.649812281131744385e-01 1.720526099205017090e+00
4.659898579120635986e-01 1.717054963111877441e+00
4.669985175132751465e-01 1.735110163688659668e+00
4.680071473121643066e-01 1.727227568626403809e+00
4.690157771110534668e-01 1.705878496170043945e+00
4.700244069099426270e-01 1.726645588874816895e+00
4.710330665111541748e-01 1.712831616401672363e+00
4.720416963100433350e-01 1.719486474990844727e+00
4.730503261089324951e-01 1.710639834403991699e+00
4.740589559078216553e-01 1.708171367645263672e+00
4.750675857067108154e-01 1.701106548309326172e+00
4.760762453079223633e-01 1.709493160247802734e+00
4.770848751068115234e-01 1.731220960617065430e+00
4.780935049057006836e-01 1.712738156318664551e+00
4.791021347045898438e-01 1.712228655815124512e+00
4.801107645034790039e-01 1.714233994483947754e+00
4.811194241046905518e-01 1.722085952758789062e+00
4.821280539035797119e-01 1.711558222770690918e+00
4.831366837024688721e-01 1.695880055427551270e+00
4.841453135013580322e-01 1.691934466361999512e+00
4.851539433002471924e-01 1.695692896842956543e+00
4.861626029014587402e-01 1.710844755172729492e+00
4.871712327003479004e-01 1.675852179527282715e+00
4.881798624992370605e-01 1.701072692871093750e+00
4.891884922981262207e-01 1.687745809555053711e+00
4.901971518993377686e-01 1.701863765716552734e+00
4.912057816982269287e-01 1.700109362602233887e+00
4.922144114971160889e-01 1.717084169387817383e+00
4.932230412960052490e-01 1.724157452583312988e+00
4.942316710948944092e-01 1.689344167709350586e+00
4.952403306961059570e-01 1.696835756301879883e+00
4.962489604949951172e-01 1.682176351547241211e+00
4.972575902938842773e-01 1.692921400070190430e+00
4.982662200927734375e-01 1.679195523262023926e+00
4.992748498916625977e-01 1.718351721763610840e+00
5.002834796905517578e-01 1.700886964797973633e+00
5.012921094894409180e-01 1.687064290046691895e+00
5.023007988929748535e-01 1.709685921669006348e+00
5.033094286918640137e-01 1.720722079277038574e+00
5.043180584907531738e-01 1.764000892639160156e+00
5.053266882896423340e-01 1.732224345207214355e+00
5.063353180885314941e-01 1.694243311882019043e+00
5.073439478874206543e-01 1.703138709068298340e+00
5.083525776863098145e-01 1.700614809989929199e+00
5.093612074851989746e-01 1.691587448120117188e+00
5.103698372840881348e-01 1.672737240791320801e+00
5.113784670829772949e-01 1.696033000946044922e+00
5.123871564865112305e-01 1.710246562957763672e+00
5.133957862854003906e-01 1.676445484161376953e+00
5.144044160842895508e-01 1.689899682998657227e+00
5.154130458831787109e-01 1.701037287712097168e+00
5.164216756820678711e-01 1.691226959228515625e+00
5.174303054809570312e-01 1.700560808181762695e+00
5.184389352798461914e-01 1.696000337600708008e+00
5.194475650787353516e-01 1.702168107032775879e+00
5.204561948776245117e-01 1.691728234291076660e+00
5.214648842811584473e-01 1.695840597152709961e+00
5.224735140800476074e-01 1.704702734947204590e+00
5.234821438789367676e-01 1.686252593994140625e+00
5.244907736778259277e-01 1.693534851074218750e+00
5.254994034767150879e-01 1.687879562377929688e+00
5.265080332756042480e-01 1.700526475906372070e+00
5.275166630744934082e-01 1.704708933830261230e+00
5.285252928733825684e-01 1.675870418548583984e+00
5.295339226722717285e-01 1.681028604507446289e+00
5.305425524711608887e-01 1.651181221008300781e+00
5.315512418746948242e-01 1.689057111740112305e+00
5.325598716735839844e-01 1.694028139114379883e+00
5.335685014724731445e-01 1.715186834335327148e+00
5.345771312713623047e-01 1.691652774810791016e+00
5.355857610702514648e-01 1.709264039993286133e+00
5.365943908691406250e-01 1.698455095291137695e+00
5.376030206680297852e-01 1.698985338211059570e+00
5.386116504669189453e-01 1.716731429100036621e+00
5.396202802658081055e-01 1.719268441200256348e+00
5.406289696693420410e-01 1.699965596199035645e+00
5.416375994682312012e-01 1.679631114006042480e+00
5.426462292671203613e-01 1.683428287506103516e+00
5.436548590660095215e-01 1.696006655693054199e+00
5.446634888648986816e-01 1.707897543907165527e+00
5.456721186637878418e-01 1.699746489524841309e+00
5.466807484626770020e-01 1.701375961303710938e+00
5.476893782615661621e-01 1.718569040298461914e+00
5.486980080604553223e-01 1.692631125450134277e+00
5.497066378593444824e-01 1.691963553428649902e+00
5.507153272628784180e-01 1.698581337928771973e+00
5.517239570617675781e-01 1.700950026512145996e+00
5.527325868606567383e-01 1.714440464973449707e+00
5.537412166595458984e-01 1.684817194938659668e+00
5.547498464584350586e-01 1.693397998809814453e+00
5.557584762573242188e-01 1.705328106880187988e+00
5.567671060562133789e-01 1.696253538131713867e+00
5.577757358551025391e-01 1.719276905059814453e+00
5.587843656539916992e-01 1.722072958946228027e+00
5.597930550575256348e-01 1.720200657844543457e+00
5.608016848564147949e-01 1.707479476928710938e+00
5.618103146553039551e-01 1.711575865745544434e+00
5.628189444541931152e-01 1.704346776008605957e+00
5.638275742530822754e-01 1.718007326126098633e+00
5.648362040519714355e-01 1.710502147674560547e+00
5.658448338508605957e-01 1.701686382293701172e+00
5.668534636497497559e-01 1.733901619911193848e+00
5.678620934486389160e-01 1.712343215942382812e+00
5.688707232475280762e-01 1.722961544990539551e+00
5.698794126510620117e-01 1.728548645973205566e+00
5.708880424499511719e-01 1.713217735290527344e+00
5.718966722488403320e-01 1.726885914802551270e+00
5.729053020477294922e-01 1.722307920455932617e+00
5.739139318466186523e-01 1.686535716056823730e+00
5.749225616455078125e-01 1.694450378417968750e+00
5.759311914443969727e-01 1.711916208267211914e+00
5.769398212432861328e-01 1.709246158599853516e+00
5.779484510421752930e-01 1.711005568504333496e+00
5.789571404457092285e-01 1.715659379959106445e+00
5.799657702445983887e-01 1.705840229988098145e+00
5.809744000434875488e-01 1.716857552528381348e+00
5.819830298423767090e-01 1.726735711097717285e+00
5.829916596412658691e-01 1.728422999382019043e+00
5.840002894401550293e-01 1.746016621589660645e+00
5.850089192390441895e-01 1.751484394073486328e+00
5.860175490379333496e-01 1.709774613380432129e+00
5.870261788368225098e-01 1.719417572021484375e+00
5.880348086357116699e-01 1.726318717002868652e+00
5.890434980392456055e-01 1.726210355758666992e+00
5.900521278381347656e-01 1.758360028266906738e+00
5.910607576370239258e-01 1.726512074470520020e+00
5.920693874359130859e-01 1.716854333877563477e+00
5.930780172348022461e-01 1.734943747520446777e+00
5.940866470336914062e-01 1.741948127746582031e+00
5.950952768325805664e-01 1.737332224845886230e+00
5.961039066314697266e-01 1.717980504035949707e+00
5.971125364303588867e-01 1.732685446739196777e+00
5.981212258338928223e-01 1.767080307006835938e+00
5.991298556327819824e-01 1.730131506919860840e+00
6.001384854316711426e-01 1.746770739555358887e+00
6.011471152305603027e-01 1.743160009384155273e+00
6.021557450294494629e-01 1.748325586318969727e+00
6.031643748283386230e-01 1.764088749885559082e+00
6.041730046272277832e-01 1.762746930122375488e+00
6.051816344261169434e-01 1.733130455017089844e+00
6.061902642250061035e-01 1.750954866409301758e+00
6.071988940238952637e-01 1.742927551269531250e+00
6.082075834274291992e-01 1.757730841636657715e+00
6.092162132263183594e-01 1.755536556243896484e+00
6.102248430252075195e-01 1.741730213165283203e+00
6.112334728240966797e-01 1.738708972930908203e+00
6.122421026229858398e-01 1.772230386734008789e+00
6.132507324218750000e-01 1.765076041221618652e+00
6.142593622207641602e-01 1.765624642372131348e+00
6.152679920196533203e-01 1.758461594581604004e+00
6.162766218185424805e-01 1.757572412490844727e+00
6.172853112220764160e-01 1.762927532196044922e+00
6.182939410209655762e-01 1.760679244995117188e+00
6.193025708198547363e-01 1.750969529151916504e+00
6.203112006187438965e-01 1.753874301910400391e+00
6.213198304176330566e-01 1.763938069343566895e+00
6.223284602165222168e-01 1.759682655334472656e+00
6.233370900154113770e-01 1.750194430351257324e+00
6.243457198143005371e-01 1.745646357536315918e+00
6.253543496131896973e-01 1.766358256340026855e+00
6.263629794120788574e-01 1.758635520935058594e+00
6.273716688156127930e-01 1.741867542266845703e+00
6.283802986145019531e-01 1.738999962806701660e+00
6.293889284133911133e-01 1.750595331192016602e+00
6.303975582122802734e-01 1.757506489753723145e+00
6.314061880111694336e-01 1.759822368621826172e+00
6.324148178100585938e-01 1.765972018241882324e+00
6.334234476089477539e-01 1.745744347572326660e+00
6.344320774078369141e-01 1.744084239006042480e+00
6.354407072067260742e-01 1.759622454643249512e+00
6.364493966102600098e-01 1.781348705291748047e+00
6.374580264091491699e-01 1.753766298294067383e+00
6.384666562080383301e-01 1.768103122711181641e+00
6.394752860069274902e-01 1.754914999008178711e+00
6.404839158058166504e-01 1.759675502777099609e+00
6.414925456047058105e-01 1.756962537765502930e+00
6.425011754035949707e-01 1.757835030555725098e+00
6.435098052024841309e-01 1.773500680923461914e+00
6.445184350013732910e-01 1.738137841224670410e+00
6.455271244049072266e-01 1.750461339950561523e+00
6.465357542037963867e-01 1.755615115165710449e+00
6.475443840026855469e-01 1.782000422477722168e+00
6.485530138015747070e-01 1.771448731422424316e+00
6.495616436004638672e-01 1.776351690292358398e+00
6.505702733993530273e-01 1.772315263748168945e+00
6.515789031982421875e-01 1.738292694091796875e+00
6.525875329971313477e-01 1.735498666763305664e+00
6.535961627960205078e-01 1.742317914962768555e+00
6.546047925949096680e-01 1.764568567276000977e+00
6.556134819984436035e-01 1.803423285484313965e+00
6.566221117973327637e-01 1.788347721099853516e+00
6.576307415962219238e-01 1.783326029777526855e+00
6.586393713951110840e-01 1.772826671600341797e+00
6.596480011940002441e-01 1.757826566696166992e+00
6.606566309928894043e-01 1.769865870475769043e+00
6.616652607917785645e-01 1.748599529266357422e+00
6.626738905906677246e-01 1.765858054161071777e+00
6.636825203895568848e-01 1.778490543365478516e+00
6.646912097930908203e-01 1.789652943611145020e+00
6.656998395919799805e-01 1.794631838798522949e+00
6.667084693908691406e-01 1.794804811477661133e+00
6.677170991897583008e-01 1.788810610771179199e+00
6.687257289886474609e-01 1.787950396537780762e+00
6.697343587875366211e-01 1.807803511619567871e+00
6.707429885864257812e-01 1.833882570266723633e+00
6.717516183853149414e-01 1.818472981452941895e+00
6.727602481842041016e-01 1.791725635528564453e+00
6.737688779830932617e-01 1.772509813308715820e+00
6.747775673866271973e-01 1.813981771469116211e+00
6.757861971855163574e-01 1.801749110221862793e+00
6.767948269844055176e-01 1.800579786300659180e+00
6.778034567832946777e-01 1.812521934509277344e+00
6.788120865821838379e-01 1.820589065551757812e+00
6.798207163810729980e-01 1.800717353820800781e+00
6.808293461799621582e-01 1.791687130928039551e+00
6.818379759788513184e-01 1.813317894935607910e+00
6.828466057777404785e-01 1.811352372169494629e+00
6.838552951812744141e-01 1.811991810798645020e+00
6.848639249801635742e-01 1.837435722351074219e+00
6.858725547790527344e-01 1.825536131858825684e+00
6.868811845779418945e-01 1.825470566749572754e+00
6.878898143768310547e-01 1.832568049430847168e+00
6.888984441757202148e-01 1.832898855209350586e+00
6.899070739746093750e-01 1.835750699043273926e+00
6.909157037734985352e-01 1.855994343757629395e+00
6.919243335723876953e-01 1.838979125022888184e+00
6.929329633712768555e-01 1.827035903930664062e+00
6.939416527748107910e-01 1.841521739959716797e+00
6.949502825736999512e-01 1.832197785377502441e+00
6.959589123725891113e-01 1.817574858665466309e+00
6.969675421714782715e-01 1.824645519256591797e+00
6.979761719703674316e-01 1.826414108276367188e+00
6.989848017692565918e-01 1.804965138435363770e+00
6.999934315681457520e-01 1.818948507308959961e+00
7.010020613670349121e-01 1.850492477416992188e+00
7.020106911659240723e-01 1.833630800247192383e+00
7.030193805694580078e-01 1.834550738334655762e+00
7.040280103683471680e-01 1.836994290351867676e+00
7.050366401672363281e-01 1.846965312957763672e+00
7.060452699661254883e-01 1.872638702392578125e+00
7.070538997650146484e-01 1.849427223205566406e+00
7.080625295639038086e-01 1.862619280815124512e+00
7.090711593627929688e-01 1.875264644622802734e+00
7.100797891616821289e-01 1.845564723014831543e+00
7.110884189605712891e-01 1.893378496170043945e+00
7.120970487594604492e-01 1.853057861328125000e+00
7.131057381629943848e-01 1.861639499664306641e+00
7.141143679618835449e-01 1.849502563476562500e+00
7.151229977607727051e-01 1.861019968986511230e+00
7.161316275596618652e-01 1.855392694473266602e+00
7.171402573585510254e-01 1.877217292785644531e+00
7.181488871574401855e-01 1.866538882255554199e+00
7.191575169563293457e-01 1.849659919738769531e+00
7.201661467552185059e-01 1.885568737983703613e+00
7.211747765541076660e-01 1.897606253623962402e+00
7.221834659576416016e-01 1.880772829055786133e+00
7.231920957565307617e-01 1.884626150131225586e+00
7.242007255554199219e-01 1.869324684143066406e+00
7.252093553543090820e-01 1.897116422653198242e+00
7.262179851531982422e-01 1.882578849792480469e+00
7.272266149520874023e-01 1.898394107818603516e+00
7.282352447509765625e-01 1.879390239715576172e+00
7.292438745498657227e-01 1.888123512268066406e+00
7.302525043487548828e-01 1.895103216171264648e+00
7.312611341476440430e-01 1.908033013343811035e+00
7.322698235511779785e-01 1.876411318778991699e+00
7.332784533500671387e-01 1.895068168640136719e+00
7.342870831489562988e-01 1.893631815910339355e+00
7.352957129478454590e-01 1.899355292320251465e+00
7.363043427467346191e-01 1.911030054092407227e+00
7.373129725456237793e-01 1.906506657600402832e+00
7.383216023445129395e-01 1.897637128829956055e+00
7.393302321434020996e-01 1.929021716117858887e+00
7.403388619422912598e-01 1.895444273948669434e+00
7.413475513458251953e-01 1.914794087409973145e+00
7.423561811447143555e-01 1.922801256179809570e+00
7.433648109436035156e-01 1.912378072738647461e+00
7.443734407424926758e-01 1.932846426963806152e+00
7.453820705413818359e-01 1.905779004096984863e+00
7.463907003402709961e-01 1.928606152534484863e+00
7.473993301391601562e-01 1.947645187377929688e+00
7.484079599380493164e-01 1.943278551101684570e+00
7.494165897369384766e-01 1.923492074012756348e+00
7.504252195358276367e-01 1.921680808067321777e+00
7.514339089393615723e-01 1.925586819648742676e+00
7.524425387382507324e-01 1.993281006813049316e+00
7.534511685371398926e-01 1.997253537178039551e+00
7.544597983360290527e-01 1.952331423759460449e+00
7.554684281349182129e-01 1.942451238632202148e+00
7.564770579338073730e-01 1.952433109283447266e+00
7.574856877326965332e-01 1.972689628601074219e+00
7.584943175315856934e-01 1.946295857429504395e+00
7.595029473304748535e-01 1.944806933403015137e+00
7.605116367340087891e-01 1.966250419616699219e+00
7.615202665328979492e-01 1.939342021942138672e+00
7.625288963317871094e-01 1.961404442787170410e+00
7.635375261306762695e-01 1.956896424293518066e+00
7.645461559295654297e-01 1.959592342376708984e+00
7.655547857284545898e-01 1.965857267379760742e+00
7.665634155273437500e-01 1.972315311431884766e+00
7.675720453262329102e-01 1.999822139739990234e+00
7.685806751251220703e-01 1.975434899330139160e+00
7.695893049240112305e-01 1.966460227966308594e+00
7.705979943275451660e-01 1.982870221138000488e+00
7.716066241264343262e-01 1.990243434906005859e+00
7.726152539253234863e-01 2.031291007995605469e+00
7.736238837242126465e-01 1.966172814369201660e+00
7.746325135231018066e-01 1.980081677436828613e+00
7.756411433219909668e-01 1.959892272949218750e+00
7.766497731208801270e-01 1.982733130455017090e+00
7.776584029197692871e-01 1.992924332618713379e+00
7.786670327186584473e-01 1.990913510322570801e+00
7.796757221221923828e-01 2.017327547073364258e+00
7.806843519210815430e-01 2.015884876251220703e+00
7.816929817199707031e-01 2.011571407318115234e+00
7.827016115188598633e-01 1.979320526123046875e+00
7.837102413177490234e-01 2.002808809280395508e+00
7.847188711166381836e-01 2.011198043823242188e+00
7.857275009155273438e-01 2.003534555435180664e+00
7.867361307144165039e-01 2.023631572723388672e+00
7.877447605133056641e-01 2.005125284194946289e+00
7.887533903121948242e-01 2.054638624191284180e+00
7.897620797157287598e-01 2.012841224670410156e+00
7.907707095146179199e-01 2.027590036392211914e+00
7.917793393135070801e-01 2.058830738067626953e+00
7.927879691123962402e-01 2.044922590255737305e+00
7.937965989112854004e-01 2.030353307723999023e+00
7.948052287101745605e-01 2.055424928665161133e+00
7.958138585090637207e-01 2.047708749771118164e+00
7.968224883079528809e-01 2.033700466156005859e+00
7.978311181068420410e-01 2.044660091400146484e+00
7.988398075103759766e-01 2.042546987533569336e+00
7.998484373092651367e-01 2.043990850448608398e+00
8.008570671081542969e-01 2.053482294082641602e+00
8.018656969070434570e-01 2.041484832763671875e+00
8.028743267059326172e-01 2.060956478118896484e+00
8.038829565048217773e-01 2.041947126388549805e+00
8.048915863037109375e-01 2.061948299407958984e+00
8.059002161026000977e-01 2.057175397872924805e+00
8.069088459014892578e-01 2.050130605697631836e+00
8.079174757003784180e-01 2.044480800628662109e+00
8.089261651039123535e-01 2.099700927734375000e+00
8.099347949028015137e-01 2.042293071746826172e+00
8.109434247016906738e-01 2.083516359329223633e+00
8.119520545005798340e-01 2.084521293640136719e+00
8.129606842994689941e-01 2.064184188842773438e+00
8.139693140983581543e-01 2.081512928009033203e+00
8.149779438972473145e-01 2.074804306030273438e+00
8.159865736961364746e-01 2.061731100082397461e+00
8.169952034950256348e-01 2.089080333709716797e+00
8.180038928985595703e-01 2.099606037139892578e+00
8.190125226974487305e-01 2.101765394210815430e+00
8.200211524963378906e-01 2.112977266311645508e+00
8.210297822952270508e-01 2.096420526504516602e+00
8.220384120941162109e-01 2.084770202636718750e+00
8.230470418930053711e-01 2.094844341278076172e+00
8.240556716918945312e-01 2.102667093276977539e+00
8.250643014907836914e-01 2.094159603118896484e+00
8.260729312896728516e-01 2.117230176925659180e+00
8.270815610885620117e-01 2.120334386825561523e+00
8.280902504920959473e-01 2.109018802642822266e+00
8.290988802909851074e-01 2.121011018753051758e+00
8.301075100898742676e-01 2.114761590957641602e+00
8.311161398887634277e-01 2.101500034332275391e+00
8.321247696876525879e-01 2.114358663558959961e+00
8.331333994865417480e-01 2.101794958114624023e+00
8.341420292854309082e-01 2.112703084945678711e+00
8.351506590843200684e-01 2.120732784271240234e+00
8.361592888832092285e-01 2.134246110916137695e+00
8.371679782867431641e-01 2.136092424392700195e+00
8.381766080856323242e-01 2.132169246673583984e+00
8.391852378845214844e-01 2.151941299438476562e+00
8.401938676834106445e-01 2.116740703582763672e+00
8.412024974822998047e-01 2.148483276367187500e+00
8.422111272811889648e-01 2.149860143661499023e+00
8.432197570800781250e-01 2.163024425506591797e+00
8.442283868789672852e-01 2.161256551742553711e+00
8.452370166778564453e-01 2.150363206863403320e+00
8.462456464767456055e-01 2.159725904464721680e+00
8.472543358802795410e-01 2.183582544326782227e+00
8.482629656791687012e-01 2.162435531616210938e+00
8.492715954780578613e-01 2.141692876815795898e+00
8.502802252769470215e-01 2.159724712371826172e+00
8.512888550758361816e-01 2.166370391845703125e+00
8.522974848747253418e-01 2.185205936431884766e+00
8.533061146736145020e-01 2.156396150588989258e+00
8.543147444725036621e-01 2.185461044311523438e+00
8.553233742713928223e-01 2.153464078903198242e+00
8.563320636749267578e-01 2.175437211990356445e+00
8.573406934738159180e-01 2.177343606948852539e+00
8.583493232727050781e-01 2.188438415527343750e+00
8.593579530715942383e-01 2.180193185806274414e+00
8.603665828704833984e-01 2.176647901535034180e+00
8.613752126693725586e-01 2.201232671737670898e+00
8.623838424682617188e-01 2.197735309600830078e+00
8.633924722671508789e-01 2.208532333374023438e+00
8.644011020660400391e-01 2.149172306060791016e+00
8.654097318649291992e-01 2.199130058288574219e+00
8.664184212684631348e-01 2.241964101791381836e+00
8.674270510673522949e-01 2.217573642730712891e+00
8.684356808662414551e-01 2.216334104537963867e+00
8.694443106651306152e-01 2.196501255035400391e+00
8.704529404640197754e-01 2.224149703979492188e+00
8.714615702629089355e-01 2.219371318817138672e+00
8.724702000617980957e-01 2.232998132705688477e+00
8.734788298606872559e-01 2.217443466186523438e+00
8.744874596595764160e-01 2.211297750473022461e+00
8.754961490631103516e-01 2.238578081130981445e+00
8.765047788619995117e-01 2.275403499603271484e+00
8.775134086608886719e-01 2.188403606414794922e+00
8.785220384597778320e-01 2.252032995223999023e+00
8.795306682586669922e-01 2.294664144515991211e+00
8.805392980575561523e-01 2.219858646392822266e+00
8.815479278564453125e-01 2.208709955215454102e+00
8.825565576553344727e-01 2.232634544372558594e+00
8.835651874542236328e-01 2.233970403671264648e+00
8.845738172531127930e-01 2.256845235824584961e+00
8.855825066566467285e-01 2.264854669570922852e+00
8.865911364555358887e-01 2.244320154190063477e+00
8.875997662544250488e-01 2.232260465621948242e+00
8.886083960533142090e-01 2.308701992034912109e+00
8.896170258522033691e-01 2.290614604949951172e+00
8.906256556510925293e-01 2.250846385955810547e+00
8.916342854499816895e-01 2.254643440246582031e+00
8.926429152488708496e-01 2.280083656311035156e+00
8.936515450477600098e-01 2.292504310607910156e+00
8.946602344512939453e-01 2.283629179000854492e+00
8.956688642501831055e-01 2.306274175643920898e+00
8.966774940490722656e-01 2.254506826400756836e+00
8.976861238479614258e-01 2.310148000717163086e+00
8.986947536468505859e-01 2.313853502273559570e+00
8.997033834457397461e-01 2.305266857147216797e+00
9.007120132446289062e-01 2.285607099533081055e+00
9.017206430435180664e-01 2.311145067214965820e+00
9.027292728424072266e-01 2.367475986480712891e+00
9.037379026412963867e-01 2.340204000473022461e+00
9.047465920448303223e-01 2.352827787399291992e+00
9.057552218437194824e-01 2.318102598190307617e+00
9.067638516426086426e-01 2.271935939788818359e+00
9.077724814414978027e-01 2.295031309127807617e+00
9.087811112403869629e-01 2.349550962448120117e+00
9.097897410392761230e-01 2.317773103713989258e+00
9.107983708381652832e-01 2.290991544723510742e+00
9.118070006370544434e-01 2.349622488021850586e+00
9.128156304359436035e-01 2.370015859603881836e+00
9.138243198394775391e-01 2.326561450958251953e+00
9.148329496383666992e-01 2.284516811370849609e+00
9.158415794372558594e-01 2.299350500106811523e+00
9.168502092361450195e-01 2.380046367645263672e+00
9.178588390350341797e-01 2.356645822525024414e+00
9.188674688339233398e-01 2.380658149719238281e+00
9.198760986328125000e-01 2.372535467147827148e+00
9.208847284317016602e-01 2.409747123718261719e+00
9.218933582305908203e-01 2.409581899642944336e+00
9.229020476341247559e-01 2.373011589050292969e+00
9.239106774330139160e-01 2.388681173324584961e+00
9.249193072319030762e-01 2.392085790634155273e+00
9.259279370307922363e-01 2.374887466430664062e+00
9.269365668296813965e-01 2.418079853057861328e+00
9.279451966285705566e-01 2.400207042694091797e+00
9.289538264274597168e-01 2.388046979904174805e+00
9.299624562263488770e-01 2.376433134078979492e+00
9.309710860252380371e-01 2.357367753982543945e+00
9.319797158241271973e-01 2.377472877502441406e+00
9.329884052276611328e-01 2.428546190261840820e+00
9.339970350265502930e-01 2.415001153945922852e+00
9.350056648254394531e-01 2.433892488479614258e+00
9.360142946243286133e-01 2.423831462860107422e+00
9.370229244232177734e-01 2.439585208892822266e+00
9.380315542221069336e-01 2.425940036773681641e+00
9.390401840209960938e-01 2.460117578506469727e+00
9.400488138198852539e-01 2.400303125381469727e+00
9.410574436187744141e-01 2.407148122787475586e+00
9.420661330223083496e-01 2.444230556488037109e+00
9.430747628211975098e-01 2.444648504257202148e+00
9.440833926200866699e-01 2.420606374740600586e+00
9.450920224189758301e-01 2.431348323822021484e+00
9.461006522178649902e-01 2.456977367401123047e+00
9.471092820167541504e-01 2.488091707229614258e+00
9.481179118156433105e-01 2.503506660461425781e+00
9.491265416145324707e-01 2.408592939376831055e+00
9.501351714134216309e-01 2.403865814208984375e+00
9.511438012123107910e-01 2.460246801376342773e+00
9.521524906158447266e-01 2.497956514358520508e+00
9.531611204147338867e-01 2.512067317962646484e+00
9.541697502136230469e-01 2.454513549804687500e+00
9.551783800125122070e-01 2.452999591827392578e+00
9.561870098114013672e-01 2.489197015762329102e+00
9.571956396102905273e-01 2.476376295089721680e+00
9.582042694091796875e-01 2.538173913955688477e+00
9.592128992080688477e-01 2.475084781646728516e+00
9.602215290069580078e-01 2.454310655593872070e+00
9.612302184104919434e-01 2.468360900878906250e+00
9.622388482093811035e-01 2.525407314300537109e+00
9.632474780082702637e-01 2.497445821762084961e+00
9.642561078071594238e-01 2.487861156463623047e+00
9.652647376060485840e-01 2.539092302322387695e+00
9.662733674049377441e-01 2.571935653686523438e+00
9.672819972038269043e-01 2.491448163986206055e+00
9.682906270027160645e-01 2.491762399673461914e+00
9.692992568016052246e-01 2.515682935714721680e+00
9.703078866004943848e-01 2.590201854705810547e+00
9.713165760040283203e-01 2.586162567138671875e+00
9.723252058029174805e-01 2.549077510833740234e+00
9.733338356018066406e-01 2.506319999694824219e+00
9.743424654006958008e-01 2.590348482131958008e+00
9.753510951995849609e-01 2.536224126815795898e+00
9.763597249984741211e-01 2.566156387329101562e+00
9.773683547973632812e-01 2.560722827911376953e+00
9.783769845962524414e-01 2.532209157943725586e+00
9.793856143951416016e-01 2.534196853637695312e+00
9.803943037986755371e-01 2.636147260665893555e+00
9.814029335975646973e-01 2.570275545120239258e+00
9.824115633964538574e-01 2.528664827346801758e+00
9.834201931953430176e-01 2.560426473617553711e+00
9.844288229942321777e-01 2.581644773483276367e+00
9.854374527931213379e-01 2.577338218688964844e+00
9.864460825920104980e-01 2.570764541625976562e+00
9.874547123908996582e-01 2.488360643386840820e+00
9.884633421897888184e-01 2.586901664733886719e+00
9.894719719886779785e-01 2.588205337524414062e+00
9.904806613922119141e-01 2.599041700363159180e+00
9.914892911911010742e-01 2.624818563461303711e+00
9.924979209899902344e-01 2.647781848907470703e+00
9.935065507888793945e-01 2.597261667251586914e+00
9.945151805877685547e-01 2.677819490432739258e+00
9.955238103866577148e-01 2.626538515090942383e+00
9.965324401855468750e-01 2.601546049118041992e+00
9.975410699844360352e-01 2.562650203704833984e+00
9.985496997833251953e-01 2.656488895416259766e+00
9.995583891868591309e-01 2.640849351882934570e+00
1.000566959381103516e+00 2.617641210556030273e+00
1.001575589179992676e+00 2.651033163070678711e+00
1.002584218978881836e+00 2.658387422561645508e+00
1.003592848777770996e+00 2.647706747055053711e+00
1.004601597785949707e+00 2.673610210418701172e+00
1.005610227584838867e+00 2.627038002014160156e+00
1.006618857383728027e+00 2.668969154357910156e+00
1.007627487182617188e+00 2.682922840118408203e+00
1.008636116981506348e+00 2.621077775955200195e+00
1.009644746780395508e+00 2.586730241775512695e+00
1.010653376579284668e+00 2.616062164306640625e+00
1.011662006378173828e+00 2.662287473678588867e+00
1.012670636177062988e+00 2.619050264358520508e+00
1.013679265975952148e+00 2.676082372665405273e+00
1.014687895774841309e+00 2.651414871215820312e+00
1.015696525573730469e+00 2.615872859954833984e+00
1.016705155372619629e+00 2.699352502822875977e+00
1.017713785171508789e+00 2.756535291671752930e+00
1.018722414970397949e+00 2.676973104476928711e+00
1.019731044769287109e+00 2.706617593765258789e+00
1.020739674568176270e+00 2.738075733184814453e+00
1.021748304367065430e+00 2.780745744705200195e+00
1.022756934165954590e+00 2.667265653610229492e+00
1.023765683174133301e+00 2.720839500427246094e+00
1.024774312973022461e+00 2.813546657562255859e+00
1.025782942771911621e+00 2.681270360946655273e+00
1.026791572570800781e+00 2.744767427444458008e+00
1.027800202369689941e+00 2.676421642303466797e+00
1.028808832168579102e+00 2.726322412490844727e+00
1.029817461967468262e+00 2.724002122879028320e+00
1.030826091766357422e+00 2.807940483093261719e+00
1.031834721565246582e+00 2.762053012847900391e+00
1.032843351364135742e+00 2.704412937164306641e+00
1.033851981163024902e+00 2.718386650085449219e+00
1.034860610961914062e+00 2.761761665344238281e+00
1.035869240760803223e+00 2.786535501480102539e+00
1.036877870559692383e+00 2.797163248062133789e+00
1.037886500358581543e+00 2.749086380004882812e+00
1.038895130157470703e+00 2.776023387908935547e+00
1.039903759956359863e+00 2.799021482467651367e+00
1.040912389755249023e+00 2.796913862228393555e+00
1.041921019554138184e+00 2.819057464599609375e+00
1.042929768562316895e+00 2.787644147872924805e+00
1.043938398361206055e+00 2.782874822616577148e+00
1.044947028160095215e+00 2.828576803207397461e+00
1.045955657958984375e+00 2.886060476303100586e+00
1.046964287757873535e+00 2.810482740402221680e+00
1.047972917556762695e+00 2.837232351303100586e+00
1.048981547355651855e+00 2.888570308685302734e+00
1.049990177154541016e+00 2.814672231674194336e+00
1.050998806953430176e+00 2.808642387390136719e+00
1.052007436752319336e+00 2.852714300155639648e+00
1.053016066551208496e+00 2.784398078918457031e+00
1.054024696350097656e+00 2.917642354965209961e+00
1.055033326148986816e+00 2.938442230224609375e+00
1.056041955947875977e+00 2.900180578231811523e+00
1.057050585746765137e+00 2.953605890274047852e+00
1.058059215545654297e+00 2.958448171615600586e+00
1.059067845344543457e+00 2.865521669387817383e+00
1.060076475143432617e+00 2.844648838043212891e+00
1.061085104942321777e+00 2.827907323837280273e+00
1.062093853950500488e+00 2.750555276870727539e+00
1.063102483749389648e+00 2.823746442794799805e+00
1.064111113548278809e+00 2.907801151275634766e+00
1.065119743347167969e+00 2.920903682708740234e+00
1.066128373146057129e+00 2.752935409545898438e+00
1.067137002944946289e+00 2.894468069076538086e+00
1.068145632743835449e+00 2.915459156036376953e+00
1.069154262542724609e+00 2.941149234771728516e+00
1.070162892341613770e+00 2.970060348510742188e+00
1.071171522140502930e+00 2.867759466171264648e+00
1.072180151939392090e+00 2.972381830215454102e+00
1.073188781738281250e+00 2.929871559143066406e+00
1.074197411537170410e+00 2.930894851684570312e+00
1.075206041336059570e+00 3.009801626205444336e+00
1.076214671134948730e+00 2.871460199356079102e+00
1.077223300933837891e+00 2.867945909500122070e+00
1.078231930732727051e+00 3.063267469406127930e+00
1.079240560531616211e+00 2.924624919891357422e+00
1.080249190330505371e+00 3.047763109207153320e+00
1.081257939338684082e+00 2.990439891815185547e+00
1.082266569137573242e+00 2.860752582550048828e+00
1.083275198936462402e+00 2.914649724960327148e+00
1.084283828735351562e+00 2.890972614288330078e+00
1.085292458534240723e+00 2.878875732421875000e+00
1.086301088333129883e+00 2.946842432022094727e+00
1.087309718132019043e+00 2.958386898040771484e+00
1.088318347930908203e+00 2.941055774688720703e+00
1.089326977729797363e+00 3.011223793029785156e+00
1.090335607528686523e+00 3.151082515716552734e+00
1.091344237327575684e+00 3.074870586395263672e+00
1.092352867126464844e+00 3.014705181121826172e+00
1.093361496925354004e+00 3.009711265563964844e+00
1.094370126724243164e+00 3.092023849487304688e+00
1.095378756523132324e+00 3.153043508529663086e+00
1.096387386322021484e+00 3.152699470520019531e+00
1.097396016120910645e+00 3.029969692230224609e+00
1.098404645919799805e+00 3.152268648147583008e+00
1.099413275718688965e+00 2.985425233840942383e+00
1.100422024726867676e+00 3.031051635742187500e+00
1.101430654525756836e+00 3.022419691085815430e+00
1.102439284324645996e+00 3.158149957656860352e+00
1.103447914123535156e+00 2.997430801391601562e+00
1.104456543922424316e+00 3.135910987854003906e+00
1.105465173721313477e+00 3.121156215667724609e+00
1.106473803520202637e+00 3.116723537445068359e+00
1.107482433319091797e+00 3.246214151382446289e+00
1.108491063117980957e+00 3.228590965270996094e+00
1.109499692916870117e+00 3.169861316680908203e+00
1.110508322715759277e+00 3.206557273864746094e+00
1.111516952514648438e+00 3.216170072555541992e+00
1.112525582313537598e+00 3.109202861785888672e+00
1.113534212112426758e+00 3.258299589157104492e+00
1.114542841911315918e+00 3.106473207473754883e+00
1.115551471710205078e+00 3.203687667846679688e+00
1.116560101509094238e+00 3.285943031311035156e+00
1.117568731307983398e+00 3.151412248611450195e+00
1.118577361106872559e+00 3.119948148727416992e+00
1.119586110115051270e+00 3.171378612518310547e+00
1.120594739913940430e+00 3.171391487121582031e+00
1.121603369712829590e+00 3.234023094177246094e+00
1.122611999511718750e+00 3.148429632186889648e+00
1.123620629310607910e+00 3.157164812088012695e+00
1.124629259109497070e+00 3.094063043594360352e+00
1.125637888908386230e+00 3.141202211380004883e+00
1.126646518707275391e+00 3.199907779693603516e+00
1.127655148506164551e+00 3.378280878067016602e+00
1.128663778305053711e+00 3.257480859756469727e+00
1.129672408103942871e+00 3.234882831573486328e+00
1.130681037902832031e+00 3.213485956192016602e+00
1.131689667701721191e+00 3.205507993698120117e+00
1.132698297500610352e+00 3.247706413269042969e+00
1.133706927299499512e+00 3.140740871429443359e+00
1.134715557098388672e+00 3.218451738357543945e+00
1.135724186897277832e+00 3.236584901809692383e+00
1.136732816696166992e+00 3.233879804611206055e+00
1.137741446495056152e+00 3.207698106765747070e+00
1.138750195503234863e+00 3.381380558013916016e+00
1.139758825302124023e+00 3.236876010894775391e+00
1.140767455101013184e+00 3.223611116409301758e+00
1.141776084899902344e+00 3.307329654693603516e+00
1.142784714698791504e+00 3.389437198638916016e+00
1.143793344497680664e+00 3.221871852874755859e+00
1.144801974296569824e+00 3.260356426239013672e+00
1.145810604095458984e+00 3.320685148239135742e+00
1.146819233894348145e+00 3.303190708160400391e+00
1.147827863693237305e+00 3.360043048858642578e+00
1.148836493492126465e+00 3.398641824722290039e+00
1.149845123291015625e+00 3.379135131835937500e+00
1.150853753089904785e+00 3.301151275634765625e+00
1.151862382888793945e+00 3.528226613998413086e+00
1.152871012687683105e+00 3.440327167510986328e+00
1.153879642486572266e+00 3.531975030899047852e+00
1.154888272285461426e+00 3.536206007003784180e+00
1.155896902084350586e+00 3.490544319152832031e+00
1.156905531883239746e+00 3.451782941818237305e+00
1.157914280891418457e+00 3.558972358703613281e+00
1.158922910690307617e+00 3.693690538406372070e+00
1.159931540489196777e+00 3.605830430984497070e+00
1.160940170288085938e+00 3.386457681655883789e+00
1.161948800086975098e+00 3.313807964324951172e+00
1.162957429885864258e+00 3.714666843414306641e+00
1.163966059684753418e+00 3.511039972305297852e+00
1.164974689483642578e+00 3.473577260971069336e+00
1.165983319282531738e+00 3.465983390808105469e+00
1.166991949081420898e+00 3.581386566162109375e+00
1.168000578880310059e+00 3.564947605133056641e+00
1.169009208679199219e+00 3.493009567260742188e+00
1.170017838478088379e+00 3.701364040374755859e+00
1.171026468276977539e+00 3.368510723114013672e+00
1.172035098075866699e+00 3.567386865615844727e+00
1.173043727874755859e+00 3.629766225814819336e+00
1.174052357673645020e+00 3.477993488311767578e+00
1.175060987472534180e+00 3.636704683303833008e+00
1.176069617271423340e+00 3.588910102844238281e+00
1.177078366279602051e+00 3.650132656097412109e+00
1.178086996078491211e+00 3.807188749313354492e+00
1.179095625877380371e+00 3.566662549972534180e+00
1.180104255676269531e+00 3.695078849792480469e+00
1.181112885475158691e+00 3.495850563049316406e+00
1.182121515274047852e+00 3.478503942489624023e+00
1.183130145072937012e+00 3.779149055480957031e+00
1.184138774871826172e+00 3.649013280868530273e+00
1.185147404670715332e+00 3.802230119705200195e+00
1.186156034469604492e+00 3.624007225036621094e+00
1.187164664268493652e+00 3.548893213272094727e+00
1.188173294067382812e+00 3.523301601409912109e+00
1.189181923866271973e+00 3.534508228302001953e+00
1.190190553665161133e+00 3.462026596069335938e+00
1.191199183464050293e+00 3.726988077163696289e+00
1.192207813262939453e+00 3.478497505187988281e+00
1.193216443061828613e+00 3.462020635604858398e+00
1.194225072860717773e+00 3.616649866104125977e+00
1.195233702659606934e+00 3.616461753845214844e+00
1.196242451667785645e+00 3.636046171188354492e+00
1.197251081466674805e+00 3.604622840881347656e+00
1.198259711265563965e+00 3.544828653335571289e+00
1.199268341064453125e+00 3.328181028366088867e+00
1.200276970863342285e+00 3.665364265441894531e+00
1.201285600662231445e+00 3.729753255844116211e+00
1.202294230461120605e+00 3.978401184082031250e+00
1.203302860260009766e+00 4.013695240020751953e+00
1.204311490058898926e+00 3.536312580108642578e+00
1.205320119857788086e+00 3.537153959274291992e+00
1.206328749656677246e+00 3.376224517822265625e+00
1.207337379455566406e+00 3.579335927963256836e+00
1.208346009254455566e+00 3.156033992767333984e+00
1.209354639053344727e+00 4.272489070892333984e+00
