0.000000000000000000e+00 2.733072460937500000e+04
1.008636085316538811e-03 2.045304101562500000e+04
2.017272170633077621e-03 1.568755371093750000e+04
3.025908255949616432e-03 1.183433398437500000e+04
4.034544341266155243e-03 9.134690429687500000e+03
5.043180659413337708e-03 7.175238281250000000e+03
6.051816511899232864e-03 5.703660644531250000e+03
7.060452364385128021e-03 4.635088378906250000e+03
8.069088682532310486e-03 3.806502929687500000e+03
9.077725000679492950e-03 3.086582275390625000e+03
1.008636131882667542e-02 2.542543701171875000e+03
1.109499670565128326e-02 2.137092285156250000e+03
1.210363302379846573e-02 1.793992675781250000e+03
1.311226934194564819e-02 1.520163574218750000e+03
1.412090472877025604e-02 1.293724243164062500e+03
1.512954104691743851e-02 1.105475463867187500e+03
1.613817736506462097e-02 9.566002197265625000e+02
1.714681275188922882e-02 8.347327270507812500e+02
1.815545000135898590e-02 7.143782958984375000e+02
1.916408538818359375e-02 6.305990600585937500e+02
2.017272263765335083e-02 5.516441650390625000e+02
2.118135802447795868e-02 4.886978149414062500e+02
2.218999341130256653e-02 4.384964294433593750e+02
2.319863066077232361e-02 3.855115661621093750e+02
2.420726604759693146e-02 3.465105895996093750e+02
2.521590143442153931e-02 3.116525573730468750e+02
2.622453868389129639e-02 2.781802368164062500e+02
2.723317407071590424e-02 2.517563171386718750e+02
2.824180945754051208e-02 2.267051391601562500e+02
2.925044670701026917e-02 2.060186157226562500e+02
3.025908209383487701e-02 1.865445709228515625e+02
3.126771748065948486e-02 1.691717529296875000e+02
3.227635473012924194e-02 1.546265563964843750e+02
3.328499197959899902e-02 1.418990020751953125e+02
3.429362550377845764e-02 1.294825744628906250e+02
3.530226275324821472e-02 1.195669021606445312e+02
3.631090000271797180e-02 1.092765426635742188e+02
3.731953352689743042e-02 1.011112442016601562e+02
3.832817077636718750e-02 9.333581542968750000e+01
3.933680802583694458e-02 8.650255584716796875e+01
4.034544527530670166e-02 7.944141387939453125e+01
4.135407879948616028e-02 7.407769012451171875e+01
4.236271604895591736e-02 6.878855895996093750e+01
4.337135329842567444e-02 6.392718887329101562e+01
4.437998682260513306e-02 6.007711029052734375e+01
4.538862407207489014e-02 5.540388107299804688e+01
4.639726132154464722e-02 5.262682723999023438e+01
4.740589484572410583e-02 4.922034072875976562e+01
4.841453209519386292e-02 4.537327194213867188e+01
4.942316934466362000e-02 4.272174453735351562e+01
5.043180286884307861e-02 4.038659286499023438e+01
5.144044011831283569e-02 3.794996643066406250e+01
5.244907736778259277e-02 3.564767837524414062e+01
5.345771089196205139e-02 3.376705169677734375e+01
5.446634814143180847e-02 3.183313560485839844e+01
5.547498539090156555e-02 2.979321670532226562e+01
5.648361891508102417e-02 2.843296432495117188e+01
5.749225616455078125e-02 2.694577598571777344e+01
5.850089341402053833e-02 2.540309715270996094e+01
5.950953066349029541e-02 2.417801094055175781e+01
6.051816418766975403e-02 2.295915031433105469e+01
6.152680143713951111e-02 2.204196357727050781e+01
6.253543496131896973e-02 2.081690406799316406e+01
6.354407221078872681e-02 1.985431480407714844e+01
6.455270946025848389e-02 1.896883201599121094e+01
6.556134670972824097e-02 1.821785354614257812e+01
6.656998395919799805e-02 1.735312843322753906e+01
6.757862120866775513e-02 1.658176422119140625e+01
6.858725100755691528e-02 1.591364288330078125e+01
6.959588825702667236e-02 1.527296733856201172e+01
7.060452550649642944e-02 1.466105842590332031e+01
7.161316275596618652e-02 1.408671760559082031e+01
7.262180000543594360e-02 1.350132083892822266e+01
7.363043725490570068e-02 1.290715312957763672e+01
7.463906705379486084e-02 1.253324127197265625e+01
7.564770430326461792e-02 1.206022167205810547e+01
7.665634155273437500e-02 1.151803112030029297e+01
7.766497880220413208e-02 1.113782024383544922e+01
7.867361605167388916e-02 1.084094905853271484e+01
7.968225330114364624e-02 1.032418346405029297e+01
8.069089055061340332e-02 1.009880352020263672e+01
8.169952034950256348e-02 9.893650054931640625e+00
8.270815759897232056e-02 9.493363380432128906e+00
8.371679484844207764e-02 9.102401733398437500e+00
8.472543209791183472e-02 8.823335647583007812e+00
8.573406934738159180e-02 8.533409118652343750e+00
8.674270659685134888e-02 8.385833740234375000e+00
8.775133639574050903e-02 8.133524894714355469e+00
8.875997364521026611e-02 7.853728294372558594e+00
8.976861089468002319e-02 7.621944904327392578e+00
9.077724814414978027e-02 7.402311801910400391e+00
9.178588539361953735e-02 7.241827487945556641e+00
9.279452264308929443e-02 7.093551635742187500e+00
9.380315244197845459e-02 6.732328891754150391e+00
9.481178969144821167e-02 6.571088790893554688e+00
9.582042694091796875e-02 6.599273681640625000e+00
9.682906419038772583e-02 6.406715393066406250e+00
9.783770143985748291e-02 6.285542011260986328e+00
9.884633868932723999e-02 6.104047775268554688e+00
9.985497593879699707e-02 6.036427974700927734e+00
1.008636057376861572e-01 5.774105072021484375e+00
1.018722429871559143e-01 5.735799789428710938e+00
1.028808802366256714e-01 5.662324905395507812e+00
1.038895174860954285e-01 5.463716506958007812e+00
1.048981547355651855e-01 5.389005184173583984e+00
1.059067919850349426e-01 5.199071407318115234e+00
1.069154217839241028e-01 5.150867938995361328e+00
1.079240590333938599e-01 5.015140533447265625e+00
1.089326962828636169e-01 4.998223781585693359e+00
1.099413335323333740e-01 4.907620429992675781e+00
1.109499707818031311e-01 4.819589614868164062e+00
1.119586080312728882e-01 4.745294570922851562e+00
1.129672378301620483e-01 4.634363174438476562e+00
1.139758750796318054e-01 4.623398303985595703e+00
1.149845123291015625e-01 4.445916175842285156e+00
1.159931495785713196e-01 4.340413570404052734e+00
1.170017868280410767e-01 4.239867210388183594e+00
1.180104240775108337e-01 4.183861255645751953e+00
1.190190613269805908e-01 4.120687484741210938e+00
1.200276911258697510e-01 4.110398292541503906e+00
1.210363283753395081e-01 4.031188964843750000e+00
1.220449656248092651e-01 3.892576217651367188e+00
1.230536028742790222e-01 3.935984611511230469e+00
1.240622401237487793e-01 3.898497819900512695e+00
1.250708699226379395e-01 3.841472387313842773e+00
1.260795146226882935e-01 3.804456233978271484e+00
1.270881444215774536e-01 3.658600568771362305e+00
1.280967891216278076e-01 3.601143360137939453e+00
1.291054189205169678e-01 3.516834974288940430e+00
1.301140487194061279e-01 3.551122903823852539e+00
1.311226934194564819e-01 3.522301197052001953e+00
1.321313232183456421e-01 3.500572919845581055e+00
1.331399679183959961e-01 3.488962888717651367e+00
1.341485977172851562e-01 3.387462854385375977e+00
1.351572424173355103e-01 3.374643802642822266e+00
1.361658722162246704e-01 3.384353399276733398e+00
1.371745020151138306e-01 3.286142349243164062e+00
1.381831467151641846e-01 3.217789411544799805e+00
1.391917765140533447e-01 3.224338531494140625e+00
1.402004212141036987e-01 3.222341537475585938e+00
1.412090510129928589e-01 3.195837974548339844e+00
1.422176808118820190e-01 3.128283023834228516e+00
1.432263255119323730e-01 3.107610464096069336e+00
1.442349553108215332e-01 3.021680355072021484e+00
1.452436000108718872e-01 3.026569366455078125e+00
1.462522298097610474e-01 2.892341375350952148e+00
1.472608745098114014e-01 2.970769166946411133e+00
1.482695043087005615e-01 2.950115680694580078e+00
1.492781341075897217e-01 2.941899776458740234e+00
1.502867788076400757e-01 2.873753070831298828e+00
1.512954086065292358e-01 2.831661701202392578e+00
1.523040533065795898e-01 2.815531015396118164e+00
1.533126831054687500e-01 2.796891450881958008e+00
1.543213278055191040e-01 2.756635665893554688e+00
1.553299576044082642e-01 2.805573463439941406e+00
1.563385874032974243e-01 2.741992712020874023e+00
1.573472321033477783e-01 2.703895807266235352e+00
1.583558619022369385e-01 2.722702264785766602e+00
1.593645066022872925e-01 2.692954540252685547e+00
1.603731364011764526e-01 2.598161697387695312e+00
1.613817811012268066e-01 2.645649671554565430e+00
1.623904109001159668e-01 2.617896318435668945e+00
1.633990406990051270e-01 2.585481643676757812e+00
1.644076853990554810e-01 2.585523366928100586e+00
1.654163151979446411e-01 2.636222600936889648e+00
1.664249598979949951e-01 2.562668800354003906e+00
1.674335896968841553e-01 2.561860561370849609e+00
1.684422194957733154e-01 2.489296913146972656e+00
1.694508641958236694e-01 2.478712558746337891e+00
1.704594939947128296e-01 2.426002979278564453e+00
1.714681386947631836e-01 2.456306219100952148e+00
1.724767684936523438e-01 2.429232358932495117e+00
1.734854131937026978e-01 2.464414596557617188e+00
1.744940429925918579e-01 2.424272775650024414e+00
1.755026727914810181e-01 2.423185348510742188e+00
1.765113174915313721e-01 2.384180068969726562e+00
1.775199472904205322e-01 2.357875823974609375e+00
1.785285919904708862e-01 2.250769615173339844e+00
1.795372217893600464e-01 2.313344478607177734e+00
1.805458664894104004e-01 2.314346790313720703e+00
1.815544962882995605e-01 2.310034513473510742e+00
1.825631260871887207e-01 2.296399116516113281e+00
1.835717707872390747e-01 2.275244474411010742e+00
1.845804005861282349e-01 2.241966247558593750e+00
1.855890452861785889e-01 2.334867715835571289e+00
1.865976750850677490e-01 2.249004364013671875e+00
1.876063048839569092e-01 2.241262912750244141e+00
1.886149495840072632e-01 2.202220201492309570e+00
1.896235793828964233e-01 2.215614080429077148e+00
1.906322240829467773e-01 2.246468782424926758e+00
1.916408538818359375e-01 2.187970161437988281e+00
1.926494985818862915e-01 2.172924757003784180e+00
1.936581283807754517e-01 2.177272081375122070e+00
1.946667581796646118e-01 2.212024688720703125e+00
1.956754028797149658e-01 2.197890281677246094e+00
1.966840326786041260e-01 2.171587467193603516e+00
1.976926773786544800e-01 2.159862995147705078e+00
1.987013071775436401e-01 2.102220535278320312e+00
1.997099518775939941e-01 2.112842559814453125e+00
2.007185816764831543e-01 2.092519283294677734e+00
2.017272114753723145e-01 2.060382127761840820e+00
2.027358561754226685e-01 2.073968648910522461e+00
2.037444859743118286e-01 2.095383405685424805e+00
2.047531306743621826e-01 2.078668832778930664e+00
2.057617604732513428e-01 2.036777973175048828e+00
2.067703902721405029e-01 2.033835411071777344e+00
2.077790349721908569e-01 2.039655685424804688e+00
2.087876647710800171e-01 2.034650087356567383e+00
2.097963094711303711e-01 2.045037984848022461e+00
2.108049392700195312e-01 2.015039443969726562e+00
2.118135839700698853e-01 2.049890279769897461e+00
2.128222137689590454e-01 1.997945189476013184e+00
2.138308435678482056e-01 2.042731523513793945e+00
2.148394882678985596e-01 1.970186114311218262e+00
2.158481180667877197e-01 2.010293960571289062e+00
2.168567627668380737e-01 1.984212756156921387e+00
2.178653925657272339e-01 1.963382482528686523e+00
2.188740372657775879e-01 1.977667212486267090e+00
2.198826670646667480e-01 1.973068952560424805e+00
2.208912968635559082e-01 1.945439696311950684e+00
2.218999415636062622e-01 1.921261906623840332e+00
2.229085713624954224e-01 1.914580821990966797e+00
2.239172160625457764e-01 1.918871998786926270e+00
2.249258458614349365e-01 1.964626193046569824e+00
2.259344756603240967e-01 1.907854437828063965e+00
2.269431203603744507e-01 1.914103984832763672e+00
2.279517501592636108e-01 1.899529814720153809e+00
2.289603948593139648e-01 1.914830327033996582e+00
2.299690246582031250e-01 1.915410637855529785e+00
2.309776693582534790e-01 1.923067450523376465e+00
2.319862991571426392e-01 1.893249750137329102e+00
2.329949289560317993e-01 1.903337240219116211e+00
2.340035736560821533e-01 1.866251707077026367e+00
2.350122034549713135e-01 1.891056299209594727e+00
2.360208481550216675e-01 1.840202450752258301e+00
2.370294779539108276e-01 1.852838277816772461e+00
2.380381226539611816e-01 1.817305207252502441e+00
2.390467524528503418e-01 1.841807246208190918e+00
2.400553822517395020e-01 1.836389064788818359e+00
2.410640269517898560e-01 1.820369362831115723e+00
2.420726567506790161e-01 1.886425018310546875e+00
2.430813014507293701e-01 2.006597757339477539e+00
2.440899312496185303e-01 1.797172904014587402e+00
2.450985759496688843e-01 1.742959737777709961e+00
2.461072057485580444e-01 1.819708704948425293e+00
2.471158355474472046e-01 1.815340638160705566e+00
2.481244802474975586e-01 1.837916493415832520e+00
2.491331100463867188e-01 1.793436288833618164e+00
2.501417398452758789e-01 1.793802976608276367e+00
2.511503994464874268e-01 1.795747756958007812e+00
2.521590292453765869e-01 1.764071345329284668e+00
2.531676590442657471e-01 1.780895590782165527e+00
2.541762888431549072e-01 1.772118449211120605e+00
2.551849186420440674e-01 1.778828024864196777e+00
2.561935782432556152e-01 1.761901855468750000e+00
2.572022080421447754e-01 1.779596328735351562e+00
2.582108378410339355e-01 1.769445776939392090e+00
2.592194676399230957e-01 1.763034820556640625e+00
2.602280974388122559e-01 1.740498065948486328e+00
2.612367570400238037e-01 1.718391060829162598e+00
2.622453868389129639e-01 1.739308357238769531e+00
2.632540166378021240e-01 1.718324303627014160e+00
2.642626464366912842e-01 1.718832254409790039e+00
2.652712762355804443e-01 1.719104886054992676e+00
2.662799358367919922e-01 1.752476453781127930e+00
2.672885656356811523e-01 1.703170776367187500e+00
2.682971954345703125e-01 1.727956891059875488e+00
2.693058252334594727e-01 1.773239135742187500e+00
2.703144848346710205e-01 1.750835418701171875e+00
2.713231146335601807e-01 1.725045084953308105e+00
2.723317444324493408e-01 1.715296149253845215e+00
2.733403742313385010e-01 1.669490933418273926e+00
2.743490040302276611e-01 1.678687691688537598e+00
2.753576636314392090e-01 1.662664771080017090e+00
2.763662934303283691e-01 1.685461163520812988e+00
2.773749232292175293e-01 1.677920579910278320e+00
2.783835530281066895e-01 1.669780373573303223e+00
2.793921828269958496e-01 1.721431255340576172e+00
2.804008424282073975e-01 1.699653983116149902e+00
2.814094722270965576e-01 1.641657233238220215e+00
2.824181020259857178e-01 1.667793512344360352e+00
2.834267318248748779e-01 1.659061908721923828e+00
2.844353616237640381e-01 1.654037594795227051e+00
2.854440212249755859e-01 1.621436834335327148e+00
2.864526510238647461e-01 1.638377308845520020e+00
2.874612808227539062e-01 1.660731077194213867e+00
2.884699106216430664e-01 1.638071060180664062e+00
2.894785702228546143e-01 1.656521081924438477e+00
2.904872000217437744e-01 1.670443415641784668e+00
2.914958298206329346e-01 1.651299476623535156e+00
2.925044596195220947e-01 1.626819849014282227e+00
2.935130894184112549e-01 1.642793059349060059e+00
2.945217490196228027e-01 1.634624958038330078e+00
2.955303788185119629e-01 1.665789723396301270e+00
2.965390086174011230e-01 1.631529569625854492e+00
2.975476384162902832e-01 1.621634006500244141e+00
2.985562682151794434e-01 1.616317629814147949e+00
2.995649278163909912e-01 1.593092679977416992e+00
3.005735576152801514e-01 1.619544863700866699e+00
3.015821874141693115e-01 1.631528615951538086e+00
3.025908172130584717e-01 1.594958424568176270e+00
3.035994470119476318e-01 1.615658998489379883e+00
3.046081066131591797e-01 1.602852702140808105e+00
3.056167364120483398e-01 1.605268478393554688e+00
3.066253662109375000e-01 1.599874854087829590e+00
3.076339960098266602e-01 1.589916706085205078e+00
3.086426556110382080e-01 1.623176455497741699e+00
3.096512854099273682e-01 1.592753887176513672e+00
3.106599152088165283e-01 1.573154687881469727e+00
3.116685450077056885e-01 1.589289546012878418e+00
3.126771748065948486e-01 1.606598615646362305e+00
3.136858344078063965e-01 1.584170699119567871e+00
3.146944642066955566e-01 1.590906500816345215e+00
3.157030940055847168e-01 1.588797688484191895e+00
3.167117238044738770e-01 1.621156573295593262e+00
3.177203536033630371e-01 1.596470475196838379e+00
3.187290132045745850e-01 1.569701790809631348e+00
3.197376430034637451e-01 1.566690564155578613e+00
3.207462728023529053e-01 1.582716464996337891e+00
3.217549026012420654e-01 1.570943117141723633e+00
3.227635622024536133e-01 1.586548209190368652e+00
3.237721920013427734e-01 1.570873260498046875e+00
3.247808218002319336e-01 1.555632472038269043e+00
3.257894515991210938e-01 1.588063240051269531e+00
3.267980813980102539e-01 1.553128480911254883e+00
3.278067409992218018e-01 1.572749972343444824e+00
3.288153707981109619e-01 1.556030273437500000e+00
3.298240005970001221e-01 1.543883442878723145e+00
3.308326303958892822e-01 1.546492457389831543e+00
3.318412601947784424e-01 1.557704329490661621e+00
3.328499197959899902e-01 1.562793850898742676e+00
3.338585495948791504e-01 1.568022966384887695e+00
3.348671793937683105e-01 1.562862992286682129e+00
3.358758091926574707e-01 1.574037075042724609e+00
3.368844389915466309e-01 1.535781145095825195e+00
3.378930985927581787e-01 1.539315581321716309e+00
3.389017283916473389e-01 1.545961737632751465e+00
3.399103581905364990e-01 1.540865063667297363e+00
3.409189879894256592e-01 1.560997247695922852e+00
3.419276475906372070e-01 1.547348260879516602e+00
3.429362773895263672e-01 1.541751742362976074e+00
3.439449071884155273e-01 1.534237504005432129e+00
3.449535369873046875e-01 1.539907813072204590e+00
3.459621667861938477e-01 1.543400168418884277e+00
3.469708263874053955e-01 1.535091400146484375e+00
3.479794561862945557e-01 1.531447529792785645e+00
3.489880859851837158e-01 1.535493731498718262e+00
3.499967157840728760e-01 1.533840179443359375e+00
3.510053455829620361e-01 1.514933705329895020e+00
3.520140051841735840e-01 1.543684482574462891e+00
3.530226349830627441e-01 1.551931619644165039e+00
3.540312647819519043e-01 1.559152364730834961e+00
3.550398945808410645e-01 1.554529070854187012e+00
3.560485243797302246e-01 1.547868609428405762e+00
3.570571839809417725e-01 1.544093132019042969e+00
3.580658137798309326e-01 1.539154529571533203e+00
3.590744435787200928e-01 1.531171083450317383e+00
3.600830733776092529e-01 1.526278376579284668e+00
3.610917329788208008e-01 1.502025604248046875e+00
3.621003627777099609e-01 1.539283394813537598e+00
3.631089925765991211e-01 1.524504184722900391e+00
3.641176223754882812e-01 1.543019056320190430e+00
3.651262521743774414e-01 1.521177172660827637e+00
3.661349117755889893e-01 1.537813305854797363e+00
3.671435415744781494e-01 1.562386989593505859e+00
3.681521713733673096e-01 1.540778756141662598e+00
3.691608011722564697e-01 1.507937192916870117e+00
3.701694309711456299e-01 1.544234395027160645e+00
3.711780905723571777e-01 1.545748949050903320e+00
3.721867203712463379e-01 1.545002818107604980e+00
3.731953501701354980e-01 1.516611695289611816e+00
3.742039799690246582e-01 1.531762242317199707e+00
3.752126097679138184e-01 1.524632096290588379e+00
3.762212693691253662e-01 1.519828915596008301e+00
3.772298991680145264e-01 1.521524906158447266e+00
3.782385289669036865e-01 1.517633557319641113e+00
3.792471587657928467e-01 1.530915260314941406e+00
3.802558183670043945e-01 1.528979778289794922e+00
3.812644481658935547e-01 1.515188336372375488e+00
3.822730779647827148e-01 1.519215345382690430e+00
3.832817077636718750e-01 1.527644038200378418e+00
3.842903375625610352e-01 1.532600045204162598e+00
3.852989971637725830e-01 1.506820797920227051e+00
3.863076269626617432e-01 1.512509226799011230e+00
3.873162567615509033e-01 1.510046005249023438e+00
3.883248865604400635e-01 1.478699564933776855e+00
3.893335163593292236e-01 1.508616447448730469e+00
3.903421759605407715e-01 1.495612502098083496e+00
3.913508057594299316e-01 1.510944247245788574e+00
3.923594355583190918e-01 1.512327790260314941e+00
3.933680653572082520e-01 1.531408548355102539e+00
3.943766951560974121e-01 1.494958758354187012e+00
3.953853547573089600e-01 1.518242120742797852e+00
3.963939845561981201e-01 1.528536915779113770e+00
3.974026143550872803e-01 1.514736175537109375e+00
3.984112441539764404e-01 1.523132205009460449e+00
3.994199037551879883e-01 1.509055614471435547e+00
4.004285335540771484e-01 1.492548227310180664e+00
4.014371633529663086e-01 1.485831022262573242e+00
4.024457931518554688e-01 1.515594840049743652e+00
4.034544229507446289e-01 1.499602794647216797e+00
4.044630825519561768e-01 1.472441911697387695e+00
4.054717123508453369e-01 1.508951067924499512e+00
4.064803421497344971e-01 1.511420130729675293e+00
4.074889719486236572e-01 1.477515697479248047e+00
4.084976017475128174e-01 1.488574504852294922e+00
4.095062613487243652e-01 1.532207131385803223e+00
4.105148911476135254e-01 1.502047777175903320e+00
4.115235209465026855e-01 1.517894268035888672e+00
4.125321507453918457e-01 1.502973198890686035e+00
4.135407805442810059e-01 1.497295022010803223e+00
4.145494401454925537e-01 1.505559682846069336e+00
4.155580699443817139e-01 1.498950481414794922e+00
4.165666997432708740e-01 1.494690537452697754e+00
4.175753295421600342e-01 1.489640235900878906e+00
4.185839891433715820e-01 1.490152597427368164e+00
4.195926189422607422e-01 1.469104409217834473e+00
4.206012487411499023e-01 1.493168234825134277e+00
4.216098785400390625e-01 1.489185571670532227e+00
4.226185083389282227e-01 1.475470185279846191e+00
4.236271679401397705e-01 1.475226163864135742e+00
4.246357977390289307e-01 1.485227942466735840e+00
4.256444275379180908e-01 1.510324954986572266e+00
4.266530573368072510e-01 1.488655686378479004e+00
4.276616871356964111e-01 1.504374623298645020e+00
4.286703467369079590e-01 1.513940930366516113e+00
4.296789765357971191e-01 1.473311662673950195e+00
4.306876063346862793e-01 1.492206811904907227e+00
4.316962361335754395e-01 1.478875398635864258e+00
4.327048659324645996e-01 1.490556478500366211e+00
4.337135255336761475e-01 1.461891174316406250e+00
4.347221553325653076e-01 1.478901028633117676e+00
4.357307851314544678e-01 1.469310641288757324e+00
4.367394149303436279e-01 1.477850079536437988e+00
4.377480745315551758e-01 1.489497661590576172e+00
4.387567043304443359e-01 1.478838205337524414e+00
4.397653341293334961e-01 1.472079753875732422e+00
4.407739639282226562e-01 1.479880332946777344e+00
4.417825937271118164e-01 1.490043044090270996e+00
4.427912533283233643e-01 1.470629334449768066e+00
4.437998831272125244e-01 1.468103647232055664e+00
4.448085129261016846e-01 1.451968193054199219e+00
4.458171427249908447e-01 1.484673261642456055e+00
4.468257725238800049e-01 1.475230813026428223e+00
4.478344321250915527e-01 1.485029816627502441e+00
4.488430619239807129e-01 1.461144089698791504e+00
4.498516917228698730e-01 1.446670293807983398e+00
4.508603215217590332e-01 1.457238078117370605e+00
4.518689513206481934e-01 1.468950033187866211e+00
4.528776109218597412e-01 1.464672207832336426e+00
4.538862407207489014e-01 1.469328641891479492e+00
4.548948705196380615e-01 1.462166190147399902e+00
4.559035003185272217e-01 1.467274069786071777e+00
4.569121599197387695e-01 1.472554206848144531e+00
4.579207897186279297e-01 1.455168724060058594e+00
4.589294195175170898e-01 1.478768944740295410e+00
4.599380493164062500e-01 1.481664419174194336e+00
4.609466791152954102e-01 1.477649092674255371e+00
4.619553387165069580e-01 1.464768052101135254e+00
4.629639685153961182e-01 1.447270631790161133e+00
4.639725983142852783e-01 1.459639191627502441e+00
4.649812281131744385e-01 1.444810271263122559e+00
4.659898579120635986e-01 1.478762269020080566e+00
4.669985175132751465e-01 1.463687896728515625e+00
4.680071473121643066e-01 1.438998699188232422e+00
4.690157771110534668e-01 1.446260929107666016e+00
4.700244069099426270e-01 1.471346139907836914e+00
4.710330665111541748e-01 1.447202444076538086e+00
4.720416963100433350e-01 1.455246567726135254e+00
4.730503261089324951e-01 1.453823447227478027e+00
4.740589559078216553e-01 1.460128903388977051e+00
4.750675857067108154e-01 1.435946941375732422e+00
4.760762453079223633e-01 1.461711764335632324e+00
4.770848751068115234e-01 1.447611451148986816e+00
4.780935049057006836e-01 1.461503505706787109e+00
4.791021347045898438e-01 1.458867788314819336e+00
4.801107645034790039e-01 1.463549733161926270e+00
4.811194241046905518e-01 1.484537243843078613e+00
4.821280539035797119e-01 1.438481330871582031e+00
4.831366837024688721e-01 1.423681855201721191e+00
4.841453135013580322e-01 1.443131804466247559e+00
4.851539433002471924e-01 1.429841399192810059e+00
4.861626029014587402e-01 1.457714200019836426e+00
4.871712327003479004e-01 1.435571551322937012e+00
4.881798624992370605e-01 1.442584991455078125e+00
4.891884922981262207e-01 1.427786588668823242e+00
4.901971518993377686e-01 1.431743502616882324e+00
4.912057816982269287e-01 1.429714441299438477e+00
4.922144114971160889e-01 1.452375411987304688e+00
4.932230412960052490e-01 1.456739783287048340e+00
4.942316710948944092e-01 1.450333595275878906e+00
4.952403306961059570e-01 1.455259561538696289e+00
4.962489604949951172e-01 1.430690884590148926e+00
4.972575902938842773e-01 1.461534142494201660e+00
4.982662200927734375e-01 1.444652557373046875e+00
4.992748498916625977e-01 1.419589996337890625e+00
5.002834796905517578e-01 1.427408576011657715e+00
5.012921094894409180e-01 1.428701758384704590e+00
5.023007988929748535e-01 1.426318049430847168e+00
5.033094286918640137e-01 1.434263229370117188e+00
5.043180584907531738e-01 1.498052716255187988e+00
5.053266882896423340e-01 1.454432249069213867e+00
5.063353180885314941e-01 1.414703011512756348e+00
5.073439478874206543e-01 1.434283614158630371e+00
5.083525776863098145e-01 1.452436804771423340e+00
5.093612074851989746e-01 1.444866180419921875e+00
5.103698372840881348e-01 1.429980039596557617e+00
5.113784670829772949e-01 1.416548371315002441e+00
5.123871564865112305e-01 1.426077246665954590e+00
5.133957862854003906e-01 1.439218759536743164e+00
5.144044160842895508e-01 1.441356539726257324e+00
5.154130458831787109e-01 1.406455278396606445e+00
5.164216756820678711e-01 1.434150457382202148e+00
5.174303054809570312e-01 1.420986771583557129e+00
5.184389352798461914e-01 1.407396793365478516e+00
5.194475650787353516e-01 1.413206934928894043e+00
5.204561948776245117e-01 1.406508684158325195e+00
5.214648842811584473e-01 1.414800882339477539e+00
5.224735140800476074e-01 1.421011209487915039e+00
5.234821438789367676e-01 1.420559763908386230e+00
5.244907736778259277e-01 1.422708988189697266e+00
5.254994034767150879e-01 1.440391659736633301e+00
5.265080332756042480e-01 1.406379938125610352e+00
5.275166630744934082e-01 1.402600646018981934e+00
5.285252928733825684e-01 1.423738360404968262e+00
5.295339226722717285e-01 1.420217752456665039e+00
5.305425524711608887e-01 1.394309639930725098e+00
5.315512418746948242e-01 1.420067071914672852e+00
5.325598716735839844e-01 1.421705365180969238e+00
5.335685014724731445e-01 1.400218725204467773e+00
5.345771312713623047e-01 1.403402566909790039e+00
5.355857610702514648e-01 1.413892865180969238e+00
5.365943908691406250e-01 1.409538507461547852e+00
5.376030206680297852e-01 1.412352204322814941e+00
5.386116504669189453e-01 1.412107706069946289e+00
5.396202802658081055e-01 1.414041161537170410e+00
5.406289696693420410e-01 1.406733512878417969e+00
5.416375994682312012e-01 1.429182887077331543e+00
5.426462292671203613e-01 1.421743750572204590e+00
5.436548590660095215e-01 1.411364555358886719e+00
5.446634888648986816e-01 1.399717688560485840e+00
5.456721186637878418e-01 1.421456694602966309e+00
5.466807484626770020e-01 1.414579868316650391e+00
5.476893782615661621e-01 1.408769488334655762e+00
5.486980080604553223e-01 1.401692867279052734e+00
5.497066378593444824e-01 1.413364529609680176e+00
5.507153272628784180e-01 1.419022440910339355e+00
5.517239570617675781e-01 1.439651727676391602e+00
5.527325868606567383e-01 1.420179128646850586e+00
5.537412166595458984e-01 1.423893451690673828e+00
5.547498464584350586e-01 1.405504822731018066e+00
5.557584762573242188e-01 1.415615797042846680e+00
5.567671060562133789e-01 1.432779431343078613e+00
5.577757358551025391e-01 1.409384965896606445e+00
5.587843656539916992e-01 1.434070706367492676e+00
5.597930550575256348e-01 1.415152430534362793e+00
5.608016848564147949e-01 1.401708841323852539e+00
5.618103146553039551e-01 1.429984927177429199e+00
5.628189444541931152e-01 1.429242014884948730e+00
5.638275742530822754e-01 1.443631410598754883e+00
5.648362040519714355e-01 1.438530683517456055e+00
5.658448338508605957e-01 1.410695672035217285e+00
5.668534636497497559e-01 1.435367941856384277e+00
5.678620934486389160e-01 1.420681118965148926e+00
5.688707232475280762e-01 1.426668643951416016e+00
5.698794126510620117e-01 1.425956487655639648e+00
5.708880424499511719e-01 1.429425120353698730e+00
5.718966722488403320e-01 1.443036794662475586e+00
5.729053020477294922e-01 1.442959070205688477e+00
5.739139318466186523e-01 1.431745171546936035e+00
5.749225616455078125e-01 1.410072684288024902e+00
5.759311914443969727e-01 1.403766036033630371e+00
5.769398212432861328e-01 1.435194373130798340e+00
5.779484510421752930e-01 1.421802639961242676e+00
5.789571404457092285e-01 1.428946375846862793e+00
5.799657702445983887e-01 1.431173563003540039e+00
5.809744000434875488e-01 1.412229776382446289e+00
5.819830298423767090e-01 1.440463066101074219e+00
5.829916596412658691e-01 1.429845809936523438e+00
5.840002894401550293e-01 1.456125617027282715e+00
5.850089192390441895e-01 1.420168995857238770e+00
5.860175490379333496e-01 1.446453332901000977e+00
5.870261788368225098e-01 1.430155754089355469e+00
5.880348086357116699e-01 1.453014612197875977e+00
5.890434980392456055e-01 1.438386201858520508e+00
5.900521278381347656e-01 1.435330748558044434e+00
5.910607576370239258e-01 1.459848403930664062e+00
5.920693874359130859e-01 1.443654775619506836e+00
5.930780172348022461e-01 1.424376249313354492e+00
5.940866470336914062e-01 1.462859153747558594e+00
5.950952768325805664e-01 1.437339067459106445e+00
5.961039066314697266e-01 1.427885770797729492e+00
5.971125364303588867e-01 1.431987285614013672e+00
5.981212258338928223e-01 1.450766801834106445e+00
5.991298556327819824e-01 1.418519854545593262e+00
6.001384854316711426e-01 1.431471467018127441e+00
6.011471152305603027e-01 1.440213561058044434e+00
6.021557450294494629e-01 1.456578493118286133e+00
6.031643748283386230e-01 1.442947506904602051e+00
6.041730046272277832e-01 1.447385787963867188e+00
6.051816344261169434e-01 1.470539808273315430e+00
6.061902642250061035e-01 1.461365103721618652e+00
6.071988940238952637e-01 1.464079499244689941e+00
6.082075834274291992e-01 1.454393863677978516e+00
6.092162132263183594e-01 1.455973148345947266e+00
6.102248430252075195e-01 1.445585489273071289e+00
6.112334728240966797e-01 1.436078906059265137e+00
6.122421026229858398e-01 1.476966977119445801e+00
6.132507324218750000e-01 1.441353559494018555e+00
6.142593622207641602e-01 1.430187940597534180e+00
6.152679920196533203e-01 1.435599684715270996e+00
6.162766218185424805e-01 1.474844813346862793e+00
6.172853112220764160e-01 1.443133234977722168e+00
6.182939410209655762e-01 1.439104318618774414e+00
6.193025708198547363e-01 1.444900870323181152e+00
6.203112006187438965e-01 1.446887016296386719e+00
6.213198304176330566e-01 1.449198126792907715e+00
6.223284602165222168e-01 1.464693546295166016e+00
6.233370900154113770e-01 1.449641585350036621e+00
6.243457198143005371e-01 1.440123915672302246e+00
6.253543496131896973e-01 1.460962176322937012e+00
6.263629794120788574e-01 1.466971397399902344e+00
6.273716688156127930e-01 1.469867944717407227e+00
6.283802986145019531e-01 1.457046389579772949e+00
6.293889284133911133e-01 1.453740715980529785e+00
6.303975582122802734e-01 1.438698053359985352e+00
6.314061880111694336e-01 1.459832787513732910e+00
6.324148178100585938e-01 1.469700217247009277e+00
6.334234476089477539e-01 1.482598781585693359e+00
6.344320774078369141e-01 1.457421898841857910e+00
6.354407072067260742e-01 1.453351497650146484e+00
6.364493966102600098e-01 1.475581049919128418e+00
6.374580264091491699e-01 1.482143640518188477e+00
6.384666562080383301e-01 1.462833762168884277e+00
6.394752860069274902e-01 1.449590086936950684e+00
6.404839158058166504e-01 1.452396512031555176e+00
6.414925456047058105e-01 1.460873246192932129e+00
6.425011754035949707e-01 1.459996819496154785e+00
6.435098052024841309e-01 1.459239006042480469e+00
6.445184350013732910e-01 1.453312754631042480e+00
6.455271244049072266e-01 1.479349613189697266e+00
6.465357542037963867e-01 1.467556357383728027e+00
6.475443840026855469e-01 1.455408573150634766e+00
6.485530138015747070e-01 1.460705876350402832e+00
6.495616436004638672e-01 1.457242250442504883e+00
6.505702733993530273e-01 1.458474636077880859e+00
6.515789031982421875e-01 1.453957557678222656e+00
6.525875329971313477e-01 1.470907092094421387e+00
6.535961627960205078e-01 1.466602802276611328e+00
6.546047925949096680e-01 1.494249701499938965e+00
6.556134819984436035e-01 1.475706577301025391e+00
6.566221117973327637e-01 1.486303329467773438e+00
6.576307415962219238e-01 1.481934905052185059e+00
6.586393713951110840e-01 1.478052735328674316e+00
6.596480011940002441e-01 1.527403950691223145e+00
6.606566309928894043e-01 1.468655347824096680e+00
6.616652607917785645e-01 1.462758421897888184e+00
6.626738905906677246e-01 1.508310556411743164e+00
6.636825203895568848e-01 1.494287252426147461e+00
6.646912097930908203e-01 1.488667368888854980e+00
6.656998395919799805e-01 1.484333276748657227e+00
6.667084693908691406e-01 1.469687104225158691e+00
6.677170991897583008e-01 1.476764202117919922e+00
6.687257289886474609e-01 1.490832686424255371e+00
6.697343587875366211e-01 1.496607422828674316e+00
6.707429885864257812e-01 1.481439709663391113e+00
6.717516183853149414e-01 1.488187551498413086e+00
6.727602481842041016e-01 1.526473999023437500e+00
6.737688779830932617e-01 1.520431637763977051e+00
6.747775673866271973e-01 1.509321928024291992e+00
6.757861971855163574e-01 1.497785210609436035e+00
6.767948269844055176e-01 1.534891486167907715e+00
6.778034567832946777e-01 1.515219211578369141e+00
6.788120865821838379e-01 1.524943947792053223e+00
6.798207163810729980e-01 1.543531060218811035e+00
6.808293461799621582e-01 1.507630825042724609e+00
6.818379759788513184e-01 1.519314646720886230e+00
6.828466057777404785e-01 1.491467833518981934e+00
6.838552951812744141e-01 1.504948973655700684e+00
6.848639249801635742e-01 1.522846817970275879e+00
6.858725547790527344e-01 1.519524097442626953e+00
6.868811845779418945e-01 1.491057276725769043e+00
6.878898143768310547e-01 1.526527881622314453e+00
6.888984441757202148e-01 1.534485697746276855e+00
6.899070739746093750e-01 1.520745038986206055e+00
6.909157037734985352e-01 1.523191213607788086e+00
6.919243335723876953e-01 1.540422320365905762e+00
6.929329633712768555e-01 1.523511409759521484e+00
6.939416527748107910e-01 1.501668572425842285e+00
6.949502825736999512e-01 1.524458050727844238e+00
6.959589123725891113e-01 1.548397421836853027e+00
6.969675421714782715e-01 1.507661700248718262e+00
6.979761719703674316e-01 1.525407910346984863e+00
6.989848017692565918e-01 1.533648133277893066e+00
6.999934315681457520e-01 1.521960616111755371e+00
7.010020613670349121e-01 1.537172555923461914e+00
7.020106911659240723e-01 1.542630314826965332e+00
7.030193805694580078e-01 1.551210761070251465e+00
7.040280103683471680e-01 1.566095590591430664e+00
7.050366401672363281e-01 1.529741883277893066e+00
7.060452699661254883e-01 1.555236577987670898e+00
7.070538997650146484e-01 1.538787364959716797e+00
7.080625295639038086e-01 1.543468832969665527e+00
7.090711593627929688e-01 1.525878906250000000e+00
7.100797891616821289e-01 1.532423257827758789e+00
7.110884189605712891e-01 1.564042329788208008e+00
7.120970487594604492e-01 1.550537467002868652e+00
7.131057381629943848e-01 1.559819340705871582e+00
7.141143679618835449e-01 1.549608588218688965e+00
7.151229977607727051e-01 1.553967118263244629e+00
7.161316275596618652e-01 1.553381681442260742e+00
7.171402573585510254e-01 1.553820967674255371e+00
7.181488871574401855e-01 1.559945106506347656e+00
7.191575169563293457e-01 1.559123873710632324e+00
7.201661467552185059e-01 1.564075469970703125e+00
7.211747765541076660e-01 1.573577284812927246e+00
7.221834659576416016e-01 1.578822970390319824e+00
7.231920957565307617e-01 1.575620412826538086e+00
7.242007255554199219e-01 1.580190896987915039e+00
7.252093553543090820e-01 1.601294279098510742e+00
7.262179851531982422e-01 1.572062373161315918e+00
7.272266149520874023e-01 1.594121217727661133e+00
7.282352447509765625e-01 1.576180934906005859e+00
7.292438745498657227e-01 1.576674938201904297e+00
7.302525043487548828e-01 1.606906533241271973e+00
7.312611341476440430e-01 1.582490563392639160e+00
7.322698235511779785e-01 1.563926458358764648e+00
7.332784533500671387e-01 1.593774676322937012e+00
7.342870831489562988e-01 1.600348830223083496e+00
7.352957129478454590e-01 1.598759174346923828e+00
7.363043427467346191e-01 1.646398782730102539e+00
7.373129725456237793e-01 1.608435630798339844e+00
7.383216023445129395e-01 1.618561506271362305e+00
7.393302321434020996e-01 1.598756909370422363e+00
7.403388619422912598e-01 1.612893462181091309e+00
7.413475513458251953e-01 1.612971186637878418e+00
7.423561811447143555e-01 1.592751264572143555e+00
7.433648109436035156e-01 1.626767277717590332e+00
7.443734407424926758e-01 1.608763813972473145e+00
7.453820705413818359e-01 1.592853426933288574e+00
7.463907003402709961e-01 1.616622805595397949e+00
7.473993301391601562e-01 1.612744688987731934e+00
7.484079599380493164e-01 1.628095507621765137e+00
7.494165897369384766e-01 1.639349699020385742e+00
7.504252195358276367e-01 1.636380910873413086e+00
7.514339089393615723e-01 1.628905177116394043e+00
7.524425387382507324e-01 1.684912681579589844e+00
7.534511685371398926e-01 1.682374954223632812e+00
7.544597983360290527e-01 1.644520640373229980e+00
7.554684281349182129e-01 1.638984084129333496e+00
7.564770579338073730e-01 1.639904141426086426e+00
7.574856877326965332e-01 1.623207330703735352e+00
7.584943175315856934e-01 1.649539828300476074e+00
7.595029473304748535e-01 1.643897533416748047e+00
7.605116367340087891e-01 1.643176913261413574e+00
7.615202665328979492e-01 1.632319450378417969e+00
7.625288963317871094e-01 1.642472505569458008e+00
7.635375261306762695e-01 1.665802955627441406e+00
7.645461559295654297e-01 1.671692013740539551e+00
7.655547857284545898e-01 1.641906976699829102e+00
7.665634155273437500e-01 1.647981405258178711e+00
7.675720453262329102e-01 1.673959374427795410e+00
7.685806751251220703e-01 1.662069678306579590e+00
7.695893049240112305e-01 1.655190825462341309e+00
7.705979943275451660e-01 1.637919187545776367e+00
7.716066241264343262e-01 1.669165372848510742e+00
7.726152539253234863e-01 1.680056691169738770e+00
7.736238837242126465e-01 1.653385043144226074e+00
7.746325135231018066e-01 1.657360911369323730e+00
7.756411433219909668e-01 1.679879546165466309e+00
7.766497731208801270e-01 1.676175355911254883e+00
7.776584029197692871e-01 1.675994515419006348e+00
7.786670327186584473e-01 1.675047278404235840e+00
7.796757221221923828e-01 1.670452356338500977e+00
7.806843519210815430e-01 1.653210520744323730e+00
7.816929817199707031e-01 1.690706849098205566e+00
7.827016115188598633e-01 1.681917309761047363e+00
7.837102413177490234e-01 1.683408379554748535e+00
7.847188711166381836e-01 1.692194938659667969e+00
7.857275009155273438e-01 1.677678585052490234e+00
7.867361307144165039e-01 1.682971358299255371e+00
7.877447605133056641e-01 1.682291030883789062e+00
7.887533903121948242e-01 1.679017424583435059e+00
7.897620797157287598e-01 1.705573320388793945e+00
7.907707095146179199e-01 1.715044498443603516e+00
7.917793393135070801e-01 1.696297407150268555e+00
7.927879691123962402e-01 1.717983722686767578e+00
7.937965989112854004e-01 1.695417881011962891e+00
7.948052287101745605e-01 1.719366788864135742e+00
7.958138585090637207e-01 1.709934115409851074e+00
7.968224883079528809e-01 1.714925169944763184e+00
7.978311181068420410e-01 1.699167370796203613e+00
7.988398075103759766e-01 1.726400494575500488e+00
7.998484373092651367e-01 1.708308100700378418e+00
8.008570671081542969e-01 1.725399017333984375e+00
8.018656969070434570e-01 1.718799114227294922e+00
8.028743267059326172e-01 1.713596820831298828e+00
8.038829565048217773e-01 1.686055421829223633e+00
8.048915863037109375e-01 1.739593148231506348e+00
8.059002161026000977e-01 1.715023875236511230e+00
8.069088459014892578e-01 1.695010066032409668e+00
8.079174757003784180e-01 1.720653533935546875e+00
8.089261651039123535e-01 1.741033673286437988e+00
8.099347949028015137e-01 1.732778191566467285e+00
8.109434247016906738e-01 1.702859640121459961e+00
8.119520545005798340e-01 1.746467828750610352e+00
8.129606842994689941e-01 1.746385216712951660e+00
8.139693140983581543e-01 1.746271371841430664e+00
8.149779438972473145e-01 1.757617592811584473e+00
8.159865736961364746e-01 1.748389363288879395e+00
8.169952034950256348e-01 1.752465963363647461e+00
8.180038928985595703e-01 1.752987265586853027e+00
8.190125226974487305e-01 1.754153966903686523e+00
8.200211524963378906e-01 1.749282836914062500e+00
8.210297822952270508e-01 1.751255035400390625e+00
8.220384120941162109e-01 1.779217720031738281e+00
8.230470418930053711e-01 1.773331761360168457e+00
8.240556716918945312e-01 1.763956308364868164e+00
8.250643014907836914e-01 1.780076503753662109e+00
8.260729312896728516e-01 1.770721554756164551e+00
8.270815610885620117e-01 1.773220300674438477e+00
8.280902504920959473e-01 1.737397074699401855e+00
8.290988802909851074e-01 1.769161581993103027e+00
8.301075100898742676e-01 1.776452183723449707e+00
8.311161398887634277e-01 1.764415025711059570e+00
8.321247696876525879e-01 1.769152879714965820e+00
8.331333994865417480e-01 1.765314221382141113e+00
8.341420292854309082e-01 1.797694325447082520e+00
8.351506590843200684e-01 1.795806050300598145e+00
8.361592888832092285e-01 1.783399820327758789e+00
8.371679782867431641e-01 1.756638169288635254e+00
8.381766080856323242e-01 1.792337656021118164e+00
8.391852378845214844e-01 1.766595482826232910e+00
8.401938676834106445e-01 1.781095862388610840e+00
8.412024974822998047e-01 1.813872098922729492e+00
8.422111272811889648e-01 1.786977887153625488e+00
8.432197570800781250e-01 1.814215898513793945e+00
8.442283868789672852e-01 1.844135284423828125e+00
8.452370166778564453e-01 1.835527658462524414e+00
8.462456464767456055e-01 1.853672623634338379e+00
8.472543358802795410e-01 1.840116977691650391e+00
8.482629656791687012e-01 1.808330774307250977e+00
8.492715954780578613e-01 1.819558620452880859e+00
8.502802252769470215e-01 1.813743591308593750e+00
8.512888550758361816e-01 1.814089655876159668e+00
8.522974848747253418e-01 1.815413117408752441e+00
8.533061146736145020e-01 1.821212053298950195e+00
8.543147444725036621e-01 1.813449025154113770e+00
8.553233742713928223e-01 1.832538604736328125e+00
8.563320636749267578e-01 1.831814050674438477e+00
8.573406934738159180e-01 1.812868118286132812e+00
8.583493232727050781e-01 1.838845133781433105e+00
8.593579530715942383e-01 1.822793364524841309e+00
8.603665828704833984e-01 1.890409827232360840e+00
8.613752126693725586e-01 1.833644866943359375e+00
8.623838424682617188e-01 1.828917980194091797e+00
8.633924722671508789e-01 1.839933991432189941e+00
8.644011020660400391e-01 1.856016516685485840e+00
8.654097318649291992e-01 1.866129994392395020e+00
8.664184212684631348e-01 1.889855027198791504e+00
8.674270510673522949e-01 1.872885942459106445e+00
8.684356808662414551e-01 1.883087396621704102e+00
8.694443106651306152e-01 1.857670545578002930e+00
8.704529404640197754e-01 1.826473951339721680e+00
8.714615702629089355e-01 1.863805294036865234e+00
8.724702000617980957e-01 1.854532480239868164e+00
8.734788298606872559e-01 1.882617473602294922e+00
8.744874596595764160e-01 1.885320067405700684e+00
8.754961490631103516e-01 1.884205937385559082e+00
8.765047788619995117e-01 1.912042856216430664e+00
8.775134086608886719e-01 1.874442219734191895e+00
8.785220384597778320e-01 1.931464195251464844e+00
8.795306682586669922e-01 1.934405803680419922e+00
8.805392980575561523e-01 1.890941023826599121e+00
8.815479278564453125e-01 1.860465526580810547e+00
8.825565576553344727e-01 1.869848847389221191e+00
8.835651874542236328e-01 1.863350510597229004e+00
8.845738172531127930e-01 1.901014566421508789e+00
8.855825066566467285e-01 1.915466666221618652e+00
8.865911364555358887e-01 1.929369091987609863e+00
8.875997662544250488e-01 1.926826477050781250e+00
8.886083960533142090e-01 1.894654750823974609e+00
8.896170258522033691e-01 1.871365666389465332e+00
8.906256556510925293e-01 1.919348478317260742e+00
8.916342854499816895e-01 1.924993634223937988e+00
8.926429152488708496e-01 1.921311378479003906e+00
8.936515450477600098e-01 1.923020362854003906e+00
8.946602344512939453e-01 1.925154805183410645e+00
8.956688642501831055e-01 1.967955231666564941e+00
8.966774940490722656e-01 1.926841855049133301e+00
8.976861238479614258e-01 1.925267338752746582e+00
8.986947536468505859e-01 1.934363603591918945e+00
8.997033834457397461e-01 1.917102456092834473e+00
9.007120132446289062e-01 1.931352138519287109e+00
9.017206430435180664e-01 1.923084020614624023e+00
9.027292728424072266e-01 1.942259430885314941e+00
9.037379026412963867e-01 1.959117889404296875e+00
9.047465920448303223e-01 1.963921427726745605e+00
9.057552218437194824e-01 1.933955669403076172e+00
9.067638516426086426e-01 1.923306345939636230e+00
9.077724814414978027e-01 1.956653237342834473e+00
9.087811112403869629e-01 1.965061783790588379e+00
9.097897410392761230e-01 1.954829692840576172e+00
9.107983708381652832e-01 1.974713802337646484e+00
9.118070006370544434e-01 1.967222213745117188e+00
9.128156304359436035e-01 1.996787905693054199e+00
9.138243198394775391e-01 1.968987703323364258e+00
9.148329496383666992e-01 1.936452507972717285e+00
9.158415794372558594e-01 1.933279156684875488e+00
9.168502092361450195e-01 1.970245957374572754e+00
9.178588390350341797e-01 1.983183860778808594e+00
9.188674688339233398e-01 1.970050811767578125e+00
9.198760986328125000e-01 2.004774332046508789e+00
9.208847284317016602e-01 2.002698659896850586e+00
9.218933582305908203e-01 1.990862727165222168e+00
9.229020476341247559e-01 1.975905895233154297e+00
9.239106774330139160e-01 1.990646243095397949e+00
9.249193072319030762e-01 2.026886940002441406e+00
9.259279370307922363e-01 2.044543027877807617e+00
9.269365668296813965e-01 2.014479637145996094e+00
9.279451966285705566e-01 2.016854524612426758e+00
9.289538264274597168e-01 2.002890348434448242e+00
9.299624562263488770e-01 1.996237754821777344e+00
9.309710860252380371e-01 2.035904407501220703e+00
9.319797158241271973e-01 2.035936117172241211e+00
9.329884052276611328e-01 2.037921428680419922e+00
9.339970350265502930e-01 2.009288787841796875e+00
9.350056648254394531e-01 2.034673452377319336e+00
9.360142946243286133e-01 2.064017295837402344e+00
9.370229244232177734e-01 2.107981681823730469e+00
9.380315542221069336e-01 2.107436418533325195e+00
9.390401840209960938e-01 2.060614824295043945e+00
9.400488138198852539e-01 2.020392179489135742e+00
9.410574436187744141e-01 2.064944028854370117e+00
9.420661330223083496e-01 2.064057588577270508e+00
9.430747628211975098e-01 2.040858745574951172e+00
9.440833926200866699e-01 2.057147502899169922e+00
9.450920224189758301e-01 2.107363700866699219e+00
9.461006522178649902e-01 2.051414728164672852e+00
9.471092820167541504e-01 2.076374292373657227e+00
9.481179118156433105e-01 2.089473247528076172e+00
9.491265416145324707e-01 2.103413343429565430e+00
9.501351714134216309e-01 2.129150152206420898e+00
9.511438012123107910e-01 2.102842569351196289e+00
9.521524906158447266e-01 2.119089841842651367e+00
9.531611204147338867e-01 2.121647596359252930e+00
9.541697502136230469e-01 2.156028747558593750e+00
9.551783800125122070e-01 2.114514350891113281e+00
9.561870098114013672e-01 2.098096609115600586e+00
9.571956396102905273e-01 2.197665452957153320e+00
9.582042694091796875e-01 2.156871080398559570e+00
9.592128992080688477e-01 2.165242671966552734e+00
9.602215290069580078e-01 2.100996255874633789e+00
9.612302184104919434e-01 2.179089546203613281e+00
9.622388482093811035e-01 2.191756725311279297e+00
9.632474780082702637e-01 2.141744136810302734e+00
9.642561078071594238e-01 2.115102529525756836e+00
9.652647376060485840e-01 2.125305414199829102e+00
9.662733674049377441e-01 2.194202184677124023e+00
9.672819972038269043e-01 2.160457372665405273e+00
9.682906270027160645e-01 2.141695261001586914e+00
9.692992568016052246e-01 2.202597141265869141e+00
9.703078866004943848e-01 2.151722908020019531e+00
9.713165760040283203e-01 2.156038522720336914e+00
9.723252058029174805e-01 2.139495372772216797e+00
9.733338356018066406e-01 2.145124673843383789e+00
9.743424654006958008e-01 2.201742172241210938e+00
9.753510951995849609e-01 2.183003664016723633e+00
9.763597249984741211e-01 2.238993644714355469e+00
9.773683547973632812e-01 2.222622394561767578e+00
9.783769845962524414e-01 2.141375541687011719e+00
9.793856143951416016e-01 2.206541538238525391e+00
9.803943037986755371e-01 2.226908206939697266e+00
9.814029335975646973e-01 2.234133243560791016e+00
9.824115633964538574e-01 2.141763210296630859e+00
9.834201931953430176e-01 2.252597570419311523e+00
9.844288229942321777e-01 2.241549253463745117e+00
9.854374527931213379e-01 2.168362617492675781e+00
9.864460825920104980e-01 2.244764804840087891e+00
9.874547123908996582e-01 2.213546752929687500e+00
9.884633421897888184e-01 2.315614461898803711e+00
9.894719719886779785e-01 2.317573547363281250e+00
9.904806613922119141e-01 2.286481380462646484e+00
9.914892911911010742e-01 2.296816587448120117e+00
9.924979209899902344e-01 2.242333650588989258e+00
9.935065507888793945e-01 2.236326217651367188e+00
9.945151805877685547e-01 2.338746070861816406e+00
9.955238103866577148e-01 2.313583612442016602e+00
9.965324401855468750e-01 2.310477972030639648e+00
9.975410699844360352e-01 2.339756965637207031e+00
9.985496997833251953e-01 2.325666666030883789e+00
9.995583891868591309e-01 2.313559770584106445e+00
1.000566959381103516e+00 2.305592536926269531e+00
1.001575589179992676e+00 2.336264848709106445e+00
1.002584218978881836e+00 2.246041536331176758e+00
1.003592848777770996e+00 2.340811729431152344e+00
1.004601597785949707e+00 2.332785129547119141e+00
1.005610227584838867e+00 2.302262544631958008e+00
1.006618857383728027e+00 2.349419355392456055e+00
1.007627487182617188e+00 2.295979261398315430e+00
1.008636116981506348e+00 2.335390090942382812e+00
1.009644746780395508e+00 2.331781387329101562e+00
1.010653376579284668e+00 2.340261459350585938e+00
1.011662006378173828e+00 2.274902105331420898e+00
1.012670636177062988e+00 2.366711139678955078e+00
1.013679265975952148e+00 2.362209558486938477e+00
1.014687895774841309e+00 2.360516071319580078e+00
1.015696525573730469e+00 2.371160030364990234e+00
1.016705155372619629e+00 2.366794586181640625e+00
1.017713785171508789e+00 2.316602706909179688e+00
1.018722414970397949e+00 2.446948528289794922e+00
1.019731044769287109e+00 2.350988626480102539e+00
1.020739674568176270e+00 2.384405851364135742e+00
1.021748304367065430e+00 2.397273063659667969e+00
1.022756934165954590e+00 2.423373460769653320e+00
1.023765683174133301e+00 2.419017076492309570e+00
1.024774312973022461e+00 2.406003475189208984e+00
1.025782942771911621e+00 2.376267194747924805e+00
1.026791572570800781e+00 2.397913217544555664e+00
1.027800202369689941e+00 2.381262540817260742e+00
1.028808832168579102e+00 2.455586910247802734e+00
1.029817461967468262e+00 2.499990224838256836e+00
1.030826091766357422e+00 2.417279720306396484e+00
1.031834721565246582e+00 2.382215499877929688e+00
1.032843351364135742e+00 2.440545797348022461e+00
1.033851981163024902e+00 2.422051191329956055e+00
1.034860610961914062e+00 2.441385746002197266e+00
1.035869240760803223e+00 2.386742353439331055e+00
1.036877870559692383e+00 2.405970096588134766e+00
1.037886500358581543e+00 2.442302465438842773e+00
1.038895130157470703e+00 2.423927783966064453e+00
1.039903759956359863e+00 2.413244247436523438e+00
1.040912389755249023e+00 2.411519289016723633e+00
1.041921019554138184e+00 2.540253877639770508e+00
1.042929768562316895e+00 2.482642173767089844e+00
1.043938398361206055e+00 2.518261432647705078e+00
1.044947028160095215e+00 2.513342142105102539e+00
1.045955657958984375e+00 2.510023593902587891e+00
1.046964287757873535e+00 2.453446626663208008e+00
1.047972917556762695e+00 2.546438217163085938e+00
1.048981547355651855e+00 2.486753463745117188e+00
1.049990177154541016e+00 2.571368217468261719e+00
1.050998806953430176e+00 2.475670337677001953e+00
1.052007436752319336e+00 2.469723224639892578e+00
1.053016066551208496e+00 2.521296739578247070e+00
1.054024696350097656e+00 2.506958007812500000e+00
1.055033326148986816e+00 2.481191158294677734e+00
1.056041955947875977e+00 2.477879285812377930e+00
1.057050585746765137e+00 2.593041181564331055e+00
1.058059215545654297e+00 2.576816558837890625e+00
1.059067845344543457e+00 2.537905693054199219e+00
1.060076475143432617e+00 2.450285911560058594e+00
1.061085104942321777e+00 2.515035390853881836e+00
1.062093853950500488e+00 2.585273504257202148e+00
1.063102483749389648e+00 2.589869022369384766e+00
1.064111113548278809e+00 2.555178165435791016e+00
1.065119743347167969e+00 2.517812728881835938e+00
1.066128373146057129e+00 2.500476121902465820e+00
1.067137002944946289e+00 2.633918285369873047e+00
1.068145632743835449e+00 2.598393201828002930e+00
1.069154262542724609e+00 2.601503372192382812e+00
1.070162892341613770e+00 2.619761466979980469e+00
1.071171522140502930e+00 2.628791093826293945e+00
1.072180151939392090e+00 2.649548053741455078e+00
1.073188781738281250e+00 2.572797775268554688e+00
1.074197411537170410e+00 2.515955924987792969e+00
1.075206041336059570e+00 2.581198453903198242e+00
1.076214671134948730e+00 2.678027629852294922e+00
1.077223300933837891e+00 2.619897365570068359e+00
1.078231930732727051e+00 2.659897565841674805e+00
1.079240560531616211e+00 2.671683788299560547e+00
1.080249190330505371e+00 2.641734600067138672e+00
1.081257939338684082e+00 2.655508279800415039e+00
1.082266569137573242e+00 2.751256465911865234e+00
1.083275198936462402e+00 2.660022974014282227e+00
1.084283828735351562e+00 2.738120794296264648e+00
1.085292458534240723e+00 2.687845468521118164e+00
1.086301088333129883e+00 2.630117416381835938e+00
1.087309718132019043e+00 2.616430044174194336e+00
1.088318347930908203e+00 2.593026161193847656e+00
1.089326977729797363e+00 2.747032165527343750e+00
1.090335607528686523e+00 2.748751640319824219e+00
1.091344237327575684e+00 2.717984676361083984e+00
1.092352867126464844e+00 2.632367134094238281e+00
1.093361496925354004e+00 2.628543853759765625e+00
1.094370126724243164e+00 2.705392599105834961e+00
1.095378756523132324e+00 2.708647012710571289e+00
1.096387386322021484e+00 2.760326147079467773e+00
1.097396016120910645e+00 2.760720729827880859e+00
1.098404645919799805e+00 2.749679088592529297e+00
1.099413275718688965e+00 2.820993423461914062e+00
1.100422024726867676e+00 2.676455259323120117e+00
1.101430654525756836e+00 2.794647693634033203e+00
1.102439284324645996e+00 2.814653635025024414e+00
1.103447914123535156e+00 2.850567817687988281e+00
1.104456543922424316e+00 2.867221355438232422e+00
1.105465173721313477e+00 2.802583932876586914e+00
1.106473803520202637e+00 2.734687328338623047e+00
1.107482433319091797e+00 2.762689113616943359e+00
1.108491063117980957e+00 2.804258823394775391e+00
1.109499692916870117e+00 2.655967712402343750e+00
1.110508322715759277e+00 2.761597156524658203e+00
1.111516952514648438e+00 2.853656291961669922e+00
1.112525582313537598e+00 2.894885063171386719e+00
1.113534212112426758e+00 2.837498426437377930e+00
1.114542841911315918e+00 2.821845531463623047e+00
1.115551471710205078e+00 2.756108522415161133e+00
1.116560101509094238e+00 2.775366306304931641e+00
1.117568731307983398e+00 2.785884141921997070e+00
1.118577361106872559e+00 2.720093965530395508e+00
1.119586110115051270e+00 2.937297344207763672e+00
1.120594739913940430e+00 2.957180261611938477e+00
1.121603369712829590e+00 2.824568748474121094e+00
1.122611999511718750e+00 2.923753023147583008e+00
1.123620629310607910e+00 2.849506378173828125e+00
1.124629259109497070e+00 2.947918891906738281e+00
1.125637888908386230e+00 2.788024663925170898e+00
1.126646518707275391e+00 2.811841011047363281e+00
1.127655148506164551e+00 2.924712419509887695e+00
1.128663778305053711e+00 2.829505205154418945e+00
1.129672408103942871e+00 2.924702167510986328e+00
1.130681037902832031e+00 2.780084371566772461e+00
1.131689667701721191e+00 2.831351041793823242e+00
1.132698297500610352e+00 2.863248348236083984e+00
1.133706927299499512e+00 2.893942594528198242e+00
1.134715557098388672e+00 2.998990535736083984e+00
1.135724186897277832e+00 2.963427066802978516e+00
1.136732816696166992e+00 2.885566949844360352e+00
1.137741446495056152e+00 2.927900552749633789e+00
1.138750195503234863e+00 3.133063554763793945e+00
1.139758825302124023e+00 3.071877956390380859e+00
1.140767455101013184e+00 2.864506721496582031e+00
1.141776084899902344e+00 2.959009170532226562e+00
1.142784714698791504e+00 3.123898506164550781e+00
1.143793344497680664e+00 2.953102111816406250e+00
1.144801974296569824e+00 2.931320905685424805e+00
1.145810604095458984e+00 3.095847368240356445e+00
1.146819233894348145e+00 3.008733272552490234e+00
1.147827863693237305e+00 3.049784660339355469e+00
1.148836493492126465e+00 2.927242755889892578e+00
1.149845123291015625e+00 2.935755729675292969e+00
1.150853753089904785e+00 2.933989524841308594e+00
1.151862382888793945e+00 3.091675043106079102e+00
1.152871012687683105e+00 3.034963607788085938e+00
1.153879642486572266e+00 3.061929702758789062e+00
1.154888272285461426e+00 2.964897155761718750e+00
1.155896902084350586e+00 3.020061969757080078e+00
1.156905531883239746e+00 2.998358249664306641e+00
1.157914280891418457e+00 3.076199293136596680e+00
1.158922910690307617e+00 3.222476720809936523e+00
1.159931540489196777e+00 3.264578104019165039e+00
1.160940170288085938e+00 3.196988344192504883e+00
1.161948800086975098e+00 2.964547634124755859e+00
1.162957429885864258e+00 3.063300848007202148e+00
1.163966059684753418e+00 3.260170459747314453e+00
1.164974689483642578e+00 3.097490787506103516e+00
1.165983319282531738e+00 2.935892343521118164e+00
1.166991949081420898e+00 3.239501476287841797e+00
1.168000578880310059e+00 3.284629583358764648e+00
1.169009208679199219e+00 3.264395713806152344e+00
1.170017838478088379e+00 2.892966032028198242e+00
1.171026468276977539e+00 3.098474264144897461e+00
1.172035098075866699e+00 3.237649679183959961e+00
1.173043727874755859e+00 3.040188789367675781e+00
1.174052357673645020e+00 3.193937540054321289e+00
1.175060987472534180e+00 3.307723522186279297e+00
1.176069617271423340e+00 3.024810552597045898e+00
1.177078366279602051e+00 3.269122123718261719e+00
1.178086996078491211e+00 3.161759376525878906e+00
1.179095625877380371e+00 3.202837944030761719e+00
1.180104255676269531e+00 3.186240673065185547e+00
1.181112885475158691e+00 3.487337589263916016e+00
1.182121515274047852e+00 3.309426069259643555e+00
1.183130145072937012e+00 2.958557605743408203e+00
1.184138774871826172e+00 3.113586425781250000e+00
1.185147404670715332e+00 3.324421882629394531e+00
1.186156034469604492e+00 2.992359161376953125e+00
1.187164664268493652e+00 3.265212059020996094e+00
1.188173294067382812e+00 3.525415420532226562e+00
1.189181923866271973e+00 3.571471691131591797e+00
1.190190553665161133e+00 3.630134105682373047e+00
1.191199183464050293e+00 3.235392332077026367e+00
1.192207813262939453e+00 3.329195737838745117e+00
1.193216443061828613e+00 3.192128419876098633e+00
1.194225072860717773e+00 3.407309770584106445e+00
1.195233702659606934e+00 3.329840421676635742e+00
1.196242451667785645e+00 3.223477840423583984e+00
1.197251081466674805e+00 3.308262348175048828e+00
1.198259711265563965e+00 3.348678827285766602e+00
1.199268341064453125e+00 3.215842962265014648e+00
1.200276970863342285e+00 3.079465389251708984e+00
1.201285600662231445e+00 3.535701036453247070e+00
1.202294230461120605e+00 3.587788343429565430e+00
1.203302860260009766e+00 3.200084924697875977e+00
1.204311490058898926e+00 3.043365716934204102e+00
1.205320119857788086e+00 3.287438154220581055e+00
1.206328749656677246e+00 2.839758396148681641e+00
1.207337379455566406e+00 3.100322246551513672e+00
1.208346009254455566e+00 3.422939777374267578e+00
1.209354639053344727e+00 4.249067306518554688e+00
