0.000000000000000000e+00 4.015576171875000000e+01
1.008636085316538811e-03 3.054587554931640625e+01
2.017272170633077621e-03 2.664682769775390625e+01
3.025908255949616432e-03 1.839697837829589844e+01
4.034544341266155243e-03 1.371110153198242188e+01
5.043180659413337708e-03 1.059925460815429688e+01
6.051816511899232864e-03 8.471316337585449219e+00
7.060452364385128021e-03 6.975650787353515625e+00
8.069088682532310486e-03 5.780917644500732422e+00
9.077725000679492950e-03 4.575553894042968750e+00
1.008636131882667542e-02 3.875009298324584961e+00
1.109499670565128326e-02 3.526935815811157227e+00
1.210363302379846573e-02 3.832035303115844727e+00
1.311226934194564819e-02 3.162632703781127930e+00
1.412090472877025604e-02 2.813481330871582031e+00
1.512954104691743851e-02 2.500417947769165039e+00
1.613817736506462097e-02 2.167981386184692383e+00
1.714681275188922882e-02 1.982793331146240234e+00
1.815545000135898590e-02 1.940258383750915527e+00
1.916408538818359375e-02 1.713701486587524414e+00
2.017272263765335083e-02 1.332372665405273438e+00
2.118135802447795868e-02 1.286160945892333984e+00
2.218999341130256653e-02 1.190265417098999023e+00
2.319863066077232361e-02 1.161555528640747070e+00
2.420726604759693146e-02 1.006400108337402344e+00
2.521590143442153931e-02 8.880084156990051270e-01
2.622453868389129639e-02 7.995235919952392578e-01
2.723317407071590424e-02 7.955216169357299805e-01
2.824180945754051208e-02 7.296074628829956055e-01
2.925044670701026917e-02 7.391533255577087402e-01
3.025908209383487701e-02 6.471146941184997559e-01
3.126771748065948486e-02 6.090194582939147949e-01
3.227635473012924194e-02 5.669497847557067871e-01
3.328499197959899902e-02 5.399183630943298340e-01
3.429362550377845764e-02 5.645425319671630859e-01
3.530226275324821472e-02 5.275714993476867676e-01
3.631090000271797180e-02 4.605843126773834229e-01
3.731953352689743042e-02 4.196442663669586182e-01
3.832817077636718750e-02 3.871523737907409668e-01
3.933680802583694458e-02 3.681305348873138428e-01
4.034544527530670166e-02 3.798390924930572510e-01
4.135407879948616028e-02 3.267367184162139893e-01
4.236271604895591736e-02 3.298210799694061279e-01
4.337135329842567444e-02 3.059086203575134277e-01
4.437998682260513306e-02 3.018290102481842041e-01
4.538862407207489014e-02 3.044119477272033691e-01
4.639726132154464722e-02 2.726795673370361328e-01
4.740589484572410583e-02 2.704543471336364746e-01
4.841453209519386292e-02 2.738291025161743164e-01
4.942316934466362000e-02 2.827353179454803467e-01
5.043180286884307861e-02 2.516973316669464111e-01
5.144044011831283569e-02 2.226533889770507812e-01
5.244907736778259277e-02 2.434092611074447632e-01
5.345771089196205139e-02 2.476675808429718018e-01
5.446634814143180847e-02 2.303394526243209839e-01
5.547498539090156555e-02 2.070847898721694946e-01
5.648361891508102417e-02 2.008937001228332520e-01
5.749225616455078125e-02 2.068570703268051147e-01
5.850089341402053833e-02 2.016085982322692871e-01
5.950953066349029541e-02 2.021580934524536133e-01
6.051816418766975403e-02 1.887200474739074707e-01
6.152680143713951111e-02 1.855499297380447388e-01
6.253543496131896973e-02 1.816173791885375977e-01
6.354407221078872681e-02 1.623459309339523315e-01
6.455270946025848389e-02 1.765162199735641479e-01
6.556134670972824097e-02 1.836231499910354614e-01
6.656998395919799805e-02 1.756979823112487793e-01
6.757862120866775513e-02 1.608238369226455688e-01
6.858725100755691528e-02 1.583731323480606079e-01
6.959588825702667236e-02 1.570572406053543091e-01
7.060452550649642944e-02 1.425184309482574463e-01
7.161316275596618652e-02 1.637240201234817505e-01
7.262180000543594360e-02 1.498276293277740479e-01
7.363043725490570068e-02 1.391964107751846313e-01
7.463906705379486084e-02 1.471017450094223022e-01
7.564770430326461792e-02 1.529409140348434448e-01
7.665634155273437500e-02 1.433696895837783813e-01
7.766497880220413208e-02 1.289134621620178223e-01
7.867361605167388916e-02 1.296909153461456299e-01
7.968225330114364624e-02 1.276739239692687988e-01
8.069089055061340332e-02 1.145573034882545471e-01
8.169952034950256348e-02 1.269034445285797119e-01
8.270815759897232056e-02 1.186056882143020630e-01
8.371679484844207764e-02 1.005268618464469910e-01
8.472543209791183472e-02 1.160520166158676147e-01
8.573406934738159180e-02 1.085565686225891113e-01
8.674270659685134888e-02 1.166573762893676758e-01
8.775133639574050903e-02 9.912478923797607422e-02
8.875997364521026611e-02 1.255617737770080566e-01
8.976861089468002319e-02 1.205971688032150269e-01
9.077724814414978027e-02 1.277767121791839600e-01
9.178588539361953735e-02 1.093465089797973633e-01
9.279452264308929443e-02 1.123651415109634399e-01
9.380315244197845459e-02 9.916712343692779541e-02
9.481178969144821167e-02 1.128515899181365967e-01
9.582042694091796875e-02 1.057811006903648376e-01
9.682906419038772583e-02 1.100613325834274292e-01
9.783770143985748291e-02 1.047664210200309753e-01
9.884633868932723999e-02 1.197891756892204285e-01
9.985497593879699707e-02 1.245036423206329346e-01
1.008636057376861572e-01 1.227621361613273621e-01
1.018722429871559143e-01 1.047959998250007629e-01
1.028808802366256714e-01 1.094937920570373535e-01
1.038895174860954285e-01 9.780272841453552246e-02
1.048981547355651855e-01 1.037289425730705261e-01
1.059067919850349426e-01 1.037493795156478882e-01
1.069154217839241028e-01 1.072646528482437134e-01
1.079240590333938599e-01 1.025876700878143311e-01
1.089326962828636169e-01 1.140637099742889404e-01
1.099413335323333740e-01 1.131804883480072021e-01
1.109499707818031311e-01 1.068569943308830261e-01
1.119586080312728882e-01 9.960430860519409180e-02
1.129672378301620483e-01 9.967025369405746460e-02
1.139758750796318054e-01 9.426466375589370728e-02
1.149845123291015625e-01 9.320706874132156372e-02
1.159931495785713196e-01 1.055653914809226990e-01
1.170017868280410767e-01 1.053546145558357239e-01
1.180104240775108337e-01 1.061359569430351257e-01
1.190190613269805908e-01 1.036048978567123413e-01
1.200276911258697510e-01 1.082235649228096008e-01
1.210363283753395081e-01 1.091528311371803284e-01
1.220449656248092651e-01 1.110380589962005615e-01
1.230536028742790222e-01 9.475585818290710449e-02
1.240622401237487793e-01 8.860980719327926636e-02
1.250708699226379395e-01 1.057993248105049133e-01
1.260795146226882935e-01 1.062317118048667908e-01
1.270881444215774536e-01 1.106848716735839844e-01
1.280967891216278076e-01 1.035551875829696655e-01
1.291054189205169678e-01 1.012553274631500244e-01
1.301140487194061279e-01 1.037122532725334167e-01
1.311226934194564819e-01 1.058263853192329407e-01
1.321313232183456421e-01 1.108564734458923340e-01
1.331399679183959961e-01 1.127509325742721558e-01
1.341485977172851562e-01 9.973801672458648682e-02
1.351572424173355103e-01 1.046065315604209900e-01
1.361658722162246704e-01 9.906272590160369873e-02
1.371745020151138306e-01 9.969085454940795898e-02
1.381831467151641846e-01 1.032249704003334045e-01
1.391917765140533447e-01 9.658547490835189819e-02
1.402004212141036987e-01 1.061268150806427002e-01
1.412090510129928589e-01 1.098457723855972290e-01
1.422176808118820190e-01 9.598550945520401001e-02
1.432263255119323730e-01 1.001599654555320740e-01
1.442349553108215332e-01 1.106031462550163269e-01
1.452436000108718872e-01 9.827868640422821045e-02
1.462522298097610474e-01 1.059425398707389832e-01
1.472608745098114014e-01 1.093401536345481873e-01
1.482695043087005615e-01 1.180862411856651306e-01
1.492781341075897217e-01 1.060451716184616089e-01
1.502867788076400757e-01 1.121905297040939331e-01
1.512954086065292358e-01 1.148885861039161682e-01
1.523040533065795898e-01 1.145314648747444153e-01
1.533126831054687500e-01 1.173985973000526428e-01
1.543213278055191040e-01 1.118987575173377991e-01
1.553299576044082642e-01 1.059104055166244507e-01
1.563385874032974243e-01 1.058084294199943542e-01
1.573472321033477783e-01 1.049065589904785156e-01
1.583558619022369385e-01 1.162181273102760315e-01
1.593645066022872925e-01 1.178732067346572876e-01
1.603731364011764526e-01 1.201751306653022766e-01
1.613817811012268066e-01 1.143418550491333008e-01
1.623904109001159668e-01 1.296117305755615234e-01
1.633990406990051270e-01 1.265551596879959106e-01
1.644076853990554810e-01 1.143267005681991577e-01
1.654163151979446411e-01 1.253211647272109985e-01
1.664249598979949951e-01 1.169819533824920654e-01
1.674335896968841553e-01 1.114134639501571655e-01
1.684422194957733154e-01 1.030553504824638367e-01
1.694508641958236694e-01 1.038054004311561584e-01
1.704594939947128296e-01 1.133605837821960449e-01
1.714681386947631836e-01 1.008598431944847107e-01
1.724767684936523438e-01 9.617351740598678589e-02
1.734854131937026978e-01 1.083653271198272705e-01
1.744940429925918579e-01 1.183563992381095886e-01
1.755026727914810181e-01 1.077887415885925293e-01
1.765113174915313721e-01 1.080867499113082886e-01
1.775199472904205322e-01 9.643627703189849854e-02
1.785285919904708862e-01 1.026746258139610291e-01
1.795372217893600464e-01 1.091079041361808777e-01
1.805458664894104004e-01 1.074281558394432068e-01
1.815544962882995605e-01 9.740679711103439331e-02
1.825631260871887207e-01 1.095191165804862976e-01
1.835717707872390747e-01 1.078769564628601074e-01
1.845804005861282349e-01 9.640039503574371338e-02
1.855890452861785889e-01 8.847039937973022461e-02
1.865976750850677490e-01 1.008576601743698120e-01
1.876063048839569092e-01 8.801698684692382812e-02
1.886149495840072632e-01 8.230120688676834106e-02
1.896235793828964233e-01 1.019629612565040588e-01
1.906322240829467773e-01 9.286113828420639038e-02
1.916408538818359375e-01 9.072233736515045166e-02
1.926494985818862915e-01 8.321262151002883911e-02
1.936581283807754517e-01 8.865542709827423096e-02
1.946667581796646118e-01 8.302590996026992798e-02
1.956754028797149658e-01 8.487398922443389893e-02
1.966840326786041260e-01 8.965543657541275024e-02
1.976926773786544800e-01 8.329262584447860718e-02
1.987013071775436401e-01 7.911850512027740479e-02
1.997099518775939941e-01 7.515825331211090088e-02
2.007185816764831543e-01 8.365369588136672974e-02
2.017272114753723145e-01 8.341991901397705078e-02
2.027358561754226685e-01 8.692009747028350830e-02
2.037444859743118286e-01 8.760610222816467285e-02
2.047531306743621826e-01 8.041288703680038452e-02
2.057617604732513428e-01 8.680654317140579224e-02
2.067703902721405029e-01 8.543091267347335815e-02
2.077790349721908569e-01 8.964028954505920410e-02
2.087876647710800171e-01 8.091249316930770874e-02
2.097963094711303711e-01 8.207448571920394897e-02
2.108049392700195312e-01 8.377617597579956055e-02
2.118135839700698853e-01 9.447395056486129761e-02
2.128222137689590454e-01 9.642409533262252808e-02
2.138308435678482056e-01 1.052779555320739746e-01
2.148394882678985596e-01 9.675201773643493652e-02
2.158481180667877197e-01 9.134606271982192993e-02
2.168567627668380737e-01 8.619178086519241333e-02
2.178653925657272339e-01 8.179578930139541626e-02
2.188740372657775879e-01 8.471752703189849854e-02
2.198826670646667480e-01 8.935602009296417236e-02
2.208912968635559082e-01 9.251472353935241699e-02
2.218999415636062622e-01 9.467365592718124390e-02
2.229085713624954224e-01 9.063414484262466431e-02
2.239172160625457764e-01 9.289842844009399414e-02
2.249258458614349365e-01 9.674943983554840088e-02
2.259344756603240967e-01 9.938360750675201416e-02
2.269431203603744507e-01 9.506585448980331421e-02
2.279517501592636108e-01 1.013977453112602234e-01
2.289603948593139648e-01 9.838932007551193237e-02
2.299690246582031250e-01 1.029808893799781799e-01
2.309776693582534790e-01 9.659105539321899414e-02
2.319862991571426392e-01 9.388178586959838867e-02
2.329949289560317993e-01 9.391715377569198608e-02
2.340035736560821533e-01 9.703955054283142090e-02
2.350122034549713135e-01 9.826967865228652954e-02
2.360208481550216675e-01 9.407156705856323242e-02
2.370294779539108276e-01 1.031032055616378784e-01
2.380381226539611816e-01 1.000328510999679565e-01
2.390467524528503418e-01 9.624426066875457764e-02
2.400553822517395020e-01 9.841728210449218750e-02
2.410640269517898560e-01 9.720288217067718506e-02
2.420726567506790161e-01 1.362011432647705078e-01
2.430813014507293701e-01 2.505198121070861816e-01
2.440899312496185303e-01 9.958299249410629272e-02
2.450985759496688843e-01 9.626433253288269043e-02
2.461072057485580444e-01 9.407471120357513428e-02
2.471158355474472046e-01 9.182623028755187988e-02
2.481244802474975586e-01 9.602050483226776123e-02
2.491331100463867188e-01 9.530866891145706177e-02
2.501417398452758789e-01 1.033634021878242493e-01
2.511503994464874268e-01 9.497334063053131104e-02
2.521590292453765869e-01 1.008627265691757202e-01
2.531676590442657471e-01 9.277857840061187744e-02
2.541762888431549072e-01 9.453257173299789429e-02
2.551849186420440674e-01 9.628938883543014526e-02
2.561935782432556152e-01 9.290860593318939209e-02
2.572022080421447754e-01 1.026870012283325195e-01
2.582108378410339355e-01 1.084065735340118408e-01
2.592194676399230957e-01 1.039809882640838623e-01
2.602280974388122559e-01 9.523297846317291260e-02
2.612367570400238037e-01 1.047173067927360535e-01
2.622453868389129639e-01 1.009627655148506165e-01
2.632540166378021240e-01 1.096735373139381409e-01
2.642626464366912842e-01 1.046817898750305176e-01
2.652712762355804443e-01 9.777231514453887939e-02
2.662799358367919922e-01 9.327308088541030884e-02
2.672885656356811523e-01 1.034671962261199951e-01
2.682971954345703125e-01 9.806612133979797363e-02
2.693058252334594727e-01 9.825383126735687256e-02
2.703144848346710205e-01 9.975510090589523315e-02
2.713231146335601807e-01 1.005438193678855896e-01
2.723317444324493408e-01 1.030298694968223572e-01
2.733403742313385010e-01 9.639812260866165161e-02
2.743490040302276611e-01 9.788723289966583252e-02
2.753576636314392090e-01 1.068742349743843079e-01
2.763662934303283691e-01 1.015441864728927612e-01
2.773749232292175293e-01 1.019188165664672852e-01
2.783835530281066895e-01 1.032914817333221436e-01
2.793921828269958496e-01 1.015882864594459534e-01
2.804008424282073975e-01 8.952473104000091553e-02
2.814094722270965576e-01 9.692642092704772949e-02
2.824181020259857178e-01 1.012089103460311890e-01
2.834267318248748779e-01 1.053597703576087952e-01
2.844353616237640381e-01 9.859897941350936890e-02
2.854440212249755859e-01 1.051202714443206787e-01
2.864526510238647461e-01 9.527698159217834473e-02
2.874612808227539062e-01 1.030658259987831116e-01
2.884699106216430664e-01 1.006505712866783142e-01
2.894785702228546143e-01 9.397647529840469360e-02
2.904872000217437744e-01 9.330189228057861328e-02
2.914958298206329346e-01 9.576518833637237549e-02
2.925044596195220947e-01 9.763985127210617065e-02
2.935130894184112549e-01 9.112244844436645508e-02
2.945217490196228027e-01 9.246546030044555664e-02
2.955303788185119629e-01 9.949027001857757568e-02
2.965390086174011230e-01 9.552343934774398804e-02
2.975476384162902832e-01 9.728538990020751953e-02
2.985562682151794434e-01 9.666546434164047241e-02
2.995649278163909912e-01 1.010595187544822693e-01
3.005735576152801514e-01 9.762059897184371948e-02
3.015821874141693115e-01 1.030199304223060608e-01
3.025908172130584717e-01 1.129652932286262512e-01
3.035994470119476318e-01 1.060604378581047058e-01
3.046081066131591797e-01 9.921648353338241577e-02
3.056167364120483398e-01 9.855302423238754272e-02
3.066253662109375000e-01 1.031730324029922485e-01
3.076339960098266602e-01 9.610731899738311768e-02
3.086426556110382080e-01 1.041638553142547607e-01
3.096512854099273682e-01 1.026060283184051514e-01
3.106599152088165283e-01 1.051389947533607483e-01
3.116685450077056885e-01 1.064272746443748474e-01
3.126771748065948486e-01 1.015750020742416382e-01
3.136858344078063965e-01 1.034793406724929810e-01
3.146944642066955566e-01 1.021366417407989502e-01
3.157030940055847168e-01 9.867113083600997925e-02
3.167117238044738770e-01 1.054821237921714783e-01
3.177203536033630371e-01 1.075778678059577942e-01
3.187290132045745850e-01 1.026969477534294128e-01
3.197376430034637451e-01 1.014625132083892822e-01
3.207462728023529053e-01 1.016464084386825562e-01
3.217549026012420654e-01 1.065469235181808472e-01
3.227635622024536133e-01 9.534465521574020386e-02
3.237721920013427734e-01 9.709294885396957397e-02
3.247808218002319336e-01 1.025749966502189636e-01
3.257894515991210938e-01 1.015814691781997681e-01
3.267980813980102539e-01 9.384208917617797852e-02
3.278067409992218018e-01 1.035402268171310425e-01
3.288153707981109619e-01 1.011744663119316101e-01
3.298240005970001221e-01 1.058777645230293274e-01
3.308326303958892822e-01 1.068757250905036926e-01
3.318412601947784424e-01 1.056098490953445435e-01
3.328499197959899902e-01 1.041317731142044067e-01
3.338585495948791504e-01 1.053863242268562317e-01
3.348671793937683105e-01 1.072550341486930847e-01
3.358758091926574707e-01 1.063986495137214661e-01
3.368844389915466309e-01 1.032109260559082031e-01
3.378930985927581787e-01 9.865996986627578735e-02
3.389017283916473389e-01 9.956187009811401367e-02
3.399103581905364990e-01 1.029925569891929626e-01
3.409189879894256592e-01 1.096987947821617126e-01
3.419276475906372070e-01 1.034660264849662781e-01
3.429362773895263672e-01 1.005855277180671692e-01
3.439449071884155273e-01 1.020308807492256165e-01
3.449535369873046875e-01 1.007444262504577637e-01
3.459621667861938477e-01 9.851075708866119385e-02
3.469708263874053955e-01 9.807883203029632568e-02
3.479794561862945557e-01 9.872265905141830444e-02
3.489880859851837158e-01 1.018309667706489563e-01
3.499967157840728760e-01 1.015159636735916138e-01
3.510053455829620361e-01 1.016487553715705872e-01
3.520140051841735840e-01 1.109626367688179016e-01
3.530226349830627441e-01 1.076558083295822144e-01
3.540312647819519043e-01 1.008302196860313416e-01
3.550398945808410645e-01 1.060895919799804688e-01
3.560485243797302246e-01 1.024344861507415771e-01
3.570571839809417725e-01 9.924571216106414795e-02
3.580658137798309326e-01 1.050376743078231812e-01
3.590744435787200928e-01 1.059366315603256226e-01
3.600830733776092529e-01 1.090807765722274780e-01
3.610917329788208008e-01 9.715583175420761108e-02
3.621003627777099609e-01 9.661597013473510742e-02
3.631089925765991211e-01 1.004306524991989136e-01
3.641176223754882812e-01 9.506416320800781250e-02
3.651262521743774414e-01 1.037965267896652222e-01
3.661349117755889893e-01 9.943570196628570557e-02
3.671435415744781494e-01 1.041894257068634033e-01
3.681521713733673096e-01 1.023533120751380920e-01
3.691608011722564697e-01 1.024850532412528992e-01
3.701694309711456299e-01 9.646157920360565186e-02
3.711780905723571777e-01 9.916540235280990601e-02
3.721867203712463379e-01 9.973093867301940918e-02
3.731953501701354980e-01 9.919488430023193359e-02
3.742039799690246582e-01 1.056783124804496765e-01
3.752126097679138184e-01 1.111373975872993469e-01
3.762212693691253662e-01 1.006416082382202148e-01
3.772298991680145264e-01 1.034903824329376221e-01
3.782385289669036865e-01 1.016037017107009888e-01
3.792471587657928467e-01 1.024501249194145203e-01
3.802558183670043945e-01 9.686461836099624634e-02
3.812644481658935547e-01 1.103731170296669006e-01
3.822730779647827148e-01 1.056734472513198853e-01
3.832817077636718750e-01 1.046471372246742249e-01
3.842903375625610352e-01 9.857673943042755127e-02
3.852989971637725830e-01 1.093749478459358215e-01
3.863076269626617432e-01 1.077178269624710083e-01
3.873162567615509033e-01 1.027134656906127930e-01
3.883248865604400635e-01 1.052698791027069092e-01
3.893335163593292236e-01 1.075368747115135193e-01
3.903421759605407715e-01 1.039428934454917908e-01
3.913508057594299316e-01 1.057881116867065430e-01
3.923594355583190918e-01 1.037102341651916504e-01
3.933680653572082520e-01 1.006386354565620422e-01
3.943766951560974121e-01 1.008028611540794373e-01
3.953853547573089600e-01 1.050492301583290100e-01
3.963939845561981201e-01 1.077052205801010132e-01
3.974026143550872803e-01 1.019392609596252441e-01
3.984112441539764404e-01 1.074960753321647644e-01
3.994199037551879883e-01 1.039932221174240112e-01
4.004285335540771484e-01 1.104639619588851929e-01
4.014371633529663086e-01 1.032789722084999084e-01
4.024457931518554688e-01 1.035480946302413940e-01
4.034544229507446289e-01 9.605844318866729736e-02
4.044630825519561768e-01 9.306735545396804810e-02
4.054717123508453369e-01 1.074306741356849670e-01
4.064803421497344971e-01 1.024847030639648438e-01
4.074889719486236572e-01 1.018066033720970154e-01
4.084976017475128174e-01 1.028141528367996216e-01
4.095062613487243652e-01 1.011001914739608765e-01
4.105148911476135254e-01 1.027469336986541748e-01
4.115235209465026855e-01 1.106386482715606689e-01
4.125321507453918457e-01 1.013448014855384827e-01
4.135407805442810059e-01 1.081911623477935791e-01
4.145494401454925537e-01 1.023143008351325989e-01
4.155580699443817139e-01 1.055019497871398926e-01
4.165666997432708740e-01 9.882508963346481323e-02
4.175753295421600342e-01 9.829009324312210083e-02
4.185839891433715820e-01 1.037838235497474670e-01
4.195926189422607422e-01 1.066206768155097961e-01
4.206012487411499023e-01 9.979816526174545288e-02
4.216098785400390625e-01 9.738477319478988647e-02
4.226185083389282227e-01 1.012499332427978516e-01
4.236271679401397705e-01 9.845279902219772339e-02
4.246357977390289307e-01 1.006293222308158875e-01
4.256444275379180908e-01 1.026051416993141174e-01
4.266530573368072510e-01 1.110335439443588257e-01
4.276616871356964111e-01 1.037346795201301575e-01
4.286703467369079590e-01 9.853301942348480225e-02
4.296789765357971191e-01 1.019691824913024902e-01
4.306876063346862793e-01 9.866037219762802124e-02
4.316962361335754395e-01 9.597250819206237793e-02
4.327048659324645996e-01 9.820737689733505249e-02
4.337135255336761475e-01 9.631469845771789551e-02
4.347221553325653076e-01 1.034933626651763916e-01
4.357307851314544678e-01 1.070879772305488586e-01
4.367394149303436279e-01 9.643740206956863403e-02
4.377480745315551758e-01 9.611925482749938965e-02
4.387567043304443359e-01 9.132717549800872803e-02
4.397653341293334961e-01 9.871841222047805786e-02
4.407739639282226562e-01 1.005695760250091553e-01
4.417825937271118164e-01 1.066032797098159790e-01
4.427912533283233643e-01 9.605433046817779541e-02
4.437998831272125244e-01 1.063387915492057800e-01
4.448085129261016846e-01 9.803649038076400757e-02
4.458171427249908447e-01 1.002259850502014160e-01
4.468257725238800049e-01 9.334971755743026733e-02
4.478344321250915527e-01 1.026560142636299133e-01
4.488430619239807129e-01 1.034242957830429077e-01
4.498516917228698730e-01 1.043539270758628845e-01
4.508603215217590332e-01 9.989134967327117920e-02
4.518689513206481934e-01 1.005168184638023376e-01
4.528776109218597412e-01 1.007940471172332764e-01
4.538862407207489014e-01 1.014006882905960083e-01
4.548948705196380615e-01 1.034808233380317688e-01
4.559035003185272217e-01 1.068259105086326599e-01
4.569121599197387695e-01 1.056930795311927795e-01
4.579207897186279297e-01 1.032995060086250305e-01
4.589294195175170898e-01 9.699033945798873901e-02
4.599380493164062500e-01 1.046092212200164795e-01
4.609466791152954102e-01 1.029365062713623047e-01
4.619553387165069580e-01 1.007028371095657349e-01
4.629639685153961182e-01 1.026243194937705994e-01
4.639725983142852783e-01 1.068049818277359009e-01
4.649812281131744385e-01 1.024569347500801086e-01
4.659898579120635986e-01 1.055868715047836304e-01
4.669985175132751465e-01 1.069078370928764343e-01
4.680071473121643066e-01 1.092064753174781799e-01
4.690157771110534668e-01 1.057235896587371826e-01
4.700244069099426270e-01 1.082500368356704712e-01
4.710330665111541748e-01 1.075179800391197205e-01
4.720416963100433350e-01 1.102432236075401306e-01
4.730503261089324951e-01 1.053977534174919128e-01
4.740589559078216553e-01 1.033787950873374939e-01
4.750675857067108154e-01 9.492289274930953979e-02
4.760762453079223633e-01 9.534950554370880127e-02
4.770848751068115234e-01 1.082326993346214294e-01
4.780935049057006836e-01 1.029572039842605591e-01
4.791021347045898438e-01 1.073599159717559814e-01
4.801107645034790039e-01 9.904723614454269409e-02
4.811194241046905518e-01 9.970989823341369629e-02
4.821280539035797119e-01 1.049439087510108948e-01
4.831366837024688721e-01 1.059361323714256287e-01
4.841453135013580322e-01 1.095543950796127319e-01
4.851539433002471924e-01 1.062772125005722046e-01
4.861626029014587402e-01 1.069211065769195557e-01
4.871712327003479004e-01 1.051686704158782959e-01
4.881798624992370605e-01 1.029650196433067322e-01
4.891884922981262207e-01 1.115618124604225159e-01
4.901971518993377686e-01 1.071206629276275635e-01
4.912057816982269287e-01 1.016567721962928772e-01
4.922144114971160889e-01 1.031424179673194885e-01
4.932230412960052490e-01 1.033652722835540771e-01
4.942316710948944092e-01 1.063311025500297546e-01
4.952403306961059570e-01 1.069485917687416077e-01
4.962489604949951172e-01 1.086255684494972229e-01
4.972575902938842773e-01 1.036457568407058716e-01
4.982662200927734375e-01 1.021151244640350342e-01
4.992748498916625977e-01 1.074262857437133789e-01
5.002834796905517578e-01 1.136650964617729187e-01
5.012921094894409180e-01 1.096714287996292114e-01
5.023007988929748535e-01 1.091416478157043457e-01
5.033094286918640137e-01 1.123148500919342041e-01
5.043180584907531738e-01 1.698001921176910400e-01
5.053266882896423340e-01 1.336228847503662109e-01
5.063353180885314941e-01 9.709794819355010986e-02
5.073439478874206543e-01 9.902975708246231079e-02
5.083525776863098145e-01 9.696999192237854004e-02
5.093612074851989746e-01 1.000739783048629761e-01
5.103698372840881348e-01 1.026066243648529053e-01
5.113784670829772949e-01 9.660058468580245972e-02
5.123871564865112305e-01 1.056310012936592102e-01
5.133957862854003906e-01 9.928821027278900146e-02
5.144044160842895508e-01 1.016009822487831116e-01
5.154130458831787109e-01 1.069516092538833618e-01
5.164216756820678711e-01 1.019843220710754395e-01
5.174303054809570312e-01 1.080173254013061523e-01
5.184389352798461914e-01 1.015627235174179077e-01
5.194475650787353516e-01 1.042055860161781311e-01
5.204561948776245117e-01 9.750936180353164673e-02
5.214648842811584473e-01 9.521708637475967407e-02
5.224735140800476074e-01 1.015253439545631409e-01
5.234821438789367676e-01 9.855531901121139526e-02
5.244907736778259277e-01 9.731325507164001465e-02
5.254994034767150879e-01 9.622662514448165894e-02
5.265080332756042480e-01 9.630918502807617188e-02
5.275166630744934082e-01 1.012109071016311646e-01
5.285252928733825684e-01 1.008455976843833923e-01
5.295339226722717285e-01 9.506325423717498779e-02
5.305425524711608887e-01 9.318915754556655884e-02
5.315512418746948242e-01 1.029241979122161865e-01
5.325598716735839844e-01 1.011518314480781555e-01
5.335685014724731445e-01 1.011478602886199951e-01
5.345771312713623047e-01 1.013367399573326111e-01
5.355857610702514648e-01 9.941376745700836182e-02
5.365943908691406250e-01 1.120334118604660034e-01
5.376030206680297852e-01 1.041872128844261169e-01
5.386116504669189453e-01 1.090155243873596191e-01
5.396202802658081055e-01 1.080578193068504333e-01
5.406289696693420410e-01 1.143178045749664307e-01
5.416375994682312012e-01 1.078014150261878967e-01
5.426462292671203613e-01 1.078825592994689941e-01
5.436548590660095215e-01 1.020794957876205444e-01
5.446634888648986816e-01 1.049403846263885498e-01
5.456721186637878418e-01 1.145203113555908203e-01
5.466807484626770020e-01 1.078757494688034058e-01
5.476893782615661621e-01 1.006752178072929382e-01
5.486980080604553223e-01 1.151695251464843750e-01
5.497066378593444824e-01 1.118375584483146667e-01
5.507153272628784180e-01 1.148270964622497559e-01
5.517239570617675781e-01 1.104551702737808228e-01
5.527325868606567383e-01 1.181576773524284363e-01
5.537412166595458984e-01 1.199306398630142212e-01
5.547498464584350586e-01 1.209331825375556946e-01
5.557584762573242188e-01 1.181955635547637939e-01
5.567671060562133789e-01 1.129556745290756226e-01
5.577757358551025391e-01 1.132390275597572327e-01
5.587843656539916992e-01 1.126365065574645996e-01
5.597930550575256348e-01 1.241830736398696899e-01
5.608016848564147949e-01 1.265977770090103149e-01
5.618103146553039551e-01 1.069717183709144592e-01
5.628189444541931152e-01 1.233891770243644714e-01
5.638275742530822754e-01 1.249801814556121826e-01
5.648362040519714355e-01 1.242239549756050110e-01
5.658448338508605957e-01 1.214203909039497375e-01
5.668534636497497559e-01 1.209843307733535767e-01
5.678620934486389160e-01 1.247849538922309875e-01
5.688707232475280762e-01 1.253023892641067505e-01
5.698794126510620117e-01 1.305039972066879272e-01
5.708880424499511719e-01 1.250172406435012817e-01
5.718966722488403320e-01 1.200164929032325745e-01
5.729053020477294922e-01 1.226006224751472473e-01
5.739139318466186523e-01 1.296919733285903931e-01
5.749225616455078125e-01 1.321887075901031494e-01
5.759311914443969727e-01 1.299439072608947754e-01
5.769398212432861328e-01 1.328252553939819336e-01
5.779484510421752930e-01 1.279044896364212036e-01
5.789571404457092285e-01 1.328887343406677246e-01
5.799657702445983887e-01 1.433480978012084961e-01
5.809744000434875488e-01 1.256549954414367676e-01
5.819830298423767090e-01 1.355655193328857422e-01
5.829916596412658691e-01 1.323011070489883423e-01
5.840002894401550293e-01 1.369331330060958862e-01
5.850089192390441895e-01 1.365883648395538330e-01
5.860175490379333496e-01 1.370014548301696777e-01
5.870261788368225098e-01 1.360847949981689453e-01
5.880348086357116699e-01 1.442485749721527100e-01
5.890434980392456055e-01 1.416776031255722046e-01
5.900521278381347656e-01 1.413390934467315674e-01
5.910607576370239258e-01 1.317639946937561035e-01
5.920693874359130859e-01 1.389701962471008301e-01
5.930780172348022461e-01 1.359083205461502075e-01
5.940866470336914062e-01 1.405710875988006592e-01
5.950952768325805664e-01 1.416382342576980591e-01
5.961039066314697266e-01 1.385000050067901611e-01
5.971125364303588867e-01 1.450376659631729126e-01
5.981212258338928223e-01 1.470967978239059448e-01
5.991298556327819824e-01 1.437828689813613892e-01
6.001384854316711426e-01 1.447884887456893921e-01
6.011471152305603027e-01 1.454009413719177246e-01
6.021557450294494629e-01 1.449952572584152222e-01
6.031643748283386230e-01 1.478335261344909668e-01
6.041730046272277832e-01 1.513178795576095581e-01
6.051816344261169434e-01 1.503334939479827881e-01
6.061902642250061035e-01 1.451113075017929077e-01
6.071988940238952637e-01 1.575722098350524902e-01
6.082075834274291992e-01 1.526482999324798584e-01
6.092162132263183594e-01 1.458161622285842896e-01
6.102248430252075195e-01 1.463321149349212646e-01
6.112334728240966797e-01 1.489082276821136475e-01
6.122421026229858398e-01 1.559199690818786621e-01
6.132507324218750000e-01 1.539063602685928345e-01
6.142593622207641602e-01 1.551168709993362427e-01
6.152679920196533203e-01 1.551249474287033081e-01
6.162766218185424805e-01 1.501462906599044800e-01
6.172853112220764160e-01 1.541529148817062378e-01
6.182939410209655762e-01 1.481882035732269287e-01
6.193025708198547363e-01 1.559942811727523804e-01
6.203112006187438965e-01 1.463262289762496948e-01
6.213198304176330566e-01 1.579068303108215332e-01
6.223284602165222168e-01 1.613203138113021851e-01
6.233370900154113770e-01 1.518618315458297729e-01
6.243457198143005371e-01 1.593376547098159790e-01
6.253543496131896973e-01 1.589438766241073608e-01
6.263629794120788574e-01 1.516347527503967285e-01
6.273716688156127930e-01 1.584722250699996948e-01
6.283802986145019531e-01 1.561241000890731812e-01
6.293889284133911133e-01 1.447341889142990112e-01
6.303975582122802734e-01 1.536589860916137695e-01
6.314061880111694336e-01 1.660359054803848267e-01
6.324148178100585938e-01 1.617507785558700562e-01
6.334234476089477539e-01 1.584600657224655151e-01
6.344320774078369141e-01 1.570792496204376221e-01
6.354407072067260742e-01 1.539995223283767700e-01
6.364493966102600098e-01 1.548982262611389160e-01
6.374580264091491699e-01 1.583901345729827881e-01
6.384666562080383301e-01 1.675043553113937378e-01
6.394752860069274902e-01 1.606117784976959229e-01
6.404839158058166504e-01 1.550361961126327515e-01
6.414925456047058105e-01 1.618919521570205688e-01
6.425011754035949707e-01 1.587718129158020020e-01
6.435098052024841309e-01 1.597118377685546875e-01
6.445184350013732910e-01 1.696534305810928345e-01
6.455271244049072266e-01 1.681159436702728271e-01
6.465357542037963867e-01 1.587223559617996216e-01
6.475443840026855469e-01 1.655954122543334961e-01
6.485530138015747070e-01 1.679403632879257202e-01
6.495616436004638672e-01 1.632270216941833496e-01
6.505702733993530273e-01 1.614615470170974731e-01
6.515789031982421875e-01 1.604214608669281006e-01
6.525875329971313477e-01 1.668366789817810059e-01
6.535961627960205078e-01 1.629484742879867554e-01
6.546047925949096680e-01 1.680385917425155640e-01
6.556134819984436035e-01 1.669858247041702271e-01
6.566221117973327637e-01 1.705118864774703979e-01
6.576307415962219238e-01 1.757575273513793945e-01
6.586393713951110840e-01 1.635966747999191284e-01
6.596480011940002441e-01 1.760537326335906982e-01
6.606566309928894043e-01 1.759180277585983276e-01
6.616652607917785645e-01 1.623039692640304565e-01
6.626738905906677246e-01 1.660165637731552124e-01
6.636825203895568848e-01 1.721108108758926392e-01
6.646912097930908203e-01 1.645961254835128784e-01
6.656998395919799805e-01 1.685675531625747681e-01
6.667084693908691406e-01 1.725228428840637207e-01
6.677170991897583008e-01 1.753727048635482788e-01
6.687257289886474609e-01 1.761822104454040527e-01
6.697343587875366211e-01 1.796300560235977173e-01
6.707429885864257812e-01 1.762565225362777710e-01
6.717516183853149414e-01 1.856312602758407593e-01
6.727602481842041016e-01 1.815748214721679688e-01
6.737688779830932617e-01 1.778951883316040039e-01
6.747775673866271973e-01 1.651096940040588379e-01
6.757861971855163574e-01 1.750199496746063232e-01
6.767948269844055176e-01 1.799039244651794434e-01
6.778034567832946777e-01 1.762644797563552856e-01
6.788120865821838379e-01 1.806010305881500244e-01
6.798207163810729980e-01 1.805165708065032959e-01
6.808293461799621582e-01 1.797485202550888062e-01
6.818379759788513184e-01 1.818057447671890259e-01
6.828466057777404785e-01 1.758489459753036499e-01
6.838552951812744141e-01 1.897360682487487793e-01
6.848639249801635742e-01 1.798736155033111572e-01
6.858725547790527344e-01 1.796481311321258545e-01
6.868811845779418945e-01 1.847801506519317627e-01
6.878898143768310547e-01 1.795243769884109497e-01
6.888984441757202148e-01 1.816267073154449463e-01
6.899070739746093750e-01 1.865577399730682373e-01
6.909157037734985352e-01 1.867167651653289795e-01
6.919243335723876953e-01 1.881583184003829956e-01
6.929329633712768555e-01 1.827864646911621094e-01
6.939416527748107910e-01 1.842779517173767090e-01
6.949502825736999512e-01 1.791845858097076416e-01
6.959589123725891113e-01 1.825327277183532715e-01
6.969675421714782715e-01 1.758172959089279175e-01
6.979761719703674316e-01 1.795068383216857910e-01
6.989848017692565918e-01 1.839820444583892822e-01
6.999934315681457520e-01 1.806133836507797241e-01
7.010020613670349121e-01 1.914803087711334229e-01
7.020106911659240723e-01 1.859628707170486450e-01
7.030193805694580078e-01 1.935461610555648804e-01
7.040280103683471680e-01 1.959993690252304077e-01
7.050366401672363281e-01 1.901615560054779053e-01
7.060452699661254883e-01 1.883797347545623779e-01
7.070538997650146484e-01 1.781109124422073364e-01
7.080625295639038086e-01 1.864722669124603271e-01
7.090711593627929688e-01 1.918732225894927979e-01
7.100797891616821289e-01 1.912254691123962402e-01
7.110884189605712891e-01 1.929167062044143677e-01
7.120970487594604492e-01 1.843417882919311523e-01
7.131057381629943848e-01 1.941572129726409912e-01
7.141143679618835449e-01 1.956304609775543213e-01
7.151229977607727051e-01 1.871988475322723389e-01
7.161316275596618652e-01 1.961962133646011353e-01
7.171402573585510254e-01 1.973654329776763916e-01
7.181488871574401855e-01 1.929629147052764893e-01
7.191575169563293457e-01 1.989038884639739990e-01
7.201661467552185059e-01 1.914692968130111694e-01
7.211747765541076660e-01 2.001393735408782959e-01
7.221834659576416016e-01 1.945637315511703491e-01
7.231920957565307617e-01 1.947186142206192017e-01
7.242007255554199219e-01 2.065706998109817505e-01
7.252093553543090820e-01 2.077757716178894043e-01
7.262179851531982422e-01 2.135691642761230469e-01
7.272266149520874023e-01 1.998906284570693970e-01
7.282352447509765625e-01 1.949870437383651733e-01
7.292438745498657227e-01 1.960463672876358032e-01
7.302525043487548828e-01 2.098365128040313721e-01
7.312611341476440430e-01 1.960741132497787476e-01
7.322698235511779785e-01 2.016597241163253784e-01
7.332784533500671387e-01 1.959331631660461426e-01
7.342870831489562988e-01 2.114720940589904785e-01
7.352957129478454590e-01 2.072890549898147583e-01
7.363043427467346191e-01 2.100050747394561768e-01
7.373129725456237793e-01 2.085814177989959717e-01
7.383216023445129395e-01 2.149123698472976685e-01
7.393302321434020996e-01 2.116186767816543579e-01
7.403388619422912598e-01 2.232804149389266968e-01
7.413475513458251953e-01 2.252900302410125732e-01
7.423561811447143555e-01 2.195165604352951050e-01
7.433648109436035156e-01 2.118947505950927734e-01
7.443734407424926758e-01 2.179647982120513916e-01
7.453820705413818359e-01 2.176269441843032837e-01
7.463907003402709961e-01 2.231365740299224854e-01
7.473993301391601562e-01 2.296171337366104126e-01
7.484079599380493164e-01 2.233543694019317627e-01
7.494165897369384766e-01 2.128914147615432739e-01
7.504252195358276367e-01 2.185813486576080322e-01
7.514339089393615723e-01 2.227016538381576538e-01
7.524425387382507324e-01 2.632677555084228516e-01
7.534511685371398926e-01 2.743351161479949951e-01
7.544597983360290527e-01 2.234538495540618896e-01
7.554684281349182129e-01 2.285661399364471436e-01
7.564770579338073730e-01 2.319179177284240723e-01
7.574856877326965332e-01 2.269704937934875488e-01
7.584943175315856934e-01 2.393344491720199585e-01
7.595029473304748535e-01 2.291303277015686035e-01
7.605116367340087891e-01 2.217726707458496094e-01
7.615202665328979492e-01 2.209071218967437744e-01
7.625288963317871094e-01 2.178726494312286377e-01
7.635375261306762695e-01 2.213838696479797363e-01
7.645461559295654297e-01 2.339785695075988770e-01
7.655547857284545898e-01 2.408405244350433350e-01
7.665634155273437500e-01 2.272549569606781006e-01
7.675720453262329102e-01 2.368313372135162354e-01
7.685806751251220703e-01 2.391521632671356201e-01
7.695893049240112305e-01 2.312463521957397461e-01
7.705979943275451660e-01 2.337369471788406372e-01
7.716066241264343262e-01 2.321665585041046143e-01
7.726152539253234863e-01 2.378535717725753784e-01
7.736238837242126465e-01 2.257925719022750854e-01
7.746325135231018066e-01 2.246484756469726562e-01
7.756411433219909668e-01 2.320615202188491821e-01
7.766497731208801270e-01 2.482348382472991943e-01
7.776584029197692871e-01 2.299664616584777832e-01
7.786670327186584473e-01 2.465101927518844604e-01
7.796757221221923828e-01 2.418731003999710083e-01
7.806843519210815430e-01 2.347466647624969482e-01
7.816929817199707031e-01 2.360778898000717163e-01
7.827016115188598633e-01 2.341874241828918457e-01
7.837102413177490234e-01 2.483378648757934570e-01
7.847188711166381836e-01 2.420839667320251465e-01
7.857275009155273438e-01 2.336025983095169067e-01
7.867361307144165039e-01 2.393923997879028320e-01
7.877447605133056641e-01 2.371709048748016357e-01
7.887533903121948242e-01 2.421459555625915527e-01
7.897620797157287598e-01 2.486578375101089478e-01
7.907707095146179199e-01 2.520570158958435059e-01
7.917793393135070801e-01 2.482044100761413574e-01
7.927879691123962402e-01 2.420613765716552734e-01
7.937965989112854004e-01 2.519221603870391846e-01
7.948052287101745605e-01 2.368777245283126831e-01
7.958138585090637207e-01 2.553884387016296387e-01
7.968224883079528809e-01 2.518674433231353760e-01
7.978311181068420410e-01 2.498645931482315063e-01
7.988398075103759766e-01 2.489495873451232910e-01
7.998484373092651367e-01 2.527635693550109863e-01
8.008570671081542969e-01 2.465661168098449707e-01
8.018656969070434570e-01 2.521050572395324707e-01
8.028743267059326172e-01 2.560290098190307617e-01
8.038829565048217773e-01 2.640795409679412842e-01
8.048915863037109375e-01 2.678946256637573242e-01
8.059002161026000977e-01 2.547056674957275391e-01
8.069088459014892578e-01 2.616550028324127197e-01
8.079174757003784180e-01 2.597719728946685791e-01
8.089261651039123535e-01 2.674707770347595215e-01
8.099347949028015137e-01 2.573120594024658203e-01
8.109434247016906738e-01 2.527770400047302246e-01
8.119520545005798340e-01 2.551946341991424561e-01
8.129606842994689941e-01 2.596911191940307617e-01
8.139693140983581543e-01 2.556751370429992676e-01
8.149779438972473145e-01 2.589827179908752441e-01
8.159865736961364746e-01 2.695675790309906006e-01
8.169952034950256348e-01 2.745966315269470215e-01
8.180038928985595703e-01 2.679247260093688965e-01
8.190125226974487305e-01 2.663120031356811523e-01
8.200211524963378906e-01 2.661488056182861328e-01
8.210297822952270508e-01 2.669653892517089844e-01
8.220384120941162109e-01 2.733595073223114014e-01
8.230470418930053711e-01 2.683141827583312988e-01
8.240556716918945312e-01 2.756227552890777588e-01
8.250643014907836914e-01 2.836154103279113770e-01
8.260729312896728516e-01 2.688443660736083984e-01
8.270815610885620117e-01 2.711834013462066650e-01
8.280902504920959473e-01 2.844946682453155518e-01
8.290988802909851074e-01 2.729563713073730469e-01
8.301075100898742676e-01 2.813449203968048096e-01
8.311161398887634277e-01 2.690704464912414551e-01
8.321247696876525879e-01 2.743604183197021484e-01
8.331333994865417480e-01 2.740038633346557617e-01
8.341420292854309082e-01 2.771731913089752197e-01
8.351506590843200684e-01 2.777787446975708008e-01
8.361592888832092285e-01 2.658097445964813232e-01
8.371679782867431641e-01 2.673957049846649170e-01
8.381766080856323242e-01 2.815403640270233154e-01
8.391852378845214844e-01 2.886728942394256592e-01
8.401938676834106445e-01 2.861975133419036865e-01
8.412024974822998047e-01 2.864712774753570557e-01
8.422111272811889648e-01 2.844399511814117432e-01
8.432197570800781250e-01 2.735791802406311035e-01
8.442283868789672852e-01 2.806995809078216553e-01
8.452370166778564453e-01 2.872377634048461914e-01
8.462456464767456055e-01 2.848238050937652588e-01
8.472543358802795410e-01 2.923099100589752197e-01
8.482629656791687012e-01 2.972047626972198486e-01
8.492715954780578613e-01 3.081247508525848389e-01
8.502802252769470215e-01 3.048645555973052979e-01
8.512888550758361816e-01 3.058276772499084473e-01
8.522974848747253418e-01 3.188732862472534180e-01
8.533061146736145020e-01 3.053479492664337158e-01
8.543147444725036621e-01 3.137144446372985840e-01
8.553233742713928223e-01 3.123570382595062256e-01
8.563320636749267578e-01 3.112473785877227783e-01
8.573406934738159180e-01 3.124165832996368408e-01
8.583493232727050781e-01 3.038913607597351074e-01
8.593579530715942383e-01 3.207028806209564209e-01
8.603665828704833984e-01 3.221461176872253418e-01
8.613752126693725586e-01 3.119351565837860107e-01
8.623838424682617188e-01 3.182704746723175049e-01
8.633924722671508789e-01 3.252643942832946777e-01
8.644011020660400391e-01 3.213051855564117432e-01
8.654097318649291992e-01 3.228035271167755127e-01
8.664184212684631348e-01 3.169705569744110107e-01
8.674270510673522949e-01 3.355354666709899902e-01
8.684356808662414551e-01 3.334114849567413330e-01
8.694443106651306152e-01 3.551494181156158447e-01
8.704529404640197754e-01 3.430442810058593750e-01
8.714615702629089355e-01 3.248607814311981201e-01
8.724702000617980957e-01 3.248737752437591553e-01
8.734788298606872559e-01 3.356189131736755371e-01
8.744874596595764160e-01 3.361754119396209717e-01
8.754961490631103516e-01 3.339024782180786133e-01
8.765047788619995117e-01 3.406757712364196777e-01
8.775134086608886719e-01 3.466447591781616211e-01
8.785220384597778320e-01 3.492882847785949707e-01
8.795306682586669922e-01 3.413133919239044189e-01
8.805392980575561523e-01 3.341761529445648193e-01
8.815479278564453125e-01 3.263617455959320068e-01
8.825565576553344727e-01 3.341923952102661133e-01
8.835651874542236328e-01 3.240898251533508301e-01
8.845738172531127930e-01 3.410187363624572754e-01
8.855825066566467285e-01 3.329443037509918213e-01
8.865911364555358887e-01 3.259336650371551514e-01
8.875997662544250488e-01 3.380173146724700928e-01
8.886083960533142090e-01 3.280291259288787842e-01
8.896170258522033691e-01 3.454027771949768066e-01
8.906256556510925293e-01 3.342169225215911865e-01
8.916342854499816895e-01 3.357984125614166260e-01
8.926429152488708496e-01 3.375965654850006104e-01
8.936515450477600098e-01 3.384104371070861816e-01
8.946602344512939453e-01 3.611520826816558838e-01
8.956688642501831055e-01 3.840487897396087646e-01
8.966774940490722656e-01 3.550137877464294434e-01
8.976861238479614258e-01 3.519790470600128174e-01
8.986947536468505859e-01 3.418940901756286621e-01
8.997033834457397461e-01 3.570550680160522461e-01
9.007120132446289062e-01 3.734242320060729980e-01
9.017206430435180664e-01 3.596623241901397705e-01
9.027292728424072266e-01 3.527215421199798584e-01
9.037379026412963867e-01 3.453027307987213135e-01
9.047465920448303223e-01 3.665129542350769043e-01
9.057552218437194824e-01 3.696601092815399170e-01
9.067638516426086426e-01 3.773295581340789795e-01
9.077724814414978027e-01 3.535626530647277832e-01
9.087811112403869629e-01 3.542965054512023926e-01
9.097897410392761230e-01 3.639634847640991211e-01
9.107983708381652832e-01 3.736814260482788086e-01
9.118070006370544434e-01 3.751999437808990479e-01
9.128156304359436035e-01 3.683486282825469971e-01
9.138243198394775391e-01 3.639026284217834473e-01
9.148329496383666992e-01 3.792223036289215088e-01
9.158415794372558594e-01 3.736173808574676514e-01
9.168502092361450195e-01 3.846331834793090820e-01
9.178588390350341797e-01 3.751534223556518555e-01
9.188674688339233398e-01 3.758746981620788574e-01
9.198760986328125000e-01 3.762135803699493408e-01
9.208847284317016602e-01 3.848641514778137207e-01
9.218933582305908203e-01 3.761711120605468750e-01
9.229020476341247559e-01 3.845102787017822266e-01
9.239106774330139160e-01 4.055496454238891602e-01
9.249193072319030762e-01 3.956766724586486816e-01
9.259279370307922363e-01 4.015088379383087158e-01
9.269365668296813965e-01 3.831408917903900146e-01
9.279451966285705566e-01 3.825612068176269531e-01
9.289538264274597168e-01 3.872385025024414062e-01
9.299624562263488770e-01 3.949010670185089111e-01
9.309710860252380371e-01 3.953973352909088135e-01
9.319797158241271973e-01 3.954975903034210205e-01
9.329884052276611328e-01 4.009315967559814453e-01
9.339970350265502930e-01 3.944545388221740723e-01
9.350056648254394531e-01 3.998979330062866211e-01
9.360142946243286133e-01 3.987876772880554199e-01
9.370229244232177734e-01 4.034497141838073730e-01
9.380315542221069336e-01 4.096907675266265869e-01
9.390401840209960938e-01 4.014746844768524170e-01
9.400488138198852539e-01 4.227127134799957275e-01
9.410574436187744141e-01 3.852288126945495605e-01
9.420661330223083496e-01 4.211427569389343262e-01
9.430747628211975098e-01 4.126429259777069092e-01
9.440833926200866699e-01 4.160906970500946045e-01
9.450920224189758301e-01 4.311757683753967285e-01
9.461006522178649902e-01 4.286176264286041260e-01
9.471092820167541504e-01 4.259391427040100098e-01
9.481179118156433105e-01 4.245278835296630859e-01
9.491265416145324707e-01 4.305540919303894043e-01
9.501351714134216309e-01 4.311420321464538574e-01
9.511438012123107910e-01 4.093823432922363281e-01
9.521524906158447266e-01 4.452648162841796875e-01
9.531611204147338867e-01 4.661844372749328613e-01
9.541697502136230469e-01 4.567645788192749023e-01
9.551783800125122070e-01 4.413235187530517578e-01
9.561870098114013672e-01 4.488065838813781738e-01
9.571956396102905273e-01 4.323969185352325439e-01
9.582042694091796875e-01 4.365173578262329102e-01
9.592128992080688477e-01 4.627889096736907959e-01
9.602215290069580078e-01 4.612301588058471680e-01
9.612302184104919434e-01 4.606638252735137939e-01
9.622388482093811035e-01 4.396867454051971436e-01
9.632474780082702637e-01 4.747846722602844238e-01
9.642561078071594238e-01 4.519277215003967285e-01
9.652647376060485840e-01 4.473586380481719971e-01
9.662733674049377441e-01 4.852167367935180664e-01
9.672819972038269043e-01 4.758652150630950928e-01
9.682906270027160645e-01 4.705915749073028564e-01
9.692992568016052246e-01 4.896469414234161377e-01
9.703078866004943848e-01 5.022155642509460449e-01
9.713165760040283203e-01 4.748145639896392822e-01
9.723252058029174805e-01 4.977685809135437012e-01
9.733338356018066406e-01 4.872264564037322998e-01
9.743424654006958008e-01 5.065403580665588379e-01
9.753510951995849609e-01 4.832181930541992188e-01
9.763597249984741211e-01 5.114406347274780273e-01
9.773683547973632812e-01 5.064767003059387207e-01
9.783769845962524414e-01 5.097910761833190918e-01
9.793856143951416016e-01 5.112929940223693848e-01
9.803943037986755371e-01 5.014651417732238770e-01
9.814029335975646973e-01 5.039005875587463379e-01
9.824115633964538574e-01 5.224251151084899902e-01
9.834201931953430176e-01 5.364323258399963379e-01
9.844288229942321777e-01 5.162928104400634766e-01
9.854374527931213379e-01 5.634344816207885742e-01
9.864460825920104980e-01 5.355139970779418945e-01
9.874547123908996582e-01 5.433899164199829102e-01
9.884633421897888184e-01 5.480007529258728027e-01
9.894719719886779785e-01 5.716107487678527832e-01
9.904806613922119141e-01 5.499561429023742676e-01
9.914892911911010742e-01 5.654287934303283691e-01
9.924979209899902344e-01 5.591825246810913086e-01
9.935065507888793945e-01 5.737698078155517578e-01
9.945151805877685547e-01 5.565274953842163086e-01
9.955238103866577148e-01 5.823096632957458496e-01
9.965324401855468750e-01 5.851234793663024902e-01
9.975410699844360352e-01 5.913819074630737305e-01
9.985496997833251953e-01 5.810815095901489258e-01
9.995583891868591309e-01 6.255667209625244141e-01
1.000566959381103516e+00 6.059688925743103027e-01
1.001575589179992676e+00 5.648531913757324219e-01
1.002584218978881836e+00 6.174737811088562012e-01
1.003592848777770996e+00 6.021199226379394531e-01
1.004601597785949707e+00 6.121750473976135254e-01
1.005610227584838867e+00 5.992107391357421875e-01
1.006618857383728027e+00 6.278987526893615723e-01
1.007627487182617188e+00 6.329468488693237305e-01
1.008636116981506348e+00 6.532148122787475586e-01
1.009644746780395508e+00 6.759032607078552246e-01
1.010653376579284668e+00 6.349331140518188477e-01
1.011662006378173828e+00 6.451789736747741699e-01
1.012670636177062988e+00 6.623311638832092285e-01
1.013679265975952148e+00 6.446768641471862793e-01
1.014687895774841309e+00 6.542413830757141113e-01
1.015696525573730469e+00 6.549868583679199219e-01
1.016705155372619629e+00 6.360849142074584961e-01
1.017713785171508789e+00 6.439954042434692383e-01
1.018722414970397949e+00 6.445518136024475098e-01
1.019731044769287109e+00 7.106068134307861328e-01
1.020739674568176270e+00 6.527729034423828125e-01
1.021748304367065430e+00 6.718860268592834473e-01
1.022756934165954590e+00 6.379900574684143066e-01
1.023765683174133301e+00 6.284663081169128418e-01
1.024774312973022461e+00 6.767012476921081543e-01
1.025782942771911621e+00 7.035864591598510742e-01
1.026791572570800781e+00 6.997841000556945801e-01
1.027800202369689941e+00 6.902028322219848633e-01
1.028808832168579102e+00 6.619932055473327637e-01
1.029817461967468262e+00 6.772466897964477539e-01
1.030826091766357422e+00 6.488343477249145508e-01
1.031834721565246582e+00 6.900266408920288086e-01
1.032843351364135742e+00 7.115753293037414551e-01
1.033851981163024902e+00 7.097057700157165527e-01
1.034860610961914062e+00 7.088794112205505371e-01
1.035869240760803223e+00 7.143386602401733398e-01
1.036877870559692383e+00 7.575853466987609863e-01
1.037886500358581543e+00 7.184944748878479004e-01
1.038895130157470703e+00 7.176102995872497559e-01
1.039903759956359863e+00 7.071964144706726074e-01
1.040912389755249023e+00 7.207994461059570312e-01
1.041921019554138184e+00 7.100200057029724121e-01
1.042929768562316895e+00 7.329569458961486816e-01
1.043938398361206055e+00 7.270670533180236816e-01
1.044947028160095215e+00 7.306530475616455078e-01
1.045955657958984375e+00 7.290964126586914062e-01
1.046964287757873535e+00 7.584503889083862305e-01
1.047972917556762695e+00 6.850039362907409668e-01
1.048981547355651855e+00 7.735164165496826172e-01
1.049990177154541016e+00 7.381318211555480957e-01
1.050998806953430176e+00 7.542708516120910645e-01
1.052007436752319336e+00 7.480996251106262207e-01
1.053016066551208496e+00 7.109892368316650391e-01
1.054024696350097656e+00 7.388017773628234863e-01
1.055033326148986816e+00 7.357498407363891602e-01
1.056041955947875977e+00 7.270859479904174805e-01
1.057050585746765137e+00 8.210309147834777832e-01
1.058059215545654297e+00 7.710049152374267578e-01
1.059067845344543457e+00 8.095507621765136719e-01
1.060076475143432617e+00 8.002457618713378906e-01
1.061085104942321777e+00 8.066989183425903320e-01
1.062093853950500488e+00 8.101697564125061035e-01
1.063102483749389648e+00 8.070136308670043945e-01
1.064111113548278809e+00 8.017619848251342773e-01
1.065119743347167969e+00 7.707399725914001465e-01
1.066128373146057129e+00 7.787649631500244141e-01
1.067137002944946289e+00 8.228670954704284668e-01
1.068145632743835449e+00 8.426559567451477051e-01
1.069154262542724609e+00 8.079171776771545410e-01
1.070162892341613770e+00 7.449856400489807129e-01
1.071171522140502930e+00 8.241648077964782715e-01
1.072180151939392090e+00 8.431884050369262695e-01
1.073188781738281250e+00 8.479607105255126953e-01
1.074197411537170410e+00 8.226411342620849609e-01
1.075206041336059570e+00 7.829822301864624023e-01
1.076214671134948730e+00 8.350707888603210449e-01
1.077223300933837891e+00 8.521281480789184570e-01
1.078231930732727051e+00 8.105918169021606445e-01
1.079240560531616211e+00 8.246976137161254883e-01
1.080249190330505371e+00 8.302046656608581543e-01
1.081257939338684082e+00 8.118042945861816406e-01
1.082266569137573242e+00 8.707403540611267090e-01
1.083275198936462402e+00 8.211880922317504883e-01
1.084283828735351562e+00 8.491585254669189453e-01
1.085292458534240723e+00 8.524056077003479004e-01
1.086301088333129883e+00 8.409382700920104980e-01
1.087309718132019043e+00 8.664559721946716309e-01
1.088318347930908203e+00 8.554406762123107910e-01
1.089326977729797363e+00 8.532402515411376953e-01
1.090335607528686523e+00 9.181411266326904297e-01
1.091344237327575684e+00 8.875802755355834961e-01
1.092352867126464844e+00 8.491793274879455566e-01
1.093361496925354004e+00 8.829067349433898926e-01
1.094370126724243164e+00 8.523325324058532715e-01
1.095378756523132324e+00 8.872935175895690918e-01
1.096387386322021484e+00 9.023930430412292480e-01
1.097396016120910645e+00 8.752060532569885254e-01
1.098404645919799805e+00 8.800595402717590332e-01
1.099413275718688965e+00 8.756968379020690918e-01
1.100422024726867676e+00 9.668087959289550781e-01
1.101430654525756836e+00 8.775992393493652344e-01
1.102439284324645996e+00 8.419224023818969727e-01
1.103447914123535156e+00 9.252018332481384277e-01
1.104456543922424316e+00 9.407196640968322754e-01
1.105465173721313477e+00 8.955618143081665039e-01
1.106473803520202637e+00 8.742596507072448730e-01
1.107482433319091797e+00 8.600097894668579102e-01
1.108491063117980957e+00 8.569957613945007324e-01
1.109499692916870117e+00 8.787866234779357910e-01
1.110508322715759277e+00 9.560859799385070801e-01
1.111516952514648438e+00 8.769668936729431152e-01
1.112525582313537598e+00 9.324762225151062012e-01
1.113534212112426758e+00 9.591453075408935547e-01
1.114542841911315918e+00 1.054002881050109863e+00
1.115551471710205078e+00 1.013553500175476074e+00
1.116560101509094238e+00 9.411590099334716797e-01
1.117568731307983398e+00 9.780132174491882324e-01
1.118577361106872559e+00 9.351297020912170410e-01
1.119586110115051270e+00 9.093655347824096680e-01
1.120594739913940430e+00 9.327158331871032715e-01
1.121603369712829590e+00 9.898719787597656250e-01
1.122611999511718750e+00 9.696118235588073730e-01
1.123620629310607910e+00 9.403432607650756836e-01
1.124629259109497070e+00 9.589649438858032227e-01
1.125637888908386230e+00 1.045532107353210449e+00
1.126646518707275391e+00 1.038437604904174805e+00
1.127655148506164551e+00 9.550519585609436035e-01
1.128663778305053711e+00 9.419822096824645996e-01
1.129672408103942871e+00 9.681114554405212402e-01
1.130681037902832031e+00 9.936108589172363281e-01
1.131689667701721191e+00 9.039731621742248535e-01
1.132698297500610352e+00 1.000175118446350098e+00
1.133706927299499512e+00 9.025389552116394043e-01
1.134715557098388672e+00 9.868844747543334961e-01
1.135724186897277832e+00 1.063796043395996094e+00
1.136732816696166992e+00 1.054698348045349121e+00
1.137741446495056152e+00 1.002970099449157715e+00
1.138750195503234863e+00 1.039350986480712891e+00
1.139758825302124023e+00 9.725239276885986328e-01
1.140767455101013184e+00 1.083993673324584961e+00
1.141776084899902344e+00 1.097344636917114258e+00
1.142784714698791504e+00 9.720774292945861816e-01
1.143793344497680664e+00 9.488804936408996582e-01
1.144801974296569824e+00 9.451764225959777832e-01
1.145810604095458984e+00 1.080991148948669434e+00
1.146819233894348145e+00 1.025214076042175293e+00
1.147827863693237305e+00 1.017657756805419922e+00
1.148836493492126465e+00 9.631748199462890625e-01
1.149845123291015625e+00 1.016521334648132324e+00
1.150853753089904785e+00 9.395095705986022949e-01
1.151862382888793945e+00 1.018354415893554688e+00
1.152871012687683105e+00 1.005975604057312012e+00
1.153879642486572266e+00 1.006849169731140137e+00
1.154888272285461426e+00 1.010953783988952637e+00
1.155896902084350586e+00 1.191400170326232910e+00
1.156905531883239746e+00 1.099829554557800293e+00
1.157914280891418457e+00 1.036423444747924805e+00
1.158922910690307617e+00 1.070387363433837891e+00
1.159931540489196777e+00 1.085002899169921875e+00
1.160940170288085938e+00 1.053288102149963379e+00
1.161948800086975098e+00 1.072166204452514648e+00
1.162957429885864258e+00 1.047402381896972656e+00
1.163966059684753418e+00 1.095288157463073730e+00
1.164974689483642578e+00 1.018442630767822266e+00
1.165983319282531738e+00 9.752301573753356934e-01
1.166991949081420898e+00 1.065686464309692383e+00
1.168000578880310059e+00 1.079755783081054688e+00
1.169009208679199219e+00 1.137876629829406738e+00
1.170017838478088379e+00 1.055503726005554199e+00
1.171026468276977539e+00 1.023248314857482910e+00
1.172035098075866699e+00 1.063680052757263184e+00
1.173043727874755859e+00 1.034541010856628418e+00
1.174052357673645020e+00 1.173111557960510254e+00
1.175060987472534180e+00 1.106604933738708496e+00
1.176069617271423340e+00 1.146584272384643555e+00
1.177078366279602051e+00 1.081869363784790039e+00
1.178086996078491211e+00 1.224009037017822266e+00
1.179095625877380371e+00 1.155035972595214844e+00
1.180104255676269531e+00 1.125329375267028809e+00
1.181112885475158691e+00 1.102210998535156250e+00
1.182121515274047852e+00 1.150761127471923828e+00
1.183130145072937012e+00 1.170144200325012207e+00
1.184138774871826172e+00 1.083243966102600098e+00
1.185147404670715332e+00 9.482852220535278320e-01
1.186156034469604492e+00 1.184252500534057617e+00
1.187164664268493652e+00 1.128934741020202637e+00
1.188173294067382812e+00 1.084132552146911621e+00
1.189181923866271973e+00 1.137969017028808594e+00
1.190190553665161133e+00 1.160223841667175293e+00
1.191199183464050293e+00 1.157868862152099609e+00
1.192207813262939453e+00 1.296400189399719238e+00
1.193216443061828613e+00 1.087481141090393066e+00
1.194225072860717773e+00 9.713341593742370605e-01
1.195233702659606934e+00 1.136145472526550293e+00
1.196242451667785645e+00 1.210405826568603516e+00
1.197251081466674805e+00 1.098937630653381348e+00
1.198259711265563965e+00 1.147277355194091797e+00
1.199268341064453125e+00 1.276078701019287109e+00
1.200276970863342285e+00 1.199725985527038574e+00
1.201285600662231445e+00 1.276834845542907715e+00
1.202294230461120605e+00 1.136867165565490723e+00
1.203302860260009766e+00 1.196638464927673340e+00
1.204311490058898926e+00 1.015708327293395996e+00
1.205320119857788086e+00 1.120288372039794922e+00
1.206328749656677246e+00 1.234063625335693359e+00
1.207337379455566406e+00 1.145469069480895996e+00
1.208346009254455566e+00 1.036710977554321289e+00
1.209354639053344727e+00 6.960372328758239746e-01
