0.000000000000000000e+00 2.657103576660156250e+02
1.008636085316538811e-03 1.899942016601562500e+02
2.017272170633077621e-03 1.415044403076171875e+02
3.025908255949616432e-03 9.742166137695312500e+01
4.034544341266155243e-03 7.382319641113281250e+01
5.043180659413337708e-03 5.764981460571289062e+01
6.051816511899232864e-03 4.457054901123046875e+01
7.060452364385128021e-03 3.608179092407226562e+01
8.069088682532310486e-03 2.854747390747070312e+01
9.077725000679492950e-03 2.279207611083984375e+01
1.008636131882667542e-02 1.925907707214355469e+01
1.109499670565128326e-02 1.673948669433593750e+01
1.210363302379846573e-02 1.824179077148437500e+01
1.311226934194564819e-02 1.702130126953125000e+01
1.412090472877025604e-02 1.494394302368164062e+01
1.512954104691743851e-02 1.289676189422607422e+01
1.613817736506462097e-02 1.156030082702636719e+01
1.714681275188922882e-02 1.004439926147460938e+01
1.815545000135898590e-02 9.140649795532226562e+00
1.916408538818359375e-02 8.114772796630859375e+00
2.017272263765335083e-02 7.319166183471679688e+00
2.118135802447795868e-02 6.674085617065429688e+00
2.218999341130256653e-02 6.002557754516601562e+00
2.319863066077232361e-02 5.357024669647216797e+00
2.420726604759693146e-02 4.841913223266601562e+00
2.521590143442153931e-02 4.335537433624267578e+00
2.622453868389129639e-02 3.993053197860717773e+00
2.723317407071590424e-02 3.665779590606689453e+00
2.824180945754051208e-02 3.414329290390014648e+00
2.925044670701026917e-02 3.039479255676269531e+00
3.025908209383487701e-02 2.844475269317626953e+00
3.126771748065948486e-02 2.523986339569091797e+00
3.227635473012924194e-02 2.416634082794189453e+00
3.328499197959899902e-02 2.257673263549804688e+00
3.429362550377845764e-02 2.032213449478149414e+00
3.530226275324821472e-02 1.897524595260620117e+00
3.631090000271797180e-02 1.846779942512512207e+00
3.731953352689743042e-02 1.684181928634643555e+00
3.832817077636718750e-02 1.568236231803894043e+00
3.933680802583694458e-02 1.482662558555603027e+00
4.034544527530670166e-02 1.451645851135253906e+00
4.135407879948616028e-02 1.334666728973388672e+00
4.236271604895591736e-02 1.292404651641845703e+00
4.337135329842567444e-02 1.213157892227172852e+00
4.437998682260513306e-02 1.168355941772460938e+00
4.538862407207489014e-02 1.004958271980285645e+00
4.639726132154464722e-02 9.810646176338195801e-01
4.740589484572410583e-02 1.012091159820556641e+00
4.841453209519386292e-02 9.394740462303161621e-01
4.942316934466362000e-02 9.017385244369506836e-01
5.043180286884307861e-02 8.704158663749694824e-01
5.144044011831283569e-02 8.239805698394775391e-01
5.244907736778259277e-02 8.368088006973266602e-01
5.345771089196205139e-02 8.541839718818664551e-01
5.446634814143180847e-02 7.900133728981018066e-01
5.547498539090156555e-02 7.773995399475097656e-01
5.648361891508102417e-02 7.341055274009704590e-01
5.749225616455078125e-02 7.096937894821166992e-01
5.850089341402053833e-02 6.424986720085144043e-01
5.950953066349029541e-02 6.329481601715087891e-01
6.051816418766975403e-02 6.019883751869201660e-01
6.152680143713951111e-02 6.166884303092956543e-01
6.253543496131896973e-02 6.404792666435241699e-01
6.354407221078872681e-02 6.004683375358581543e-01
6.455270946025848389e-02 5.633850097656250000e-01
6.556134670972824097e-02 5.522065758705139160e-01
6.656998395919799805e-02 5.479095578193664551e-01
6.757862120866775513e-02 5.341912508010864258e-01
6.858725100755691528e-02 4.862668812274932861e-01
6.959588825702667236e-02 4.987644851207733154e-01
7.060452550649642944e-02 4.856864511966705322e-01
7.161316275596618652e-02 5.074136257171630859e-01
7.262180000543594360e-02 4.287183284759521484e-01
7.363043725490570068e-02 4.439965784549713135e-01
7.463906705379486084e-02 4.476826488971710205e-01
7.564770430326461792e-02 4.098928570747375488e-01
7.665634155273437500e-02 4.500335454940795898e-01
7.766497880220413208e-02 4.082343280315399170e-01
7.867361605167388916e-02 3.757548630237579346e-01
7.968225330114364624e-02 4.057546854019165039e-01
8.069089055061340332e-02 4.022013247013092041e-01
8.169952034950256348e-02 3.843125104904174805e-01
8.270815759897232056e-02 3.692680895328521729e-01
8.371679484844207764e-02 3.990510106086730957e-01
8.472543209791183472e-02 3.695962429046630859e-01
8.573406934738159180e-02 3.491415083408355713e-01
8.674270659685134888e-02 3.425183594226837158e-01
8.775133639574050903e-02 3.524234890937805176e-01
8.875997364521026611e-02 3.109363615512847900e-01
8.976861089468002319e-02 3.234490752220153809e-01
9.077724814414978027e-02 3.281959891319274902e-01
9.178588539361953735e-02 3.135304152965545654e-01
9.279452264308929443e-02 2.953624725341796875e-01
9.380315244197845459e-02 3.287988007068634033e-01
9.481178969144821167e-02 3.308045864105224609e-01
9.582042694091796875e-02 3.086452484130859375e-01
9.682906419038772583e-02 3.056015372276306152e-01
9.783770143985748291e-02 2.792094349861145020e-01
9.884633868932723999e-02 3.002824187278747559e-01
9.985497593879699707e-02 2.910155951976776123e-01
1.008636057376861572e-01 2.763597071170806885e-01
1.018722429871559143e-01 2.842567563056945801e-01
1.028808802366256714e-01 2.628235518932342529e-01
1.038895174860954285e-01 2.744979560375213623e-01
1.048981547355651855e-01 2.647659182548522949e-01
1.059067919850349426e-01 2.471083700656890869e-01
1.069154217839241028e-01 2.596165537834167480e-01
1.079240590333938599e-01 2.569096982479095459e-01
1.089326962828636169e-01 2.633894383907318115e-01
1.099413335323333740e-01 2.525499165058135986e-01
1.109499707818031311e-01 2.479467242956161499e-01
1.119586080312728882e-01 2.391168326139450073e-01
1.129672378301620483e-01 2.376014143228530884e-01
1.139758750796318054e-01 2.436011582612991333e-01
1.149845123291015625e-01 2.389080673456192017e-01
1.159931495785713196e-01 2.268151342868804932e-01
1.170017868280410767e-01 2.242625653743743896e-01
1.180104240775108337e-01 2.271444946527481079e-01
1.190190613269805908e-01 2.275648415088653564e-01
1.200276911258697510e-01 2.373761236667633057e-01
1.210363283753395081e-01 2.364700585603713989e-01
1.220449656248092651e-01 2.269002199172973633e-01
1.230536028742790222e-01 2.174118608236312866e-01
1.240622401237487793e-01 2.045709788799285889e-01
1.250708699226379395e-01 2.144735157489776611e-01
1.260795146226882935e-01 2.176440656185150146e-01
1.270881444215774536e-01 2.007703036069869995e-01
1.280967891216278076e-01 2.160195112228393555e-01
1.291054189205169678e-01 2.099719047546386719e-01
1.301140487194061279e-01 2.022563517093658447e-01
1.311226934194564819e-01 2.039336562156677246e-01
1.321313232183456421e-01 1.991469711065292358e-01
1.331399679183959961e-01 1.967311948537826538e-01
1.341485977172851562e-01 1.820679903030395508e-01
1.351572424173355103e-01 1.841905117034912109e-01
1.361658722162246704e-01 1.822111308574676514e-01
1.371745020151138306e-01 1.850127726793289185e-01
1.381831467151641846e-01 1.868402212858200073e-01
1.391917765140533447e-01 1.746048629283905029e-01
1.402004212141036987e-01 1.841120719909667969e-01
1.412090510129928589e-01 1.886026412248611450e-01
1.422176808118820190e-01 1.895682513713836670e-01
1.432263255119323730e-01 1.913882046937942505e-01
1.442349553108215332e-01 1.969525814056396484e-01
1.452436000108718872e-01 1.882487535476684570e-01
1.462522298097610474e-01 1.792068928480148315e-01
1.472608745098114014e-01 1.774013787508010864e-01
1.482695043087005615e-01 1.935769766569137573e-01
1.492781341075897217e-01 1.802237480878829956e-01
1.502867788076400757e-01 1.820248663425445557e-01
1.512954086065292358e-01 1.755762547254562378e-01
1.523040533065795898e-01 1.585680544376373291e-01
1.533126831054687500e-01 1.672449260950088501e-01
1.543213278055191040e-01 1.673526316881179810e-01
1.553299576044082642e-01 1.773335784673690796e-01
1.563385874032974243e-01 1.767414957284927368e-01
1.573472321033477783e-01 1.698911786079406738e-01
1.583558619022369385e-01 1.720818579196929932e-01
1.593645066022872925e-01 1.840713173151016235e-01
1.603731364011764526e-01 1.771230548620223999e-01
1.613817811012268066e-01 1.694020032882690430e-01
1.623904109001159668e-01 1.736366301774978638e-01
1.633990406990051270e-01 1.833531856536865234e-01
1.644076853990554810e-01 1.541693657636642456e-01
1.654163151979446411e-01 1.411627233028411865e-01
1.664249598979949951e-01 1.495672017335891724e-01
1.674335896968841553e-01 1.627616286277770996e-01
1.684422194957733154e-01 1.537226587533950806e-01
1.694508641958236694e-01 1.453767120838165283e-01
1.704594939947128296e-01 1.353545337915420532e-01
1.714681386947631836e-01 1.486559808254241943e-01
1.724767684936523438e-01 1.434419006109237671e-01
1.734854131937026978e-01 1.362933069467544556e-01
1.744940429925918579e-01 1.520302295684814453e-01
1.755026727914810181e-01 1.501887142658233643e-01
1.765113174915313721e-01 1.412796825170516968e-01
1.775199472904205322e-01 1.255479902029037476e-01
1.785285919904708862e-01 1.260377913713455200e-01
1.795372217893600464e-01 1.390824615955352783e-01
1.805458664894104004e-01 1.276735514402389526e-01
1.815544962882995605e-01 1.425507217645645142e-01
1.825631260871887207e-01 1.258807927370071411e-01
1.835717707872390747e-01 1.313100606203079224e-01
1.845804005861282349e-01 1.228936985135078430e-01
1.855890452861785889e-01 1.191918775439262390e-01
1.865976750850677490e-01 1.239070519804954529e-01
1.876063048839569092e-01 1.135339066386222839e-01
1.886149495840072632e-01 1.049622446298599243e-01
1.896235793828964233e-01 1.188602447509765625e-01
1.906322240829467773e-01 1.213878095149993896e-01
1.916408538818359375e-01 1.145778149366378784e-01
1.926494985818862915e-01 1.165449321269989014e-01
1.936581283807754517e-01 1.161723732948303223e-01
1.946667581796646118e-01 1.148221939802169800e-01
1.956754028797149658e-01 1.040211468935012817e-01
1.966840326786041260e-01 1.327071189880371094e-01
1.976926773786544800e-01 1.125366315245628357e-01
1.987013071775436401e-01 1.137849912047386169e-01
1.997099518775939941e-01 1.041564941406250000e-01
2.007185816764831543e-01 1.102259531617164612e-01
2.017272114753723145e-01 1.104212999343872070e-01
2.027358561754226685e-01 1.210125237703323364e-01
2.037444859743118286e-01 1.116944029927253723e-01
2.047531306743621826e-01 1.190731748938560486e-01
2.057617604732513428e-01 1.139557734131813049e-01
2.067703902721405029e-01 1.082763373851776123e-01
2.077790349721908569e-01 1.059936732053756714e-01
2.087876647710800171e-01 1.174705922603607178e-01
2.097963094711303711e-01 1.085381731390953064e-01
2.108049392700195312e-01 1.128656044602394104e-01
2.118135839700698853e-01 1.102098301053047180e-01
2.128222137689590454e-01 1.278056204319000244e-01
2.138308435678482056e-01 1.164708137512207031e-01
2.148394882678985596e-01 1.159423217177391052e-01
2.158481180667877197e-01 1.083959937095642090e-01
2.168567627668380737e-01 1.114429011940956116e-01
2.178653925657272339e-01 1.109351813793182373e-01
2.188740372657775879e-01 1.056654229760169983e-01
2.198826670646667480e-01 1.077180132269859314e-01
2.208912968635559082e-01 1.105318740010261536e-01
2.218999415636062622e-01 1.012278795242309570e-01
2.229085713624954224e-01 1.049700155854225159e-01
2.239172160625457764e-01 1.074761077761650085e-01
2.249258458614349365e-01 1.093511953949928284e-01
2.259344756603240967e-01 1.067335605621337891e-01
2.269431203603744507e-01 1.128074750304222107e-01
2.279517501592636108e-01 1.106689348816871643e-01
2.289603948593139648e-01 1.093247309327125549e-01
2.299690246582031250e-01 1.088499724864959717e-01
2.309776693582534790e-01 1.035068184137344360e-01
2.319862991571426392e-01 1.027979627251625061e-01
2.329949289560317993e-01 1.037363037467002869e-01
2.340035736560821533e-01 1.045559495687484741e-01
2.350122034549713135e-01 1.023869290947914124e-01
2.360208481550216675e-01 9.584972262382507324e-02
2.370294779539108276e-01 9.850504994392395020e-02
2.380381226539611816e-01 9.390787780284881592e-02
2.390467524528503418e-01 1.013744547963142395e-01
2.400553822517395020e-01 9.968215972185134888e-02
2.410640269517898560e-01 1.006392687559127808e-01
2.420726567506790161e-01 1.441126912832260132e-01
2.430813014507293701e-01 2.554382979869842529e-01
2.440899312496185303e-01 9.886689484119415283e-02
2.450985759496688843e-01 9.552861750125885010e-02
2.461072057485580444e-01 8.973360806703567505e-02
2.471158355474472046e-01 9.687131643295288086e-02
2.481244802474975586e-01 1.003025025129318237e-01
2.491331100463867188e-01 1.038515195250511169e-01
2.501417398452758789e-01 1.032570078969001770e-01
2.511503994464874268e-01 8.807186782360076904e-02
2.521590292453765869e-01 9.296828508377075195e-02
2.531676590442657471e-01 9.642796218395233154e-02
2.541762888431549072e-01 8.989166468381881714e-02
2.551849186420440674e-01 8.740545064210891724e-02
2.561935782432556152e-01 9.728713333606719971e-02
2.572022080421447754e-01 9.336621314287185669e-02
2.582108378410339355e-01 8.874303102493286133e-02
2.592194676399230957e-01 9.031831473112106323e-02
2.602280974388122559e-01 9.995912760496139526e-02
2.612367570400238037e-01 8.976779133081436157e-02
2.622453868389129639e-01 9.916283190250396729e-02
2.632540166378021240e-01 9.953674674034118652e-02
2.642626464366912842e-01 9.639799594879150391e-02
2.652712762355804443e-01 9.274218231439590454e-02
2.662799358367919922e-01 9.494914859533309937e-02
2.672885656356811523e-01 9.118570387363433838e-02
2.682971954345703125e-01 9.511893242597579956e-02
2.693058252334594727e-01 9.445144981145858765e-02
2.703144848346710205e-01 9.805859625339508057e-02
2.713231146335601807e-01 9.627743810415267944e-02
2.723317444324493408e-01 1.023517400026321411e-01
2.733403742313385010e-01 9.696225821971893311e-02
2.743490040302276611e-01 9.658361226320266724e-02
2.753576636314392090e-01 9.854388982057571411e-02
2.763662934303283691e-01 9.310080111026763916e-02
2.773749232292175293e-01 9.165945649147033691e-02
2.783835530281066895e-01 1.014268919825553894e-01
2.793921828269958496e-01 9.527806192636489868e-02
2.804008424282073975e-01 9.258119761943817139e-02
2.814094722270965576e-01 9.837400168180465698e-02
2.824181020259857178e-01 9.596060216426849365e-02
2.834267318248748779e-01 9.458752721548080444e-02
2.844353616237640381e-01 9.453855454921722412e-02
2.854440212249755859e-01 9.462083876132965088e-02
2.864526510238647461e-01 9.064698219299316406e-02
2.874612808227539062e-01 8.628398180007934570e-02
2.884699106216430664e-01 9.127091616392135620e-02
2.894785702228546143e-01 1.033263206481933594e-01
2.904872000217437744e-01 9.957791119813919067e-02
2.914958298206329346e-01 9.346862137317657471e-02
2.925044596195220947e-01 9.287055581808090210e-02
2.935130894184112549e-01 9.378991276025772095e-02
2.945217490196228027e-01 9.252574294805526733e-02
2.955303788185119629e-01 9.952823072671890259e-02
2.965390086174011230e-01 9.292533993721008301e-02
2.975476384162902832e-01 9.067311137914657593e-02
2.985562682151794434e-01 1.041429415345191956e-01
2.995649278163909912e-01 1.041665226221084595e-01
3.005735576152801514e-01 1.014268994331359863e-01
3.015821874141693115e-01 9.423501789569854736e-02
3.025908172130584717e-01 9.210985153913497925e-02
3.035994470119476318e-01 9.444707632064819336e-02
3.046081066131591797e-01 9.411751478910446167e-02
3.056167364120483398e-01 9.212353080511093140e-02
3.066253662109375000e-01 9.190545231103897095e-02
3.076339960098266602e-01 9.053254872560501099e-02
3.086426556110382080e-01 9.255556017160415649e-02
3.096512854099273682e-01 9.133175760507583618e-02
3.106599152088165283e-01 9.391639381647109985e-02
3.116685450077056885e-01 8.618346601724624634e-02
3.126771748065948486e-01 8.954605460166931152e-02
3.136858344078063965e-01 9.227793663740158081e-02
3.146944642066955566e-01 9.181971102952957153e-02
3.157030940055847168e-01 9.044964611530303955e-02
3.167117238044738770e-01 9.478761255741119385e-02
3.177203536033630371e-01 1.021075174212455750e-01
3.187290132045745850e-01 9.791894257068634033e-02
3.197376430034637451e-01 9.577056765556335449e-02
3.207462728023529053e-01 9.945379942655563354e-02
3.217549026012420654e-01 1.018539220094680786e-01
3.227635622024536133e-01 9.606780111789703369e-02
3.237721920013427734e-01 1.031689047813415527e-01
3.247808218002319336e-01 9.456464648246765137e-02
3.257894515991210938e-01 9.253376722335815430e-02
3.267980813980102539e-01 1.015205159783363342e-01
3.278067409992218018e-01 1.063764020800590515e-01
3.288153707981109619e-01 9.858158230781555176e-02
3.298240005970001221e-01 1.034019887447357178e-01
3.308326303958892822e-01 9.941710531711578369e-02
3.318412601947784424e-01 9.527655690908432007e-02
3.328499197959899902e-01 1.035372242331504822e-01
3.338585495948791504e-01 1.030824631452560425e-01
3.348671793937683105e-01 9.881678968667984009e-02
3.358758091926574707e-01 9.666908532381057739e-02
3.368844389915466309e-01 9.742642194032669067e-02
3.378930985927581787e-01 1.106582209467887878e-01
3.389017283916473389e-01 9.548898041248321533e-02
3.399103581905364990e-01 1.000280976295471191e-01
3.409189879894256592e-01 1.029556766152381897e-01
3.419276475906372070e-01 9.620387852191925049e-02
3.429362773895263672e-01 9.573258459568023682e-02
3.439449071884155273e-01 1.012635529041290283e-01
3.449535369873046875e-01 1.039149612188339233e-01
3.459621667861938477e-01 9.978831559419631958e-02
3.469708263874053955e-01 9.859237074851989746e-02
3.479794561862945557e-01 1.045811325311660767e-01
3.489880859851837158e-01 9.969152510166168213e-02
3.499967157840728760e-01 9.607344865798950195e-02
3.510053455829620361e-01 1.021548211574554443e-01
3.520140051841735840e-01 1.019952371716499329e-01
3.530226349830627441e-01 1.056325584650039673e-01
3.540312647819519043e-01 1.086977720260620117e-01
3.550398945808410645e-01 1.040362194180488586e-01
3.560485243797302246e-01 1.036956384778022766e-01
3.570571839809417725e-01 1.011598557233810425e-01
3.580658137798309326e-01 1.054885908961296082e-01
3.590744435787200928e-01 1.062630265951156616e-01
3.600830733776092529e-01 1.046803146600723267e-01
3.610917329788208008e-01 1.055034622550010681e-01
3.621003627777099609e-01 1.063899099826812744e-01
3.631089925765991211e-01 1.039004549384117126e-01
3.641176223754882812e-01 1.000503301620483398e-01
3.651262521743774414e-01 1.052012741565704346e-01
3.661349117755889893e-01 1.043162271380424500e-01
3.671435415744781494e-01 1.071508005261421204e-01
3.681521713733673096e-01 1.077994406223297119e-01
3.691608011722564697e-01 9.914425015449523926e-02
3.701694309711456299e-01 1.030477210879325867e-01
3.711780905723571777e-01 1.087863966822624207e-01
3.721867203712463379e-01 1.042521670460700989e-01
3.731953501701354980e-01 1.040623486042022705e-01
3.742039799690246582e-01 1.082511246204376221e-01
3.752126097679138184e-01 1.063211783766746521e-01
3.762212693691253662e-01 1.079967170953750610e-01
3.772298991680145264e-01 1.015244871377944946e-01
3.782385289669036865e-01 9.226039797067642212e-02
3.792471587657928467e-01 1.034289374947547913e-01
3.802558183670043945e-01 1.063461974263191223e-01
3.812644481658935547e-01 1.077306941151618958e-01
3.822730779647827148e-01 1.120217591524124146e-01
3.832817077636718750e-01 1.097133085131645203e-01
3.842903375625610352e-01 1.059101969003677368e-01
3.852989971637725830e-01 1.051931902766227722e-01
3.863076269626617432e-01 1.079682260751724243e-01
3.873162567615509033e-01 1.064358875155448914e-01
3.883248865604400635e-01 1.078512072563171387e-01
3.893335163593292236e-01 1.027831062674522400e-01
3.903421759605407715e-01 1.159420982003211975e-01
3.913508057594299316e-01 1.143957898020744324e-01
3.923594355583190918e-01 1.114783659577369690e-01
3.933680653572082520e-01 1.108926534652709961e-01
3.943766951560974121e-01 1.098750680685043335e-01
3.953853547573089600e-01 1.059996634721755981e-01
3.963939845561981201e-01 1.043824926018714905e-01
3.974026143550872803e-01 1.115364134311676025e-01
3.984112441539764404e-01 1.149051189422607422e-01
3.994199037551879883e-01 9.916350245475769043e-02
4.004285335540771484e-01 1.018128991127014160e-01
4.014371633529663086e-01 9.962507337331771851e-02
4.024457931518554688e-01 1.080507189035415649e-01
4.034544229507446289e-01 1.091952621936798096e-01
4.044630825519561768e-01 1.122470796108245850e-01
4.054717123508453369e-01 1.123997345566749573e-01
4.064803421497344971e-01 1.095591187477111816e-01
4.074889719486236572e-01 1.067162454128265381e-01
4.084976017475128174e-01 1.138786599040031433e-01
4.095062613487243652e-01 1.149904653429985046e-01
4.105148911476135254e-01 1.124014854431152344e-01
4.115235209465026855e-01 1.043275743722915649e-01
4.125321507453918457e-01 1.070487126708030701e-01
4.135407805442810059e-01 1.100788190960884094e-01
4.145494401454925537e-01 1.211461350321769714e-01
4.155580699443817139e-01 1.116134226322174072e-01
4.165666997432708740e-01 1.078667491674423218e-01
4.175753295421600342e-01 1.132996976375579834e-01
4.185839891433715820e-01 1.133674234151840210e-01
4.195926189422607422e-01 1.149211600422859192e-01
4.206012487411499023e-01 1.066917628049850464e-01
4.216098785400390625e-01 1.117992103099822998e-01
4.226185083389282227e-01 1.029342636466026306e-01
4.236271679401397705e-01 1.088643223047256470e-01
4.246357977390289307e-01 1.131671369075775146e-01
4.256444275379180908e-01 1.135002374649047852e-01
4.266530573368072510e-01 1.137527599930763245e-01
4.276616871356964111e-01 1.151935681700706482e-01
4.286703467369079590e-01 1.104869917035102844e-01
4.296789765357971191e-01 1.094439700245857239e-01
4.306876063346862793e-01 1.143302470445632935e-01
4.316962361335754395e-01 1.147380992770195007e-01
4.327048659324645996e-01 1.115949526429176331e-01
4.337135255336761475e-01 1.067544519901275635e-01
4.347221553325653076e-01 1.138115301728248596e-01
4.357307851314544678e-01 1.120893284678459167e-01
4.367394149303436279e-01 1.071022078394889832e-01
4.377480745315551758e-01 1.093972846865653992e-01
4.387567043304443359e-01 1.129779294133186340e-01
4.397653341293334961e-01 1.114020720124244690e-01
4.407739639282226562e-01 1.166178882122039795e-01
4.417825937271118164e-01 1.110300496220588684e-01
4.427912533283233643e-01 1.125508472323417664e-01
4.437998831272125244e-01 1.103821024298667908e-01
4.448085129261016846e-01 1.064692586660385132e-01
4.458171427249908447e-01 1.133267879486083984e-01
4.468257725238800049e-01 1.109758391976356506e-01
4.478344321250915527e-01 1.034367904067039490e-01
4.488430619239807129e-01 1.102150231599807739e-01
4.498516917228698730e-01 1.096313670277595520e-01
4.508603215217590332e-01 1.138736978173255920e-01
4.518689513206481934e-01 1.141944006085395813e-01
4.528776109218597412e-01 1.093663349747657776e-01
4.538862407207489014e-01 1.112817600369453430e-01
4.548948705196380615e-01 1.173781603574752808e-01
4.559035003185272217e-01 1.143161952495574951e-01
4.569121599197387695e-01 1.119409501552581787e-01
4.579207897186279297e-01 1.068465933203697205e-01
4.589294195175170898e-01 1.133236587047576904e-01
4.599380493164062500e-01 1.093923971056938171e-01
4.609466791152954102e-01 1.134427934885025024e-01
4.619553387165069580e-01 1.149287745356559753e-01
4.629639685153961182e-01 1.139412149786949158e-01
4.639725983142852783e-01 1.180122122168540955e-01
4.649812281131744385e-01 1.157154068350791931e-01
4.659898579120635986e-01 1.122285351157188416e-01
4.669985175132751465e-01 1.131818145513534546e-01
4.680071473121643066e-01 1.134669631719589233e-01
4.690157771110534668e-01 1.092096343636512756e-01
4.700244069099426270e-01 1.130814030766487122e-01
4.710330665111541748e-01 1.111428514122962952e-01
4.720416963100433350e-01 1.184308901429176331e-01
4.730503261089324951e-01 1.148243173956871033e-01
4.740589559078216553e-01 1.152578219771385193e-01
4.750675857067108154e-01 1.178672835230827332e-01
4.760762453079223633e-01 1.192477941513061523e-01
4.770848751068115234e-01 1.146801114082336426e-01
4.780935049057006836e-01 1.174121573567390442e-01
4.791021347045898438e-01 1.169501170516014099e-01
4.801107645034790039e-01 1.141696497797966003e-01
4.811194241046905518e-01 1.145856678485870361e-01
4.821280539035797119e-01 1.157678589224815369e-01
4.831366837024688721e-01 1.127907335758209229e-01
4.841453135013580322e-01 1.083902865648269653e-01
4.851539433002471924e-01 1.138531938195228577e-01
4.861626029014587402e-01 1.167770847678184509e-01
4.871712327003479004e-01 1.125060245394706726e-01
4.881798624992370605e-01 1.181495860219001770e-01
4.891884922981262207e-01 1.157018467783927917e-01
4.901971518993377686e-01 1.139538809657096863e-01
4.912057816982269287e-01 1.141564100980758667e-01
4.922144114971160889e-01 1.190027669072151184e-01
4.932230412960052490e-01 1.130059510469436646e-01
4.942316710948944092e-01 1.137968227267265320e-01
4.952403306961059570e-01 1.161387413740158081e-01
4.962489604949951172e-01 1.146667301654815674e-01
4.972575902938842773e-01 1.200829669833183289e-01
4.982662200927734375e-01 1.181158050894737244e-01
4.992748498916625977e-01 1.179166212677955627e-01
5.002834796905517578e-01 1.155686080455780029e-01
5.012921094894409180e-01 1.178728640079498291e-01
5.023007988929748535e-01 1.213637143373489380e-01
5.033094286918640137e-01 1.192615851759910583e-01
5.043180584907531738e-01 1.785209327936172485e-01
5.053266882896423340e-01 1.416892856359481812e-01
5.063353180885314941e-01 1.134230345487594604e-01
5.073439478874206543e-01 1.166169419884681702e-01
5.083525776863098145e-01 1.137042865157127380e-01
5.093612074851989746e-01 1.090705916285514832e-01
5.103698372840881348e-01 1.128138378262519836e-01
5.113784670829772949e-01 1.112599074840545654e-01
5.123871564865112305e-01 1.142420023679733276e-01
5.133957862854003906e-01 1.046228036284446716e-01
5.144044160842895508e-01 1.052389442920684814e-01
5.154130458831787109e-01 1.121064051985740662e-01
5.164216756820678711e-01 1.109927445650100708e-01
5.174303054809570312e-01 1.099326685070991516e-01
5.184389352798461914e-01 1.068415492773056030e-01
5.194475650787353516e-01 1.048294082283973694e-01
5.204561948776245117e-01 1.045619398355484009e-01
5.214648842811584473e-01 1.089279726147651672e-01
5.224735140800476074e-01 1.048557236790657043e-01
5.234821438789367676e-01 9.856158494949340820e-02
5.244907736778259277e-01 1.036197617650032043e-01
5.254994034767150879e-01 1.029468923807144165e-01
5.265080332756042480e-01 1.049108654260635376e-01
5.275166630744934082e-01 1.082634404301643372e-01
5.285252928733825684e-01 1.065114289522171021e-01
5.295339226722717285e-01 1.005410924553871155e-01
5.305425524711608887e-01 9.979640692472457886e-02
5.315512418746948242e-01 1.017244309186935425e-01
5.325598716735839844e-01 1.029354184865951538e-01
5.335685014724731445e-01 1.084883511066436768e-01
5.345771312713623047e-01 1.131153032183647156e-01
5.355857610702514648e-01 1.123608276247978210e-01
5.365943908691406250e-01 1.042582094669342041e-01
5.376030206680297852e-01 1.150058135390281677e-01
5.386116504669189453e-01 1.174585297703742981e-01
5.396202802658081055e-01 1.220819875597953796e-01
5.406289696693420410e-01 1.112819686532020569e-01
5.416375994682312012e-01 1.096735075116157532e-01
5.426462292671203613e-01 1.122135370969772339e-01
5.436548590660095215e-01 1.109942421317100525e-01
5.446634888648986816e-01 1.132327914237976074e-01
5.456721186637878418e-01 1.183542981743812561e-01
5.466807484626770020e-01 1.181477382779121399e-01
5.476893782615661621e-01 1.184615641832351685e-01
5.486980080604553223e-01 1.204605475068092346e-01
5.497066378593444824e-01 1.158235147595405579e-01
5.507153272628784180e-01 1.159796044230461121e-01
5.517239570617675781e-01 1.146276369690895081e-01
5.527325868606567383e-01 1.172474548220634460e-01
5.537412166595458984e-01 1.118256598711013794e-01
5.547498464584350586e-01 1.136277616024017334e-01
5.557584762573242188e-01 1.211584582924842834e-01
5.567671060562133789e-01 1.229882016777992249e-01
5.577757358551025391e-01 1.224305629730224609e-01
5.587843656539916992e-01 1.289046853780746460e-01
5.597930550575256348e-01 1.334366202354431152e-01
5.608016848564147949e-01 1.271477788686752319e-01
5.618103146553039551e-01 1.363656073808670044e-01
5.628189444541931152e-01 1.240074932575225830e-01
5.638275742530822754e-01 1.377956718206405640e-01
5.648362040519714355e-01 1.306512653827667236e-01
5.658448338508605957e-01 1.301143020391464233e-01
5.668534636497497559e-01 1.268249154090881348e-01
5.678620934486389160e-01 1.341268569231033325e-01
5.688707232475280762e-01 1.421589106321334839e-01
5.698794126510620117e-01 1.354677677154541016e-01
5.708880424499511719e-01 1.329742968082427979e-01
5.718966722488403320e-01 1.378913670778274536e-01
5.729053020477294922e-01 1.330859661102294922e-01
5.739139318466186523e-01 1.313589215278625488e-01
5.749225616455078125e-01 1.395992636680603027e-01
5.759311914443969727e-01 1.381095647811889648e-01
5.769398212432861328e-01 1.380416899919509888e-01
5.779484510421752930e-01 1.320592015981674194e-01
5.789571404457092285e-01 1.332950890064239502e-01
5.799657702445983887e-01 1.316245347261428833e-01
5.809744000434875488e-01 1.324212998151779175e-01
5.819830298423767090e-01 1.381020545959472656e-01
5.829916596412658691e-01 1.422874033451080322e-01
5.840002894401550293e-01 1.482937633991241455e-01
5.850089192390441895e-01 1.447313725948333740e-01
5.860175490379333496e-01 1.426382958889007568e-01
5.870261788368225098e-01 1.405410766601562500e-01
5.880348086357116699e-01 1.373030692338943481e-01
5.890434980392456055e-01 1.453253626823425293e-01
5.900521278381347656e-01 1.460103690624237061e-01
5.910607576370239258e-01 1.408956944942474365e-01
5.920693874359130859e-01 1.463000774383544922e-01
5.930780172348022461e-01 1.507202833890914917e-01
5.940866470336914062e-01 1.442642211914062500e-01
5.950952768325805664e-01 1.477897465229034424e-01
5.961039066314697266e-01 1.521668583154678345e-01
5.971125364303588867e-01 1.486411541700363159e-01
5.981212258338928223e-01 1.456416249275207520e-01
5.991298556327819824e-01 1.484131962060928345e-01
6.001384854316711426e-01 1.568982899188995361e-01
6.011471152305603027e-01 1.482990384101867676e-01
6.021557450294494629e-01 1.528495252132415771e-01
6.031643748283386230e-01 1.592962145805358887e-01
6.041730046272277832e-01 1.534221619367599487e-01
6.051816344261169434e-01 1.560770273208618164e-01
6.061902642250061035e-01 1.575324386358261108e-01
6.071988940238952637e-01 1.597304642200469971e-01
6.082075834274291992e-01 1.555379629135131836e-01
6.092162132263183594e-01 1.534124910831451416e-01
6.102248430252075195e-01 1.598538905382156372e-01
6.112334728240966797e-01 1.574192047119140625e-01
6.122421026229858398e-01 1.633054614067077637e-01
6.132507324218750000e-01 1.597638726234436035e-01
6.142593622207641602e-01 1.539545506238937378e-01
6.152679920196533203e-01 1.677874624729156494e-01
6.162766218185424805e-01 1.631963253021240234e-01
6.172853112220764160e-01 1.671373248100280762e-01
6.182939410209655762e-01 1.661005020141601562e-01
6.193025708198547363e-01 1.649886667728424072e-01
6.203112006187438965e-01 1.643061786890029907e-01
6.213198304176330566e-01 1.633598208427429199e-01
6.223284602165222168e-01 1.606576442718505859e-01
6.233370900154113770e-01 1.603078693151473999e-01
6.243457198143005371e-01 1.608512550592422485e-01
6.253543496131896973e-01 1.563724279403686523e-01
6.263629794120788574e-01 1.652871817350387573e-01
6.273716688156127930e-01 1.549307554960250854e-01
6.283802986145019531e-01 1.619587391614913940e-01
6.293889284133911133e-01 1.694743037223815918e-01
6.303975582122802734e-01 1.649704128503799438e-01
6.314061880111694336e-01 1.658121347427368164e-01
6.324148178100585938e-01 1.716236323118209839e-01
6.334234476089477539e-01 1.649278700351715088e-01
6.344320774078369141e-01 1.648187190294265747e-01
6.354407072067260742e-01 1.611551344394683838e-01
6.364493966102600098e-01 1.568922698497772217e-01
6.374580264091491699e-01 1.591762155294418335e-01
6.384666562080383301e-01 1.625149548053741455e-01
6.394752860069274902e-01 1.728688478469848633e-01
6.404839158058166504e-01 1.633759588003158569e-01
6.414925456047058105e-01 1.644458770751953125e-01
6.425011754035949707e-01 1.778985410928726196e-01
6.435098052024841309e-01 1.752185821533203125e-01
6.445184350013732910e-01 1.721922904253005981e-01
6.455271244049072266e-01 1.753985285758972168e-01
6.465357542037963867e-01 1.629019826650619507e-01
6.475443840026855469e-01 1.568156182765960693e-01
6.485530138015747070e-01 1.632193773984909058e-01
6.495616436004638672e-01 1.643725782632827759e-01
6.505702733993530273e-01 1.701607257127761841e-01
6.515789031982421875e-01 1.778973340988159180e-01
6.525875329971313477e-01 1.741486042737960815e-01
6.535961627960205078e-01 1.707229465246200562e-01
6.546047925949096680e-01 1.784696131944656372e-01
6.556134819984436035e-01 1.657610237598419189e-01
6.566221117973327637e-01 1.773719936609268188e-01
6.576307415962219238e-01 1.760955750942230225e-01
6.586393713951110840e-01 1.773575842380523682e-01
6.596480011940002441e-01 1.759785860776901245e-01
6.606566309928894043e-01 1.723261177539825439e-01
6.616652607917785645e-01 1.689148098230361938e-01
6.626738905906677246e-01 1.694963276386260986e-01
6.636825203895568848e-01 1.771551370620727539e-01
6.646912097930908203e-01 1.772059053182601929e-01
6.656998395919799805e-01 1.794579476118087769e-01
6.667084693908691406e-01 1.779329031705856323e-01
6.677170991897583008e-01 1.807422190904617310e-01
6.687257289886474609e-01 1.787476837635040283e-01
6.697343587875366211e-01 1.734560132026672363e-01
6.707429885864257812e-01 1.729861050844192505e-01
6.717516183853149414e-01 1.830970942974090576e-01
6.727602481842041016e-01 1.709359139204025269e-01
6.737688779830932617e-01 1.731275618076324463e-01
6.747775673866271973e-01 1.747871488332748413e-01
6.757861971855163574e-01 1.877197027206420898e-01
6.767948269844055176e-01 1.894343942403793335e-01
6.778034567832946777e-01 1.851239204406738281e-01
6.788120865821838379e-01 1.848713457584381104e-01
6.798207163810729980e-01 1.903029233217239380e-01
6.808293461799621582e-01 1.776319444179534912e-01
6.818379759788513184e-01 1.882308423519134521e-01
6.828466057777404785e-01 1.899529695510864258e-01
6.838552951812744141e-01 1.858329623937606812e-01
6.848639249801635742e-01 1.759023219347000122e-01
6.858725547790527344e-01 1.739996224641799927e-01
6.868811845779418945e-01 1.878193914890289307e-01
6.878898143768310547e-01 1.875422149896621704e-01
6.888984441757202148e-01 1.884962767362594604e-01
6.899070739746093750e-01 1.877379864454269409e-01
6.909157037734985352e-01 1.815143376588821411e-01
6.919243335723876953e-01 1.867825835943222046e-01
6.929329633712768555e-01 1.981711983680725098e-01
6.939416527748107910e-01 1.907072663307189941e-01
6.949502825736999512e-01 1.854470223188400269e-01
6.959589123725891113e-01 1.917660236358642578e-01
6.969675421714782715e-01 1.903682202100753784e-01
6.979761719703674316e-01 1.953867226839065552e-01
6.989848017692565918e-01 1.968618035316467285e-01
6.999934315681457520e-01 1.912748515605926514e-01
7.010020613670349121e-01 1.888867765665054321e-01
7.020106911659240723e-01 1.915813982486724854e-01
7.030193805694580078e-01 1.950994133949279785e-01
7.040280103683471680e-01 2.028524577617645264e-01
7.050366401672363281e-01 1.921649426221847534e-01
7.060452699661254883e-01 1.975982189178466797e-01
7.070538997650146484e-01 2.055330574512481689e-01
7.080625295639038086e-01 1.998089402914047241e-01
7.090711593627929688e-01 2.052139490842819214e-01
7.100797891616821289e-01 2.033383995294570923e-01
7.110884189605712891e-01 2.122479975223541260e-01
7.120970487594604492e-01 2.004420757293701172e-01
7.131057381629943848e-01 2.024771273136138916e-01
7.141143679618835449e-01 2.097922116518020630e-01
7.151229977607727051e-01 2.047944515943527222e-01
7.161316275596618652e-01 1.995750516653060913e-01
7.171402573585510254e-01 1.902169585227966309e-01
7.181488871574401855e-01 2.035012692213058472e-01
7.191575169563293457e-01 2.115747034549713135e-01
7.201661467552185059e-01 2.059553265571594238e-01
7.211747765541076660e-01 1.992046386003494263e-01
7.221834659576416016e-01 1.960905492305755615e-01
7.231920957565307617e-01 2.011961042881011963e-01
7.242007255554199219e-01 2.029361575841903687e-01
7.252093553543090820e-01 2.032111734151840210e-01
7.262179851531982422e-01 2.041917890310287476e-01
7.272266149520874023e-01 2.102240175008773804e-01
7.282352447509765625e-01 2.066263854503631592e-01
7.292438745498657227e-01 2.056678682565689087e-01
7.302525043487548828e-01 2.148899435997009277e-01
7.312611341476440430e-01 2.056018114089965820e-01
7.322698235511779785e-01 2.049822807312011719e-01
7.332784533500671387e-01 2.141081094741821289e-01
7.342870831489562988e-01 2.122949957847595215e-01
7.352957129478454590e-01 2.047255933284759521e-01
7.363043427467346191e-01 2.103336006402969360e-01
7.373129725456237793e-01 2.128709107637405396e-01
7.383216023445129395e-01 2.093292921781539917e-01
7.393302321434020996e-01 2.182243317365646362e-01
7.403388619422912598e-01 2.118037194013595581e-01
7.413475513458251953e-01 2.164363116025924683e-01
7.423561811447143555e-01 2.129015028476715088e-01
7.433648109436035156e-01 2.163864076137542725e-01
7.443734407424926758e-01 2.137800455093383789e-01
7.453820705413818359e-01 2.133596539497375488e-01
7.463907003402709961e-01 2.188411355018615723e-01
7.473993301391601562e-01 2.171783745288848877e-01
7.484079599380493164e-01 2.177587747573852539e-01
7.494165897369384766e-01 2.181596755981445312e-01
7.504252195358276367e-01 2.149887382984161377e-01
7.514339089393615723e-01 2.220134586095809937e-01
7.524425387382507324e-01 2.524355649948120117e-01
7.534511685371398926e-01 2.656401693820953369e-01
7.544597983360290527e-01 2.319464534521102905e-01
7.554684281349182129e-01 2.240081429481506348e-01
7.564770579338073730e-01 2.158463746309280396e-01
7.574856877326965332e-01 2.153320163488388062e-01
7.584943175315856934e-01 2.213028371334075928e-01
7.595029473304748535e-01 2.295786291360855103e-01
7.605116367340087891e-01 2.271509170532226562e-01
7.615202665328979492e-01 2.244069874286651611e-01
7.625288963317871094e-01 2.183894664049148560e-01
7.635375261306762695e-01 2.167518138885498047e-01
7.645461559295654297e-01 2.342407703399658203e-01
7.655547857284545898e-01 2.334590256214141846e-01
7.665634155273437500e-01 2.254668921232223511e-01
7.675720453262329102e-01 2.245653420686721802e-01
7.685806751251220703e-01 2.362862676382064819e-01
7.695893049240112305e-01 2.284627705812454224e-01
7.705979943275451660e-01 2.377013266086578369e-01
7.716066241264343262e-01 2.314158678054809570e-01
7.726152539253234863e-01 2.304570227861404419e-01
7.736238837242126465e-01 2.425982356071472168e-01
7.746325135231018066e-01 2.432669103145599365e-01
7.756411433219909668e-01 2.365927398204803467e-01
7.766497731208801270e-01 2.308498769998550415e-01
7.776584029197692871e-01 2.297903746366500854e-01
7.786670327186584473e-01 2.370989173650741577e-01
7.796757221221923828e-01 2.401614636182785034e-01
7.806843519210815430e-01 2.410540878772735596e-01
7.816929817199707031e-01 2.440912276506423950e-01
7.827016115188598633e-01 2.486339807510375977e-01
7.837102413177490234e-01 2.401930540800094604e-01
7.847188711166381836e-01 2.473185211420059204e-01
7.857275009155273438e-01 2.331650704145431519e-01
7.867361307144165039e-01 2.406168431043624878e-01
7.877447605133056641e-01 2.470494359731674194e-01
7.887533903121948242e-01 2.459760755300521851e-01
7.897620797157287598e-01 2.405942976474761963e-01
7.907707095146179199e-01 2.389796078205108643e-01
7.917793393135070801e-01 2.442180961370468140e-01
7.927879691123962402e-01 2.394763231277465820e-01
7.937965989112854004e-01 2.546808123588562012e-01
7.948052287101745605e-01 2.503405809402465820e-01
7.958138585090637207e-01 2.504688203334808350e-01
7.968224883079528809e-01 2.366478592157363892e-01
7.978311181068420410e-01 2.458468079566955566e-01
7.988398075103759766e-01 2.434357702732086182e-01
7.998484373092651367e-01 2.449273169040679932e-01
8.008570671081542969e-01 2.535733878612518311e-01
8.018656969070434570e-01 2.441015839576721191e-01
8.028743267059326172e-01 2.478782534599304199e-01
8.038829565048217773e-01 2.573851644992828369e-01
8.048915863037109375e-01 2.498659044504165649e-01
8.059002161026000977e-01 2.509669959545135498e-01
8.069088459014892578e-01 2.545668482780456543e-01
8.079174757003784180e-01 2.491160929203033447e-01
8.089261651039123535e-01 2.498965561389923096e-01
8.099347949028015137e-01 2.635112404823303223e-01
8.109434247016906738e-01 2.477517127990722656e-01
8.119520545005798340e-01 2.529585957527160645e-01
8.129606842994689941e-01 2.577245533466339111e-01
8.139693140983581543e-01 2.561138272285461426e-01
8.149779438972473145e-01 2.560287117958068848e-01
8.159865736961364746e-01 2.678924798965454102e-01
8.169952034950256348e-01 2.556653022766113281e-01
8.180038928985595703e-01 2.613858282566070557e-01
8.190125226974487305e-01 2.651717066764831543e-01
8.200211524963378906e-01 2.608441710472106934e-01
8.210297822952270508e-01 2.610964775085449219e-01
8.220384120941162109e-01 2.775222659111022949e-01
8.230470418930053711e-01 2.646387815475463867e-01
8.240556716918945312e-01 2.636619210243225098e-01
8.250643014907836914e-01 2.597999572753906250e-01
8.260729312896728516e-01 2.583652734756469727e-01
8.270815610885620117e-01 2.602593898773193359e-01
8.280902504920959473e-01 2.607928216457366943e-01
8.290988802909851074e-01 2.707704901695251465e-01
8.301075100898742676e-01 2.796384096145629883e-01
8.311161398887634277e-01 2.725578546524047852e-01
8.321247696876525879e-01 2.624664902687072754e-01
8.331333994865417480e-01 2.746370732784271240e-01
8.341420292854309082e-01 2.667368352413177490e-01
8.351506590843200684e-01 2.628907263278961182e-01
8.361592888832092285e-01 2.823756039142608643e-01
8.371679782867431641e-01 2.821528911590576172e-01
8.381766080856323242e-01 2.765382528305053711e-01
8.391852378845214844e-01 2.832888364791870117e-01
8.401938676834106445e-01 2.834739387035369873e-01
8.412024974822998047e-01 2.745404243469238281e-01
8.422111272811889648e-01 2.827771008014678955e-01
8.432197570800781250e-01 2.800961434841156006e-01
8.442283868789672852e-01 2.797054052352905273e-01
8.452370166778564453e-01 2.885590493679046631e-01
8.462456464767456055e-01 2.907485365867614746e-01
8.472543358802795410e-01 2.993610203266143799e-01
8.482629656791687012e-01 2.900438308715820312e-01
8.492715954780578613e-01 2.852517366409301758e-01
8.502802252769470215e-01 2.881298959255218506e-01
8.512888550758361816e-01 3.117846250534057617e-01
8.522974848747253418e-01 3.044658899307250977e-01
8.533061146736145020e-01 2.930961847305297852e-01
8.543147444725036621e-01 3.097489178180694580e-01
8.553233742713928223e-01 3.016524314880371094e-01
8.563320636749267578e-01 3.061744868755340576e-01
8.573406934738159180e-01 2.976062893867492676e-01
8.583493232727050781e-01 3.153907060623168945e-01
8.593579530715942383e-01 3.148079216480255127e-01
8.603665828704833984e-01 3.088721334934234619e-01
8.613752126693725586e-01 3.095575273036956787e-01
8.623838424682617188e-01 3.274236023426055908e-01
8.633924722671508789e-01 3.278974294662475586e-01
8.644011020660400391e-01 3.257874250411987305e-01
8.654097318649291992e-01 3.277753293514251709e-01
8.664184212684631348e-01 3.312363326549530029e-01
8.674270510673522949e-01 3.263243138790130615e-01
8.684356808662414551e-01 3.273063302040100098e-01
8.694443106651306152e-01 3.280252814292907715e-01
8.704529404640197754e-01 3.298654556274414062e-01
8.714615702629089355e-01 3.223344385623931885e-01
8.724702000617980957e-01 3.216142356395721436e-01
8.734788298606872559e-01 3.230291903018951416e-01
8.744874596595764160e-01 3.156076371669769287e-01
8.754961490631103516e-01 3.165128827095031738e-01
8.765047788619995117e-01 3.209413886070251465e-01
8.775134086608886719e-01 3.383199572563171387e-01
8.785220384597778320e-01 3.307861387729644775e-01
8.795306682586669922e-01 3.430711925029754639e-01
8.805392980575561523e-01 3.355901241302490234e-01
8.815479278564453125e-01 3.325610458850860596e-01
8.825565576553344727e-01 3.257209062576293945e-01
8.835651874542236328e-01 3.291457593441009521e-01
8.845738172531127930e-01 3.298714458942413330e-01
8.855825066566467285e-01 3.328487277030944824e-01
8.865911364555358887e-01 3.299935758113861084e-01
8.875997662544250488e-01 3.300890028476715088e-01
8.886083960533142090e-01 3.336923718452453613e-01
8.896170258522033691e-01 3.245438635349273682e-01
8.906256556510925293e-01 3.313145339488983154e-01
8.916342854499816895e-01 3.283542692661285400e-01
8.926429152488708496e-01 3.318810760974884033e-01
8.936515450477600098e-01 3.324734270572662354e-01
8.946602344512939453e-01 3.457971811294555664e-01
8.956688642501831055e-01 3.787064552307128906e-01
8.966774940490722656e-01 3.481479287147521973e-01
8.976861238479614258e-01 3.376025855541229248e-01
8.986947536468505859e-01 3.490296304225921631e-01
8.997033834457397461e-01 3.531557023525238037e-01
9.007120132446289062e-01 3.531985580921173096e-01
9.017206430435180664e-01 3.550179302692413330e-01
9.027292728424072266e-01 3.351523578166961670e-01
9.037379026412963867e-01 3.595747351646423340e-01
9.047465920448303223e-01 3.371094465255737305e-01
9.057552218437194824e-01 3.436211943626403809e-01
9.067638516426086426e-01 3.388755321502685547e-01
9.077724814414978027e-01 3.589515984058380127e-01
9.087811112403869629e-01 3.655171096324920654e-01
9.097897410392761230e-01 3.588117361068725586e-01
9.107983708381652832e-01 3.613390922546386719e-01
9.118070006370544434e-01 3.636319935321807861e-01
9.128156304359436035e-01 3.676832020282745361e-01
9.138243198394775391e-01 3.599523305892944336e-01
9.148329496383666992e-01 3.538545966148376465e-01
9.158415794372558594e-01 3.526153862476348877e-01
9.168502092361450195e-01 3.617174327373504639e-01
9.178588390350341797e-01 3.760521709918975830e-01
9.188674688339233398e-01 3.668823838233947754e-01
9.198760986328125000e-01 3.713448345661163330e-01
9.208847284317016602e-01 3.829838037490844727e-01
9.218933582305908203e-01 3.905592262744903564e-01
9.229020476341247559e-01 3.730206787586212158e-01
9.239106774330139160e-01 3.873868286609649658e-01
9.249193072319030762e-01 3.840404450893402100e-01
9.259279370307922363e-01 3.904062807559967041e-01
9.269365668296813965e-01 4.022346138954162598e-01
9.279451966285705566e-01 3.919354081153869629e-01
9.289538264274597168e-01 3.611240386962890625e-01
9.299624562263488770e-01 3.793046176433563232e-01
9.309710860252380371e-01 3.955183625221252441e-01
9.319797158241271973e-01 3.834750056266784668e-01
9.329884052276611328e-01 4.012120366096496582e-01
9.339970350265502930e-01 3.861411809921264648e-01
9.350056648254394531e-01 3.972180485725402832e-01
9.360142946243286133e-01 3.890952169895172119e-01
9.370229244232177734e-01 3.840819001197814941e-01
9.380315542221069336e-01 3.978911936283111572e-01
9.390401840209960938e-01 4.123119115829467773e-01
9.400488138198852539e-01 4.090943932533264160e-01
9.410574436187744141e-01 3.948568105697631836e-01
9.420661330223083496e-01 3.947341740131378174e-01
9.430747628211975098e-01 3.979328274726867676e-01
9.440833926200866699e-01 4.260492026805877686e-01
9.450920224189758301e-01 4.074221849441528320e-01
9.461006522178649902e-01 4.033995568752288818e-01
9.471092820167541504e-01 4.139090478420257568e-01
9.481179118156433105e-01 4.092245101928710938e-01
9.491265416145324707e-01 4.131186306476593018e-01
9.501351714134216309e-01 4.430781602859497070e-01
9.511438012123107910e-01 4.500626623630523682e-01
9.521524906158447266e-01 4.066828191280364990e-01
9.531611204147338867e-01 4.349416494369506836e-01
9.541697502136230469e-01 4.425439238548278809e-01
9.551783800125122070e-01 4.437525272369384766e-01
9.561870098114013672e-01 4.461122155189514160e-01
9.571956396102905273e-01 4.421924650669097900e-01
9.582042694091796875e-01 4.511885941028594971e-01
9.592128992080688477e-01 4.504965841770172119e-01
9.602215290069580078e-01 4.569860696792602539e-01
9.612302184104919434e-01 4.269188344478607178e-01
9.622388482093811035e-01 4.515042901039123535e-01
9.632474780082702637e-01 4.519869387149810791e-01
9.642561078071594238e-01 4.621680080890655518e-01
9.652647376060485840e-01 4.859194755554199219e-01
9.662733674049377441e-01 4.705342948436737061e-01
9.672819972038269043e-01 4.541687667369842529e-01
9.682906270027160645e-01 4.659907817840576172e-01
9.692992568016052246e-01 4.753472208976745605e-01
9.703078866004943848e-01 4.712829887866973877e-01
9.713165760040283203e-01 4.637003242969512939e-01
9.723252058029174805e-01 4.845240414142608643e-01
9.733338356018066406e-01 4.738927781581878662e-01
9.743424654006958008e-01 4.860771000385284424e-01
9.753510951995849609e-01 4.645800292491912842e-01
9.763597249984741211e-01 4.813321232795715332e-01
9.773683547973632812e-01 5.218946933746337891e-01
9.783769845962524414e-01 4.939303100109100342e-01
9.793856143951416016e-01 4.950242936611175537e-01
9.803943037986755371e-01 5.022571682929992676e-01
9.814029335975646973e-01 5.096135139465332031e-01
9.824115633964538574e-01 5.269451141357421875e-01
9.834201931953430176e-01 5.336931347846984863e-01
9.844288229942321777e-01 5.140558481216430664e-01
9.854374527931213379e-01 4.975638389587402344e-01
9.864460825920104980e-01 5.436947345733642578e-01
9.874547123908996582e-01 5.239405632019042969e-01
9.884633421897888184e-01 5.183060765266418457e-01
9.894719719886779785e-01 4.892011582851409912e-01
9.904806613922119141e-01 5.434870719909667969e-01
9.914892911911010742e-01 5.434129238128662109e-01
9.924979209899902344e-01 5.309862494468688965e-01
9.935065507888793945e-01 5.502959489822387695e-01
9.945151805877685547e-01 5.342623591423034668e-01
9.955238103866577148e-01 5.303524136543273926e-01
9.965324401855468750e-01 5.390445590019226074e-01
9.975410699844360352e-01 5.833024382591247559e-01
9.985496997833251953e-01 5.491650700569152832e-01
9.995583891868591309e-01 5.329868793487548828e-01
1.000566959381103516e+00 5.691552758216857910e-01
1.001575589179992676e+00 5.920537114143371582e-01
1.002584218978881836e+00 5.931521654129028320e-01
1.003592848777770996e+00 5.627518892288208008e-01
1.004601597785949707e+00 5.929412841796875000e-01
1.005610227584838867e+00 5.998231768608093262e-01
1.006618857383728027e+00 5.960882306098937988e-01
1.007627487182617188e+00 5.690007805824279785e-01
1.008636116981506348e+00 5.861803889274597168e-01
1.009644746780395508e+00 5.999304652214050293e-01
1.010653376579284668e+00 6.181737184524536133e-01
1.011662006378173828e+00 5.929166674613952637e-01
1.012670636177062988e+00 6.176858544349670410e-01
1.013679265975952148e+00 6.016204953193664551e-01
1.014687895774841309e+00 6.507543921470642090e-01
1.015696525573730469e+00 6.425032615661621094e-01
1.016705155372619629e+00 6.258706450462341309e-01
1.017713785171508789e+00 6.368333697319030762e-01
1.018722414970397949e+00 6.483232378959655762e-01
1.019731044769287109e+00 6.844154596328735352e-01
1.020739674568176270e+00 6.648393273353576660e-01
1.021748304367065430e+00 6.521570682525634766e-01
1.022756934165954590e+00 6.832748651504516602e-01
1.023765683174133301e+00 6.500145196914672852e-01
1.024774312973022461e+00 6.483424305915832520e-01
1.025782942771911621e+00 6.450087428092956543e-01
1.026791572570800781e+00 6.540619730949401855e-01
1.027800202369689941e+00 6.410472393035888672e-01
1.028808832168579102e+00 6.473610401153564453e-01
1.029817461967468262e+00 6.894071102142333984e-01
1.030826091766357422e+00 7.009795904159545898e-01
1.031834721565246582e+00 6.652289032936096191e-01
1.032843351364135742e+00 6.855936050415039062e-01
1.033851981163024902e+00 6.945919990539550781e-01
1.034860610961914062e+00 6.947586536407470703e-01
1.035869240760803223e+00 6.712479591369628906e-01
1.036877870559692383e+00 6.871641278266906738e-01
1.037886500358581543e+00 6.936339735984802246e-01
1.038895130157470703e+00 6.755547523498535156e-01
1.039903759956359863e+00 6.721605658531188965e-01
1.040912389755249023e+00 7.115820050239562988e-01
1.041921019554138184e+00 7.038271427154541016e-01
1.042929768562316895e+00 6.711108684539794922e-01
1.043938398361206055e+00 7.172406315803527832e-01
1.044947028160095215e+00 6.911074519157409668e-01
1.045955657958984375e+00 7.301866412162780762e-01
1.046964287757873535e+00 7.550366520881652832e-01
1.047972917556762695e+00 7.351966500282287598e-01
1.048981547355651855e+00 7.535057663917541504e-01
1.049990177154541016e+00 7.044132351875305176e-01
1.050998806953430176e+00 7.126331925392150879e-01
1.052007436752319336e+00 7.454215884208679199e-01
1.053016066551208496e+00 6.933667063713073730e-01
1.054024696350097656e+00 7.703979611396789551e-01
1.055033326148986816e+00 7.523796558380126953e-01
1.056041955947875977e+00 7.446152567863464355e-01
1.057050585746765137e+00 7.470201253890991211e-01
1.058059215545654297e+00 7.315190434455871582e-01
1.059067845344543457e+00 7.237417697906494141e-01
1.060076475143432617e+00 7.300558686256408691e-01
1.061085104942321777e+00 7.261343002319335938e-01
1.062093853950500488e+00 7.193613648414611816e-01
1.063102483749389648e+00 7.395893335342407227e-01
1.064111113548278809e+00 7.845742106437683105e-01
1.065119743347167969e+00 7.549940347671508789e-01
1.066128373146057129e+00 7.890019416809082031e-01
1.067137002944946289e+00 7.607756257057189941e-01
1.068145632743835449e+00 7.668479681015014648e-01
1.069154262542724609e+00 7.737353444099426270e-01
1.070162892341613770e+00 8.140584230422973633e-01
1.071171522140502930e+00 7.872078418731689453e-01
1.072180151939392090e+00 7.950658202171325684e-01
1.073188781738281250e+00 7.978288531303405762e-01
1.074197411537170410e+00 8.386660218238830566e-01
1.075206041336059570e+00 8.274455666542053223e-01
1.076214671134948730e+00 7.945182323455810547e-01
1.077223300933837891e+00 8.021402955055236816e-01
1.078231930732727051e+00 8.013525605201721191e-01
1.079240560531616211e+00 8.520212769508361816e-01
1.080249190330505371e+00 8.708463907241821289e-01
1.081257939338684082e+00 8.244735598564147949e-01
1.082266569137573242e+00 8.018401265144348145e-01
1.083275198936462402e+00 7.904610633850097656e-01
1.084283828735351562e+00 7.804993391036987305e-01
1.085292458534240723e+00 8.623842597007751465e-01
1.086301088333129883e+00 8.587161302566528320e-01
1.087309718132019043e+00 8.491518497467041016e-01
1.088318347930908203e+00 8.808237910270690918e-01
1.089326977729797363e+00 7.961861491203308105e-01
1.090335607528686523e+00 8.026288151741027832e-01
1.091344237327575684e+00 8.226996660232543945e-01
1.092352867126464844e+00 8.431329727172851562e-01
1.093361496925354004e+00 8.187650442123413086e-01
1.094370126724243164e+00 8.614799380302429199e-01
1.095378756523132324e+00 7.746587991714477539e-01
1.096387386322021484e+00 8.279084563255310059e-01
1.097396016120910645e+00 9.262213706970214844e-01
1.098404645919799805e+00 9.113581776618957520e-01
1.099413275718688965e+00 9.478640556335449219e-01
1.100422024726867676e+00 8.843864798545837402e-01
1.101430654525756836e+00 8.903568387031555176e-01
1.102439284324645996e+00 8.906944990158081055e-01
1.103447914123535156e+00 9.265279769897460938e-01
1.104456543922424316e+00 8.416306972503662109e-01
1.105465173721313477e+00 8.950730562210083008e-01
1.106473803520202637e+00 9.508342742919921875e-01
1.107482433319091797e+00 9.244667291641235352e-01
1.108491063117980957e+00 8.975760936737060547e-01
1.109499692916870117e+00 9.091201424598693848e-01
1.110508322715759277e+00 9.759981036186218262e-01
1.111516952514648438e+00 9.476159811019897461e-01
1.112525582313537598e+00 9.565570354461669922e-01
1.113534212112426758e+00 9.303933382034301758e-01
1.114542841911315918e+00 9.115554094314575195e-01
1.115551471710205078e+00 9.282412528991699219e-01
1.116560101509094238e+00 9.078878760337829590e-01
1.117568731307983398e+00 8.587374687194824219e-01
1.118577361106872559e+00 8.754009008407592773e-01
1.119586110115051270e+00 9.173913002014160156e-01
1.120594739913940430e+00 8.805457353591918945e-01
1.121603369712829590e+00 8.767381906509399414e-01
1.122611999511718750e+00 9.261701703071594238e-01
1.123620629310607910e+00 8.841012716293334961e-01
1.124629259109497070e+00 9.693766236305236816e-01
1.125637888908386230e+00 9.835339188575744629e-01
1.126646518707275391e+00 9.524692893028259277e-01
1.127655148506164551e+00 1.016717910766601562e+00
1.128663778305053711e+00 1.036721587181091309e+00
1.129672408103942871e+00 1.091360688209533691e+00
1.130681037902832031e+00 9.991313219070434570e-01
1.131689667701721191e+00 1.027176737785339355e+00
1.132698297500610352e+00 9.738681912422180176e-01
1.133706927299499512e+00 9.958799481391906738e-01
1.134715557098388672e+00 1.010055780410766602e+00
1.135724186897277832e+00 1.015319705009460449e+00
1.136732816696166992e+00 1.013009190559387207e+00
1.137741446495056152e+00 1.066585183143615723e+00
1.138750195503234863e+00 9.617822170257568359e-01
1.139758825302124023e+00 1.085984826087951660e+00
1.140767455101013184e+00 1.022037863731384277e+00
1.141776084899902344e+00 9.681225419044494629e-01
1.142784714698791504e+00 1.001256585121154785e+00
1.143793344497680664e+00 1.064138174057006836e+00
1.144801974296569824e+00 1.001598358154296875e+00
1.145810604095458984e+00 1.120718002319335938e+00
1.146819233894348145e+00 9.611057043075561523e-01
1.147827863693237305e+00 1.037270545959472656e+00
1.148836493492126465e+00 1.073328018188476562e+00
1.149845123291015625e+00 1.117181539535522461e+00
1.150853753089904785e+00 1.042495369911193848e+00
1.151862382888793945e+00 1.134976506233215332e+00
1.152871012687683105e+00 1.033556818962097168e+00
1.153879642486572266e+00 1.045386552810668945e+00
1.154888272285461426e+00 1.034713625907897949e+00
1.155896902084350586e+00 1.008474707603454590e+00
1.156905531883239746e+00 1.040514469146728516e+00
1.157914280891418457e+00 1.060167074203491211e+00
1.158922910690307617e+00 1.123596429824829102e+00
1.159931540489196777e+00 1.094170093536376953e+00
1.160940170288085938e+00 1.157664775848388672e+00
1.161948800086975098e+00 1.109639763832092285e+00
1.162957429885864258e+00 1.078327059745788574e+00
1.163966059684753418e+00 1.048695445060729980e+00
1.164974689483642578e+00 1.043361186981201172e+00
1.165983319282531738e+00 1.198622703552246094e+00
1.166991949081420898e+00 1.123385429382324219e+00
1.168000578880310059e+00 1.163512468338012695e+00
1.169009208679199219e+00 9.826517105102539062e-01
1.170017838478088379e+00 1.120713233947753906e+00
1.171026468276977539e+00 1.169438481330871582e+00
1.172035098075866699e+00 1.026120901107788086e+00
1.173043727874755859e+00 1.104604125022888184e+00
1.174052357673645020e+00 1.097005724906921387e+00
1.175060987472534180e+00 1.226882338523864746e+00
1.176069617271423340e+00 1.189931511878967285e+00
1.177078366279602051e+00 1.085154771804809570e+00
1.178086996078491211e+00 1.198883771896362305e+00
1.179095625877380371e+00 1.230148196220397949e+00
1.180104255676269531e+00 1.278754115104675293e+00
1.181112885475158691e+00 1.238227009773254395e+00
1.182121515274047852e+00 1.132840871810913086e+00
1.183130145072937012e+00 1.004157066345214844e+00
1.184138774871826172e+00 1.150204420089721680e+00
1.185147404670715332e+00 1.168946385383605957e+00
1.186156034469604492e+00 1.099607348442077637e+00
1.187164664268493652e+00 1.225389361381530762e+00
1.188173294067382812e+00 1.335304617881774902e+00
1.189181923866271973e+00 1.301612019538879395e+00
1.190190553665161133e+00 1.317667007446289062e+00
1.191199183464050293e+00 1.057894229888916016e+00
1.192207813262939453e+00 1.165895581245422363e+00
1.193216443061828613e+00 1.255095481872558594e+00
1.194225072860717773e+00 1.253150105476379395e+00
1.195233702659606934e+00 1.198681950569152832e+00
1.196242451667785645e+00 1.329199552536010742e+00
1.197251081466674805e+00 1.237025141716003418e+00
1.198259711265563965e+00 1.065565228462219238e+00
1.199268341064453125e+00 1.141161918640136719e+00
1.200276970863342285e+00 1.080817580223083496e+00
1.201285600662231445e+00 1.209527134895324707e+00
1.202294230461120605e+00 1.349689960479736328e+00
1.203302860260009766e+00 1.530072331428527832e+00
1.204311490058898926e+00 1.425825476646423340e+00
1.205320119857788086e+00 1.275136947631835938e+00
1.206328749656677246e+00 1.240586876869201660e+00
1.207337379455566406e+00 1.458631396293640137e+00
1.208346009254455566e+00 1.241073966026306152e+00
1.209354639053344727e+00 1.430135011672973633e+00
