0.000000000000000000e+00 4.662363281250000000e+03
1.008636085316538811e-03 3.893592773437500000e+03
2.017272170633077621e-03 2.821825683593750000e+03
3.025908255949616432e-03 2.182595703125000000e+03
4.034544341266155243e-03 1.703060180664062500e+03
5.043180659413337708e-03 1.353891357421875000e+03
6.051816511899232864e-03 1.059036987304687500e+03
7.060452364385128021e-03 8.501439208984375000e+02
8.069088682532310486e-03 7.164581298828125000e+02
9.077725000679492950e-03 6.008861694335937500e+02
1.008636131882667542e-02 5.026048278808593750e+02
1.109499670565128326e-02 4.146604309082031250e+02
1.210363302379846573e-02 3.523321533203125000e+02
1.311226934194564819e-02 2.972183837890625000e+02
1.412090472877025604e-02 2.528391418457031250e+02
1.512954104691743851e-02 2.207177276611328125e+02
1.613817736506462097e-02 1.888222503662109375e+02
1.714681275188922882e-02 1.663812103271484375e+02
1.815545000135898590e-02 1.469312896728515625e+02
1.916408538818359375e-02 1.288363800048828125e+02
2.017272263765335083e-02 1.124339141845703125e+02
2.118135802447795868e-02 1.027874069213867188e+02
2.218999341130256653e-02 9.097496795654296875e+01
2.319863066077232361e-02 8.190011596679687500e+01
2.420726604759693146e-02 7.295339202880859375e+01
2.521590143442153931e-02 6.649879455566406250e+01
2.622453868389129639e-02 5.981825637817382812e+01
2.723317407071590424e-02 5.455546569824218750e+01
2.824180945754051208e-02 4.946301651000976562e+01
2.925044670701026917e-02 4.534718704223632812e+01
3.025908209383487701e-02 4.144253540039062500e+01
3.126771748065948486e-02 3.766512680053710938e+01
3.227635473012924194e-02 3.482604980468750000e+01
3.328499197959899902e-02 3.221483993530273438e+01
3.429362550377845764e-02 3.004400444030761719e+01
3.530226275324821472e-02 2.806915855407714844e+01
3.631090000271797180e-02 2.564271736145019531e+01
3.731953352689743042e-02 2.372165489196777344e+01
3.832817077636718750e-02 2.224753761291503906e+01
3.933680802583694458e-02 2.112267112731933594e+01
4.034544527530670166e-02 1.988630294799804688e+01
4.135407879948616028e-02 1.833691596984863281e+01
4.236271604895591736e-02 1.705485153198242188e+01
4.337135329842567444e-02 1.614500808715820312e+01
4.437998682260513306e-02 1.529092407226562500e+01
4.538862407207489014e-02 1.444002437591552734e+01
4.639726132154464722e-02 1.359951210021972656e+01
4.740589484572410583e-02 1.277641201019287109e+01
4.841453209519386292e-02 1.223699569702148438e+01
4.942316934466362000e-02 1.164971542358398438e+01
5.043180286884307861e-02 1.102649402618408203e+01
5.144044011831283569e-02 1.050094604492187500e+01
5.244907736778259277e-02 1.002966690063476562e+01
5.345771089196205139e-02 9.440424919128417969e+00
5.446634814143180847e-02 8.986190795898437500e+00
5.547498539090156555e-02 8.603885650634765625e+00
5.648361891508102417e-02 8.345279693603515625e+00
5.749225616455078125e-02 8.055897712707519531e+00
5.850089341402053833e-02 7.599537849426269531e+00
5.950953066349029541e-02 7.267807006835937500e+00
6.051816418766975403e-02 7.039267063140869141e+00
6.152680143713951111e-02 6.784105300903320312e+00
6.253543496131896973e-02 6.510219573974609375e+00
6.354407221078872681e-02 6.375122547149658203e+00
6.455270946025848389e-02 6.146928310394287109e+00
6.556134670972824097e-02 6.026060581207275391e+00
6.656998395919799805e-02 5.924915313720703125e+00
6.757862120866775513e-02 5.568142890930175781e+00
6.858725100755691528e-02 5.450044631958007812e+00
6.959588825702667236e-02 5.317500591278076172e+00
7.060452550649642944e-02 5.100323677062988281e+00
7.161316275596618652e-02 4.923503398895263672e+00
7.262180000543594360e-02 4.809474945068359375e+00
7.363043725490570068e-02 4.776201248168945312e+00
7.463906705379486084e-02 4.685037136077880859e+00
7.564770430326461792e-02 4.591454505920410156e+00
7.665634155273437500e-02 4.317752361297607422e+00
7.766497880220413208e-02 4.278163909912109375e+00
7.867361605167388916e-02 4.159268856048583984e+00
7.968225330114364624e-02 4.090327262878417969e+00
8.069089055061340332e-02 3.938540458679199219e+00
8.169952034950256348e-02 3.957129240036010742e+00
8.270815759897232056e-02 3.905368804931640625e+00
8.371679484844207764e-02 3.858749866485595703e+00
8.472543209791183472e-02 3.781272172927856445e+00
8.573406934738159180e-02 3.688775062561035156e+00
8.674270659685134888e-02 3.553256034851074219e+00
8.775133639574050903e-02 3.483657360076904297e+00
8.875997364521026611e-02 3.463885307312011719e+00
8.976861089468002319e-02 3.378694057464599609e+00
9.077724814414978027e-02 3.307724714279174805e+00
9.178588539361953735e-02 3.333452939987182617e+00
9.279452264308929443e-02 3.291826963424682617e+00
9.380315244197845459e-02 3.183138132095336914e+00
9.481178969144821167e-02 3.161366939544677734e+00
9.582042694091796875e-02 3.169237852096557617e+00
9.682906419038772583e-02 3.126438617706298828e+00
9.783770143985748291e-02 3.095466613769531250e+00
9.884633868932723999e-02 3.064060449600219727e+00
9.985497593879699707e-02 2.945836305618286133e+00
1.008636057376861572e-01 2.978366851806640625e+00
1.018722429871559143e-01 2.971902608871459961e+00
1.028808802366256714e-01 2.899329900741577148e+00
1.038895174860954285e-01 2.893656015396118164e+00
1.048981547355651855e-01 2.857271432876586914e+00
1.059067919850349426e-01 2.841188669204711914e+00
1.069154217839241028e-01 2.812108039855957031e+00
1.079240590333938599e-01 2.776604652404785156e+00
1.089326962828636169e-01 2.761621475219726562e+00
1.099413335323333740e-01 2.709868907928466797e+00
1.109499707818031311e-01 2.713725566864013672e+00
1.119586080312728882e-01 2.659212350845336914e+00
1.129672378301620483e-01 2.606893301010131836e+00
1.139758750796318054e-01 2.596529006958007812e+00
1.149845123291015625e-01 2.584133386611938477e+00
1.159931495785713196e-01 2.569873571395874023e+00
1.170017868280410767e-01 2.624036073684692383e+00
1.180104240775108337e-01 2.605333328247070312e+00
1.190190613269805908e-01 2.553578138351440430e+00
1.200276911258697510e-01 2.547139883041381836e+00
1.210363283753395081e-01 2.463777542114257812e+00
1.220449656248092651e-01 2.509730100631713867e+00
1.230536028742790222e-01 2.479386329650878906e+00
1.240622401237487793e-01 2.410014629364013672e+00
1.250708699226379395e-01 2.403610706329345703e+00
1.260795146226882935e-01 2.408604383468627930e+00
1.270881444215774536e-01 2.467652797698974609e+00
1.280967891216278076e-01 2.448493003845214844e+00
1.291054189205169678e-01 2.445898056030273438e+00
1.301140487194061279e-01 2.413175821304321289e+00
1.311226934194564819e-01 2.363185644149780273e+00
1.321313232183456421e-01 2.306254625320434570e+00
1.331399679183959961e-01 2.361593723297119141e+00
1.341485977172851562e-01 2.381750106811523438e+00
1.351572424173355103e-01 2.327079057693481445e+00
1.361658722162246704e-01 2.304526090621948242e+00
1.371745020151138306e-01 2.305412769317626953e+00
1.381831467151641846e-01 2.260785818099975586e+00
1.391917765140533447e-01 2.268258094787597656e+00
1.402004212141036987e-01 2.304898262023925781e+00
1.412090510129928589e-01 2.312128305435180664e+00
1.422176808118820190e-01 2.266170740127563477e+00
1.432263255119323730e-01 2.275821685791015625e+00
1.442349553108215332e-01 2.219015359878540039e+00
1.452436000108718872e-01 2.198579311370849609e+00
1.462522298097610474e-01 2.234910488128662109e+00
1.472608745098114014e-01 2.290249109268188477e+00
1.482695043087005615e-01 2.246195316314697266e+00
1.492781341075897217e-01 2.289051294326782227e+00
1.502867788076400757e-01 2.247173309326171875e+00
1.512954086065292358e-01 2.196260690689086914e+00
1.523040533065795898e-01 2.230394840240478516e+00
1.533126831054687500e-01 2.184256792068481445e+00
1.543213278055191040e-01 2.165598869323730469e+00
1.553299576044082642e-01 2.253675222396850586e+00
1.563385874032974243e-01 2.241999864578247070e+00
1.573472321033477783e-01 2.180458068847656250e+00
1.583558619022369385e-01 2.155400037765502930e+00
1.593645066022872925e-01 2.112031698226928711e+00
1.603731364011764526e-01 2.179098844528198242e+00
1.613817811012268066e-01 2.148780107498168945e+00
1.623904109001159668e-01 2.160622358322143555e+00
1.633990406990051270e-01 2.167680263519287109e+00
1.644076853990554810e-01 2.130479335784912109e+00
1.654163151979446411e-01 2.147532224655151367e+00
1.664249598979949951e-01 2.132621288299560547e+00
1.674335896968841553e-01 2.163521289825439453e+00
1.684422194957733154e-01 2.125105381011962891e+00
1.694508641958236694e-01 2.141746759414672852e+00
1.704594939947128296e-01 2.175074577331542969e+00
1.714681386947631836e-01 2.118834495544433594e+00
1.724767684936523438e-01 2.106022596359252930e+00
1.734854131937026978e-01 2.086301565170288086e+00
1.744940429925918579e-01 2.114030599594116211e+00
1.755026727914810181e-01 2.123919486999511719e+00
1.765113174915313721e-01 2.118704557418823242e+00
1.775199472904205322e-01 2.116464614868164062e+00
1.785285919904708862e-01 2.129017829895019531e+00
1.795372217893600464e-01 2.134186506271362305e+00
1.805458664894104004e-01 2.103762865066528320e+00
1.815544962882995605e-01 2.077393770217895508e+00
1.825631260871887207e-01 2.069930553436279297e+00
1.835717707872390747e-01 2.040808677673339844e+00
1.845804005861282349e-01 2.105564117431640625e+00
1.855890452861785889e-01 2.106501102447509766e+00
1.865976750850677490e-01 2.102216958999633789e+00
1.876063048839569092e-01 2.096522331237792969e+00
1.886149495840072632e-01 2.088033676147460938e+00
1.896235793828964233e-01 2.061941146850585938e+00
1.906322240829467773e-01 2.124979734420776367e+00
1.916408538818359375e-01 2.110870599746704102e+00
1.926494985818862915e-01 2.044536352157592773e+00
1.936581283807754517e-01 2.059542179107666016e+00
1.946667581796646118e-01 2.065991640090942383e+00
1.956754028797149658e-01 2.055154800415039062e+00
1.966840326786041260e-01 2.061092138290405273e+00
1.976926773786544800e-01 2.054184198379516602e+00
1.987013071775436401e-01 2.052245378494262695e+00
1.997099518775939941e-01 2.072238683700561523e+00
2.007185816764831543e-01 2.048892974853515625e+00
2.017272114753723145e-01 2.050842523574829102e+00
2.027358561754226685e-01 2.079922676086425781e+00
2.037444859743118286e-01 2.083877086639404297e+00
2.047531306743621826e-01 2.070500612258911133e+00
2.057617604732513428e-01 2.075261116027832031e+00
2.067703902721405029e-01 2.031263589859008789e+00
2.077790349721908569e-01 2.065272092819213867e+00
2.087876647710800171e-01 2.047817468643188477e+00
2.097963094711303711e-01 2.064892053604125977e+00
2.108049392700195312e-01 2.028753280639648438e+00
2.118135839700698853e-01 2.024168491363525391e+00
2.128222137689590454e-01 2.046467065811157227e+00
2.138308435678482056e-01 2.044298410415649414e+00
2.148394882678985596e-01 2.089840650558471680e+00
2.158481180667877197e-01 2.095567703247070312e+00
2.168567627668380737e-01 2.041626691818237305e+00
2.178653925657272339e-01 2.042551755905151367e+00
2.188740372657775879e-01 2.026626348495483398e+00
2.198826670646667480e-01 2.025785207748413086e+00
2.208912968635559082e-01 2.023815631866455078e+00
2.218999415636062622e-01 2.020167112350463867e+00
2.229085713624954224e-01 2.013434410095214844e+00
2.239172160625457764e-01 2.054756641387939453e+00
2.249258458614349365e-01 1.998601198196411133e+00
2.259344756603240967e-01 2.036198616027832031e+00
2.269431203603744507e-01 2.054820299148559570e+00
2.279517501592636108e-01 2.066558122634887695e+00
2.289603948593139648e-01 2.023595571517944336e+00
2.299690246582031250e-01 2.024032831192016602e+00
2.309776693582534790e-01 2.034732818603515625e+00
2.319862991571426392e-01 2.012345314025878906e+00
2.329949289560317993e-01 2.007340908050537109e+00
2.340035736560821533e-01 2.045024633407592773e+00
2.350122034549713135e-01 2.000379323959350586e+00
2.360208481550216675e-01 2.002524375915527344e+00
2.370294779539108276e-01 2.036013603210449219e+00
2.380381226539611816e-01 2.043343305587768555e+00
2.390467524528503418e-01 2.028656482696533203e+00
2.400553822517395020e-01 2.033753633499145508e+00
2.410640269517898560e-01 2.045903205871582031e+00
2.420726567506790161e-01 2.049364328384399414e+00
2.430813014507293701e-01 2.192094564437866211e+00
2.440899312496185303e-01 2.070628166198730469e+00
2.450985759496688843e-01 2.043047428131103516e+00
2.461072057485580444e-01 2.030763626098632812e+00
2.471158355474472046e-01 2.067568540573120117e+00
2.481244802474975586e-01 2.069532155990600586e+00
2.491331100463867188e-01 1.994275569915771484e+00
2.501417398452758789e-01 2.051494598388671875e+00
2.511503994464874268e-01 2.049361467361450195e+00
2.521590292453765869e-01 2.036561727523803711e+00
2.531676590442657471e-01 2.070705652236938477e+00
2.541762888431549072e-01 2.061269998550415039e+00
2.551849186420440674e-01 2.055749893188476562e+00
2.561935782432556152e-01 2.072571992874145508e+00
2.572022080421447754e-01 2.060896158218383789e+00
2.582108378410339355e-01 2.074713706970214844e+00
2.592194676399230957e-01 2.044911861419677734e+00
2.602280974388122559e-01 2.075977087020874023e+00
2.612367570400238037e-01 2.047881841659545898e+00
2.622453868389129639e-01 2.045879125595092773e+00
2.632540166378021240e-01 2.068711519241333008e+00
2.642626464366912842e-01 2.052676200866699219e+00
2.652712762355804443e-01 2.049679279327392578e+00
2.662799358367919922e-01 2.044270277023315430e+00
2.672885656356811523e-01 2.056525230407714844e+00
2.682971954345703125e-01 2.087184190750122070e+00
2.693058252334594727e-01 2.057601451873779297e+00
2.703144848346710205e-01 2.029927253723144531e+00
2.713231146335601807e-01 2.081529617309570312e+00
2.723317444324493408e-01 2.080849170684814453e+00
2.733403742313385010e-01 2.050102949142456055e+00
2.743490040302276611e-01 2.092999696731567383e+00
2.753576636314392090e-01 2.099074840545654297e+00
2.763662934303283691e-01 2.081187486648559570e+00
2.773749232292175293e-01 2.087793350219726562e+00
2.783835530281066895e-01 2.071974039077758789e+00
2.793921828269958496e-01 2.095045804977416992e+00
2.804008424282073975e-01 2.105191230773925781e+00
2.814094722270965576e-01 2.070923566818237305e+00
2.824181020259857178e-01 2.094196319580078125e+00
2.834267318248748779e-01 2.103829622268676758e+00
2.844353616237640381e-01 2.106369972229003906e+00
2.854440212249755859e-01 2.093167066574096680e+00
2.864526510238647461e-01 2.113018274307250977e+00
2.874612808227539062e-01 2.073928117752075195e+00
2.884699106216430664e-01 2.104667186737060547e+00
2.894785702228546143e-01 2.112411022186279297e+00
2.904872000217437744e-01 2.106888771057128906e+00
2.914958298206329346e-01 2.098385095596313477e+00
2.925044596195220947e-01 2.132562160491943359e+00
2.935130894184112549e-01 2.146228551864624023e+00
2.945217490196228027e-01 2.148964405059814453e+00
2.955303788185119629e-01 2.111622095108032227e+00
2.965390086174011230e-01 2.122525930404663086e+00
2.975476384162902832e-01 2.089213132858276367e+00
2.985562682151794434e-01 2.085939645767211914e+00
2.995649278163909912e-01 2.115376710891723633e+00
3.005735576152801514e-01 2.112709283828735352e+00
3.015821874141693115e-01 2.094502210617065430e+00
3.025908172130584717e-01 2.124898672103881836e+00
3.035994470119476318e-01 2.111310243606567383e+00
3.046081066131591797e-01 2.136161327362060547e+00
3.056167364120483398e-01 2.129758119583129883e+00
3.066253662109375000e-01 2.157927274703979492e+00
3.076339960098266602e-01 2.149974107742309570e+00
3.086426556110382080e-01 2.134224176406860352e+00
3.096512854099273682e-01 2.120387792587280273e+00
3.106599152088165283e-01 2.111873626708984375e+00
3.116685450077056885e-01 2.152786731719970703e+00
3.126771748065948486e-01 2.156896352767944336e+00
3.136858344078063965e-01 2.156172752380371094e+00
3.146944642066955566e-01 2.137162685394287109e+00
3.157030940055847168e-01 2.160020589828491211e+00
3.167117238044738770e-01 2.187348842620849609e+00
3.177203536033630371e-01 2.183995008468627930e+00
3.187290132045745850e-01 2.157404184341430664e+00
3.197376430034637451e-01 2.145295619964599609e+00
3.207462728023529053e-01 2.189738512039184570e+00
3.217549026012420654e-01 2.155032634735107422e+00
3.227635622024536133e-01 2.153368234634399414e+00
3.237721920013427734e-01 2.194490909576416016e+00
3.247808218002319336e-01 2.222014427185058594e+00
3.257894515991210938e-01 2.170481920242309570e+00
3.267980813980102539e-01 2.159579753875732422e+00
3.278067409992218018e-01 2.161869525909423828e+00
3.288153707981109619e-01 2.159408330917358398e+00
3.298240005970001221e-01 2.199548959732055664e+00
3.308326303958892822e-01 2.186519145965576172e+00
3.318412601947784424e-01 2.218174219131469727e+00
3.328499197959899902e-01 2.220019340515136719e+00
3.338585495948791504e-01 2.185760974884033203e+00
3.348671793937683105e-01 2.162257671356201172e+00
3.358758091926574707e-01 2.223915100097656250e+00
3.368844389915466309e-01 2.228474617004394531e+00
3.378930985927581787e-01 2.186673879623413086e+00
3.389017283916473389e-01 2.190692424774169922e+00
3.399103581905364990e-01 2.188451528549194336e+00
3.409189879894256592e-01 2.193372726440429688e+00
3.419276475906372070e-01 2.197850227355957031e+00
3.429362773895263672e-01 2.205853700637817383e+00
3.439449071884155273e-01 2.190644264221191406e+00
3.449535369873046875e-01 2.221448183059692383e+00
3.459621667861938477e-01 2.221481323242187500e+00
3.469708263874053955e-01 2.216974258422851562e+00
3.479794561862945557e-01 2.216088056564331055e+00
3.489880859851837158e-01 2.210055351257324219e+00
3.499967157840728760e-01 2.233820438385009766e+00
3.510053455829620361e-01 2.223143815994262695e+00
3.520140051841735840e-01 2.211832761764526367e+00
3.530226349830627441e-01 2.210591077804565430e+00
3.540312647819519043e-01 2.228637218475341797e+00
3.550398945808410645e-01 2.229743719100952148e+00
3.560485243797302246e-01 2.226725101470947266e+00
3.570571839809417725e-01 2.253372430801391602e+00
3.580658137798309326e-01 2.255394697189331055e+00
3.590744435787200928e-01 2.218434333801269531e+00
3.600830733776092529e-01 2.260502815246582031e+00
3.610917329788208008e-01 2.224335908889770508e+00
3.621003627777099609e-01 2.241532087326049805e+00
3.631089925765991211e-01 2.238397121429443359e+00
3.641176223754882812e-01 2.208575963973999023e+00
3.651262521743774414e-01 2.242033481597900391e+00
3.661349117755889893e-01 2.241769552230834961e+00
3.671435415744781494e-01 2.260024309158325195e+00
3.681521713733673096e-01 2.238845348358154297e+00
3.691608011722564697e-01 2.251696348190307617e+00
3.701694309711456299e-01 2.244967460632324219e+00
3.711780905723571777e-01 2.249636888504028320e+00
3.721867203712463379e-01 2.232454299926757812e+00
3.731953501701354980e-01 2.244528770446777344e+00
3.742039799690246582e-01 2.245858192443847656e+00
3.752126097679138184e-01 2.259853601455688477e+00
3.762212693691253662e-01 2.263033866882324219e+00
3.772298991680145264e-01 2.256538629531860352e+00
3.782385289669036865e-01 2.217794179916381836e+00
3.792471587657928467e-01 2.275319576263427734e+00
3.802558183670043945e-01 2.311012268066406250e+00
3.812644481658935547e-01 2.251262187957763672e+00
3.822730779647827148e-01 2.261899471282958984e+00
3.832817077636718750e-01 2.270826816558837891e+00
3.842903375625610352e-01 2.269984960556030273e+00
3.852989971637725830e-01 2.275197029113769531e+00
3.863076269626617432e-01 2.271297454833984375e+00
3.873162567615509033e-01 2.253728866577148438e+00
3.883248865604400635e-01 2.276084423065185547e+00
3.893335163593292236e-01 2.275605201721191406e+00
3.903421759605407715e-01 2.267720699310302734e+00
3.913508057594299316e-01 2.263523578643798828e+00
3.923594355583190918e-01 2.224656581878662109e+00
3.933680653572082520e-01 2.284350395202636719e+00
3.943766951560974121e-01 2.268189668655395508e+00
3.953853547573089600e-01 2.243505001068115234e+00
3.963939845561981201e-01 2.269571065902709961e+00
3.974026143550872803e-01 2.249159097671508789e+00
3.984112441539764404e-01 2.246963739395141602e+00
3.994199037551879883e-01 2.280259609222412109e+00
4.004285335540771484e-01 2.273448467254638672e+00
4.014371633529663086e-01 2.279486417770385742e+00
4.024457931518554688e-01 2.277555942535400391e+00
4.034544229507446289e-01 2.281266927719116211e+00
4.044630825519561768e-01 2.251919984817504883e+00
4.054717123508453369e-01 2.277438402175903320e+00
4.064803421497344971e-01 2.272564172744750977e+00
4.074889719486236572e-01 2.286880493164062500e+00
4.084976017475128174e-01 2.273025751113891602e+00
4.095062613487243652e-01 2.267214298248291016e+00
4.105148911476135254e-01 2.280728101730346680e+00
4.115235209465026855e-01 2.260782957077026367e+00
4.125321507453918457e-01 2.257402658462524414e+00
4.135407805442810059e-01 2.266728639602661133e+00
4.145494401454925537e-01 2.272325038909912109e+00
4.155580699443817139e-01 2.280895233154296875e+00
4.165666997432708740e-01 2.290476799011230469e+00
4.175753295421600342e-01 2.247050762176513672e+00
4.185839891433715820e-01 2.276489973068237305e+00
4.195926189422607422e-01 2.295634031295776367e+00
4.206012487411499023e-01 2.274629592895507812e+00
4.216098785400390625e-01 2.279832363128662109e+00
4.226185083389282227e-01 2.255691051483154297e+00
4.236271679401397705e-01 2.267758846282958984e+00
4.246357977390289307e-01 2.268550157546997070e+00
4.256444275379180908e-01 2.275858879089355469e+00
4.266530573368072510e-01 2.289214372634887695e+00
4.276616871356964111e-01 2.252940416336059570e+00
4.286703467369079590e-01 2.279328584671020508e+00
4.296789765357971191e-01 2.274898529052734375e+00
4.306876063346862793e-01 2.233886241912841797e+00
4.316962361335754395e-01 2.262991666793823242e+00
4.327048659324645996e-01 2.294607639312744141e+00
4.337135255336761475e-01 2.266867399215698242e+00
4.347221553325653076e-01 2.226562976837158203e+00
4.357307851314544678e-01 2.262142419815063477e+00
4.367394149303436279e-01 2.273420095443725586e+00
4.377480745315551758e-01 2.248346567153930664e+00
4.387567043304443359e-01 2.254078865051269531e+00
4.397653341293334961e-01 2.259632110595703125e+00
4.407739639282226562e-01 2.208471775054931641e+00
4.417825937271118164e-01 2.230532884597778320e+00
4.427912533283233643e-01 2.239606857299804688e+00
4.437998831272125244e-01 2.243641138076782227e+00
4.448085129261016846e-01 2.262823104858398438e+00
4.458171427249908447e-01 2.251555919647216797e+00
4.468257725238800049e-01 2.242372989654541016e+00
4.478344321250915527e-01 2.262373447418212891e+00
4.488430619239807129e-01 2.263240337371826172e+00
4.498516917228698730e-01 2.247608184814453125e+00
4.508603215217590332e-01 2.274539947509765625e+00
4.518689513206481934e-01 2.255146741867065430e+00
4.528776109218597412e-01 2.233215808868408203e+00
4.538862407207489014e-01 2.245126247406005859e+00
4.548948705196380615e-01 2.227506399154663086e+00
4.559035003185272217e-01 2.215968370437622070e+00
4.569121599197387695e-01 2.215966463088989258e+00
4.579207897186279297e-01 2.225619554519653320e+00
4.589294195175170898e-01 2.223983287811279297e+00
4.599380493164062500e-01 2.223138093948364258e+00
4.609466791152954102e-01 2.222382545471191406e+00
4.619553387165069580e-01 2.229384422302246094e+00
4.629639685153961182e-01 2.226002693176269531e+00
4.639725983142852783e-01 2.215469598770141602e+00
4.649812281131744385e-01 2.237550497055053711e+00
4.659898579120635986e-01 2.225628852844238281e+00
4.669985175132751465e-01 2.231870412826538086e+00
4.680071473121643066e-01 2.235983133316040039e+00
4.690157771110534668e-01 2.217315435409545898e+00
4.700244069099426270e-01 2.234350681304931641e+00
4.710330665111541748e-01 2.210113763809204102e+00
4.720416963100433350e-01 2.213038682937622070e+00
4.730503261089324951e-01 2.219806432723999023e+00
4.740589559078216553e-01 2.235387802124023438e+00
4.750675857067108154e-01 2.216794013977050781e+00
4.760762453079223633e-01 2.218265533447265625e+00
4.770848751068115234e-01 2.187900781631469727e+00
4.780935049057006836e-01 2.210464000701904297e+00
4.791021347045898438e-01 2.200447797775268555e+00
4.801107645034790039e-01 2.224989414215087891e+00
4.811194241046905518e-01 2.223831653594970703e+00
4.821280539035797119e-01 2.203415393829345703e+00
4.831366837024688721e-01 2.225989580154418945e+00
4.841453135013580322e-01 2.200089931488037109e+00
4.851539433002471924e-01 2.196145534515380859e+00
4.861626029014587402e-01 2.204428911209106445e+00
4.871712327003479004e-01 2.184079170227050781e+00
4.881798624992370605e-01 2.207391977310180664e+00
4.891884922981262207e-01 2.204039096832275391e+00
4.901971518993377686e-01 2.178674697875976562e+00
4.912057816982269287e-01 2.186974525451660156e+00
4.922144114971160889e-01 2.165216207504272461e+00
4.932230412960052490e-01 2.190713644027709961e+00
4.942316710948944092e-01 2.188215494155883789e+00
4.952403306961059570e-01 2.184434175491333008e+00
4.962489604949951172e-01 2.183213710784912109e+00
4.972575902938842773e-01 2.176784753799438477e+00
4.982662200927734375e-01 2.178888082504272461e+00
4.992748498916625977e-01 2.173872232437133789e+00
5.002834796905517578e-01 2.162241935729980469e+00
5.012921094894409180e-01 2.164119482040405273e+00
5.023007988929748535e-01 2.157209157943725586e+00
5.033094286918640137e-01 2.150658369064331055e+00
5.043180584907531738e-01 2.218450069427490234e+00
5.053266882896423340e-01 2.184900522232055664e+00
5.063353180885314941e-01 2.143976926803588867e+00
5.073439478874206543e-01 2.183843135833740234e+00
5.083525776863098145e-01 2.136811256408691406e+00
5.093612074851989746e-01 2.146227836608886719e+00
5.103698372840881348e-01 2.173950195312500000e+00
5.113784670829772949e-01 2.183959484100341797e+00
5.123871564865112305e-01 2.175168991088867188e+00
5.133957862854003906e-01 2.164171457290649414e+00
5.144044160842895508e-01 2.159565210342407227e+00
5.154130458831787109e-01 2.173812866210937500e+00
5.164216756820678711e-01 2.160951137542724609e+00
5.174303054809570312e-01 2.188726663589477539e+00
5.184389352798461914e-01 2.193579196929931641e+00
5.194475650787353516e-01 2.213923215866088867e+00
5.204561948776245117e-01 2.160417556762695312e+00
5.214648842811584473e-01 2.167162179946899414e+00
5.224735140800476074e-01 2.153859138488769531e+00
5.234821438789367676e-01 2.142009735107421875e+00
5.244907736778259277e-01 2.157509088516235352e+00
5.254994034767150879e-01 2.141952514648437500e+00
5.265080332756042480e-01 2.155693769454956055e+00
5.275166630744934082e-01 2.121810197830200195e+00
5.285252928733825684e-01 2.157069683074951172e+00
5.295339226722717285e-01 2.128783702850341797e+00
5.305425524711608887e-01 2.168805122375488281e+00
5.315512418746948242e-01 2.161132812500000000e+00
5.325598716735839844e-01 2.163086891174316406e+00
5.335685014724731445e-01 2.165014743804931641e+00
5.345771312713623047e-01 2.185754776000976562e+00
5.355857610702514648e-01 2.162027597427368164e+00
5.365943908691406250e-01 2.141233444213867188e+00
5.376030206680297852e-01 2.162888765335083008e+00
5.386116504669189453e-01 2.134121656417846680e+00
5.396202802658081055e-01 2.164053678512573242e+00
5.406289696693420410e-01 2.144168376922607422e+00
5.416375994682312012e-01 2.142596244812011719e+00
5.426462292671203613e-01 2.167350530624389648e+00
5.436548590660095215e-01 2.145693540573120117e+00
5.446634888648986816e-01 2.162970781326293945e+00
5.456721186637878418e-01 2.183662891387939453e+00
5.466807484626770020e-01 2.185124397277832031e+00
5.476893782615661621e-01 2.135081768035888672e+00
5.486980080604553223e-01 2.127084016799926758e+00
5.497066378593444824e-01 2.145711898803710938e+00
5.507153272628784180e-01 2.151537179946899414e+00
5.517239570617675781e-01 2.152146577835083008e+00
5.527325868606567383e-01 2.123254299163818359e+00
5.537412166595458984e-01 2.121916532516479492e+00
5.547498464584350586e-01 2.147398948669433594e+00
5.557584762573242188e-01 2.134484767913818359e+00
5.567671060562133789e-01 2.120548009872436523e+00
5.577757358551025391e-01 2.146329164505004883e+00
5.587843656539916992e-01 2.152096748352050781e+00
5.597930550575256348e-01 2.155176401138305664e+00
5.608016848564147949e-01 2.123988151550292969e+00
5.618103146553039551e-01 2.110388755798339844e+00
5.628189444541931152e-01 2.097335100173950195e+00
5.638275742530822754e-01 2.132275819778442383e+00
5.648362040519714355e-01 2.130162239074707031e+00
5.658448338508605957e-01 2.117280006408691406e+00
5.668534636497497559e-01 2.117114067077636719e+00
5.678620934486389160e-01 2.150371551513671875e+00
5.688707232475280762e-01 2.127616405487060547e+00
5.698794126510620117e-01 2.121797323226928711e+00
5.708880424499511719e-01 2.111441135406494141e+00
5.718966722488403320e-01 2.116399049758911133e+00
5.729053020477294922e-01 2.116971254348754883e+00
5.739139318466186523e-01 2.128980398178100586e+00
5.749225616455078125e-01 2.142425060272216797e+00
5.759311914443969727e-01 2.116457462310791016e+00
5.769398212432861328e-01 2.142856359481811523e+00
5.779484510421752930e-01 2.131452798843383789e+00
5.789571404457092285e-01 2.120829820632934570e+00
5.799657702445983887e-01 2.120289087295532227e+00
5.809744000434875488e-01 2.118712663650512695e+00
5.819830298423767090e-01 2.121272087097167969e+00
5.829916596412658691e-01 2.122262954711914062e+00
5.840002894401550293e-01 2.096420049667358398e+00
5.850089192390441895e-01 2.120594739913940430e+00
5.860175490379333496e-01 2.145556211471557617e+00
5.870261788368225098e-01 2.124173402786254883e+00
5.880348086357116699e-01 2.122205018997192383e+00
5.890434980392456055e-01 2.124046564102172852e+00
5.900521278381347656e-01 2.120380878448486328e+00
5.910607576370239258e-01 2.134072065353393555e+00
5.920693874359130859e-01 2.101295948028564453e+00
5.930780172348022461e-01 2.107838392257690430e+00
5.940866470336914062e-01 2.130491971969604492e+00
5.950952768325805664e-01 2.126341104507446289e+00
5.961039066314697266e-01 2.124940395355224609e+00
5.971125364303588867e-01 2.106612920761108398e+00
5.981212258338928223e-01 2.140838384628295898e+00
5.991298556327819824e-01 2.121022462844848633e+00
6.001384854316711426e-01 2.106854200363159180e+00
6.011471152305603027e-01 2.127176761627197266e+00
6.021557450294494629e-01 2.107926845550537109e+00
6.031643748283386230e-01 2.132533550262451172e+00
6.041730046272277832e-01 2.130619049072265625e+00
6.051816344261169434e-01 2.120830774307250977e+00
6.061902642250061035e-01 2.109842538833618164e+00
6.071988940238952637e-01 2.113300800323486328e+00
6.082075834274291992e-01 2.136375188827514648e+00
6.092162132263183594e-01 2.104776859283447266e+00
6.102248430252075195e-01 2.137516498565673828e+00
6.112334728240966797e-01 2.117321729660034180e+00
6.122421026229858398e-01 2.128885984420776367e+00
6.132507324218750000e-01 2.147282123565673828e+00
6.142593622207641602e-01 2.130811452865600586e+00
6.152679920196533203e-01 2.150060653686523438e+00
6.162766218185424805e-01 2.137995719909667969e+00
6.172853112220764160e-01 2.121401786804199219e+00
6.182939410209655762e-01 2.154335737228393555e+00
6.193025708198547363e-01 2.159006118774414062e+00
6.203112006187438965e-01 2.164331674575805664e+00
6.213198304176330566e-01 2.131564140319824219e+00
6.223284602165222168e-01 2.145395040512084961e+00
6.233370900154113770e-01 2.137180805206298828e+00
6.243457198143005371e-01 2.106325149536132812e+00
6.253543496131896973e-01 2.144485473632812500e+00
6.263629794120788574e-01 2.130934000015258789e+00
6.273716688156127930e-01 2.149015426635742188e+00
6.283802986145019531e-01 2.147474288940429688e+00
6.293889284133911133e-01 2.122867107391357422e+00
6.303975582122802734e-01 2.168374300003051758e+00
6.314061880111694336e-01 2.123856067657470703e+00
6.324148178100585938e-01 2.141077280044555664e+00
6.334234476089477539e-01 2.159810781478881836e+00
6.344320774078369141e-01 2.143359422683715820e+00
6.354407072067260742e-01 2.150749444961547852e+00
6.364493966102600098e-01 2.128637075424194336e+00
6.374580264091491699e-01 2.145582914352416992e+00
6.384666562080383301e-01 2.149464607238769531e+00
6.394752860069274902e-01 2.142679929733276367e+00
6.404839158058166504e-01 2.154528856277465820e+00
6.414925456047058105e-01 2.128687143325805664e+00
6.425011754035949707e-01 2.139937877655029297e+00
6.435098052024841309e-01 2.141726493835449219e+00
6.445184350013732910e-01 2.145108699798583984e+00
6.455271244049072266e-01 2.154728889465332031e+00
6.465357542037963867e-01 2.128260850906372070e+00
6.475443840026855469e-01 2.143967390060424805e+00
6.485530138015747070e-01 2.163206815719604492e+00
6.495616436004638672e-01 2.152086257934570312e+00
6.505702733993530273e-01 2.147181987762451172e+00
6.515789031982421875e-01 2.160788536071777344e+00
6.525875329971313477e-01 2.154029846191406250e+00
6.535961627960205078e-01 2.155038833618164062e+00
6.546047925949096680e-01 2.159489631652832031e+00
6.556134819984436035e-01 2.139008283615112305e+00
6.566221117973327637e-01 2.165650606155395508e+00
6.576307415962219238e-01 2.166043996810913086e+00
6.586393713951110840e-01 2.141021490097045898e+00
6.596480011940002441e-01 2.141985416412353516e+00
6.606566309928894043e-01 2.140382528305053711e+00
6.616652607917785645e-01 2.178843259811401367e+00
6.626738905906677246e-01 2.186042547225952148e+00
6.636825203895568848e-01 2.159794807434082031e+00
6.646912097930908203e-01 2.149451971054077148e+00
6.656998395919799805e-01 2.172573804855346680e+00
6.667084693908691406e-01 2.204219579696655273e+00
6.677170991897583008e-01 2.192211151123046875e+00
6.687257289886474609e-01 2.194794416427612305e+00
6.697343587875366211e-01 2.175563812255859375e+00
6.707429885864257812e-01 2.201440095901489258e+00
6.717516183853149414e-01 2.183222532272338867e+00
6.727602481842041016e-01 2.196209430694580078e+00
6.737688779830932617e-01 2.184495449066162109e+00
6.747775673866271973e-01 2.212958574295043945e+00
6.757861971855163574e-01 2.189645051956176758e+00
6.767948269844055176e-01 2.174583673477172852e+00
6.778034567832946777e-01 2.165377616882324219e+00
6.788120865821838379e-01 2.169593572616577148e+00
6.798207163810729980e-01 2.189751625061035156e+00
6.808293461799621582e-01 2.194853544235229492e+00
6.818379759788513184e-01 2.186282634735107422e+00
6.828466057777404785e-01 2.206145524978637695e+00
6.838552951812744141e-01 2.171142816543579102e+00
6.848639249801635742e-01 2.184557914733886719e+00
6.858725547790527344e-01 2.189821958541870117e+00
6.868811845779418945e-01 2.187774896621704102e+00
6.878898143768310547e-01 2.224545240402221680e+00
6.888984441757202148e-01 2.238370180130004883e+00
6.899070739746093750e-01 2.228769063949584961e+00
6.909157037734985352e-01 2.255828142166137695e+00
6.919243335723876953e-01 2.191002845764160156e+00
6.929329633712768555e-01 2.196025133132934570e+00
6.939416527748107910e-01 2.236595869064331055e+00
6.949502825736999512e-01 2.188535690307617188e+00
6.959589123725891113e-01 2.217088937759399414e+00
6.969675421714782715e-01 2.222865819931030273e+00
6.979761719703674316e-01 2.207876205444335938e+00
6.989848017692565918e-01 2.199247837066650391e+00
6.999934315681457520e-01 2.215948104858398438e+00
7.010020613670349121e-01 2.225708961486816406e+00
7.020106911659240723e-01 2.212668657302856445e+00
7.030193805694580078e-01 2.264187097549438477e+00
7.040280103683471680e-01 2.217918395996093750e+00
7.050366401672363281e-01 2.200533151626586914e+00
7.060452699661254883e-01 2.209818840026855469e+00
7.070538997650146484e-01 2.174333333969116211e+00
7.080625295639038086e-01 2.202990055084228516e+00
7.090711593627929688e-01 2.194365262985229492e+00
7.100797891616821289e-01 2.237946987152099609e+00
7.110884189605712891e-01 2.254256248474121094e+00
7.120970487594604492e-01 2.268013954162597656e+00
7.131057381629943848e-01 2.257920742034912109e+00
7.141143679618835449e-01 2.236512660980224609e+00
7.151229977607727051e-01 2.223285436630249023e+00
7.161316275596618652e-01 2.236521959304809570e+00
7.171402573585510254e-01 2.252295494079589844e+00
7.181488871574401855e-01 2.247394800186157227e+00
7.191575169563293457e-01 2.260182857513427734e+00
7.201661467552185059e-01 2.248148679733276367e+00
7.211747765541076660e-01 2.241306781768798828e+00
7.221834659576416016e-01 2.256569862365722656e+00
7.231920957565307617e-01 2.266562700271606445e+00
7.242007255554199219e-01 2.285699129104614258e+00
7.252093553543090820e-01 2.232925176620483398e+00
7.262179851531982422e-01 2.231992959976196289e+00
7.272266149520874023e-01 2.251773595809936523e+00
7.282352447509765625e-01 2.230784654617309570e+00
7.292438745498657227e-01 2.253199338912963867e+00
7.302525043487548828e-01 2.285101175308227539e+00
7.312611341476440430e-01 2.261771202087402344e+00
7.322698235511779785e-01 2.258507490158081055e+00
7.332784533500671387e-01 2.246448755264282227e+00
7.342870831489562988e-01 2.287566661834716797e+00
7.352957129478454590e-01 2.298381328582763672e+00
7.363043427467346191e-01 2.290325641632080078e+00
7.373129725456237793e-01 2.232139587402343750e+00
7.383216023445129395e-01 2.253253221511840820e+00
7.393302321434020996e-01 2.276963949203491211e+00
7.403388619422912598e-01 2.293254375457763672e+00
7.413475513458251953e-01 2.276354551315307617e+00
7.423561811447143555e-01 2.254579782485961914e+00
7.433648109436035156e-01 2.262366294860839844e+00
7.443734407424926758e-01 2.297903299331665039e+00
7.453820705413818359e-01 2.289423704147338867e+00
7.463907003402709961e-01 2.301750898361206055e+00
7.473993301391601562e-01 2.296365499496459961e+00
7.484079599380493164e-01 2.330985546112060547e+00
7.494165897369384766e-01 2.300455808639526367e+00
7.504252195358276367e-01 2.316224575042724609e+00
7.514339089393615723e-01 2.280415773391723633e+00
7.524425387382507324e-01 2.305256128311157227e+00
7.534511685371398926e-01 2.335297584533691406e+00
7.544597983360290527e-01 2.287334918975830078e+00
7.554684281349182129e-01 2.290015459060668945e+00
7.564770579338073730e-01 2.307036161422729492e+00
7.574856877326965332e-01 2.287862539291381836e+00
7.584943175315856934e-01 2.316785097122192383e+00
7.595029473304748535e-01 2.324695348739624023e+00
7.605116367340087891e-01 2.288982152938842773e+00
7.615202665328979492e-01 2.327086687088012695e+00
7.625288963317871094e-01 2.330561637878417969e+00
7.635375261306762695e-01 2.329289913177490234e+00
7.645461559295654297e-01 2.333233594894409180e+00
7.655547857284545898e-01 2.326099634170532227e+00
7.665634155273437500e-01 2.327094793319702148e+00
7.675720453262329102e-01 2.339198827743530273e+00
7.685806751251220703e-01 2.329157352447509766e+00
7.695893049240112305e-01 2.325422286987304688e+00
7.705979943275451660e-01 2.311512231826782227e+00
7.716066241264343262e-01 2.329501867294311523e+00
7.726152539253234863e-01 2.298594236373901367e+00
7.736238837242126465e-01 2.342020750045776367e+00
7.746325135231018066e-01 2.298772335052490234e+00
7.756411433219909668e-01 2.334039926528930664e+00
7.766497731208801270e-01 2.344273805618286133e+00
7.776584029197692871e-01 2.326937198638916016e+00
7.786670327186584473e-01 2.331567287445068359e+00
7.796757221221923828e-01 2.358369588851928711e+00
7.806843519210815430e-01 2.364765882492065430e+00
7.816929817199707031e-01 2.342289686203002930e+00
7.827016115188598633e-01 2.365017175674438477e+00
7.837102413177490234e-01 2.354982137680053711e+00
7.847188711166381836e-01 2.360485315322875977e+00
7.857275009155273438e-01 2.344241619110107422e+00
7.867361307144165039e-01 2.353995084762573242e+00
7.877447605133056641e-01 2.375916481018066406e+00
7.887533903121948242e-01 2.391648530960083008e+00
7.897620797157287598e-01 2.377358436584472656e+00
7.907707095146179199e-01 2.384533166885375977e+00
7.917793393135070801e-01 2.365042686462402344e+00
7.927879691123962402e-01 2.349351882934570312e+00
7.937965989112854004e-01 2.401762247085571289e+00
7.948052287101745605e-01 2.386844873428344727e+00
7.958138585090637207e-01 2.414022207260131836e+00
7.968224883079528809e-01 2.395935297012329102e+00
7.978311181068420410e-01 2.422485589981079102e+00
7.988398075103759766e-01 2.402890682220458984e+00
7.998484373092651367e-01 2.418560266494750977e+00
8.008570671081542969e-01 2.391559839248657227e+00
8.018656969070434570e-01 2.412817001342773438e+00
8.028743267059326172e-01 2.436815261840820312e+00
8.038829565048217773e-01 2.406453132629394531e+00
8.048915863037109375e-01 2.357866525650024414e+00
8.059002161026000977e-01 2.430994510650634766e+00
8.069088459014892578e-01 2.396752834320068359e+00
8.079174757003784180e-01 2.428735256195068359e+00
8.089261651039123535e-01 2.415899515151977539e+00
8.099347949028015137e-01 2.422023773193359375e+00
8.109434247016906738e-01 2.462211847305297852e+00
8.119520545005798340e-01 2.452212095260620117e+00
8.129606842994689941e-01 2.429875612258911133e+00
8.139693140983581543e-01 2.430853128433227539e+00
8.149779438972473145e-01 2.445551633834838867e+00
8.159865736961364746e-01 2.480516672134399414e+00
8.169952034950256348e-01 2.465390205383300781e+00
8.180038928985595703e-01 2.475972890853881836e+00
8.190125226974487305e-01 2.457164049148559570e+00
8.200211524963378906e-01 2.451725006103515625e+00
8.210297822952270508e-01 2.438075542449951172e+00
8.220384120941162109e-01 2.434875726699829102e+00
8.230470418930053711e-01 2.432612180709838867e+00
8.240556716918945312e-01 2.445869445800781250e+00
8.250643014907836914e-01 2.462318897247314453e+00
8.260729312896728516e-01 2.441692352294921875e+00
8.270815610885620117e-01 2.449262380599975586e+00
8.280902504920959473e-01 2.483345985412597656e+00
8.290988802909851074e-01 2.488997220993041992e+00
8.301075100898742676e-01 2.466507673263549805e+00
8.311161398887634277e-01 2.469146013259887695e+00
8.321247696876525879e-01 2.528202533721923828e+00
8.331333994865417480e-01 2.475215196609497070e+00
8.341420292854309082e-01 2.467423439025878906e+00
8.351506590843200684e-01 2.467358112335205078e+00
8.361592888832092285e-01 2.500340223312377930e+00
8.371679782867431641e-01 2.502849817276000977e+00
8.381766080856323242e-01 2.482665061950683594e+00
8.391852378845214844e-01 2.506339311599731445e+00
8.401938676834106445e-01 2.504945278167724609e+00
8.412024974822998047e-01 2.480342149734497070e+00
8.422111272811889648e-01 2.499726533889770508e+00
8.432197570800781250e-01 2.524748325347900391e+00
8.442283868789672852e-01 2.507319688796997070e+00
8.452370166778564453e-01 2.512438297271728516e+00
8.462456464767456055e-01 2.511622667312622070e+00
8.472543358802795410e-01 2.502261638641357422e+00
8.482629656791687012e-01 2.480399370193481445e+00
8.492715954780578613e-01 2.514282464981079102e+00
8.502802252769470215e-01 2.524802684783935547e+00
8.512888550758361816e-01 2.548643827438354492e+00
8.522974848747253418e-01 2.536196470260620117e+00
8.533061146736145020e-01 2.513877391815185547e+00
8.543147444725036621e-01 2.509904146194458008e+00
8.553233742713928223e-01 2.547469139099121094e+00
8.563320636749267578e-01 2.547658205032348633e+00
8.573406934738159180e-01 2.516331434249877930e+00
8.583493232727050781e-01 2.538234472274780273e+00
8.593579530715942383e-01 2.535955905914306641e+00
8.603665828704833984e-01 2.565242528915405273e+00
8.613752126693725586e-01 2.525783777236938477e+00
8.623838424682617188e-01 2.543915271759033203e+00
8.633924722671508789e-01 2.569115161895751953e+00
8.644011020660400391e-01 2.575541019439697266e+00
8.654097318649291992e-01 2.549668312072753906e+00
8.664184212684631348e-01 2.554201602935791016e+00
8.674270510673522949e-01 2.489045619964599609e+00
8.684356808662414551e-01 2.560981750488281250e+00
8.694443106651306152e-01 2.581410169601440430e+00
8.704529404640197754e-01 2.557811975479125977e+00
8.714615702629089355e-01 2.586525201797485352e+00
8.724702000617980957e-01 2.625052452087402344e+00
8.734788298606872559e-01 2.602791309356689453e+00
8.744874596595764160e-01 2.624600887298583984e+00
8.754961490631103516e-01 2.639758110046386719e+00
8.765047788619995117e-01 2.583233833312988281e+00
8.775134086608886719e-01 2.577699184417724609e+00
8.785220384597778320e-01 2.608834743499755859e+00
8.795306682586669922e-01 2.608862638473510742e+00
8.805392980575561523e-01 2.637920618057250977e+00
8.815479278564453125e-01 2.613938570022583008e+00
8.825565576553344727e-01 2.607378959655761719e+00
8.835651874542236328e-01 2.652664184570312500e+00
8.845738172531127930e-01 2.623273134231567383e+00
8.855825066566467285e-01 2.659438848495483398e+00
8.865911364555358887e-01 2.648859977722167969e+00
8.875997662544250488e-01 2.661346912384033203e+00
8.886083960533142090e-01 2.670524358749389648e+00
8.896170258522033691e-01 2.671642780303955078e+00
8.906256556510925293e-01 2.645039796829223633e+00
8.916342854499816895e-01 2.669052124023437500e+00
8.926429152488708496e-01 2.717830896377563477e+00
8.936515450477600098e-01 2.695546627044677734e+00
8.946602344512939453e-01 2.717644691467285156e+00
8.956688642501831055e-01 2.676691532135009766e+00
8.966774940490722656e-01 2.652566671371459961e+00
8.976861238479614258e-01 2.674572944641113281e+00
8.986947536468505859e-01 2.696122884750366211e+00
8.997033834457397461e-01 2.679334163665771484e+00
9.007120132446289062e-01 2.753412961959838867e+00
9.017206430435180664e-01 2.685261011123657227e+00
9.027292728424072266e-01 2.756198167800903320e+00
9.037379026412963867e-01 2.725700616836547852e+00
9.047465920448303223e-01 2.728790283203125000e+00
9.057552218437194824e-01 2.751635551452636719e+00
9.067638516426086426e-01 2.755317926406860352e+00
9.077724814414978027e-01 2.759873628616333008e+00
9.087811112403869629e-01 2.769648313522338867e+00
9.097897410392761230e-01 2.749774932861328125e+00
9.107983708381652832e-01 2.758578062057495117e+00
9.118070006370544434e-01 2.759672403335571289e+00
9.128156304359436035e-01 2.779145717620849609e+00
9.138243198394775391e-01 2.761598825454711914e+00
9.148329496383666992e-01 2.798761844635009766e+00
9.158415794372558594e-01 2.777011632919311523e+00
9.168502092361450195e-01 2.819761753082275391e+00
9.178588390350341797e-01 2.830684900283813477e+00
9.188674688339233398e-01 2.808326959609985352e+00
9.198760986328125000e-01 2.787966251373291016e+00
9.208847284317016602e-01 2.784522771835327148e+00
9.218933582305908203e-01 2.760551452636718750e+00
9.229020476341247559e-01 2.805631637573242188e+00
9.239106774330139160e-01 2.824884414672851562e+00
9.249193072319030762e-01 2.831052303314208984e+00
9.259279370307922363e-01 2.819725990295410156e+00
9.269365668296813965e-01 2.832082033157348633e+00
9.279451966285705566e-01 2.882498741149902344e+00
9.289538264274597168e-01 2.864499092102050781e+00
9.299624562263488770e-01 2.767341375350952148e+00
9.309710860252380371e-01 2.786679267883300781e+00
9.319797158241271973e-01 2.896388292312622070e+00
9.329884052276611328e-01 2.908583164215087891e+00
9.339970350265502930e-01 2.897473335266113281e+00
9.350056648254394531e-01 2.893547534942626953e+00
9.360142946243286133e-01 2.883661270141601562e+00
9.370229244232177734e-01 2.962630748748779297e+00
9.380315542221069336e-01 2.882605314254760742e+00
9.390401840209960938e-01 2.940242767333984375e+00
9.400488138198852539e-01 2.922834873199462891e+00
9.410574436187744141e-01 2.892151355743408203e+00
9.420661330223083496e-01 2.906084537506103516e+00
9.430747628211975098e-01 2.910133123397827148e+00
9.440833926200866699e-01 2.910269498825073242e+00
9.450920224189758301e-01 2.951973915100097656e+00
9.461006522178649902e-01 2.904036998748779297e+00
9.471092820167541504e-01 2.972104787826538086e+00
9.481179118156433105e-01 2.949752569198608398e+00
9.491265416145324707e-01 2.961868524551391602e+00
9.501351714134216309e-01 2.960626125335693359e+00
9.511438012123107910e-01 2.918675661087036133e+00
9.521524906158447266e-01 3.033851146697998047e+00
9.531611204147338867e-01 2.956639289855957031e+00
9.541697502136230469e-01 2.955419778823852539e+00
9.551783800125122070e-01 2.960809230804443359e+00
9.561870098114013672e-01 2.934435367584228516e+00
9.571956396102905273e-01 3.050770998001098633e+00
9.582042694091796875e-01 3.009807109832763672e+00
9.592128992080688477e-01 2.974890470504760742e+00
9.602215290069580078e-01 2.970432281494140625e+00
9.612302184104919434e-01 3.050951957702636719e+00
9.622388482093811035e-01 3.024777173995971680e+00
9.632474780082702637e-01 3.030083179473876953e+00
9.642561078071594238e-01 2.987083911895751953e+00
9.652647376060485840e-01 3.037189006805419922e+00
9.662733674049377441e-01 3.037917137145996094e+00
9.672819972038269043e-01 3.032729148864746094e+00
9.682906270027160645e-01 3.026412010192871094e+00
9.692992568016052246e-01 3.036833763122558594e+00
9.703078866004943848e-01 3.054661989212036133e+00
9.713165760040283203e-01 3.048694133758544922e+00
9.723252058029174805e-01 3.116932153701782227e+00
9.733338356018066406e-01 3.062343358993530273e+00
9.743424654006958008e-01 3.069638729095458984e+00
9.753510951995849609e-01 3.090273380279541016e+00
9.763597249984741211e-01 3.119918823242187500e+00
9.773683547973632812e-01 3.050412416458129883e+00
9.783769845962524414e-01 3.106417179107666016e+00
9.793856143951416016e-01 3.095945596694946289e+00
9.803943037986755371e-01 3.125856876373291016e+00
9.814029335975646973e-01 3.066796302795410156e+00
9.824115633964538574e-01 3.132298231124877930e+00
9.834201931953430176e-01 3.157052040100097656e+00
9.844288229942321777e-01 3.126048088073730469e+00
9.854374527931213379e-01 3.146460533142089844e+00
9.864460825920104980e-01 3.166517972946166992e+00
9.874547123908996582e-01 3.192733764648437500e+00
9.884633421897888184e-01 3.177304744720458984e+00
9.894719719886779785e-01 3.189324855804443359e+00
9.904806613922119141e-01 3.221415519714355469e+00
9.914892911911010742e-01 3.152534246444702148e+00
9.924979209899902344e-01 3.157635927200317383e+00
9.935065507888793945e-01 3.237282037734985352e+00
9.945151805877685547e-01 3.254117012023925781e+00
9.955238103866577148e-01 3.228131294250488281e+00
9.965324401855468750e-01 3.178904771804809570e+00
9.975410699844360352e-01 3.277457237243652344e+00
9.985496997833251953e-01 3.249193191528320312e+00
9.995583891868591309e-01 3.241067409515380859e+00
1.000566959381103516e+00 3.292055606842041016e+00
1.001575589179992676e+00 3.282158136367797852e+00
1.002584218978881836e+00 3.307563781738281250e+00
1.003592848777770996e+00 3.276517391204833984e+00
1.004601597785949707e+00 3.274678945541381836e+00
1.005610227584838867e+00 3.239871263504028320e+00
1.006618857383728027e+00 3.265160560607910156e+00
1.007627487182617188e+00 3.331959247589111328e+00
1.008636116981506348e+00 3.245261192321777344e+00
1.009644746780395508e+00 3.349099159240722656e+00
1.010653376579284668e+00 3.309796571731567383e+00
1.011662006378173828e+00 3.388181447982788086e+00
1.012670636177062988e+00 3.358061790466308594e+00
1.013679265975952148e+00 3.324104309082031250e+00
1.014687895774841309e+00 3.217475652694702148e+00
1.015696525573730469e+00 3.242695569992065430e+00
1.016705155372619629e+00 3.354918956756591797e+00
1.017713785171508789e+00 3.412083148956298828e+00
1.018722414970397949e+00 3.411982536315917969e+00
1.019731044769287109e+00 3.407796859741210938e+00
1.020739674568176270e+00 3.412613391876220703e+00
1.021748304367065430e+00 3.378845691680908203e+00
1.022756934165954590e+00 3.402749300003051758e+00
1.023765683174133301e+00 3.449262142181396484e+00
1.024774312973022461e+00 3.420054197311401367e+00
1.025782942771911621e+00 3.430004835128784180e+00
1.026791572570800781e+00 3.446187257766723633e+00
1.027800202369689941e+00 3.457998752593994141e+00
1.028808832168579102e+00 3.516415119171142578e+00
1.029817461967468262e+00 3.329810857772827148e+00
1.030826091766357422e+00 3.421906948089599609e+00
1.031834721565246582e+00 3.432159185409545898e+00
1.032843351364135742e+00 3.423410177230834961e+00
1.033851981163024902e+00 3.461636543273925781e+00
1.034860610961914062e+00 3.452047586441040039e+00
1.035869240760803223e+00 3.407907485961914062e+00
1.036877870559692383e+00 3.406761169433593750e+00
1.037886500358581543e+00 3.400591611862182617e+00
1.038895130157470703e+00 3.437830448150634766e+00
1.039903759956359863e+00 3.511680841445922852e+00
1.040912389755249023e+00 3.473240613937377930e+00
1.041921019554138184e+00 3.486787080764770508e+00
1.042929768562316895e+00 3.587306022644042969e+00
1.043938398361206055e+00 3.568516969680786133e+00
1.044947028160095215e+00 3.465135335922241211e+00
1.045955657958984375e+00 3.517840623855590820e+00
1.046964287757873535e+00 3.498941898345947266e+00
1.047972917556762695e+00 3.487528562545776367e+00
1.048981547355651855e+00 3.629753589630126953e+00
1.049990177154541016e+00 3.492461681365966797e+00
1.050998806953430176e+00 3.555705070495605469e+00
1.052007436752319336e+00 3.592562437057495117e+00
1.053016066551208496e+00 3.530593156814575195e+00
1.054024696350097656e+00 3.561301708221435547e+00
1.055033326148986816e+00 3.601904869079589844e+00
1.056041955947875977e+00 3.600817918777465820e+00
1.057050585746765137e+00 3.675960302352905273e+00
1.058059215545654297e+00 3.434046983718872070e+00
1.059067845344543457e+00 3.459767103195190430e+00
1.060076475143432617e+00 3.528888463973999023e+00
1.061085104942321777e+00 3.574267148971557617e+00
1.062093853950500488e+00 3.612662792205810547e+00
1.063102483749389648e+00 3.551910877227783203e+00
1.064111113548278809e+00 3.620582580566406250e+00
1.065119743347167969e+00 3.595604658126831055e+00
1.066128373146057129e+00 3.570047855377197266e+00
1.067137002944946289e+00 3.592255115509033203e+00
1.068145632743835449e+00 3.614284038543701172e+00
1.069154262542724609e+00 3.588245153427124023e+00
1.070162892341613770e+00 3.712321281433105469e+00
1.071171522140502930e+00 3.656764030456542969e+00
1.072180151939392090e+00 3.633629322052001953e+00
1.073188781738281250e+00 3.692834377288818359e+00
1.074197411537170410e+00 3.677397727966308594e+00
1.075206041336059570e+00 3.600240707397460938e+00
1.076214671134948730e+00 3.664271354675292969e+00
1.077223300933837891e+00 3.728591442108154297e+00
1.078231930732727051e+00 3.765331029891967773e+00
1.079240560531616211e+00 3.689812183380126953e+00
1.080249190330505371e+00 3.797683477401733398e+00
1.081257939338684082e+00 3.779263973236083984e+00
1.082266569137573242e+00 3.713584899902343750e+00
1.083275198936462402e+00 3.644050836563110352e+00
1.084283828735351562e+00 3.726015567779541016e+00
1.085292458534240723e+00 3.810320377349853516e+00
1.086301088333129883e+00 3.737696647644042969e+00
1.087309718132019043e+00 3.667156696319580078e+00
1.088318347930908203e+00 3.721095323562622070e+00
1.089326977729797363e+00 3.838022947311401367e+00
1.090335607528686523e+00 3.729306459426879883e+00
1.091344237327575684e+00 3.773917913436889648e+00
1.092352867126464844e+00 3.820477008819580078e+00
1.093361496925354004e+00 3.804949283599853516e+00
1.094370126724243164e+00 3.773294210433959961e+00
1.095378756523132324e+00 3.804776668548583984e+00
1.096387386322021484e+00 3.699163913726806641e+00
1.097396016120910645e+00 3.786005735397338867e+00
1.098404645919799805e+00 3.774580240249633789e+00
1.099413275718688965e+00 3.745481014251708984e+00
1.100422024726867676e+00 3.719246149063110352e+00
1.101430654525756836e+00 3.867648601531982422e+00
1.102439284324645996e+00 3.774620771408081055e+00
1.103447914123535156e+00 3.763300180435180664e+00
1.104456543922424316e+00 3.760319232940673828e+00
1.105465173721313477e+00 3.750697851181030273e+00
1.106473803520202637e+00 3.843896389007568359e+00
1.107482433319091797e+00 3.714151859283447266e+00
1.108491063117980957e+00 3.900098085403442383e+00
1.109499692916870117e+00 3.944185495376586914e+00
1.110508322715759277e+00 3.864098310470581055e+00
1.111516952514648438e+00 3.742065191268920898e+00
1.112525582313537598e+00 3.763171195983886719e+00
1.113534212112426758e+00 3.864767074584960938e+00
1.114542841911315918e+00 3.920649766921997070e+00
1.115551471710205078e+00 4.007796764373779297e+00
1.116560101509094238e+00 3.960061550140380859e+00
1.117568731307983398e+00 3.864813804626464844e+00
1.118577361106872559e+00 3.790414094924926758e+00
1.119586110115051270e+00 3.918190956115722656e+00
1.120594739913940430e+00 3.861372709274291992e+00
1.121603369712829590e+00 3.837862253189086914e+00
1.122611999511718750e+00 3.876902580261230469e+00
1.123620629310607910e+00 3.976341724395751953e+00
1.124629259109497070e+00 4.080395698547363281e+00
1.125637888908386230e+00 3.882198572158813477e+00
1.126646518707275391e+00 3.876672267913818359e+00
1.127655148506164551e+00 3.992097139358520508e+00
1.128663778305053711e+00 3.994920969009399414e+00
1.129672408103942871e+00 3.829521656036376953e+00
1.130681037902832031e+00 3.998131513595581055e+00
1.131689667701721191e+00 3.941261529922485352e+00
1.132698297500610352e+00 4.051093578338623047e+00
1.133706927299499512e+00 4.004381656646728516e+00
1.134715557098388672e+00 3.928346633911132812e+00
1.135724186897277832e+00 3.904445171356201172e+00
1.136732816696166992e+00 4.055602073669433594e+00
1.137741446495056152e+00 4.058295726776123047e+00
1.138750195503234863e+00 3.821120500564575195e+00
1.139758825302124023e+00 3.971674680709838867e+00
1.140767455101013184e+00 4.063394546508789062e+00
1.141776084899902344e+00 4.178490638732910156e+00
1.142784714698791504e+00 4.116464138031005859e+00
1.143793344497680664e+00 3.953218698501586914e+00
1.144801974296569824e+00 3.824393510818481445e+00
1.145810604095458984e+00 3.902993202209472656e+00
1.146819233894348145e+00 4.105609416961669922e+00
1.147827863693237305e+00 3.967110395431518555e+00
1.148836493492126465e+00 3.946125984191894531e+00
1.149845123291015625e+00 3.974397897720336914e+00
1.150853753089904785e+00 3.962057828903198242e+00
1.151862382888793945e+00 3.978960990905761719e+00
1.152871012687683105e+00 4.151203632354736328e+00
1.153879642486572266e+00 4.309075832366943359e+00
1.154888272285461426e+00 4.099252700805664062e+00
1.155896902084350586e+00 4.096618175506591797e+00
1.156905531883239746e+00 4.221783638000488281e+00
1.157914280891418457e+00 4.055502891540527344e+00
1.158922910690307617e+00 4.075169086456298828e+00
1.159931540489196777e+00 3.962175846099853516e+00
1.160940170288085938e+00 4.289669990539550781e+00
1.161948800086975098e+00 4.062710285186767578e+00
1.162957429885864258e+00 4.204927921295166016e+00
1.163966059684753418e+00 4.161354064941406250e+00
1.164974689483642578e+00 4.015989303588867188e+00
1.165983319282531738e+00 4.195343017578125000e+00
1.166991949081420898e+00 4.050440788269042969e+00
1.168000578880310059e+00 4.259016036987304688e+00
1.169009208679199219e+00 4.345940589904785156e+00
1.170017838478088379e+00 4.317362785339355469e+00
1.171026468276977539e+00 4.287502765655517578e+00
1.172035098075866699e+00 4.172737598419189453e+00
1.173043727874755859e+00 4.017175674438476562e+00
1.174052357673645020e+00 4.222157955169677734e+00
1.175060987472534180e+00 4.227735042572021484e+00
1.176069617271423340e+00 4.069727420806884766e+00
1.177078366279602051e+00 4.139022827148437500e+00
1.178086996078491211e+00 4.254229068756103516e+00
1.179095625877380371e+00 4.225612640380859375e+00
1.180104255676269531e+00 4.050971508026123047e+00
1.181112885475158691e+00 4.070298671722412109e+00
1.182121515274047852e+00 4.323782444000244141e+00
1.183130145072937012e+00 4.539074420928955078e+00
1.184138774871826172e+00 4.148494243621826172e+00
1.185147404670715332e+00 4.103075027465820312e+00
1.186156034469604492e+00 4.454014778137207031e+00
1.187164664268493652e+00 3.951380491256713867e+00
1.188173294067382812e+00 4.175037860870361328e+00
1.189181923866271973e+00 4.066864013671875000e+00
1.190190553665161133e+00 4.023276329040527344e+00
1.191199183464050293e+00 4.272411346435546875e+00
1.192207813262939453e+00 4.077078819274902344e+00
1.193216443061828613e+00 4.193325519561767578e+00
1.194225072860717773e+00 4.014292240142822266e+00
1.195233702659606934e+00 3.879364252090454102e+00
1.196242451667785645e+00 4.587952613830566406e+00
1.197251081466674805e+00 3.680527448654174805e+00
1.198259711265563965e+00 4.097740173339843750e+00
1.199268341064453125e+00 4.209140300750732422e+00
1.200276970863342285e+00 4.280020236968994141e+00
1.201285600662231445e+00 4.390635490417480469e+00
1.202294230461120605e+00 4.399271965026855469e+00
1.203302860260009766e+00 3.893047332763671875e+00
1.204311490058898926e+00 4.157901287078857422e+00
1.205320119857788086e+00 3.973838806152343750e+00
1.206328749656677246e+00 4.053196430206298828e+00
1.207337379455566406e+00 4.652379512786865234e+00
1.208346009254455566e+00 3.742781162261962891e+00
1.209354639053344727e+00 2.996795177459716797e+00
