0.000000000000000000e+00 4.221419067382812500e+02
1.008636085316538811e-03 3.453615722656250000e+02
2.017272170633077621e-03 3.852307128906250000e+02
3.025908255949616432e-03 2.659681091308593750e+02
4.034544341266155243e-03 1.954165954589843750e+02
5.043180659413337708e-03 1.460599365234375000e+02
6.051816511899232864e-03 1.191114044189453125e+02
7.060452364385128021e-03 9.286961364746093750e+01
8.069088682532310486e-03 7.293650817871093750e+01
9.077725000679492950e-03 6.102208328247070312e+01
1.008636131882667542e-02 5.020610427856445312e+01
1.109499670565128326e-02 4.598382186889648438e+01
1.210363302379846573e-02 4.929547882080078125e+01
1.311226934194564819e-02 4.336542129516601562e+01
1.412090472877025604e-02 3.805358123779296875e+01
1.512954104691743851e-02 3.101463699340820312e+01
1.613817736506462097e-02 2.628976058959960938e+01
1.714681275188922882e-02 2.314982032775878906e+01
1.815545000135898590e-02 2.097297668457031250e+01
1.916408538818359375e-02 1.763702583312988281e+01
2.017272263765335083e-02 1.569726371765136719e+01
2.118135802447795868e-02 1.379992485046386719e+01
2.218999341130256653e-02 1.222467803955078125e+01
2.319863066077232361e-02 1.082729339599609375e+01
2.420726604759693146e-02 9.857007026672363281e+00
2.521590143442153931e-02 8.979435920715332031e+00
2.622453868389129639e-02 7.828247070312500000e+00
2.723317407071590424e-02 7.313932418823242188e+00
2.824180945754051208e-02 6.740386962890625000e+00
2.925044670701026917e-02 6.371446132659912109e+00
3.025908209383487701e-02 5.769872188568115234e+00
3.126771748065948486e-02 5.216884613037109375e+00
3.227635473012924194e-02 4.829820632934570312e+00
3.328499197959899902e-02 4.497350215911865234e+00
3.429362550377845764e-02 4.000887870788574219e+00
3.530226275324821472e-02 3.709896802902221680e+00
3.631090000271797180e-02 3.460173606872558594e+00
3.731953352689743042e-02 3.349447250366210938e+00
3.832817077636718750e-02 3.187050580978393555e+00
3.933680802583694458e-02 2.917211055755615234e+00
4.034544527530670166e-02 2.804870605468750000e+00
4.135407879948616028e-02 2.617384672164916992e+00
4.236271604895591736e-02 2.414291620254516602e+00
4.337135329842567444e-02 2.196343660354614258e+00
4.437998682260513306e-02 2.097233533859252930e+00
4.538862407207489014e-02 2.025179147720336914e+00
4.639726132154464722e-02 1.860311388969421387e+00
4.740589484572410583e-02 1.845315694808959961e+00
4.841453209519386292e-02 1.764681100845336914e+00
4.942316934466362000e-02 1.597644090652465820e+00
5.043180286884307861e-02 1.607809662818908691e+00
5.144044011831283569e-02 1.460069179534912109e+00
5.244907736778259277e-02 1.410384416580200195e+00
5.345771089196205139e-02 1.307861089706420898e+00
5.446634814143180847e-02 1.252663969993591309e+00
5.547498539090156555e-02 1.225419163703918457e+00
5.648361891508102417e-02 1.212636232376098633e+00
5.749225616455078125e-02 1.227336168289184570e+00
5.850089341402053833e-02 1.141817092895507812e+00
5.950953066349029541e-02 1.058347225189208984e+00
6.051816418766975403e-02 9.755364656448364258e-01
6.152680143713951111e-02 9.571929574012756348e-01
6.253543496131896973e-02 9.494442343711853027e-01
6.354407221078872681e-02 8.864904046058654785e-01
6.455270946025848389e-02 8.785308599472045898e-01
6.556134670972824097e-02 8.572834730148315430e-01
6.656998395919799805e-02 8.536047935485839844e-01
6.757862120866775513e-02 8.309306502342224121e-01
6.858725100755691528e-02 8.078018426895141602e-01
6.959588825702667236e-02 7.279180288314819336e-01
7.060452550649642944e-02 7.393933534622192383e-01
7.161316275596618652e-02 7.519190907478332520e-01
7.262180000543594360e-02 7.134532332420349121e-01
7.363043725490570068e-02 7.029688954353332520e-01
7.463906705379486084e-02 6.512938737869262695e-01
7.564770430326461792e-02 6.111536026000976562e-01
7.665634155273437500e-02 6.327236890792846680e-01
7.766497880220413208e-02 6.113721132278442383e-01
7.867361605167388916e-02 5.983311533927917480e-01
7.968225330114364624e-02 5.849679708480834961e-01
8.069089055061340332e-02 5.941808819770812988e-01
8.169952034950256348e-02 5.763664841651916504e-01
8.270815759897232056e-02 5.482053756713867188e-01
8.371679484844207764e-02 5.228831171989440918e-01
8.472543209791183472e-02 5.196658372879028320e-01
8.573406934738159180e-02 5.426643490791320801e-01
8.674270659685134888e-02 5.355080366134643555e-01
8.775133639574050903e-02 5.089642405509948730e-01
8.875997364521026611e-02 4.639050066471099854e-01
8.976861089468002319e-02 4.564873278141021729e-01
9.077724814414978027e-02 4.459813535213470459e-01
9.178588539361953735e-02 4.374906420707702637e-01
9.279452264308929443e-02 4.424635469913482666e-01
9.380315244197845459e-02 4.201173186302185059e-01
9.481178969144821167e-02 4.270366430282592773e-01
9.582042694091796875e-02 4.153312146663665771e-01
9.682906419038772583e-02 4.184722602367401123e-01
9.783770143985748291e-02 3.694928586483001709e-01
9.884633868932723999e-02 3.556482493877410889e-01
9.985497593879699707e-02 3.739389479160308838e-01
1.008636057376861572e-01 3.758515119552612305e-01
1.018722429871559143e-01 3.933763504028320312e-01
1.028808802366256714e-01 3.706710040569305420e-01
1.038895174860954285e-01 3.294237256050109863e-01
1.048981547355651855e-01 3.441879153251647949e-01
1.059067919850349426e-01 3.539189398288726807e-01
1.069154217839241028e-01 3.430557250976562500e-01
1.079240590333938599e-01 3.327721059322357178e-01
1.089326962828636169e-01 2.939159274101257324e-01
1.099413335323333740e-01 3.060859441757202148e-01
1.109499707818031311e-01 2.881515026092529297e-01
1.119586080312728882e-01 2.864444255828857422e-01
1.129672378301620483e-01 3.090117871761322021e-01
1.139758750796318054e-01 2.915787696838378906e-01
1.149845123291015625e-01 2.869038581848144531e-01
1.159931495785713196e-01 2.732351720333099365e-01
1.170017868280410767e-01 2.624861598014831543e-01
1.180104240775108337e-01 2.647585868835449219e-01
1.190190613269805908e-01 2.442500740289688110e-01
1.200276911258697510e-01 2.559814453125000000e-01
1.210363283753395081e-01 2.760160863399505615e-01
1.220449656248092651e-01 2.604840397834777832e-01
1.230536028742790222e-01 2.450088560581207275e-01
1.240622401237487793e-01 2.525515258312225342e-01
1.250708699226379395e-01 2.557825148105621338e-01
1.260795146226882935e-01 2.544344663619995117e-01
1.270881444215774536e-01 2.368446588516235352e-01
1.280967891216278076e-01 2.375840246677398682e-01
1.291054189205169678e-01 2.322356700897216797e-01
1.301140487194061279e-01 2.436762005090713501e-01
1.311226934194564819e-01 2.350477427244186401e-01
1.321313232183456421e-01 2.397100031375885010e-01
1.331399679183959961e-01 2.286783158779144287e-01
1.341485977172851562e-01 2.237541973590850830e-01
1.351572424173355103e-01 2.125487923622131348e-01
1.361658722162246704e-01 2.068377435207366943e-01
1.371745020151138306e-01 2.133453339338302612e-01
1.381831467151641846e-01 2.167277187108993530e-01
1.391917765140533447e-01 1.984559297561645508e-01
1.402004212141036987e-01 1.989436596632003784e-01
1.412090510129928589e-01 1.877915412187576294e-01
1.422176808118820190e-01 1.932201534509658813e-01
1.432263255119323730e-01 2.041831314563751221e-01
1.442349553108215332e-01 2.020789533853530884e-01
1.452436000108718872e-01 2.137852311134338379e-01
1.462522298097610474e-01 1.978175193071365356e-01
1.472608745098114014e-01 1.968595236539840698e-01
1.482695043087005615e-01 2.001047134399414062e-01
1.492781341075897217e-01 1.924411356449127197e-01
1.502867788076400757e-01 1.935056000947952271e-01
1.512954086065292358e-01 1.981615573167800903e-01
1.523040533065795898e-01 1.957507431507110596e-01
1.533126831054687500e-01 1.926608532667160034e-01
1.543213278055191040e-01 1.745775490999221802e-01
1.553299576044082642e-01 1.946404874324798584e-01
1.563385874032974243e-01 1.882407367229461670e-01
1.573472321033477783e-01 1.703179925680160522e-01
1.583558619022369385e-01 1.821020990610122681e-01
1.593645066022872925e-01 1.733558177947998047e-01
1.603731364011764526e-01 1.794986426830291748e-01
1.613817811012268066e-01 1.984354555606842041e-01
1.623904109001159668e-01 1.794081926345825195e-01
1.633990406990051270e-01 1.894298344850540161e-01
1.644076853990554810e-01 1.694038659334182739e-01
1.654163151979446411e-01 1.772471368312835693e-01
1.664249598979949951e-01 1.666222512722015381e-01
1.674335896968841553e-01 1.626067161560058594e-01
1.684422194957733154e-01 1.591973602771759033e-01
1.694508641958236694e-01 1.570974886417388916e-01
1.704594939947128296e-01 1.553231924772262573e-01
1.714681386947631836e-01 1.602323204278945923e-01
1.724767684936523438e-01 1.572988629341125488e-01
1.734854131937026978e-01 1.521118581295013428e-01
1.744940429925918579e-01 1.608162820339202881e-01
1.755026727914810181e-01 1.544949114322662354e-01
1.765113174915313721e-01 1.383991688489913940e-01
1.775199472904205322e-01 1.582409441471099854e-01
1.785285919904708862e-01 1.625559777021408081e-01
1.795372217893600464e-01 1.533025205135345459e-01
1.805458664894104004e-01 1.466196477413177490e-01
1.815544962882995605e-01 1.511404067277908325e-01
1.825631260871887207e-01 1.559012234210968018e-01
1.835717707872390747e-01 1.442477554082870483e-01
1.845804005861282349e-01 1.438455134630203247e-01
1.855890452861785889e-01 1.655429452657699585e-01
1.865976750850677490e-01 1.598403602838516235e-01
1.876063048839569092e-01 1.406459659337997437e-01
1.886149495840072632e-01 1.356423944234848022e-01
1.896235793828964233e-01 1.453787833452224731e-01
1.906322240829467773e-01 1.391110867261886597e-01
1.916408538818359375e-01 1.453542560338973999e-01
1.926494985818862915e-01 1.338692903518676758e-01
1.936581283807754517e-01 1.449299156665802002e-01
1.946667581796646118e-01 1.501363664865493774e-01
1.956754028797149658e-01 1.534839123487472534e-01
1.966840326786041260e-01 1.385554820299148560e-01
1.976926773786544800e-01 1.422386765480041504e-01
1.987013071775436401e-01 1.384231597185134888e-01
1.997099518775939941e-01 1.351706385612487793e-01
2.007185816764831543e-01 1.420535296201705933e-01
2.017272114753723145e-01 1.394900977611541748e-01
2.027358561754226685e-01 1.348540931940078735e-01
2.037444859743118286e-01 1.449794322252273560e-01
2.047531306743621826e-01 1.342436224222183228e-01
2.057617604732513428e-01 1.408773064613342285e-01
2.067703902721405029e-01 1.359125822782516479e-01
2.077790349721908569e-01 1.361126750707626343e-01
2.087876647710800171e-01 1.369004249572753906e-01
2.097963094711303711e-01 1.273131966590881348e-01
2.108049392700195312e-01 1.295495033264160156e-01
2.118135839700698853e-01 1.327193528413772583e-01
2.128222137689590454e-01 1.337817907333374023e-01
2.138308435678482056e-01 1.415610760450363159e-01
2.148394882678985596e-01 1.311389356851577759e-01
2.158481180667877197e-01 1.386680006980895996e-01
2.168567627668380737e-01 1.334860771894454956e-01
2.178653925657272339e-01 1.259762644767761230e-01
2.188740372657775879e-01 1.263481974601745605e-01
2.198826670646667480e-01 1.336151212453842163e-01
2.208912968635559082e-01 1.267375499010086060e-01
2.218999415636062622e-01 1.310710906982421875e-01
2.229085713624954224e-01 1.219595670700073242e-01
2.239172160625457764e-01 1.428585201501846313e-01
2.249258458614349365e-01 1.283357441425323486e-01
2.259344756603240967e-01 1.225324273109436035e-01
2.269431203603744507e-01 1.284391731023788452e-01
2.279517501592636108e-01 1.315566003322601318e-01
2.289603948593139648e-01 1.392904520034790039e-01
2.299690246582031250e-01 1.341736763715744019e-01
2.309776693582534790e-01 1.294495910406112671e-01
2.319862991571426392e-01 1.295747905969619751e-01
2.329949289560317993e-01 1.210404336452484131e-01
2.340035736560821533e-01 1.335578560829162598e-01
2.350122034549713135e-01 1.281345337629318237e-01
2.360208481550216675e-01 1.181301474571228027e-01
2.370294779539108276e-01 1.215804144740104675e-01
2.380381226539611816e-01 1.188467368483543396e-01
2.390467524528503418e-01 1.245004981756210327e-01
2.400553822517395020e-01 1.206495016813278198e-01
2.410640269517898560e-01 1.309556066989898682e-01
2.420726567506790161e-01 1.710135638713836670e-01
2.430813014507293701e-01 2.778943181037902832e-01
2.440899312496185303e-01 1.197005584836006165e-01
2.450985759496688843e-01 1.203598827123641968e-01
2.461072057485580444e-01 1.267062276601791382e-01
2.471158355474472046e-01 1.229635626077651978e-01
2.481244802474975586e-01 1.164453551173210144e-01
2.491331100463867188e-01 1.214611381292343140e-01
2.501417398452758789e-01 1.289333701133728027e-01
2.511503994464874268e-01 1.234709694981575012e-01
2.521590292453765869e-01 1.246770098805427551e-01
2.531676590442657471e-01 1.213164776563644409e-01
2.541762888431549072e-01 1.214218959212303162e-01
2.551849186420440674e-01 1.205350756645202637e-01
2.561935782432556152e-01 1.186874881386756897e-01
2.572022080421447754e-01 1.293229311704635620e-01
2.582108378410339355e-01 1.261229962110519409e-01
2.592194676399230957e-01 1.239639893174171448e-01
2.602280974388122559e-01 1.212876215577125549e-01
2.612367570400238037e-01 1.266541779041290283e-01
2.622453868389129639e-01 1.289480030536651611e-01
2.632540166378021240e-01 1.184021458029747009e-01
2.642626464366912842e-01 1.141661107540130615e-01
2.652712762355804443e-01 1.116129457950592041e-01
2.662799358367919922e-01 1.101893782615661621e-01
2.672885656356811523e-01 1.146324053406715393e-01
2.682971954345703125e-01 1.181958243250846863e-01
2.693058252334594727e-01 1.328322142362594604e-01
2.703144848346710205e-01 1.270635426044464111e-01
2.713231146335601807e-01 1.188440993428230286e-01
2.723317444324493408e-01 1.339266747236251831e-01
2.733403742313385010e-01 1.223859116435050964e-01
2.743490040302276611e-01 1.251304745674133301e-01
2.753576636314392090e-01 1.190527454018592834e-01
2.763662934303283691e-01 1.158748716115951538e-01
2.773749232292175293e-01 1.257743388414382935e-01
2.783835530281066895e-01 1.265874952077865601e-01
2.793921828269958496e-01 1.226455122232437134e-01
2.804008424282073975e-01 1.261031925678253174e-01
2.814094722270965576e-01 1.231619119644165039e-01
2.824181020259857178e-01 1.167912408709526062e-01
2.834267318248748779e-01 1.257071942090988159e-01
2.844353616237640381e-01 1.173089146614074707e-01
2.854440212249755859e-01 1.225538700819015503e-01
2.864526510238647461e-01 1.186876669526100159e-01
2.874612808227539062e-01 1.185908019542694092e-01
2.884699106216430664e-01 1.198604777455329895e-01
2.894785702228546143e-01 1.128436699509620667e-01
2.904872000217437744e-01 1.131888777017593384e-01
2.914958298206329346e-01 1.224724650382995605e-01
2.925044596195220947e-01 1.163150817155838013e-01
2.935130894184112549e-01 1.135840937495231628e-01
2.945217490196228027e-01 1.174630373716354370e-01
2.955303788185119629e-01 1.253111809492111206e-01
2.965390086174011230e-01 1.254106462001800537e-01
2.975476384162902832e-01 1.249983683228492737e-01
2.985562682151794434e-01 1.141031011939048767e-01
2.995649278163909912e-01 1.156136915087699890e-01
3.005735576152801514e-01 1.112216636538505554e-01
3.015821874141693115e-01 1.243261024355888367e-01
3.025908172130584717e-01 1.322286278009414673e-01
3.035994470119476318e-01 1.293936818838119507e-01
3.046081066131591797e-01 1.252590119838714600e-01
3.056167364120483398e-01 1.191246435046195984e-01
3.066253662109375000e-01 1.247531771659851074e-01
3.076339960098266602e-01 1.252663433551788330e-01
3.086426556110382080e-01 1.215319931507110596e-01
3.096512854099273682e-01 1.195535808801651001e-01
3.106599152088165283e-01 1.278252303600311279e-01
3.116685450077056885e-01 1.242845728993415833e-01
3.126771748065948486e-01 1.157736405730247498e-01
3.136858344078063965e-01 1.162447631359100342e-01
3.146944642066955566e-01 1.203059777617454529e-01
3.157030940055847168e-01 1.169782802462577820e-01
3.167117238044738770e-01 1.262252032756805420e-01
3.177203536033630371e-01 1.246173828840255737e-01
3.187290132045745850e-01 1.233860403299331665e-01
3.197376430034637451e-01 1.258102655410766602e-01
3.207462728023529053e-01 1.338946819305419922e-01
3.217549026012420654e-01 1.278945505619049072e-01
3.227635622024536133e-01 1.287625879049301147e-01
3.237721920013427734e-01 1.204942986369132996e-01
3.247808218002319336e-01 1.276447027921676636e-01
3.257894515991210938e-01 1.213875040411949158e-01
3.267980813980102539e-01 1.311250180006027222e-01
3.278067409992218018e-01 1.397338211536407471e-01
3.288153707981109619e-01 1.218577995896339417e-01
3.298240005970001221e-01 1.277264058589935303e-01
3.308326303958892822e-01 1.258058100938796997e-01
3.318412601947784424e-01 1.231090202927589417e-01
3.328499197959899902e-01 1.276456415653228760e-01
3.338585495948791504e-01 1.256514340639114380e-01
3.348671793937683105e-01 1.260412782430648804e-01
3.358758091926574707e-01 1.243740990757942200e-01
3.368844389915466309e-01 1.335424929857254028e-01
3.378930985927581787e-01 1.248387619853019714e-01
3.389017283916473389e-01 1.303069740533828735e-01
3.399103581905364990e-01 1.401905268430709839e-01
3.409189879894256592e-01 1.299919635057449341e-01
3.419276475906372070e-01 1.227622851729393005e-01
3.429362773895263672e-01 1.189939603209495544e-01
3.439449071884155273e-01 1.209829077124595642e-01
3.449535369873046875e-01 1.206029057502746582e-01
3.459621667861938477e-01 1.302840411663055420e-01
3.469708263874053955e-01 1.253898441791534424e-01
3.479794561862945557e-01 1.303879022598266602e-01
3.489880859851837158e-01 1.304340064525604248e-01
3.499967157840728760e-01 1.285881400108337402e-01
3.510053455829620361e-01 1.268955469131469727e-01
3.520140051841735840e-01 1.329595446586608887e-01
3.530226349830627441e-01 1.374192833900451660e-01
3.540312647819519043e-01 1.271583437919616699e-01
3.550398945808410645e-01 1.275492310523986816e-01
3.560485243797302246e-01 1.339576691389083862e-01
3.570571839809417725e-01 1.347805708646774292e-01
3.580658137798309326e-01 1.348126679658889771e-01
3.590744435787200928e-01 1.351649612188339233e-01
3.600830733776092529e-01 1.254951655864715576e-01
3.610917329788208008e-01 1.339722722768783569e-01
3.621003627777099609e-01 1.342464238405227661e-01
3.631089925765991211e-01 1.349945366382598877e-01
3.641176223754882812e-01 1.380675286054611206e-01
3.651262521743774414e-01 1.356240957975387573e-01
3.661349117755889893e-01 1.323792785406112671e-01
3.671435415744781494e-01 1.376985609531402588e-01
3.681521713733673096e-01 1.347971111536026001e-01
3.691608011722564697e-01 1.295722275972366333e-01
3.701694309711456299e-01 1.324673742055892944e-01
3.711780905723571777e-01 1.330409497022628784e-01
3.721867203712463379e-01 1.388913244009017944e-01
3.731953501701354980e-01 1.375292390584945679e-01
3.742039799690246582e-01 1.361145675182342529e-01
3.752126097679138184e-01 1.393581777811050415e-01
3.762212693691253662e-01 1.337950676679611206e-01
3.772298991680145264e-01 1.353139877319335938e-01
3.782385289669036865e-01 1.260839104652404785e-01
3.792471587657928467e-01 1.288938224315643311e-01
3.802558183670043945e-01 1.462103277444839478e-01
3.812644481658935547e-01 1.363185048103332520e-01
3.822730779647827148e-01 1.414201110601425171e-01
3.832817077636718750e-01 1.439400315284729004e-01
3.842903375625610352e-01 1.318455636501312256e-01
3.852989971637725830e-01 1.265744566917419434e-01
3.863076269626617432e-01 1.285531222820281982e-01
3.873162567615509033e-01 1.349631994962692261e-01
3.883248865604400635e-01 1.362421214580535889e-01
3.893335163593292236e-01 1.364263296127319336e-01
3.903421759605407715e-01 1.363100260496139526e-01
3.913508057594299316e-01 1.331025063991546631e-01
3.923594355583190918e-01 1.349097192287445068e-01
3.933680653572082520e-01 1.325617730617523193e-01
3.943766951560974121e-01 1.431311368942260742e-01
3.953853547573089600e-01 1.378669738769531250e-01
3.963939845561981201e-01 1.384303569793701172e-01
3.974026143550872803e-01 1.395472884178161621e-01
3.984112441539764404e-01 1.428478360176086426e-01
3.994199037551879883e-01 1.430276334285736084e-01
4.004285335540771484e-01 1.412875950336456299e-01
4.014371633529663086e-01 1.416368335485458374e-01
4.024457931518554688e-01 1.331108510494232178e-01
4.034544229507446289e-01 1.353389769792556763e-01
4.044630825519561768e-01 1.391569674015045166e-01
4.054717123508453369e-01 1.434852927923202515e-01
4.064803421497344971e-01 1.362796723842620850e-01
4.074889719486236572e-01 1.400761157274246216e-01
4.084976017475128174e-01 1.396493464708328247e-01
4.095062613487243652e-01 1.410675644874572754e-01
4.105148911476135254e-01 1.469449847936630249e-01
4.115235209465026855e-01 1.413416862487792969e-01
4.125321507453918457e-01 1.416356414556503296e-01
4.135407805442810059e-01 1.411589235067367554e-01
4.145494401454925537e-01 1.484579443931579590e-01
4.155580699443817139e-01 1.405526697635650635e-01
4.165666997432708740e-01 1.364152878522872925e-01
4.175753295421600342e-01 1.430067718029022217e-01
4.185839891433715820e-01 1.449052840471267700e-01
4.195926189422607422e-01 1.342490613460540771e-01
4.206012487411499023e-01 1.316279470920562744e-01
4.216098785400390625e-01 1.384497731924057007e-01
4.226185083389282227e-01 1.393894255161285400e-01
4.236271679401397705e-01 1.348213553428649902e-01
4.246357977390289307e-01 1.361559480428695679e-01
4.256444275379180908e-01 1.455540508031845093e-01
4.266530573368072510e-01 1.471824198961257935e-01
4.276616871356964111e-01 1.430269032716751099e-01
4.286703467369079590e-01 1.454963237047195435e-01
4.296789765357971191e-01 1.365537494421005249e-01
4.306876063346862793e-01 1.392130553722381592e-01
4.316962361335754395e-01 1.347848773002624512e-01
4.327048659324645996e-01 1.398098319768905640e-01
4.337135255336761475e-01 1.368803232908248901e-01
4.347221553325653076e-01 1.421998143196105957e-01
4.357307851314544678e-01 1.398893594741821289e-01
4.367394149303436279e-01 1.362812668085098267e-01
4.377480745315551758e-01 1.406204849481582642e-01
4.387567043304443359e-01 1.448428481817245483e-01
4.397653341293334961e-01 1.401558816432952881e-01
4.407739639282226562e-01 1.412443071603775024e-01
4.417825937271118164e-01 1.385231018066406250e-01
4.427912533283233643e-01 1.442965120077133179e-01
4.437998831272125244e-01 1.444346755743026733e-01
4.448085129261016846e-01 1.450053304433822632e-01
4.458171427249908447e-01 1.401351392269134521e-01
4.468257725238800049e-01 1.430882066488265991e-01
4.478344321250915527e-01 1.416791826486587524e-01
4.488430619239807129e-01 1.493827402591705322e-01
4.498516917228698730e-01 1.452350467443466187e-01
4.508603215217590332e-01 1.483232825994491577e-01
4.518689513206481934e-01 1.419854164123535156e-01
4.528776109218597412e-01 1.427976191043853760e-01
4.538862407207489014e-01 1.363091915845870972e-01
4.548948705196380615e-01 1.424725055694580078e-01
4.559035003185272217e-01 1.382922828197479248e-01
4.569121599197387695e-01 1.402856111526489258e-01
4.579207897186279297e-01 1.447522491216659546e-01
4.589294195175170898e-01 1.371861547231674194e-01
4.599380493164062500e-01 1.408782303333282471e-01
4.609466791152954102e-01 1.387016326189041138e-01
4.619553387165069580e-01 1.440283507108688354e-01
4.629639685153961182e-01 1.339605450630187988e-01
4.639725983142852783e-01 1.332075446844100952e-01
4.649812281131744385e-01 1.419374942779541016e-01
4.659898579120635986e-01 1.456314623355865479e-01
4.669985175132751465e-01 1.448171883821487427e-01
4.680071473121643066e-01 1.389092206954956055e-01
4.690157771110534668e-01 1.414149105548858643e-01
4.700244069099426270e-01 1.411255747079849243e-01
4.710330665111541748e-01 1.403479129076004028e-01
4.720416963100433350e-01 1.407105922698974609e-01
4.730503261089324951e-01 1.397226899862289429e-01
4.740589559078216553e-01 1.474511921405792236e-01
4.750675857067108154e-01 1.480493396520614624e-01
4.760762453079223633e-01 1.502544581890106201e-01
4.770848751068115234e-01 1.480981111526489258e-01
4.780935049057006836e-01 1.414524912834167480e-01
4.791021347045898438e-01 1.468079984188079834e-01
4.801107645034790039e-01 1.445877999067306519e-01
4.811194241046905518e-01 1.414650827646255493e-01
4.821280539035797119e-01 1.388191878795623779e-01
4.831366837024688721e-01 1.419623941183090210e-01
4.841453135013580322e-01 1.384300589561462402e-01
4.851539433002471924e-01 1.379455626010894775e-01
4.861626029014587402e-01 1.394080817699432373e-01
4.871712327003479004e-01 1.468582749366760254e-01
4.881798624992370605e-01 1.507067680358886719e-01
4.891884922981262207e-01 1.518191248178482056e-01
4.901971518993377686e-01 1.488547921180725098e-01
4.912057816982269287e-01 1.471643000841140747e-01
4.922144114971160889e-01 1.505574136972427368e-01
4.932230412960052490e-01 1.497896611690521240e-01
4.942316710948944092e-01 1.480887383222579956e-01
4.952403306961059570e-01 1.428918391466140747e-01
4.962489604949951172e-01 1.452295184135437012e-01
4.972575902938842773e-01 1.437074095010757446e-01
4.982662200927734375e-01 1.417842507362365723e-01
4.992748498916625977e-01 1.454215198755264282e-01
5.002834796905517578e-01 1.409443169832229614e-01
5.012921094894409180e-01 1.465583294630050659e-01
5.023007988929748535e-01 1.453547924757003784e-01
5.033094286918640137e-01 1.372483223676681519e-01
5.043180584907531738e-01 2.095913589000701904e-01
5.053266882896423340e-01 1.716802269220352173e-01
5.063353180885314941e-01 1.455841660499572754e-01
5.073439478874206543e-01 1.418379992246627808e-01
5.083525776863098145e-01 1.435714364051818848e-01
5.093612074851989746e-01 1.431748867034912109e-01
5.103698372840881348e-01 1.400212943553924561e-01
5.113784670829772949e-01 1.367719769477844238e-01
5.123871564865112305e-01 1.365231275558471680e-01
5.133957862854003906e-01 1.383988410234451294e-01
5.144044160842895508e-01 1.358751952648162842e-01
5.154130458831787109e-01 1.447621881961822510e-01
5.164216756820678711e-01 1.385753452777862549e-01
5.174303054809570312e-01 1.320932805538177490e-01
5.184389352798461914e-01 1.362310498952865601e-01
5.194475650787353516e-01 1.304672360420227051e-01
5.204561948776245117e-01 1.317210346460342407e-01
5.214648842811584473e-01 1.360593140125274658e-01
5.224735140800476074e-01 1.377065926790237427e-01
5.234821438789367676e-01 1.435974985361099243e-01
5.244907736778259277e-01 1.337294578552246094e-01
5.254994034767150879e-01 1.251486539840698242e-01
5.265080332756042480e-01 1.307345330715179443e-01
5.275166630744934082e-01 1.343838572502136230e-01
5.285252928733825684e-01 1.296328902244567871e-01
5.295339226722717285e-01 1.276269704103469849e-01
5.305425524711608887e-01 1.338653862476348877e-01
5.315512418746948242e-01 1.384692043066024780e-01
5.325598716735839844e-01 1.357727795839309692e-01
5.335685014724731445e-01 1.344038099050521851e-01
5.345771312713623047e-01 1.334294825792312622e-01
5.355857610702514648e-01 1.362733393907546997e-01
5.365943908691406250e-01 1.400930434465408325e-01
5.376030206680297852e-01 1.401305347681045532e-01
5.386116504669189453e-01 1.368226259946823120e-01
5.396202802658081055e-01 1.473831534385681152e-01
5.406289696693420410e-01 1.393001079559326172e-01
5.416375994682312012e-01 1.376730054616928101e-01
5.426462292671203613e-01 1.369496583938598633e-01
5.436548590660095215e-01 1.361825615167617798e-01
5.446634888648986816e-01 1.331751197576522827e-01
5.456721186637878418e-01 1.467095911502838135e-01
5.466807484626770020e-01 1.447683870792388916e-01
5.476893782615661621e-01 1.450814008712768555e-01
5.486980080604553223e-01 1.382829397916793823e-01
5.497066378593444824e-01 1.419855952262878418e-01
5.507153272628784180e-01 1.437431424856185913e-01
5.517239570617675781e-01 1.441337913274765015e-01
5.527325868606567383e-01 1.544225215911865234e-01
5.537412166595458984e-01 1.530570387840270996e-01
5.547498464584350586e-01 1.499443203210830688e-01
5.557584762573242188e-01 1.505914181470870972e-01
5.567671060562133789e-01 1.500891298055648804e-01
5.577757358551025391e-01 1.502079367637634277e-01
5.587843656539916992e-01 1.502353549003601074e-01
5.597930550575256348e-01 1.510125398635864258e-01
5.608016848564147949e-01 1.545057147741317749e-01
5.618103146553039551e-01 1.575748324394226074e-01
5.628189444541931152e-01 1.566174626350402832e-01
5.638275742530822754e-01 1.612585932016372681e-01
5.648362040519714355e-01 1.585586071014404297e-01
5.658448338508605957e-01 1.554061323404312134e-01
5.668534636497497559e-01 1.501461118459701538e-01
5.678620934486389160e-01 1.591474413871765137e-01
5.688707232475280762e-01 1.619544178247451782e-01
5.698794126510620117e-01 1.612960696220397949e-01
5.708880424499511719e-01 1.575176119804382324e-01
5.718966722488403320e-01 1.604765057563781738e-01
5.729053020477294922e-01 1.597006618976593018e-01
5.739139318466186523e-01 1.595464795827865601e-01
5.749225616455078125e-01 1.644571870565414429e-01
5.759311914443969727e-01 1.658808887004852295e-01
5.769398212432861328e-01 1.600700467824935913e-01
5.779484510421752930e-01 1.619251966476440430e-01
5.789571404457092285e-01 1.716915518045425415e-01
5.799657702445983887e-01 1.644495874643325806e-01
5.809744000434875488e-01 1.545530259609222412e-01
5.819830298423767090e-01 1.745598018169403076e-01
5.829916596412658691e-01 1.675171554088592529e-01
5.840002894401550293e-01 1.685448735952377319e-01
5.850089192390441895e-01 1.698277741670608521e-01
5.860175490379333496e-01 1.728615164756774902e-01
5.870261788368225098e-01 1.684763431549072266e-01
5.880348086357116699e-01 1.679315865039825439e-01
5.890434980392456055e-01 1.673438996076583862e-01
5.900521278381347656e-01 1.677860915660858154e-01
5.910607576370239258e-01 1.630223691463470459e-01
5.920693874359130859e-01 1.616810411214828491e-01
5.930780172348022461e-01 1.704317033290863037e-01
5.940866470336914062e-01 1.684533208608627319e-01
5.950952768325805664e-01 1.653666496276855469e-01
5.961039066314697266e-01 1.704915165901184082e-01
5.971125364303588867e-01 1.701400578022003174e-01
5.981212258338928223e-01 1.709922105073928833e-01
5.991298556327819824e-01 1.689160615205764771e-01
6.001384854316711426e-01 1.688661873340606689e-01
6.011471152305603027e-01 1.784853786230087280e-01
6.021557450294494629e-01 1.742909699678421021e-01
6.031643748283386230e-01 1.743393689393997192e-01
6.041730046272277832e-01 1.734251081943511963e-01
6.051816344261169434e-01 1.749222129583358765e-01
6.061902642250061035e-01 1.766059547662734985e-01
6.071988940238952637e-01 1.760166585445404053e-01
6.082075834274291992e-01 1.737171411514282227e-01
6.092162132263183594e-01 1.858275979757308960e-01
6.102248430252075195e-01 1.752658188343048096e-01
6.112334728240966797e-01 1.812963932752609253e-01
6.122421026229858398e-01 1.878053843975067139e-01
6.132507324218750000e-01 1.857034564018249512e-01
6.142593622207641602e-01 1.745632737874984741e-01
6.152679920196533203e-01 1.805860698223114014e-01
6.162766218185424805e-01 1.814436763525009155e-01
6.172853112220764160e-01 1.820997446775436401e-01
6.182939410209655762e-01 1.859669983386993408e-01
6.193025708198547363e-01 1.853420287370681763e-01
6.203112006187438965e-01 1.828021109104156494e-01
6.213198304176330566e-01 1.894903928041458130e-01
6.223284602165222168e-01 1.847969293594360352e-01
6.233370900154113770e-01 1.806957423686981201e-01
6.243457198143005371e-01 1.806818246841430664e-01
6.253543496131896973e-01 1.847577393054962158e-01
6.263629794120788574e-01 1.846698671579360962e-01
6.273716688156127930e-01 1.833639144897460938e-01
6.283802986145019531e-01 1.882231831550598145e-01
6.293889284133911133e-01 1.821524351835250854e-01
6.303975582122802734e-01 1.819633245468139648e-01
6.314061880111694336e-01 1.810393780469894409e-01
6.324148178100585938e-01 1.920188218355178833e-01
6.334234476089477539e-01 1.785704791545867920e-01
6.344320774078369141e-01 1.871665269136428833e-01
6.354407072067260742e-01 1.801569163799285889e-01
6.364493966102600098e-01 1.839668452739715576e-01
6.374580264091491699e-01 1.796176135540008545e-01
6.384666562080383301e-01 1.827883273363113403e-01
6.394752860069274902e-01 1.887573301792144775e-01
6.404839158058166504e-01 1.952439695596694946e-01
6.414925456047058105e-01 1.812665760517120361e-01
6.425011754035949707e-01 1.814742535352706909e-01
6.435098052024841309e-01 2.004184275865554810e-01
6.445184350013732910e-01 1.999520659446716309e-01
6.455271244049072266e-01 2.026627212762832642e-01
6.465357542037963867e-01 1.946440786123275757e-01
6.475443840026855469e-01 1.924732774496078491e-01
6.485530138015747070e-01 1.972159445285797119e-01
6.495616436004638672e-01 1.986733078956604004e-01
6.505702733993530273e-01 1.857507228851318359e-01
6.515789031982421875e-01 1.879085898399353027e-01
6.525875329971313477e-01 1.925108283758163452e-01
6.535961627960205078e-01 1.917721331119537354e-01
6.546047925949096680e-01 1.909089386463165283e-01
6.556134819984436035e-01 1.846306771039962769e-01
6.566221117973327637e-01 1.926227658987045288e-01
6.576307415962219238e-01 1.971472352743148804e-01
6.586393713951110840e-01 2.006146162748336792e-01
6.596480011940002441e-01 2.103729397058486938e-01
6.606566309928894043e-01 1.982562094926834106e-01
6.616652607917785645e-01 1.957946419715881348e-01
6.626738905906677246e-01 1.938189119100570679e-01
6.636825203895568848e-01 1.895814836025238037e-01
6.646912097930908203e-01 1.995601058006286621e-01
6.656998395919799805e-01 1.918091922998428345e-01
6.667084693908691406e-01 1.986826807260513306e-01
6.677170991897583008e-01 1.888138353824615479e-01
6.687257289886474609e-01 1.925902962684631348e-01
6.697343587875366211e-01 1.875345706939697266e-01
6.707429885864257812e-01 1.975104957818984985e-01
6.717516183853149414e-01 2.019226402044296265e-01
6.727602481842041016e-01 1.911933422088623047e-01
6.737688779830932617e-01 2.081580907106399536e-01
6.747775673866271973e-01 2.060351371765136719e-01
6.757861971855163574e-01 1.985784918069839478e-01
6.767948269844055176e-01 1.947581619024276733e-01
6.778034567832946777e-01 2.025367766618728638e-01
6.788120865821838379e-01 1.986902356147766113e-01
6.798207163810729980e-01 2.010565251111984253e-01
6.808293461799621582e-01 2.101247310638427734e-01
6.818379759788513184e-01 2.068158090114593506e-01
6.828466057777404785e-01 2.035996615886688232e-01
6.838552951812744141e-01 2.153922021389007568e-01
6.848639249801635742e-01 2.057564258575439453e-01
6.858725547790527344e-01 1.961686611175537109e-01
6.868811845779418945e-01 1.964517831802368164e-01
6.878898143768310547e-01 2.060420066118240356e-01
6.888984441757202148e-01 2.093050628900527954e-01
6.899070739746093750e-01 2.006368041038513184e-01
6.909157037734985352e-01 2.014899253845214844e-01
6.919243335723876953e-01 2.039219588041305542e-01
6.929329633712768555e-01 2.013840824365615845e-01
6.939416527748107910e-01 1.993257403373718262e-01
6.949502825736999512e-01 1.982747316360473633e-01
6.959589123725891113e-01 2.026195228099822998e-01
6.969675421714782715e-01 2.052333354949951172e-01
6.979761719703674316e-01 2.080653458833694458e-01
6.989848017692565918e-01 2.123152613639831543e-01
6.999934315681457520e-01 2.173951417207717896e-01
7.010020613670349121e-01 2.127594947814941406e-01
7.020106911659240723e-01 2.156555652618408203e-01
7.030193805694580078e-01 2.166340947151184082e-01
7.040280103683471680e-01 2.105209529399871826e-01
7.050366401672363281e-01 2.102821022272109985e-01
7.060452699661254883e-01 2.167646735906600952e-01
7.070538997650146484e-01 2.226273715496063232e-01
7.080625295639038086e-01 2.120796740055084229e-01
7.090711593627929688e-01 2.147928327322006226e-01
7.100797891616821289e-01 2.137773633003234863e-01
7.110884189605712891e-01 2.022929489612579346e-01
7.120970487594604492e-01 2.151224464178085327e-01
7.131057381629943848e-01 2.235953509807586670e-01
7.141143679618835449e-01 2.206856906414031982e-01
7.151229977607727051e-01 2.192474901676177979e-01
7.161316275596618652e-01 2.205907553434371948e-01
7.171402573585510254e-01 2.137246429920196533e-01
7.181488871574401855e-01 2.132144868373870850e-01
7.191575169563293457e-01 2.120765447616577148e-01
7.201661467552185059e-01 2.225322425365447998e-01
7.211747765541076660e-01 2.298502475023269653e-01
7.221834659576416016e-01 2.268413007259368896e-01
7.231920957565307617e-01 2.351394742727279663e-01
7.242007255554199219e-01 2.208941876888275146e-01
7.252093553543090820e-01 2.163428217172622681e-01
7.262179851531982422e-01 2.181975543498992920e-01
7.272266149520874023e-01 2.265616208314895630e-01
7.282352447509765625e-01 2.319853603839874268e-01
7.292438745498657227e-01 2.213388234376907349e-01
7.302525043487548828e-01 2.267542183399200439e-01
7.312611341476440430e-01 2.218673378229141235e-01
7.322698235511779785e-01 2.245484888553619385e-01
7.332784533500671387e-01 2.264439612627029419e-01
7.342870831489562988e-01 2.302142828702926636e-01
7.352957129478454590e-01 2.300632894039154053e-01
7.363043427467346191e-01 2.236032783985137939e-01
7.373129725456237793e-01 2.289231121540069580e-01
7.383216023445129395e-01 2.378093153238296509e-01
7.393302321434020996e-01 2.288917601108551025e-01
7.403388619422912598e-01 2.346837669610977173e-01
7.413475513458251953e-01 2.396689355373382568e-01
7.423561811447143555e-01 2.306649833917617798e-01
7.433648109436035156e-01 2.360007017850875854e-01
7.443734407424926758e-01 2.430769950151443481e-01
7.453820705413818359e-01 2.341403067111968994e-01
7.463907003402709961e-01 2.370527684688568115e-01
7.473993301391601562e-01 2.327501028776168823e-01
7.484079599380493164e-01 2.301983833312988281e-01
7.494165897369384766e-01 2.364449054002761841e-01
7.504252195358276367e-01 2.281927615404129028e-01
7.514339089393615723e-01 2.356924116611480713e-01
7.524425387382507324e-01 2.737987339496612549e-01
7.534511685371398926e-01 2.827985584735870361e-01
7.544597983360290527e-01 2.392516881227493286e-01
7.554684281349182129e-01 2.392277121543884277e-01
7.564770579338073730e-01 2.388606965541839600e-01
7.574856877326965332e-01 2.439388334751129150e-01
7.584943175315856934e-01 2.342154681682586670e-01
7.595029473304748535e-01 2.403865158557891846e-01
7.605116367340087891e-01 2.488713860511779785e-01
7.615202665328979492e-01 2.380296587944030762e-01
7.625288963317871094e-01 2.380115985870361328e-01
7.635375261306762695e-01 2.296406924724578857e-01
7.645461559295654297e-01 2.376908659934997559e-01
7.655547857284545898e-01 2.364230901002883911e-01
7.665634155273437500e-01 2.386140525341033936e-01
7.675720453262329102e-01 2.450806796550750732e-01
7.685806751251220703e-01 2.477498799562454224e-01
7.695893049240112305e-01 2.406721115112304688e-01
7.705979943275451660e-01 2.528115510940551758e-01
7.716066241264343262e-01 2.535629868507385254e-01
7.726152539253234863e-01 2.414748966693878174e-01
7.736238837242126465e-01 2.467448264360427856e-01
7.746325135231018066e-01 2.503871023654937744e-01
7.756411433219909668e-01 2.603671550750732422e-01
7.766497731208801270e-01 2.534666359424591064e-01
7.776584029197692871e-01 2.544158697128295898e-01
7.786670327186584473e-01 2.493893355131149292e-01
7.796757221221923828e-01 2.555165290832519531e-01
7.806843519210815430e-01 2.452883273363113403e-01
7.816929817199707031e-01 2.502377629280090332e-01
7.827016115188598633e-01 2.470495253801345825e-01
7.837102413177490234e-01 2.523654699325561523e-01
7.847188711166381836e-01 2.572189271450042725e-01
7.857275009155273438e-01 2.572524547576904297e-01
7.867361307144165039e-01 2.489630132913589478e-01
7.877447605133056641e-01 2.564404904842376709e-01
7.887533903121948242e-01 2.554252147674560547e-01
7.897620797157287598e-01 2.648909986019134521e-01
7.907707095146179199e-01 2.612715661525726318e-01
7.917793393135070801e-01 2.541360557079315186e-01
7.927879691123962402e-01 2.606542706489562988e-01
7.937965989112854004e-01 2.527394294738769531e-01
7.948052287101745605e-01 2.628203034400939941e-01
7.958138585090637207e-01 2.668772339820861816e-01
7.968224883079528809e-01 2.593011558055877686e-01
7.978311181068420410e-01 2.553315758705139160e-01
7.988398075103759766e-01 2.557078301906585693e-01
7.998484373092651367e-01 2.682988643646240234e-01
8.008570671081542969e-01 2.677896022796630859e-01
8.018656969070434570e-01 2.652745842933654785e-01
8.028743267059326172e-01 2.635586261749267578e-01
8.038829565048217773e-01 2.680660784244537354e-01
8.048915863037109375e-01 2.659696042537689209e-01
8.059002161026000977e-01 2.712608873844146729e-01
8.069088459014892578e-01 2.711943387985229492e-01
8.079174757003784180e-01 2.634097933769226074e-01
8.089261651039123535e-01 2.745095491409301758e-01
8.099347949028015137e-01 2.735411226749420166e-01
8.109434247016906738e-01 2.781109809875488281e-01
8.119520545005798340e-01 2.751789093017578125e-01
8.129606842994689941e-01 2.712631225585937500e-01
8.139693140983581543e-01 2.676625251770019531e-01
8.149779438972473145e-01 2.733054161071777344e-01
8.159865736961364746e-01 2.691180706024169922e-01
8.169952034950256348e-01 2.740600109100341797e-01
8.180038928985595703e-01 2.725311517715454102e-01
8.190125226974487305e-01 2.796082496643066406e-01
8.200211524963378906e-01 2.780764698982238770e-01
8.210297822952270508e-01 2.623466551303863525e-01
8.220384120941162109e-01 2.668455541133880615e-01
8.230470418930053711e-01 2.738268077373504639e-01
8.240556716918945312e-01 2.940974235534667969e-01
8.250643014907836914e-01 2.863671183586120605e-01
8.260729312896728516e-01 2.769954204559326172e-01
8.270815610885620117e-01 2.783244252204895020e-01
8.280902504920959473e-01 2.677400708198547363e-01
8.290988802909851074e-01 2.736435532569885254e-01
8.301075100898742676e-01 2.773415148258209229e-01
8.311161398887634277e-01 2.765416204929351807e-01
8.321247696876525879e-01 2.807496786117553711e-01
8.331333994865417480e-01 2.803386151790618896e-01
8.341420292854309082e-01 2.867455780506134033e-01
8.351506590843200684e-01 2.864807546138763428e-01
8.361592888832092285e-01 3.025992214679718018e-01
8.371679782867431641e-01 2.945939302444458008e-01
8.381766080856323242e-01 2.903540432453155518e-01
8.391852378845214844e-01 2.872476875782012939e-01
8.401938676834106445e-01 3.004633188247680664e-01
8.412024974822998047e-01 2.956031262874603271e-01
8.422111272811889648e-01 2.902599275112152100e-01
8.432197570800781250e-01 2.855169773101806641e-01
8.442283868789672852e-01 3.003337681293487549e-01
8.452370166778564453e-01 2.973359227180480957e-01
8.462456464767456055e-01 2.960536181926727295e-01
8.472543358802795410e-01 3.134646117687225342e-01
8.482629656791687012e-01 3.027800321578979492e-01
8.492715954780578613e-01 3.052893579006195068e-01
8.502802252769470215e-01 2.991135418415069580e-01
8.512888550758361816e-01 3.106765151023864746e-01
8.522974848747253418e-01 3.065429031848907471e-01
8.533061146736145020e-01 3.020406365394592285e-01
8.543147444725036621e-01 3.065172135829925537e-01
8.553233742713928223e-01 3.164667785167694092e-01
8.563320636749267578e-01 3.158833384513854980e-01
8.573406934738159180e-01 3.127689957618713379e-01
8.583493232727050781e-01 3.167722225189208984e-01
8.593579530715942383e-01 3.160709738731384277e-01
8.603665828704833984e-01 3.084409534931182861e-01
8.613752126693725586e-01 3.248051404953002930e-01
8.623838424682617188e-01 3.192110061645507812e-01
8.633924722671508789e-01 3.079291284084320068e-01
8.644011020660400391e-01 3.170866370201110840e-01
8.654097318649291992e-01 3.337301611900329590e-01
8.664184212684631348e-01 3.382494449615478516e-01
8.674270510673522949e-01 3.494188189506530762e-01
8.684356808662414551e-01 3.387041091918945312e-01
8.694443106651306152e-01 3.375937342643737793e-01
8.704529404640197754e-01 3.413769304752349854e-01
8.714615702629089355e-01 3.350814282894134521e-01
8.724702000617980957e-01 3.394034802913665771e-01
8.734788298606872559e-01 3.362594246864318848e-01
8.744874596595764160e-01 3.357565104961395264e-01
8.754961490631103516e-01 3.376562595367431641e-01
8.765047788619995117e-01 3.451548516750335693e-01
8.775134086608886719e-01 3.485521674156188965e-01
8.785220384597778320e-01 3.467814922332763672e-01
8.795306682586669922e-01 3.524291217327117920e-01
8.805392980575561523e-01 3.452221155166625977e-01
8.815479278564453125e-01 3.494904637336730957e-01
8.825565576553344727e-01 3.453579545021057129e-01
8.835651874542236328e-01 3.311329782009124756e-01
8.845738172531127930e-01 3.315854072570800781e-01
8.855825066566467285e-01 3.479061424732208252e-01
8.865911364555358887e-01 3.530686199665069580e-01
8.875997662544250488e-01 3.485233187675476074e-01
8.886083960533142090e-01 3.467519581317901611e-01
8.896170258522033691e-01 3.359113633632659912e-01
8.906256556510925293e-01 3.533667325973510742e-01
8.916342854499816895e-01 3.475771844387054443e-01
8.926429152488708496e-01 3.386921882629394531e-01
8.936515450477600098e-01 3.458156585693359375e-01
8.946602344512939453e-01 3.679130971431732178e-01
8.956688642501831055e-01 3.898666203022003174e-01
8.966774940490722656e-01 3.552892208099365234e-01
8.976861238479614258e-01 3.551432490348815918e-01
8.986947536468505859e-01 3.800227046012878418e-01
8.997033834457397461e-01 3.529919385910034180e-01
9.007120132446289062e-01 3.625878691673278809e-01
9.017206430435180664e-01 3.609073460102081299e-01
9.027292728424072266e-01 3.574452102184295654e-01
9.037379026412963867e-01 3.592310845851898193e-01
9.047465920448303223e-01 3.452752232551574707e-01
9.057552218437194824e-01 3.590914309024810791e-01
9.067638516426086426e-01 3.533337414264678955e-01
9.077724814414978027e-01 3.707987368106842041e-01
9.087811112403869629e-01 3.746915161609649658e-01
9.097897410392761230e-01 3.754203617572784424e-01
9.107983708381652832e-01 3.692848086357116699e-01
9.118070006370544434e-01 3.804029226303100586e-01
9.128156304359436035e-01 3.603999018669128418e-01
9.138243198394775391e-01 3.607330322265625000e-01
9.148329496383666992e-01 3.716188073158264160e-01
9.158415794372558594e-01 3.579770028591156006e-01
9.168502092361450195e-01 3.832214772701263428e-01
9.178588390350341797e-01 3.656785190105438232e-01
9.188674688339233398e-01 3.846259713172912598e-01
9.198760986328125000e-01 3.798205256462097168e-01
9.208847284317016602e-01 3.869806528091430664e-01
9.218933582305908203e-01 3.942300975322723389e-01
9.229020476341247559e-01 3.894090056419372559e-01
9.239106774330139160e-01 3.939210772514343262e-01
9.249193072319030762e-01 4.000854492187500000e-01
9.259279370307922363e-01 3.945590853691101074e-01
9.269365668296813965e-01 3.998762369155883789e-01
9.279451966285705566e-01 4.053142666816711426e-01
9.289538264274597168e-01 4.168045520782470703e-01
9.299624562263488770e-01 4.085835814476013184e-01
9.309710860252380371e-01 3.890177309513092041e-01
9.319797158241271973e-01 3.888427317142486572e-01
9.329884052276611328e-01 4.302036464214324951e-01
9.339970350265502930e-01 4.133885502815246582e-01
9.350056648254394531e-01 4.223823845386505127e-01
9.360142946243286133e-01 4.232619404792785645e-01
9.370229244232177734e-01 4.216134846210479736e-01
9.380315542221069336e-01 4.192057251930236816e-01
9.390401840209960938e-01 4.449524581432342529e-01
9.400488138198852539e-01 4.292094111442565918e-01
9.410574436187744141e-01 4.201056957244873047e-01
9.420661330223083496e-01 4.274878501892089844e-01
9.430747628211975098e-01 4.348896145820617676e-01
9.440833926200866699e-01 4.241193830966949463e-01
9.450920224189758301e-01 4.366485178470611572e-01
9.461006522178649902e-01 4.368401467800140381e-01
9.471092820167541504e-01 4.220734834671020508e-01
9.481179118156433105e-01 4.243876039981842041e-01
9.491265416145324707e-01 4.332331120967864990e-01
9.501351714134216309e-01 4.328941702842712402e-01
9.511438012123107910e-01 4.418566226959228516e-01
9.521524906158447266e-01 4.382998943328857422e-01
9.531611204147338867e-01 4.450748860836029053e-01
9.541697502136230469e-01 4.530665576457977295e-01
9.551783800125122070e-01 4.603417217731475830e-01
9.561870098114013672e-01 4.603892266750335693e-01
9.571956396102905273e-01 4.694207906723022461e-01
9.582042694091796875e-01 4.678419232368469238e-01
9.592128992080688477e-01 4.697530865669250488e-01
9.602215290069580078e-01 4.590367674827575684e-01
9.612302184104919434e-01 4.625577628612518311e-01
9.622388482093811035e-01 4.671305716037750244e-01
9.632474780082702637e-01 4.604935944080352783e-01
9.642561078071594238e-01 4.656576514244079590e-01
9.652647376060485840e-01 4.677599668502807617e-01
9.662733674049377441e-01 4.731082022190093994e-01
9.672819972038269043e-01 4.669706225395202637e-01
9.682906270027160645e-01 4.952705502510070801e-01
9.692992568016052246e-01 4.733805656433105469e-01
9.703078866004943848e-01 4.773008227348327637e-01
9.713165760040283203e-01 4.803180396556854248e-01
9.723252058029174805e-01 4.679572880268096924e-01
9.733338356018066406e-01 4.914167821407318115e-01
9.743424654006958008e-01 5.169059634208679199e-01
9.753510951995849609e-01 5.174179673194885254e-01
9.763597249984741211e-01 4.957525134086608887e-01
9.773683547973632812e-01 4.981985092163085938e-01
9.783769845962524414e-01 5.158582925796508789e-01
9.793856143951416016e-01 5.042117238044738770e-01
9.803943037986755371e-01 4.988168478012084961e-01
9.814029335975646973e-01 4.819764494895935059e-01
9.824115633964538574e-01 5.047557353973388672e-01
9.834201931953430176e-01 5.238449573516845703e-01
9.844288229942321777e-01 5.354865193367004395e-01
9.854374527931213379e-01 5.430784225463867188e-01
9.864460825920104980e-01 5.391214489936828613e-01
9.874547123908996582e-01 5.270940661430358887e-01
9.884633421897888184e-01 5.444473028182983398e-01
9.894719719886779785e-01 5.598351359367370605e-01
9.904806613922119141e-01 5.330594778060913086e-01
9.914892911911010742e-01 5.376065373420715332e-01
9.924979209899902344e-01 5.424008965492248535e-01
9.935065507888793945e-01 5.628324151039123535e-01
9.945151805877685547e-01 5.553327798843383789e-01
9.955238103866577148e-01 5.354295372962951660e-01
9.965324401855468750e-01 5.395984649658203125e-01
9.975410699844360352e-01 5.439456701278686523e-01
9.985496997833251953e-01 5.331885218620300293e-01
9.995583891868591309e-01 5.879535079002380371e-01
1.000566959381103516e+00 5.632337331771850586e-01
1.001575589179992676e+00 5.739843249320983887e-01
1.002584218978881836e+00 5.481908917427062988e-01
1.003592848777770996e+00 5.927119255065917969e-01
1.004601597785949707e+00 6.014602780342102051e-01
1.005610227584838867e+00 5.906991362571716309e-01
1.006618857383728027e+00 6.351734995841979980e-01
1.007627487182617188e+00 6.251298785209655762e-01
1.008636116981506348e+00 6.085385084152221680e-01
1.009644746780395508e+00 6.064395308494567871e-01
1.010653376579284668e+00 6.178830265998840332e-01
1.011662006378173828e+00 6.330248117446899414e-01
1.012670636177062988e+00 6.028242111206054688e-01
1.013679265975952148e+00 6.232149600982666016e-01
1.014687895774841309e+00 6.367523670196533203e-01
1.015696525573730469e+00 6.276733279228210449e-01
1.016705155372619629e+00 6.508163213729858398e-01
1.017713785171508789e+00 6.564201712608337402e-01
1.018722414970397949e+00 6.580052971839904785e-01
1.019731044769287109e+00 6.107560992240905762e-01
1.020739674568176270e+00 6.411194801330566406e-01
1.021748304367065430e+00 6.689753532409667969e-01
1.022756934165954590e+00 6.329147815704345703e-01
1.023765683174133301e+00 6.559122204780578613e-01
1.024774312973022461e+00 6.706936359405517578e-01
1.025782942771911621e+00 6.962836980819702148e-01
1.026791572570800781e+00 6.567215323448181152e-01
1.027800202369689941e+00 6.734995841979980469e-01
1.028808832168579102e+00 6.342942118644714355e-01
1.029817461967468262e+00 6.493782997131347656e-01
1.030826091766357422e+00 6.420790553092956543e-01
1.031834721565246582e+00 7.073862552642822266e-01
1.032843351364135742e+00 6.849093437194824219e-01
1.033851981163024902e+00 6.306514739990234375e-01
1.034860610961914062e+00 6.673817634582519531e-01
1.035869240760803223e+00 6.766634583473205566e-01
1.036877870559692383e+00 6.919869780540466309e-01
1.037886500358581543e+00 6.805285215377807617e-01
1.038895130157470703e+00 6.673003435134887695e-01
1.039903759956359863e+00 7.218809127807617188e-01
1.040912389755249023e+00 6.892260909080505371e-01
1.041921019554138184e+00 6.833989620208740234e-01
1.042929768562316895e+00 6.753396987915039062e-01
1.043938398361206055e+00 7.031329274177551270e-01
1.044947028160095215e+00 6.818827390670776367e-01
1.045955657958984375e+00 7.193744182586669922e-01
1.046964287757873535e+00 7.107346653938293457e-01
1.047972917556762695e+00 6.998636126518249512e-01
1.048981547355651855e+00 7.317101955413818359e-01
1.049990177154541016e+00 7.605841755867004395e-01
1.050998806953430176e+00 7.242338657379150391e-01
1.052007436752319336e+00 7.390156388282775879e-01
1.053016066551208496e+00 7.545334696769714355e-01
1.054024696350097656e+00 7.017356157302856445e-01
1.055033326148986816e+00 7.661793828010559082e-01
1.056041955947875977e+00 7.504711151123046875e-01
1.057050585746765137e+00 7.406154870986938477e-01
1.058059215545654297e+00 7.414442300796508789e-01
1.059067845344543457e+00 7.304063439369201660e-01
1.060076475143432617e+00 7.323639988899230957e-01
1.061085104942321777e+00 7.167989611625671387e-01
1.062093853950500488e+00 7.301060557365417480e-01
1.063102483749389648e+00 7.270078659057617188e-01
1.064111113548278809e+00 7.384355068206787109e-01
1.065119743347167969e+00 7.680387496948242188e-01
1.066128373146057129e+00 7.518518567085266113e-01
1.067137002944946289e+00 7.439440488815307617e-01
1.068145632743835449e+00 7.434820532798767090e-01
1.069154262542724609e+00 7.788838744163513184e-01
1.070162892341613770e+00 8.227664828300476074e-01
1.071171522140502930e+00 7.932926416397094727e-01
1.072180151939392090e+00 8.147621154785156250e-01
1.073188781738281250e+00 7.259477972984313965e-01
1.074197411537170410e+00 7.506148815155029297e-01
1.075206041336059570e+00 7.775659561157226562e-01
1.076214671134948730e+00 7.859683632850646973e-01
1.077223300933837891e+00 7.722049355506896973e-01
1.078231930732727051e+00 7.787407636642456055e-01
1.079240560531616211e+00 8.145163655281066895e-01
1.080249190330505371e+00 7.956724166870117188e-01
1.081257939338684082e+00 7.880137562751770020e-01
1.082266569137573242e+00 8.208936452865600586e-01
1.083275198936462402e+00 8.318983316421508789e-01
1.084283828735351562e+00 8.336430788040161133e-01
1.085292458534240723e+00 8.001236319541931152e-01
1.086301088333129883e+00 8.141366243362426758e-01
1.087309718132019043e+00 7.932782173156738281e-01
1.088318347930908203e+00 8.248594403266906738e-01
1.089326977729797363e+00 8.324328064918518066e-01
1.090335607528686523e+00 8.712098002433776855e-01
1.091344237327575684e+00 8.347161412239074707e-01
1.092352867126464844e+00 8.744094371795654297e-01
1.093361496925354004e+00 8.762187957763671875e-01
1.094370126724243164e+00 8.322466611862182617e-01
1.095378756523132324e+00 8.709190487861633301e-01
1.096387386322021484e+00 8.788204193115234375e-01
1.097396016120910645e+00 8.920214176177978516e-01
1.098404645919799805e+00 8.386652469635009766e-01
1.099413275718688965e+00 8.490428924560546875e-01
1.100422024726867676e+00 8.551921248435974121e-01
1.101430654525756836e+00 8.927100300788879395e-01
1.102439284324645996e+00 9.156537652015686035e-01
1.103447914123535156e+00 8.583528995513916016e-01
1.104456543922424316e+00 9.386680126190185547e-01
1.105465173721313477e+00 8.724583387374877930e-01
1.106473803520202637e+00 8.364439606666564941e-01
1.107482433319091797e+00 8.636282086372375488e-01
1.108491063117980957e+00 8.907545804977416992e-01
1.109499692916870117e+00 8.556138873100280762e-01
1.110508322715759277e+00 9.476449489593505859e-01
1.111516952514648438e+00 9.758132100105285645e-01
1.112525582313537598e+00 9.561434388160705566e-01
1.113534212112426758e+00 8.808056116104125977e-01
1.114542841911315918e+00 9.541619420051574707e-01
1.115551471710205078e+00 8.920210599899291992e-01
1.116560101509094238e+00 8.634502291679382324e-01
1.117568731307983398e+00 9.258219003677368164e-01
1.118577361106872559e+00 1.047633409500122070e+00
1.119586110115051270e+00 9.776838421821594238e-01
1.120594739913940430e+00 9.933534860610961914e-01
1.121603369712829590e+00 9.460921883583068848e-01
1.122611999511718750e+00 8.387768268585205078e-01
1.123620629310607910e+00 9.325579404830932617e-01
1.124629259109497070e+00 9.302413463592529297e-01
1.125637888908386230e+00 9.073293805122375488e-01
1.126646518707275391e+00 9.427593350410461426e-01
1.127655148506164551e+00 9.662584066390991211e-01
1.128663778305053711e+00 9.914919137954711914e-01
1.129672408103942871e+00 9.408650398254394531e-01
1.130681037902832031e+00 9.878794550895690918e-01
1.131689667701721191e+00 9.696633815765380859e-01
1.132698297500610352e+00 9.793409109115600586e-01
1.133706927299499512e+00 9.836573600769042969e-01
1.134715557098388672e+00 9.680919051170349121e-01
1.135724186897277832e+00 9.415993690490722656e-01
1.136732816696166992e+00 9.894376993179321289e-01
1.137741446495056152e+00 1.020772218704223633e+00
1.138750195503234863e+00 9.386723637580871582e-01
1.139758825302124023e+00 1.042321562767028809e+00
1.140767455101013184e+00 1.008239388465881348e+00
1.141776084899902344e+00 1.056927204132080078e+00
1.142784714698791504e+00 1.003332376480102539e+00
1.143793344497680664e+00 1.011702895164489746e+00
1.144801974296569824e+00 1.134809613227844238e+00
1.145810604095458984e+00 1.108138680458068848e+00
1.146819233894348145e+00 1.038136839866638184e+00
1.147827863693237305e+00 1.035020112991333008e+00
1.148836493492126465e+00 1.098414063453674316e+00
1.149845123291015625e+00 1.026974439620971680e+00
1.150853753089904785e+00 1.037678837776184082e+00
1.151862382888793945e+00 1.079294800758361816e+00
1.152871012687683105e+00 1.055415034294128418e+00
1.153879642486572266e+00 1.104042768478393555e+00
1.154888272285461426e+00 1.128075122833251953e+00
1.155896902084350586e+00 1.061660766601562500e+00
1.156905531883239746e+00 1.061706304550170898e+00
1.157914280891418457e+00 1.104081511497497559e+00
1.158922910690307617e+00 1.046259403228759766e+00
1.159931540489196777e+00 1.134274601936340332e+00
1.160940170288085938e+00 1.188768506050109863e+00
1.161948800086975098e+00 1.135265111923217773e+00
1.162957429885864258e+00 1.151811242103576660e+00
1.163966059684753418e+00 1.177460670471191406e+00
1.164974689483642578e+00 1.064633131027221680e+00
1.165983319282531738e+00 1.141682147979736328e+00
1.166991949081420898e+00 1.260187983512878418e+00
1.168000578880310059e+00 1.151102185249328613e+00
1.169009208679199219e+00 1.216705203056335449e+00
1.170017838478088379e+00 1.286774754524230957e+00
1.171026468276977539e+00 1.184429526329040527e+00
1.172035098075866699e+00 1.115037322044372559e+00
1.173043727874755859e+00 1.151630878448486328e+00
1.174052357673645020e+00 9.466378092765808105e-01
1.175060987472534180e+00 1.115483641624450684e+00
1.176069617271423340e+00 1.100001096725463867e+00
1.177078366279602051e+00 1.121639966964721680e+00
1.178086996078491211e+00 1.172218680381774902e+00
1.179095625877380371e+00 1.217544436454772949e+00
1.180104255676269531e+00 1.180945634841918945e+00
1.181112885475158691e+00 1.087123632431030273e+00
1.182121515274047852e+00 1.223459601402282715e+00
1.183130145072937012e+00 1.113166213035583496e+00
1.184138774871826172e+00 1.275644779205322266e+00
1.185147404670715332e+00 1.303330779075622559e+00
1.186156034469604492e+00 1.229197740554809570e+00
1.187164664268493652e+00 1.298150062561035156e+00
1.188173294067382812e+00 1.280915021896362305e+00
1.189181923866271973e+00 1.250527858734130859e+00
1.190190553665161133e+00 1.401194453239440918e+00
1.191199183464050293e+00 1.333822727203369141e+00
1.192207813262939453e+00 1.134054660797119141e+00
1.193216443061828613e+00 1.205231428146362305e+00
1.194225072860717773e+00 1.255154967308044434e+00
1.195233702659606934e+00 1.500404953956604004e+00
1.196242451667785645e+00 1.174357414245605469e+00
1.197251081466674805e+00 1.252080440521240234e+00
1.198259711265563965e+00 1.174709320068359375e+00
1.199268341064453125e+00 1.143414378166198730e+00
1.200276970863342285e+00 1.248264431953430176e+00
1.201285600662231445e+00 1.226494550704956055e+00
1.202294230461120605e+00 1.150107622146606445e+00
1.203302860260009766e+00 1.209010839462280273e+00
1.204311490058898926e+00 1.233495354652404785e+00
1.205320119857788086e+00 1.219651103019714355e+00
1.206328749656677246e+00 1.190278887748718262e+00
1.207337379455566406e+00 7.607830166816711426e-01
1.208346009254455566e+00 8.203074336051940918e-01
1.209354639053344727e+00 8.224385976791381836e-01
