0.000000000000000000e+00 2.543749218750000000e+04
1.008636085316538811e-03 1.922172656250000000e+04
2.017272170633077621e-03 1.309429199218750000e+04
3.025908255949616432e-03 9.835293945312500000e+03
4.034544341266155243e-03 7.539442382812500000e+03
5.043180659413337708e-03 5.935947753906250000e+03
6.051816511899232864e-03 4.721868164062500000e+03
7.060452364385128021e-03 3.765064697265625000e+03
8.069088682532310486e-03 3.028023437500000000e+03
9.077725000679492950e-03 2.506549560546875000e+03
1.008636131882667542e-02 2.100299560546875000e+03
1.109499670565128326e-02 1.735275512695312500e+03
1.210363302379846573e-02 1.449530029296875000e+03
1.311226934194564819e-02 1.236102172851562500e+03
1.412090472877025604e-02 1.054505981445312500e+03
1.512954104691743851e-02 9.129010620117187500e+02
1.613817736506462097e-02 7.915478515625000000e+02
1.714681275188922882e-02 6.960817871093750000e+02
1.815545000135898590e-02 6.062022094726562500e+02
1.916408538818359375e-02 5.391425781250000000e+02
2.017272263765335083e-02 4.758664550781250000e+02
2.118135802447795868e-02 4.253067932128906250e+02
2.218999341130256653e-02 3.799312438964843750e+02
2.319863066077232361e-02 3.386792297363281250e+02
2.420726604759693146e-02 3.055331726074218750e+02
2.521590143442153931e-02 2.721835021972656250e+02
2.622453868389129639e-02 2.473780212402343750e+02
2.723317407071590424e-02 2.242163696289062500e+02
2.824180945754051208e-02 2.045085449218750000e+02
2.925044670701026917e-02 1.863092498779296875e+02
3.025908209383487701e-02 1.694233398437500000e+02
3.126771748065948486e-02 1.569974822998046875e+02
3.227635473012924194e-02 1.435096588134765625e+02
3.328499197959899902e-02 1.307803649902343750e+02
3.429362550377845764e-02 1.214766387939453125e+02
3.530226275324821472e-02 1.113312683105468750e+02
3.631090000271797180e-02 1.020373001098632812e+02
3.731953352689743042e-02 9.536219787597656250e+01
3.832817077636718750e-02 8.905254364013671875e+01
3.933680802583694458e-02 8.209706115722656250e+01
4.034544527530670166e-02 7.643966674804687500e+01
4.135407879948616028e-02 7.151026916503906250e+01
4.236271604895591736e-02 6.663746643066406250e+01
4.337135329842567444e-02 6.234383773803710938e+01
4.437998682260513306e-02 5.861145401000976562e+01
4.538862407207489014e-02 5.470645523071289062e+01
4.639726132154464722e-02 5.087202453613281250e+01
4.740589484572410583e-02 4.819120788574218750e+01
4.841453209519386292e-02 4.521343231201171875e+01
4.942316934466362000e-02 4.309275436401367188e+01
5.043180286884307861e-02 4.038031005859375000e+01
5.144044011831283569e-02 3.812716293334960938e+01
5.244907736778259277e-02 3.573790359497070312e+01
5.345771089196205139e-02 3.401983642578125000e+01
5.446634814143180847e-02 3.222127532958984375e+01
5.547498539090156555e-02 3.069868469238281250e+01
5.648361891508102417e-02 2.929150581359863281e+01
5.749225616455078125e-02 2.757089424133300781e+01
5.850089341402053833e-02 2.597335052490234375e+01
5.950953066349029541e-02 2.458965492248535156e+01
6.051816418766975403e-02 2.357924461364746094e+01
6.152680143713951111e-02 2.276843643188476562e+01
6.253543496131896973e-02 2.165908432006835938e+01
6.354407221078872681e-02 2.057226371765136719e+01
6.455270946025848389e-02 1.985361099243164062e+01
6.556134670972824097e-02 1.873941993713378906e+01
6.656998395919799805e-02 1.799023437500000000e+01
6.757862120866775513e-02 1.721961593627929688e+01
6.858725100755691528e-02 1.655575370788574219e+01
6.959588825702667236e-02 1.596564388275146484e+01
7.060452550649642944e-02 1.511841773986816406e+01
7.161316275596618652e-02 1.460195541381835938e+01
7.262180000543594360e-02 1.415421867370605469e+01
7.363043725490570068e-02 1.362233543395996094e+01
7.463906705379486084e-02 1.299121093750000000e+01
7.564770430326461792e-02 1.256531715393066406e+01
7.665634155273437500e-02 1.226282024383544922e+01
7.766497880220413208e-02 1.172184276580810547e+01
7.867361605167388916e-02 1.142768764495849609e+01
7.968225330114364624e-02 1.103754520416259766e+01
8.069089055061340332e-02 1.057025527954101562e+01
8.169952034950256348e-02 1.017992782592773438e+01
8.270815759897232056e-02 9.890947341918945312e+00
8.371679484844207764e-02 9.619117736816406250e+00
8.472543209791183472e-02 9.542147636413574219e+00
8.573406934738159180e-02 9.071839332580566406e+00
8.674270659685134888e-02 8.839155197143554688e+00
8.775133639574050903e-02 8.648488044738769531e+00
8.875997364521026611e-02 8.353969573974609375e+00
8.976861089468002319e-02 8.148985862731933594e+00
9.077724814414978027e-02 7.903564453125000000e+00
9.178588539361953735e-02 7.799964904785156250e+00
9.279452264308929443e-02 7.501283645629882812e+00
9.380315244197845459e-02 7.336313247680664062e+00
9.481178969144821167e-02 7.058031558990478516e+00
9.582042694091796875e-02 6.952205657958984375e+00
9.682906419038772583e-02 6.701714515686035156e+00
9.783770143985748291e-02 6.546564579010009766e+00
9.884633868932723999e-02 6.472948074340820312e+00
9.985497593879699707e-02 6.271804332733154297e+00
1.008636057376861572e-01 6.188746452331542969e+00
1.018722429871559143e-01 5.997418403625488281e+00
1.028808802366256714e-01 5.884440898895263672e+00
1.038895174860954285e-01 5.772098541259765625e+00
1.048981547355651855e-01 5.584808826446533203e+00
1.059067919850349426e-01 5.525257110595703125e+00
1.069154217839241028e-01 5.411525249481201172e+00
1.079240590333938599e-01 5.385197639465332031e+00
1.089326962828636169e-01 5.204017162322998047e+00
1.099413335323333740e-01 5.102692127227783203e+00
1.109499707818031311e-01 4.977708816528320312e+00
1.119586080312728882e-01 4.938604831695556641e+00
1.129672378301620483e-01 4.881387233734130859e+00
1.139758750796318054e-01 4.755621910095214844e+00
1.149845123291015625e-01 4.632521152496337891e+00
1.159931495785713196e-01 4.595749378204345703e+00
1.170017868280410767e-01 4.578478336334228516e+00
1.180104240775108337e-01 4.485245227813720703e+00
1.190190613269805908e-01 4.409040927886962891e+00
1.200276911258697510e-01 4.370271205902099609e+00
1.210363283753395081e-01 4.339981079101562500e+00
1.220449656248092651e-01 4.242839336395263672e+00
1.230536028742790222e-01 4.183624267578125000e+00
1.240622401237487793e-01 4.133295536041259766e+00
1.250708699226379395e-01 4.084444522857666016e+00
1.260795146226882935e-01 4.025532722473144531e+00
1.270881444215774536e-01 4.009936332702636719e+00
1.280967891216278076e-01 3.933672904968261719e+00
1.291054189205169678e-01 3.847615718841552734e+00
1.301140487194061279e-01 3.845702886581420898e+00
1.311226934194564819e-01 3.801396846771240234e+00
1.321313232183456421e-01 3.750853300094604492e+00
1.331399679183959961e-01 3.687513589859008789e+00
1.341485977172851562e-01 3.608466148376464844e+00
1.351572424173355103e-01 3.583418607711791992e+00
1.361658722162246704e-01 3.559163331985473633e+00
1.371745020151138306e-01 3.635486602783203125e+00
1.381831467151641846e-01 3.482904195785522461e+00
1.391917765140533447e-01 3.443954706192016602e+00
1.402004212141036987e-01 3.439735412597656250e+00
1.412090510129928589e-01 3.444492340087890625e+00
1.422176808118820190e-01 3.320522069931030273e+00
1.432263255119323730e-01 3.289541006088256836e+00
1.442349553108215332e-01 3.300148010253906250e+00
1.452436000108718872e-01 3.308191299438476562e+00
1.462522298097610474e-01 3.256074428558349609e+00
1.472608745098114014e-01 3.234830379486083984e+00
1.482695043087005615e-01 3.175951242446899414e+00
1.492781341075897217e-01 3.085969924926757812e+00
1.502867788076400757e-01 3.137089967727661133e+00
1.512954086065292358e-01 3.039973735809326172e+00
1.523040533065795898e-01 3.070787668228149414e+00
1.533126831054687500e-01 3.022897720336914062e+00
1.543213278055191040e-01 3.028426647186279297e+00
1.553299576044082642e-01 3.044639825820922852e+00
1.563385874032974243e-01 3.038191080093383789e+00
1.573472321033477783e-01 2.955860614776611328e+00
1.583558619022369385e-01 2.988019943237304688e+00
1.593645066022872925e-01 2.941589593887329102e+00
1.603731364011764526e-01 2.912295103073120117e+00
1.613817811012268066e-01 2.843145132064819336e+00
1.623904109001159668e-01 2.854536771774291992e+00
1.633990406990051270e-01 2.885408639907836914e+00
1.644076853990554810e-01 2.787348985671997070e+00
1.654163151979446411e-01 2.747537851333618164e+00
1.664249598979949951e-01 2.853352785110473633e+00
1.674335896968841553e-01 2.831315517425537109e+00
1.684422194957733154e-01 2.750306606292724609e+00
1.694508641958236694e-01 2.724073171615600586e+00
1.704594939947128296e-01 2.775836229324340820e+00
1.714681386947631836e-01 2.736496448516845703e+00
1.724767684936523438e-01 2.716041326522827148e+00
1.734854131937026978e-01 2.680921077728271484e+00
1.744940429925918579e-01 2.698813438415527344e+00
1.755026727914810181e-01 2.681878805160522461e+00
1.765113174915313721e-01 2.656057119369506836e+00
1.775199472904205322e-01 2.638722419738769531e+00
1.785285919904708862e-01 2.642223358154296875e+00
1.795372217893600464e-01 2.604441165924072266e+00
1.805458664894104004e-01 2.608662366867065430e+00
1.815544962882995605e-01 2.616665840148925781e+00
1.825631260871887207e-01 2.625458717346191406e+00
1.835717707872390747e-01 2.590461254119873047e+00
1.845804005861282349e-01 2.571299791336059570e+00
1.855890452861785889e-01 2.544391155242919922e+00
1.865976750850677490e-01 2.543152570724487305e+00
1.876063048839569092e-01 2.552048921585083008e+00
1.886149495840072632e-01 2.496628761291503906e+00
1.896235793828964233e-01 2.481146574020385742e+00
1.906322240829467773e-01 2.493587732315063477e+00
1.916408538818359375e-01 2.519914627075195312e+00
1.926494985818862915e-01 2.469293594360351562e+00
1.936581283807754517e-01 2.456852197647094727e+00
1.946667581796646118e-01 2.472258567810058594e+00
1.956754028797149658e-01 2.452150344848632812e+00
1.966840326786041260e-01 2.438407421112060547e+00
1.976926773786544800e-01 2.440322637557983398e+00
1.987013071775436401e-01 2.436798095703125000e+00
1.997099518775939941e-01 2.402355909347534180e+00
2.007185816764831543e-01 2.451670885086059570e+00
2.017272114753723145e-01 2.454849243164062500e+00
2.027358561754226685e-01 2.395204544067382812e+00
2.037444859743118286e-01 2.428857803344726562e+00
2.047531306743621826e-01 2.362405776977539062e+00
2.057617604732513428e-01 2.367974281311035156e+00
2.067703902721405029e-01 2.357108592987060547e+00
2.077790349721908569e-01 2.347125291824340820e+00
2.087876647710800171e-01 2.330855369567871094e+00
2.097963094711303711e-01 2.329941511154174805e+00
2.108049392700195312e-01 2.323701620101928711e+00
2.118135839700698853e-01 2.323618412017822266e+00
2.128222137689590454e-01 2.366782903671264648e+00
2.138308435678482056e-01 2.336666584014892578e+00
2.148394882678985596e-01 2.314751625061035156e+00
2.158481180667877197e-01 2.277129173278808594e+00
2.168567627668380737e-01 2.267064332962036133e+00
2.178653925657272339e-01 2.299063682556152344e+00
2.188740372657775879e-01 2.301212549209594727e+00
2.198826670646667480e-01 2.302698135375976562e+00
2.208912968635559082e-01 2.289141893386840820e+00
2.218999415636062622e-01 2.262510061264038086e+00
2.229085713624954224e-01 2.311253309249877930e+00
2.239172160625457764e-01 2.292567014694213867e+00
2.249258458614349365e-01 2.253605604171752930e+00
2.259344756603240967e-01 2.257552623748779297e+00
2.269431203603744507e-01 2.251485586166381836e+00
2.279517501592636108e-01 2.177291631698608398e+00
2.289603948593139648e-01 2.235766172409057617e+00
2.299690246582031250e-01 2.263495206832885742e+00
2.309776693582534790e-01 2.232377529144287109e+00
2.319862991571426392e-01 2.247702598571777344e+00
2.329949289560317993e-01 2.184910774230957031e+00
2.340035736560821533e-01 2.225053548812866211e+00
2.350122034549713135e-01 2.208507299423217773e+00
2.360208481550216675e-01 2.222040176391601562e+00
2.370294779539108276e-01 2.200034856796264648e+00
2.380381226539611816e-01 2.199468612670898438e+00
2.390467524528503418e-01 2.192970991134643555e+00
2.400553822517395020e-01 2.227572679519653320e+00
2.410640269517898560e-01 2.162274122238159180e+00
2.420726567506790161e-01 2.212419033050537109e+00
2.430813014507293701e-01 2.300343513488769531e+00
2.440899312496185303e-01 2.203297376632690430e+00
2.450985759496688843e-01 2.205736160278320312e+00
2.461072057485580444e-01 2.149332761764526367e+00
2.471158355474472046e-01 2.203439474105834961e+00
2.481244802474975586e-01 2.182416915893554688e+00
2.491331100463867188e-01 2.157456398010253906e+00
2.501417398452758789e-01 2.151939153671264648e+00
2.511503994464874268e-01 2.156469106674194336e+00
2.521590292453765869e-01 2.176795482635498047e+00
2.531676590442657471e-01 2.165361404418945312e+00
2.541762888431549072e-01 2.151862859725952148e+00
2.551849186420440674e-01 2.166545867919921875e+00
2.561935782432556152e-01 2.155079841613769531e+00
2.572022080421447754e-01 2.158504009246826172e+00
2.582108378410339355e-01 2.151493310928344727e+00
2.592194676399230957e-01 2.130742311477661133e+00
2.602280974388122559e-01 2.131286144256591797e+00
2.612367570400238037e-01 2.151364326477050781e+00
2.622453868389129639e-01 2.118722200393676758e+00
2.632540166378021240e-01 2.128718137741088867e+00
2.642626464366912842e-01 2.147328138351440430e+00
2.652712762355804443e-01 2.125176429748535156e+00
2.662799358367919922e-01 2.132295846939086914e+00
2.672885656356811523e-01 2.117830276489257812e+00
2.682971954345703125e-01 2.128325700759887695e+00
2.693058252334594727e-01 2.148802518844604492e+00
2.703144848346710205e-01 2.132544040679931641e+00
2.713231146335601807e-01 2.095046043395996094e+00
2.723317444324493408e-01 2.110123634338378906e+00
2.733403742313385010e-01 2.088073730468750000e+00
2.743490040302276611e-01 2.077831268310546875e+00
2.753576636314392090e-01 2.116119146347045898e+00
2.763662934303283691e-01 2.100281953811645508e+00
2.773749232292175293e-01 2.132417678833007812e+00
2.783835530281066895e-01 2.180854558944702148e+00
2.793921828269958496e-01 2.124194145202636719e+00
2.804008424282073975e-01 2.095794677734375000e+00
2.814094722270965576e-01 2.097993135452270508e+00
2.824181020259857178e-01 2.134268283843994141e+00
2.834267318248748779e-01 2.106149196624755859e+00
2.844353616237640381e-01 2.135653734207153320e+00
2.854440212249755859e-01 2.092741250991821289e+00
2.864526510238647461e-01 2.148932218551635742e+00
2.874612808227539062e-01 2.141021966934204102e+00
2.884699106216430664e-01 2.105342149734497070e+00
2.894785702228546143e-01 2.134240627288818359e+00
2.904872000217437744e-01 2.097703218460083008e+00
2.914958298206329346e-01 2.081138134002685547e+00
2.925044596195220947e-01 2.114446878433227539e+00
2.935130894184112549e-01 2.094666242599487305e+00
2.945217490196228027e-01 2.085270881652832031e+00
2.955303788185119629e-01 2.074677705764770508e+00
2.965390086174011230e-01 2.077370166778564453e+00
2.975476384162902832e-01 2.106494188308715820e+00
2.985562682151794434e-01 2.132706880569458008e+00
2.995649278163909912e-01 2.108898878097534180e+00
3.005735576152801514e-01 2.084258317947387695e+00
3.015821874141693115e-01 2.125642776489257812e+00
3.025908172130584717e-01 2.095602750778198242e+00
3.035994470119476318e-01 2.119566440582275391e+00
3.046081066131591797e-01 2.102380990982055664e+00
3.056167364120483398e-01 2.057770252227783203e+00
3.066253662109375000e-01 2.066501617431640625e+00
3.076339960098266602e-01 2.109171152114868164e+00
3.086426556110382080e-01 2.084912061691284180e+00
3.096512854099273682e-01 2.106639385223388672e+00
3.106599152088165283e-01 2.089296102523803711e+00
3.116685450077056885e-01 2.103976488113403320e+00
3.126771748065948486e-01 2.083333253860473633e+00
3.136858344078063965e-01 2.133930921554565430e+00
3.146944642066955566e-01 2.080681562423706055e+00
3.157030940055847168e-01 2.097645044326782227e+00
3.167117238044738770e-01 2.071407556533813477e+00
3.177203536033630371e-01 2.071513652801513672e+00
3.187290132045745850e-01 2.051658630371093750e+00
3.197376430034637451e-01 2.092132329940795898e+00
3.207462728023529053e-01 2.079995155334472656e+00
3.217549026012420654e-01 2.084963083267211914e+00
3.227635622024536133e-01 2.102620124816894531e+00
3.237721920013427734e-01 2.089449882507324219e+00
3.247808218002319336e-01 2.039925098419189453e+00
3.257894515991210938e-01 2.063432693481445312e+00
3.267980813980102539e-01 2.086324691772460938e+00
3.278067409992218018e-01 2.114380359649658203e+00
3.288153707981109619e-01 2.104359388351440430e+00
3.298240005970001221e-01 2.081405162811279297e+00
3.308326303958892822e-01 2.060135364532470703e+00
3.318412601947784424e-01 2.057121276855468750e+00
3.328499197959899902e-01 2.082307577133178711e+00
3.338585495948791504e-01 2.073861598968505859e+00
3.348671793937683105e-01 2.086011648178100586e+00
3.358758091926574707e-01 2.095507144927978516e+00
3.368844389915466309e-01 2.079155683517456055e+00
3.378930985927581787e-01 2.073891401290893555e+00
3.389017283916473389e-01 2.117022275924682617e+00
3.399103581905364990e-01 2.025528907775878906e+00
3.409189879894256592e-01 2.086117029190063477e+00
3.419276475906372070e-01 2.056089401245117188e+00
3.429362773895263672e-01 2.062845945358276367e+00
3.439449071884155273e-01 2.067866086959838867e+00
3.449535369873046875e-01 2.045755624771118164e+00
3.459621667861938477e-01 2.076029300689697266e+00
3.469708263874053955e-01 2.053509473800659180e+00
3.479794561862945557e-01 2.050788640975952148e+00
3.489880859851837158e-01 2.048873424530029297e+00
3.499967157840728760e-01 2.065132617950439453e+00
3.510053455829620361e-01 2.060524702072143555e+00
3.520140051841735840e-01 2.073271751403808594e+00
3.530226349830627441e-01 2.052011489868164062e+00
3.540312647819519043e-01 2.050588846206665039e+00
3.550398945808410645e-01 2.078175306320190430e+00
3.560485243797302246e-01 2.073922157287597656e+00
3.570571839809417725e-01 2.074991464614868164e+00
3.580658137798309326e-01 2.050160169601440430e+00
3.590744435787200928e-01 2.037296533584594727e+00
3.600830733776092529e-01 2.057146549224853516e+00
3.610917329788208008e-01 2.073261976242065430e+00
3.621003627777099609e-01 2.055637121200561523e+00
3.631089925765991211e-01 2.075881958007812500e+00
3.641176223754882812e-01 2.074109554290771484e+00
3.651262521743774414e-01 2.047807693481445312e+00
3.661349117755889893e-01 2.052871227264404297e+00
3.671435415744781494e-01 2.062792062759399414e+00
3.681521713733673096e-01 2.086667776107788086e+00
3.691608011722564697e-01 2.066654682159423828e+00
3.701694309711456299e-01 2.033926963806152344e+00
3.711780905723571777e-01 2.060373783111572266e+00
3.721867203712463379e-01 2.088459253311157227e+00
3.731953501701354980e-01 2.058853864669799805e+00
3.742039799690246582e-01 2.013000488281250000e+00
3.752126097679138184e-01 2.036687374114990234e+00
3.762212693691253662e-01 2.038990259170532227e+00
3.772298991680145264e-01 2.055246829986572266e+00
3.782385289669036865e-01 2.040830135345458984e+00
3.792471587657928467e-01 2.052685499191284180e+00
3.802558183670043945e-01 2.060676097869873047e+00
3.812644481658935547e-01 2.062587261199951172e+00
3.822730779647827148e-01 2.060148954391479492e+00
3.832817077636718750e-01 2.028437614440917969e+00
3.842903375625610352e-01 2.030929803848266602e+00
3.852989971637725830e-01 2.019999027252197266e+00
3.863076269626617432e-01 2.055202007293701172e+00
3.873162567615509033e-01 2.059412956237792969e+00
3.883248865604400635e-01 2.073420524597167969e+00
3.893335163593292236e-01 2.027523279190063477e+00
3.903421759605407715e-01 2.034075260162353516e+00
3.913508057594299316e-01 2.046503305435180664e+00
3.923594355583190918e-01 2.043254852294921875e+00
3.933680653572082520e-01 2.018848896026611328e+00
3.943766951560974121e-01 2.020555734634399414e+00
3.953853547573089600e-01 2.005287408828735352e+00
3.963939845561981201e-01 2.052528619766235352e+00
3.974026143550872803e-01 2.060918331146240234e+00
3.984112441539764404e-01 2.030633449554443359e+00
3.994199037551879883e-01 2.056688070297241211e+00
4.004285335540771484e-01 2.025081157684326172e+00
4.014371633529663086e-01 2.048071146011352539e+00
4.024457931518554688e-01 2.020151853561401367e+00
4.034544229507446289e-01 2.042601108551025391e+00
4.044630825519561768e-01 2.032651901245117188e+00
4.054717123508453369e-01 2.025166511535644531e+00
4.064803421497344971e-01 2.034829139709472656e+00
4.074889719486236572e-01 2.028810262680053711e+00
4.084976017475128174e-01 2.024754285812377930e+00
4.095062613487243652e-01 2.028913497924804688e+00
4.105148911476135254e-01 2.040266036987304688e+00
4.115235209465026855e-01 2.051931381225585938e+00
4.125321507453918457e-01 2.029839515686035156e+00
4.135407805442810059e-01 2.019268751144409180e+00
4.145494401454925537e-01 2.026845932006835938e+00
4.155580699443817139e-01 2.020993947982788086e+00
4.165666997432708740e-01 2.014482021331787109e+00
4.175753295421600342e-01 2.030518531799316406e+00
4.185839891433715820e-01 1.999002456665039062e+00
4.195926189422607422e-01 1.987720727920532227e+00
4.206012487411499023e-01 2.010361433029174805e+00
4.216098785400390625e-01 2.025689601898193359e+00
4.226185083389282227e-01 2.020017385482788086e+00
4.236271679401397705e-01 1.984839916229248047e+00
4.246357977390289307e-01 2.014402866363525391e+00
4.256444275379180908e-01 2.037977933883666992e+00
4.266530573368072510e-01 2.012218475341796875e+00
4.276616871356964111e-01 2.025996208190917969e+00
4.286703467369079590e-01 1.997894048690795898e+00
4.296789765357971191e-01 2.007998466491699219e+00
4.306876063346862793e-01 1.978588342666625977e+00
4.316962361335754395e-01 1.990779638290405273e+00
4.327048659324645996e-01 2.008923530578613281e+00
4.337135255336761475e-01 2.008746623992919922e+00
4.347221553325653076e-01 1.983709931373596191e+00
4.357307851314544678e-01 2.000665187835693359e+00
4.367394149303436279e-01 2.002567529678344727e+00
4.377480745315551758e-01 2.003669977188110352e+00
4.387567043304443359e-01 2.014045000076293945e+00
4.397653341293334961e-01 1.999562025070190430e+00
4.407739639282226562e-01 1.994091629981994629e+00
4.417825937271118164e-01 1.979167342185974121e+00
4.427912533283233643e-01 1.979674935340881348e+00
4.437998831272125244e-01 1.982706665992736816e+00
4.448085129261016846e-01 1.950085163116455078e+00
4.458171427249908447e-01 1.974217891693115234e+00
4.468257725238800049e-01 1.983464717864990234e+00
4.478344321250915527e-01 1.990311026573181152e+00
4.488430619239807129e-01 1.998428344726562500e+00
4.498516917228698730e-01 1.968152880668640137e+00
4.508603215217590332e-01 1.991855025291442871e+00
4.518689513206481934e-01 1.984232187271118164e+00
4.528776109218597412e-01 1.992471933364868164e+00
4.538862407207489014e-01 1.981558203697204590e+00
4.548948705196380615e-01 1.992775082588195801e+00
4.559035003185272217e-01 1.954304456710815430e+00
4.569121599197387695e-01 1.952640652656555176e+00
4.579207897186279297e-01 1.958513617515563965e+00
4.589294195175170898e-01 1.996317028999328613e+00
4.599380493164062500e-01 1.949284911155700684e+00
4.609466791152954102e-01 1.941224098205566406e+00
4.619553387165069580e-01 1.932477235794067383e+00
4.629639685153961182e-01 1.940948247909545898e+00
4.639725983142852783e-01 1.988880276679992676e+00
4.649812281131744385e-01 1.962473154067993164e+00
4.659898579120635986e-01 1.954519510269165039e+00
4.669985175132751465e-01 1.897937417030334473e+00
4.680071473121643066e-01 1.933486342430114746e+00
4.690157771110534668e-01 1.962825417518615723e+00
4.700244069099426270e-01 1.970322966575622559e+00
4.710330665111541748e-01 1.939614057540893555e+00
4.720416963100433350e-01 1.966396450996398926e+00
4.730503261089324951e-01 1.944577932357788086e+00
4.740589559078216553e-01 1.945540904998779297e+00
4.750675857067108154e-01 1.949966907501220703e+00
4.760762453079223633e-01 1.953899979591369629e+00
4.770848751068115234e-01 1.929211735725402832e+00
4.780935049057006836e-01 1.957885861396789551e+00
4.791021347045898438e-01 1.925591468811035156e+00
4.801107645034790039e-01 1.944157719612121582e+00
4.811194241046905518e-01 1.956967115402221680e+00
4.821280539035797119e-01 1.937398314476013184e+00
4.831366837024688721e-01 1.935358405113220215e+00
4.841453135013580322e-01 1.930711388587951660e+00
4.851539433002471924e-01 1.943312764167785645e+00
4.861626029014587402e-01 1.948381543159484863e+00
4.871712327003479004e-01 1.957950234413146973e+00
4.881798624992370605e-01 1.945512413978576660e+00
4.891884922981262207e-01 1.936547160148620605e+00
4.901971518993377686e-01 1.930276274681091309e+00
4.912057816982269287e-01 1.957596063613891602e+00
4.922144114971160889e-01 1.934033751487731934e+00
4.932230412960052490e-01 1.902247190475463867e+00
4.942316710948944092e-01 1.909150481224060059e+00
4.952403306961059570e-01 1.932944774627685547e+00
4.962489604949951172e-01 1.939234972000122070e+00
4.972575902938842773e-01 1.905746936798095703e+00
4.982662200927734375e-01 1.904385089874267578e+00
4.992748498916625977e-01 1.938737154006958008e+00
5.002834796905517578e-01 1.932525873184204102e+00
5.012921094894409180e-01 1.903030276298522949e+00
5.023007988929748535e-01 1.884013414382934570e+00
5.033094286918640137e-01 1.896008253097534180e+00
5.043180584907531738e-01 1.972092747688293457e+00
5.053266882896423340e-01 1.936266422271728516e+00
5.063353180885314941e-01 1.895230174064636230e+00
5.073439478874206543e-01 1.898854732513427734e+00
5.083525776863098145e-01 1.933256030082702637e+00
5.093612074851989746e-01 1.904899120330810547e+00
5.103698372840881348e-01 1.930721998214721680e+00
5.113784670829772949e-01 1.933224081993103027e+00
5.123871564865112305e-01 1.934399604797363281e+00
5.133957862854003906e-01 1.939481616020202637e+00
5.144044160842895508e-01 1.921356201171875000e+00
5.154130458831787109e-01 1.915362477302551270e+00
5.164216756820678711e-01 1.948545694351196289e+00
5.174303054809570312e-01 1.909776806831359863e+00
5.184389352798461914e-01 1.911019563674926758e+00
5.194475650787353516e-01 1.921575546264648438e+00
5.204561948776245117e-01 1.911769390106201172e+00
5.214648842811584473e-01 1.911779522895812988e+00
5.224735140800476074e-01 1.927532196044921875e+00
5.234821438789367676e-01 1.905496478080749512e+00
5.244907736778259277e-01 1.918479442596435547e+00
5.254994034767150879e-01 1.927203655242919922e+00
5.265080332756042480e-01 1.919911623001098633e+00
5.275166630744934082e-01 1.933687329292297363e+00
5.285252928733825684e-01 1.932341694831848145e+00
5.295339226722717285e-01 1.938455581665039062e+00
5.305425524711608887e-01 1.948548078536987305e+00
5.315512418746948242e-01 1.905427575111389160e+00
5.325598716735839844e-01 1.927845120429992676e+00
5.335685014724731445e-01 1.928335428237915039e+00
5.345771312713623047e-01 1.942455530166625977e+00
5.355857610702514648e-01 1.916618466377258301e+00
5.365943908691406250e-01 1.905097126960754395e+00
5.376030206680297852e-01 1.926621913909912109e+00
5.386116504669189453e-01 1.908241868019104004e+00
5.396202802658081055e-01 1.886293530464172363e+00
5.406289696693420410e-01 1.892467498779296875e+00
5.416375994682312012e-01 1.879117965698242188e+00
5.426462292671203613e-01 1.900250673294067383e+00
5.436548590660095215e-01 1.908019781112670898e+00
5.446634888648986816e-01 1.873224616050720215e+00
5.456721186637878418e-01 1.895019173622131348e+00
5.466807484626770020e-01 1.877033472061157227e+00
5.476893782615661621e-01 1.889795660972595215e+00
5.486980080604553223e-01 1.881697297096252441e+00
5.497066378593444824e-01 1.888116955757141113e+00
5.507153272628784180e-01 1.905098199844360352e+00
5.517239570617675781e-01 1.860669732093811035e+00
5.527325868606567383e-01 1.862461090087890625e+00
5.537412166595458984e-01 1.877166390419006348e+00
5.547498464584350586e-01 1.870005726814270020e+00
5.557584762573242188e-01 1.874264001846313477e+00
5.567671060562133789e-01 1.858654022216796875e+00
5.577757358551025391e-01 1.882098555564880371e+00
5.587843656539916992e-01 1.860141873359680176e+00
5.597930550575256348e-01 1.857312321662902832e+00
5.608016848564147949e-01 1.857735157012939453e+00
5.618103146553039551e-01 1.855388522148132324e+00
5.628189444541931152e-01 1.842219352722167969e+00
5.638275742530822754e-01 1.818015217781066895e+00
5.648362040519714355e-01 1.833828210830688477e+00
5.658448338508605957e-01 1.849903464317321777e+00
5.668534636497497559e-01 1.822022080421447754e+00
5.678620934486389160e-01 1.827695727348327637e+00
5.688707232475280762e-01 1.854812264442443848e+00
5.698794126510620117e-01 1.842909932136535645e+00
5.708880424499511719e-01 1.835417509078979492e+00
5.718966722488403320e-01 1.842666745185852051e+00
5.729053020477294922e-01 1.822781205177307129e+00
5.739139318466186523e-01 1.834233880043029785e+00
5.749225616455078125e-01 1.834663391113281250e+00
5.759311914443969727e-01 1.807469487190246582e+00
5.769398212432861328e-01 1.843203306198120117e+00
5.779484510421752930e-01 1.820477128028869629e+00
5.789571404457092285e-01 1.795531392097473145e+00
5.799657702445983887e-01 1.823883891105651855e+00
5.809744000434875488e-01 1.826434254646301270e+00
5.819830298423767090e-01 1.812895178794860840e+00
5.829916596412658691e-01 1.813813090324401855e+00
5.840002894401550293e-01 1.818034172058105469e+00
5.850089192390441895e-01 1.821524143218994141e+00
5.860175490379333496e-01 1.808917284011840820e+00
5.870261788368225098e-01 1.824229001998901367e+00
5.880348086357116699e-01 1.822128772735595703e+00
5.890434980392456055e-01 1.809806823730468750e+00
5.900521278381347656e-01 1.826007604598999023e+00
5.910607576370239258e-01 1.826963782310485840e+00
5.920693874359130859e-01 1.828445434570312500e+00
5.930780172348022461e-01 1.826021909713745117e+00
5.940866470336914062e-01 1.792066335678100586e+00
5.950952768325805664e-01 1.805324435234069824e+00
5.961039066314697266e-01 1.817694306373596191e+00
5.971125364303588867e-01 1.810016036033630371e+00
5.981212258338928223e-01 1.805897474288940430e+00
5.991298556327819824e-01 1.806474089622497559e+00
6.001384854316711426e-01 1.799720525741577148e+00
6.011471152305603027e-01 1.778265357017517090e+00
6.021557450294494629e-01 1.799533486366271973e+00
6.031643748283386230e-01 1.790872335433959961e+00
6.041730046272277832e-01 1.799795866012573242e+00
6.051816344261169434e-01 1.810910940170288086e+00
6.061902642250061035e-01 1.814989089965820312e+00
6.071988940238952637e-01 1.824415445327758789e+00
6.082075834274291992e-01 1.789265036582946777e+00
6.092162132263183594e-01 1.805007815361022949e+00
6.102248430252075195e-01 1.798791289329528809e+00
6.112334728240966797e-01 1.812286734580993652e+00
6.122421026229858398e-01 1.805711984634399414e+00
6.132507324218750000e-01 1.794080018997192383e+00
6.142593622207641602e-01 1.762226462364196777e+00
6.152679920196533203e-01 1.796380639076232910e+00
6.162766218185424805e-01 1.783096790313720703e+00
6.172853112220764160e-01 1.786241888999938965e+00
6.182939410209655762e-01 1.812356710433959961e+00
6.193025708198547363e-01 1.782546639442443848e+00
6.203112006187438965e-01 1.791693568229675293e+00
6.213198304176330566e-01 1.784147977828979492e+00
6.223284602165222168e-01 1.779946088790893555e+00
6.233370900154113770e-01 1.803344845771789551e+00
6.243457198143005371e-01 1.784597516059875488e+00
6.253543496131896973e-01 1.783835053443908691e+00
6.263629794120788574e-01 1.756426930427551270e+00
6.273716688156127930e-01 1.782255887985229492e+00
6.283802986145019531e-01 1.755993247032165527e+00
6.293889284133911133e-01 1.752904772758483887e+00
6.303975582122802734e-01 1.751591324806213379e+00
6.314061880111694336e-01 1.752740025520324707e+00
6.324148178100585938e-01 1.754777789115905762e+00
6.334234476089477539e-01 1.771000027656555176e+00
6.344320774078369141e-01 1.769662857055664062e+00
6.354407072067260742e-01 1.783675312995910645e+00
6.364493966102600098e-01 1.770121455192565918e+00
6.374580264091491699e-01 1.774287343025207520e+00
6.384666562080383301e-01 1.781946301460266113e+00
6.394752860069274902e-01 1.767328381538391113e+00
6.404839158058166504e-01 1.788910865783691406e+00
6.414925456047058105e-01 1.753472208976745605e+00
6.425011754035949707e-01 1.786941170692443848e+00
6.435098052024841309e-01 1.768670797348022461e+00
6.445184350013732910e-01 1.769072175025939941e+00
6.455271244049072266e-01 1.760359883308410645e+00
6.465357542037963867e-01 1.760856866836547852e+00
6.475443840026855469e-01 1.795721054077148438e+00
6.485530138015747070e-01 1.761178493499755859e+00
6.495616436004638672e-01 1.792182326316833496e+00
6.505702733993530273e-01 1.752443075180053711e+00
6.515789031982421875e-01 1.747863531112670898e+00
6.525875329971313477e-01 1.767456769943237305e+00
6.535961627960205078e-01 1.775580525398254395e+00
6.546047925949096680e-01 1.766102313995361328e+00
6.556134819984436035e-01 1.767055630683898926e+00
6.566221117973327637e-01 1.782237529754638672e+00
6.576307415962219238e-01 1.768636345863342285e+00
6.586393713951110840e-01 1.775083899497985840e+00
6.596480011940002441e-01 1.763224959373474121e+00
6.606566309928894043e-01 1.768240332603454590e+00
6.616652607917785645e-01 1.765409946441650391e+00
6.626738905906677246e-01 1.756325244903564453e+00
6.636825203895568848e-01 1.778489470481872559e+00
6.646912097930908203e-01 1.761289119720458984e+00
6.656998395919799805e-01 1.751817703247070312e+00
6.667084693908691406e-01 1.762688875198364258e+00
6.677170991897583008e-01 1.748180866241455078e+00
6.687257289886474609e-01 1.763423800468444824e+00
6.697343587875366211e-01 1.753435254096984863e+00
6.707429885864257812e-01 1.764168977737426758e+00
6.717516183853149414e-01 1.780952095985412598e+00
6.727602481842041016e-01 1.773123145103454590e+00
6.737688779830932617e-01 1.789921045303344727e+00
6.747775673866271973e-01 1.771013498306274414e+00
6.757861971855163574e-01 1.746674537658691406e+00
6.767948269844055176e-01 1.792778730392456055e+00
6.778034567832946777e-01 1.789729356765747070e+00
6.788120865821838379e-01 1.759894251823425293e+00
6.798207163810729980e-01 1.779515385627746582e+00
6.808293461799621582e-01 1.746027827262878418e+00
6.818379759788513184e-01 1.765135645866394043e+00
6.828466057777404785e-01 1.777078151702880859e+00
6.838552951812744141e-01 1.773125052452087402e+00
6.848639249801635742e-01 1.773268222808837891e+00
6.858725547790527344e-01 1.747392058372497559e+00
6.868811845779418945e-01 1.770551085472106934e+00
6.878898143768310547e-01 1.788558363914489746e+00
6.888984441757202148e-01 1.769239425659179688e+00
6.899070739746093750e-01 1.750262260437011719e+00
6.909157037734985352e-01 1.769648671150207520e+00
6.919243335723876953e-01 1.765835404396057129e+00
6.929329633712768555e-01 1.789535164833068848e+00
6.939416527748107910e-01 1.761242270469665527e+00
6.949502825736999512e-01 1.750927805900573730e+00
6.959589123725891113e-01 1.773597121238708496e+00
6.969675421714782715e-01 1.774546861648559570e+00
6.979761719703674316e-01 1.761079549789428711e+00
6.989848017692565918e-01 1.781071186065673828e+00
6.999934315681457520e-01 1.779861092567443848e+00
7.010020613670349121e-01 1.780247330665588379e+00
7.020106911659240723e-01 1.779501199722290039e+00
7.030193805694580078e-01 1.777396082878112793e+00
7.040280103683471680e-01 1.788998484611511230e+00
7.050366401672363281e-01 1.788449645042419434e+00
7.060452699661254883e-01 1.816512346267700195e+00
7.070538997650146484e-01 1.774771928787231445e+00
7.080625295639038086e-01 1.787452578544616699e+00
7.090711593627929688e-01 1.783178210258483887e+00
7.100797891616821289e-01 1.785632252693176270e+00
7.110884189605712891e-01 1.794431447982788086e+00
7.120970487594604492e-01 1.755722880363464355e+00
7.131057381629943848e-01 1.795844078063964844e+00
7.141143679618835449e-01 1.806732535362243652e+00
7.151229977607727051e-01 1.759711861610412598e+00
7.161316275596618652e-01 1.764070272445678711e+00
7.171402573585510254e-01 1.782078981399536133e+00
7.181488871574401855e-01 1.814049959182739258e+00
7.191575169563293457e-01 1.801049351692199707e+00
7.201661467552185059e-01 1.786591291427612305e+00
7.211747765541076660e-01 1.793741464614868164e+00
7.221834659576416016e-01 1.772886276245117188e+00
7.231920957565307617e-01 1.805521368980407715e+00
7.242007255554199219e-01 1.801109671592712402e+00
7.252093553543090820e-01 1.800722718238830566e+00
7.262179851531982422e-01 1.803411602973937988e+00
7.272266149520874023e-01 1.799153804779052734e+00
7.282352447509765625e-01 1.803572654724121094e+00
7.292438745498657227e-01 1.804747462272644043e+00
7.302525043487548828e-01 1.808756589889526367e+00
7.312611341476440430e-01 1.794552683830261230e+00
7.322698235511779785e-01 1.801411509513854980e+00
7.332784533500671387e-01 1.822685360908508301e+00
7.342870831489562988e-01 1.825227737426757812e+00
7.352957129478454590e-01 1.788012981414794922e+00
7.363043427467346191e-01 1.810771107673645020e+00
7.373129725456237793e-01 1.788266658782958984e+00
7.383216023445129395e-01 1.828583836555480957e+00
7.393302321434020996e-01 1.812033414840698242e+00
7.403388619422912598e-01 1.826271295547485352e+00
7.413475513458251953e-01 1.824141621589660645e+00
7.423561811447143555e-01 1.816843390464782715e+00
7.433648109436035156e-01 1.840133666992187500e+00
7.443734407424926758e-01 1.814633727073669434e+00
7.453820705413818359e-01 1.823150634765625000e+00
7.463907003402709961e-01 1.846270561218261719e+00
7.473993301391601562e-01 1.829317450523376465e+00
7.484079599380493164e-01 1.819251894950866699e+00
7.494165897369384766e-01 1.822087645530700684e+00
7.504252195358276367e-01 1.835640907287597656e+00
7.514339089393615723e-01 1.801781058311462402e+00
7.524425387382507324e-01 1.838490962982177734e+00
7.534511685371398926e-01 1.881697058677673340e+00
7.544597983360290527e-01 1.834087848663330078e+00
7.554684281349182129e-01 1.828452587127685547e+00
7.564770579338073730e-01 1.812283277511596680e+00
7.574856877326965332e-01 1.856832027435302734e+00
7.584943175315856934e-01 1.811143517494201660e+00
7.595029473304748535e-01 1.851064682006835938e+00
7.605116367340087891e-01 1.818303346633911133e+00
7.615202665328979492e-01 1.843175292015075684e+00
7.625288963317871094e-01 1.821047782897949219e+00
7.635375261306762695e-01 1.819198608398437500e+00
7.645461559295654297e-01 1.829842686653137207e+00
7.655547857284545898e-01 1.830242633819580078e+00
7.665634155273437500e-01 1.851423859596252441e+00
7.675720453262329102e-01 1.835065245628356934e+00
7.685806751251220703e-01 1.835113763809204102e+00
7.695893049240112305e-01 1.841064810752868652e+00
7.705979943275451660e-01 1.862046003341674805e+00
7.716066241264343262e-01 1.860466837882995605e+00
7.726152539253234863e-01 1.859547853469848633e+00
7.736238837242126465e-01 1.847437620162963867e+00
7.746325135231018066e-01 1.865144848823547363e+00
7.756411433219909668e-01 1.847152709960937500e+00
7.766497731208801270e-01 1.854041337966918945e+00
7.776584029197692871e-01 1.855006337165832520e+00
7.786670327186584473e-01 1.859044909477233887e+00
7.796757221221923828e-01 1.873397588729858398e+00
7.806843519210815430e-01 1.866364717483520508e+00
7.816929817199707031e-01 1.862481117248535156e+00
7.827016115188598633e-01 1.878283977508544922e+00
7.837102413177490234e-01 1.884330630302429199e+00
7.847188711166381836e-01 1.857754945755004883e+00
7.857275009155273438e-01 1.892223000526428223e+00
7.867361307144165039e-01 1.881063461303710938e+00
7.877447605133056641e-01 1.864548683166503906e+00
7.887533903121948242e-01 1.890926957130432129e+00
7.897620797157287598e-01 1.903826475143432617e+00
7.907707095146179199e-01 1.879721879959106445e+00
7.917793393135070801e-01 1.877808451652526855e+00
7.927879691123962402e-01 1.875113010406494141e+00
7.937965989112854004e-01 1.880180597305297852e+00
7.948052287101745605e-01 1.864865422248840332e+00
7.958138585090637207e-01 1.870702981948852539e+00
7.968224883079528809e-01 1.866216301918029785e+00
7.978311181068420410e-01 1.886909246444702148e+00
7.988398075103759766e-01 1.868998765945434570e+00
7.998484373092651367e-01 1.914998173713684082e+00
8.008570671081542969e-01 1.906366705894470215e+00
8.018656969070434570e-01 1.898039937019348145e+00
8.028743267059326172e-01 1.926130414009094238e+00
8.038829565048217773e-01 1.930154561996459961e+00
8.048915863037109375e-01 1.915400981903076172e+00
8.059002161026000977e-01 1.911754965782165527e+00
8.069088459014892578e-01 1.881422162055969238e+00
8.079174757003784180e-01 1.893132805824279785e+00
8.089261651039123535e-01 1.915582418441772461e+00
8.099347949028015137e-01 1.942687511444091797e+00
8.109434247016906738e-01 1.947839617729187012e+00
8.119520545005798340e-01 1.942828059196472168e+00
8.129606842994689941e-01 1.937072157859802246e+00
8.139693140983581543e-01 1.935050010681152344e+00
8.149779438972473145e-01 1.896194934844970703e+00
8.159865736961364746e-01 1.938964843750000000e+00
8.169952034950256348e-01 1.932867884635925293e+00
8.180038928985595703e-01 1.935410380363464355e+00
8.190125226974487305e-01 1.930663704872131348e+00
8.200211524963378906e-01 1.910254478454589844e+00
8.210297822952270508e-01 1.933534622192382812e+00
8.220384120941162109e-01 1.926235437393188477e+00
8.230470418930053711e-01 1.924066185951232910e+00
8.240556716918945312e-01 1.944709300994873047e+00
8.250643014907836914e-01 1.966815829277038574e+00
8.260729312896728516e-01 1.951434254646301270e+00
8.270815610885620117e-01 1.948263287544250488e+00
8.280902504920959473e-01 1.948286771774291992e+00
8.290988802909851074e-01 1.939876079559326172e+00
8.301075100898742676e-01 1.942506551742553711e+00
8.311161398887634277e-01 1.965264439582824707e+00
8.321247696876525879e-01 1.941501021385192871e+00
8.331333994865417480e-01 1.912794113159179688e+00
8.341420292854309082e-01 1.943939447402954102e+00
8.351506590843200684e-01 1.957137584686279297e+00
8.361592888832092285e-01 1.976733326911926270e+00
8.371679782867431641e-01 1.987378597259521484e+00
8.381766080856323242e-01 1.965875864028930664e+00
8.391852378845214844e-01 1.931805253028869629e+00
8.401938676834106445e-01 1.963986277580261230e+00
8.412024974822998047e-01 1.960388898849487305e+00
8.422111272811889648e-01 1.950068712234497070e+00
8.432197570800781250e-01 1.957785367965698242e+00
8.442283868789672852e-01 1.984429717063903809e+00
8.452370166778564453e-01 1.968422889709472656e+00
8.462456464767456055e-01 1.988405227661132812e+00
8.472543358802795410e-01 1.987583637237548828e+00
8.482629656791687012e-01 1.935536742210388184e+00
8.492715954780578613e-01 1.966049075126647949e+00
8.502802252769470215e-01 1.952951192855834961e+00
8.512888550758361816e-01 1.974343538284301758e+00
8.522974848747253418e-01 1.979906916618347168e+00
8.533061146736145020e-01 1.948467373847961426e+00
8.543147444725036621e-01 1.941387176513671875e+00
8.553233742713928223e-01 1.926334023475646973e+00
8.563320636749267578e-01 1.959977269172668457e+00
8.573406934738159180e-01 1.956737875938415527e+00
8.583493232727050781e-01 1.968384623527526855e+00
8.593579530715942383e-01 1.922680258750915527e+00
8.603665828704833984e-01 1.890922546386718750e+00
8.613752126693725586e-01 1.958607196807861328e+00
8.623838424682617188e-01 1.935500144958496094e+00
8.633924722671508789e-01 1.948270082473754883e+00
8.644011020660400391e-01 1.911825060844421387e+00
8.654097318649291992e-01 1.910775899887084961e+00
8.664184212684631348e-01 1.951846241950988770e+00
8.674270510673522949e-01 1.959880709648132324e+00
8.684356808662414551e-01 1.947435975074768066e+00
8.694443106651306152e-01 1.918195128440856934e+00
8.704529404640197754e-01 1.945813059806823730e+00
8.714615702629089355e-01 1.935625076293945312e+00
8.724702000617980957e-01 1.955182790756225586e+00
8.734788298606872559e-01 1.985027074813842773e+00
8.744874596595764160e-01 1.965502738952636719e+00
8.754961490631103516e-01 2.003724098205566406e+00
8.765047788619995117e-01 1.967897653579711914e+00
8.775134086608886719e-01 1.993992209434509277e+00
8.785220384597778320e-01 1.982645392417907715e+00
8.795306682586669922e-01 1.950069665908813477e+00
8.805392980575561523e-01 1.947899460792541504e+00
8.815479278564453125e-01 1.956100821495056152e+00
8.825565576553344727e-01 1.955965161323547363e+00
8.835651874542236328e-01 1.964940905570983887e+00
8.845738172531127930e-01 1.959015369415283203e+00
8.855825066566467285e-01 1.961495399475097656e+00
8.865911364555358887e-01 1.976764440536499023e+00
8.875997662544250488e-01 1.971055626869201660e+00
8.886083960533142090e-01 1.952815413475036621e+00
8.896170258522033691e-01 1.970411539077758789e+00
8.906256556510925293e-01 1.931917786598205566e+00
8.916342854499816895e-01 1.903635263442993164e+00
8.926429152488708496e-01 1.979544758796691895e+00
8.936515450477600098e-01 2.006030559539794922e+00
8.946602344512939453e-01 2.006472587585449219e+00
8.956688642501831055e-01 2.039269924163818359e+00
8.966774940490722656e-01 1.965056896209716797e+00
8.976861238479614258e-01 1.938563585281372070e+00
8.986947536468505859e-01 2.010457038879394531e+00
8.997033834457397461e-01 2.000746965408325195e+00
9.007120132446289062e-01 1.968131899833679199e+00
9.017206430435180664e-01 1.964479088783264160e+00
9.027292728424072266e-01 1.992194890975952148e+00
9.037379026412963867e-01 1.943413257598876953e+00
9.047465920448303223e-01 1.961073517799377441e+00
9.057552218437194824e-01 1.970423817634582520e+00
9.067638516426086426e-01 1.947991967201232910e+00
9.077724814414978027e-01 1.990948200225830078e+00
9.087811112403869629e-01 1.979351639747619629e+00
9.097897410392761230e-01 1.969113945960998535e+00
9.107983708381652832e-01 1.981670379638671875e+00
9.118070006370544434e-01 1.979580879211425781e+00
9.128156304359436035e-01 1.984419226646423340e+00
9.138243198394775391e-01 1.965562462806701660e+00
9.148329496383666992e-01 1.988299369812011719e+00
9.158415794372558594e-01 1.995303988456726074e+00
9.168502092361450195e-01 1.979966521263122559e+00
9.178588390350341797e-01 1.983692407608032227e+00
9.188674688339233398e-01 2.011025905609130859e+00
9.198760986328125000e-01 1.964704394340515137e+00
9.208847284317016602e-01 1.976022839546203613e+00
9.218933582305908203e-01 2.003638029098510742e+00
9.229020476341247559e-01 1.964511871337890625e+00
9.239106774330139160e-01 1.940007448196411133e+00
9.249193072319030762e-01 2.048530578613281250e+00
9.259279370307922363e-01 2.012045860290527344e+00
9.269365668296813965e-01 2.016076564788818359e+00
9.279451966285705566e-01 1.973479866981506348e+00
9.289538264274597168e-01 2.008007049560546875e+00
9.299624562263488770e-01 1.991434931755065918e+00
9.309710860252380371e-01 1.987944483757019043e+00
9.319797158241271973e-01 2.019419431686401367e+00
9.329884052276611328e-01 2.018903493881225586e+00
9.339970350265502930e-01 2.037243604660034180e+00
9.350056648254394531e-01 2.031542301177978516e+00
9.360142946243286133e-01 2.008887767791748047e+00
9.370229244232177734e-01 2.036621570587158203e+00
9.380315542221069336e-01 2.010056257247924805e+00
9.390401840209960938e-01 1.978316783905029297e+00
9.400488138198852539e-01 1.982546329498291016e+00
9.410574436187744141e-01 2.019400835037231445e+00
9.420661330223083496e-01 1.972345232963562012e+00
9.430747628211975098e-01 2.002490282058715820e+00
9.440833926200866699e-01 2.005825042724609375e+00
9.450920224189758301e-01 2.002670526504516602e+00
9.461006522178649902e-01 2.003712654113769531e+00
9.471092820167541504e-01 2.001437187194824219e+00
9.481179118156433105e-01 1.985363125801086426e+00
9.491265416145324707e-01 1.998649001121520996e+00
9.501351714134216309e-01 1.997531890869140625e+00
9.511438012123107910e-01 2.012919187545776367e+00
9.521524906158447266e-01 2.018766641616821289e+00
9.531611204147338867e-01 2.014164209365844727e+00
9.541697502136230469e-01 1.981975793838500977e+00
9.551783800125122070e-01 2.005008935928344727e+00
9.561870098114013672e-01 1.982275843620300293e+00
9.571956396102905273e-01 2.011341571807861328e+00
9.582042694091796875e-01 2.028191089630126953e+00
9.592128992080688477e-01 2.014889955520629883e+00
9.602215290069580078e-01 1.998107433319091797e+00
9.612302184104919434e-01 2.047640800476074219e+00
9.622388482093811035e-01 2.014396905899047852e+00
9.632474780082702637e-01 2.012812614440917969e+00
9.642561078071594238e-01 2.030133008956909180e+00
9.652647376060485840e-01 2.045740842819213867e+00
9.662733674049377441e-01 2.001887321472167969e+00
9.672819972038269043e-01 1.973569512367248535e+00
9.682906270027160645e-01 2.019418478012084961e+00
9.692992568016052246e-01 1.941755533218383789e+00
9.703078866004943848e-01 2.027111291885375977e+00
9.713165760040283203e-01 1.971899509429931641e+00
9.723252058029174805e-01 1.994107246398925781e+00
9.733338356018066406e-01 1.999136924743652344e+00
9.743424654006958008e-01 2.009086370468139648e+00
9.753510951995849609e-01 1.975574374198913574e+00
9.763597249984741211e-01 2.030480861663818359e+00
9.773683547973632812e-01 2.020634174346923828e+00
9.783769845962524414e-01 1.979054927825927734e+00
9.793856143951416016e-01 2.019125699996948242e+00
9.803943037986755371e-01 1.983945965766906738e+00
9.814029335975646973e-01 1.967872619628906250e+00
9.824115633964538574e-01 2.004191637039184570e+00
9.834201931953430176e-01 1.980208039283752441e+00
9.844288229942321777e-01 1.974273085594177246e+00
9.854374527931213379e-01 1.937292933464050293e+00
9.864460825920104980e-01 1.957282185554504395e+00
9.874547123908996582e-01 2.021393775939941406e+00
9.884633421897888184e-01 1.941335320472717285e+00
9.894719719886779785e-01 2.002531290054321289e+00
9.904806613922119141e-01 1.940418124198913574e+00
9.914892911911010742e-01 2.035599946975708008e+00
9.924979209899902344e-01 1.973613381385803223e+00
9.935065507888793945e-01 1.885419964790344238e+00
9.945151805877685547e-01 1.920246362686157227e+00
9.955238103866577148e-01 1.919926404953002930e+00
9.965324401855468750e-01 1.924994945526123047e+00
9.975410699844360352e-01 1.959892392158508301e+00
9.985496997833251953e-01 1.921449780464172363e+00
9.995583891868591309e-01 1.921907663345336914e+00
1.000566959381103516e+00 1.917474389076232910e+00
1.001575589179992676e+00 1.897325158119201660e+00
1.002584218978881836e+00 1.886101722717285156e+00
1.003592848777770996e+00 1.891609787940979004e+00
1.004601597785949707e+00 1.908576130867004395e+00
1.005610227584838867e+00 1.955074429512023926e+00
1.006618857383728027e+00 1.899117231369018555e+00
1.007627487182617188e+00 1.892328143119812012e+00
1.008636116981506348e+00 1.887115478515625000e+00
1.009644746780395508e+00 1.895599961280822754e+00
1.010653376579284668e+00 1.908077359199523926e+00
1.011662006378173828e+00 1.852416157722473145e+00
1.012670636177062988e+00 1.827895045280456543e+00
1.013679265975952148e+00 1.897716283798217773e+00
1.014687895774841309e+00 1.936236619949340820e+00
1.015696525573730469e+00 1.978744506835937500e+00
1.016705155372619629e+00 1.921270608901977539e+00
1.017713785171508789e+00 1.964851975440979004e+00
1.018722414970397949e+00 1.883700847625732422e+00
1.019731044769287109e+00 1.921277642250061035e+00
1.020739674568176270e+00 1.936346411705017090e+00
1.021748304367065430e+00 1.934455037117004395e+00
1.022756934165954590e+00 1.891356587409973145e+00
1.023765683174133301e+00 1.911929011344909668e+00
1.024774312973022461e+00 1.908806204795837402e+00
1.025782942771911621e+00 1.940099358558654785e+00
1.026791572570800781e+00 1.929066300392150879e+00
1.027800202369689941e+00 1.959479570388793945e+00
1.028808832168579102e+00 1.958835601806640625e+00
1.029817461967468262e+00 1.962597370147705078e+00
1.030826091766357422e+00 1.951147198677062988e+00
1.031834721565246582e+00 1.930546998977661133e+00
1.032843351364135742e+00 1.955617785453796387e+00
1.033851981163024902e+00 1.956243872642517090e+00
1.034860610961914062e+00 1.955462217330932617e+00
1.035869240760803223e+00 1.961593627929687500e+00
1.036877870559692383e+00 1.994293212890625000e+00
1.037886500358581543e+00 1.936554551124572754e+00
1.038895130157470703e+00 1.970603227615356445e+00
1.039903759956359863e+00 1.915183782577514648e+00
1.040912389755249023e+00 1.953808903694152832e+00
1.041921019554138184e+00 1.969515800476074219e+00
1.042929768562316895e+00 1.968982100486755371e+00
1.043938398361206055e+00 1.982079029083251953e+00
1.044947028160095215e+00 1.978106498718261719e+00
1.045955657958984375e+00 1.950930953025817871e+00
1.046964287757873535e+00 1.966216206550598145e+00
1.047972917556762695e+00 1.990015625953674316e+00
1.048981547355651855e+00 2.024793624877929688e+00
1.049990177154541016e+00 1.969832539558410645e+00
1.050998806953430176e+00 1.963137626647949219e+00
1.052007436752319336e+00 1.995356678962707520e+00
1.053016066551208496e+00 2.057408571243286133e+00
1.054024696350097656e+00 2.007373094558715820e+00
1.055033326148986816e+00 2.015115976333618164e+00
1.056041955947875977e+00 1.997100353240966797e+00
1.057050585746765137e+00 2.022491931915283203e+00
1.058059215545654297e+00 2.057393074035644531e+00
1.059067845344543457e+00 2.079672098159790039e+00
1.060076475143432617e+00 2.004274368286132812e+00
1.061085104942321777e+00 1.953105807304382324e+00
1.062093853950500488e+00 2.009675502777099609e+00
1.063102483749389648e+00 2.027832031250000000e+00
1.064111113548278809e+00 2.083924293518066406e+00
1.065119743347167969e+00 2.074598073959350586e+00
1.066128373146057129e+00 2.115350484848022461e+00
1.067137002944946289e+00 2.133396625518798828e+00
1.068145632743835449e+00 2.066669225692749023e+00
1.069154262542724609e+00 2.067454576492309570e+00
1.070162892341613770e+00 2.117490768432617188e+00
1.071171522140502930e+00 2.155162334442138672e+00
1.072180151939392090e+00 2.104185342788696289e+00
1.073188781738281250e+00 2.032749176025390625e+00
1.074197411537170410e+00 2.024961471557617188e+00
1.075206041336059570e+00 2.062391996383666992e+00
1.076214671134948730e+00 2.103047132492065430e+00
1.077223300933837891e+00 2.037276983261108398e+00
1.078231930732727051e+00 2.096352815628051758e+00
1.079240560531616211e+00 2.071806430816650391e+00
1.080249190330505371e+00 2.123371839523315430e+00
1.081257939338684082e+00 2.143441438674926758e+00
1.082266569137573242e+00 2.088251829147338867e+00
1.083275198936462402e+00 2.047388553619384766e+00
1.084283828735351562e+00 2.141094446182250977e+00
1.085292458534240723e+00 2.224164962768554688e+00
1.086301088333129883e+00 2.154752731323242188e+00
1.087309718132019043e+00 2.065362453460693359e+00
1.088318347930908203e+00 2.124098539352416992e+00
1.089326977729797363e+00 2.116279363632202148e+00
1.090335607528686523e+00 2.143654346466064453e+00
1.091344237327575684e+00 2.074649572372436523e+00
1.092352867126464844e+00 2.149509429931640625e+00
1.093361496925354004e+00 2.217546939849853516e+00
1.094370126724243164e+00 2.190073251724243164e+00
1.095378756523132324e+00 2.174918651580810547e+00
1.096387386322021484e+00 2.123793601989746094e+00
1.097396016120910645e+00 2.167347431182861328e+00
1.098404645919799805e+00 2.179624557495117188e+00
1.099413275718688965e+00 2.209156274795532227e+00
1.100422024726867676e+00 2.200271606445312500e+00
1.101430654525756836e+00 2.139595508575439453e+00
1.102439284324645996e+00 2.103967905044555664e+00
1.103447914123535156e+00 2.212460041046142578e+00
1.104456543922424316e+00 2.213721513748168945e+00
1.105465173721313477e+00 2.296410799026489258e+00
1.106473803520202637e+00 2.207538604736328125e+00
1.107482433319091797e+00 2.142906665802001953e+00
1.108491063117980957e+00 2.068925619125366211e+00
1.109499692916870117e+00 2.073000192642211914e+00
1.110508322715759277e+00 2.133599042892456055e+00
1.111516952514648438e+00 2.081326007843017578e+00
1.112525582313537598e+00 2.251402616500854492e+00
1.113534212112426758e+00 2.259929418563842773e+00
1.114542841911315918e+00 2.249261140823364258e+00
1.115551471710205078e+00 2.160409212112426758e+00
1.116560101509094238e+00 2.299345493316650391e+00
1.117568731307983398e+00 2.305079460144042969e+00
1.118577361106872559e+00 2.181988000869750977e+00
1.119586110115051270e+00 2.246395826339721680e+00
1.120594739913940430e+00 2.264493703842163086e+00
1.121603369712829590e+00 2.240942955017089844e+00
1.122611999511718750e+00 2.191507101058959961e+00
1.123620629310607910e+00 2.148037672042846680e+00
1.124629259109497070e+00 2.249661922454833984e+00
1.125637888908386230e+00 2.287540674209594727e+00
1.126646518707275391e+00 2.252888202667236328e+00
1.127655148506164551e+00 2.319660186767578125e+00
1.128663778305053711e+00 2.194064855575561523e+00
1.129672408103942871e+00 2.120477199554443359e+00
1.130681037902832031e+00 2.260721206665039062e+00
1.131689667701721191e+00 2.213059425354003906e+00
1.132698297500610352e+00 2.325496673583984375e+00
1.133706927299499512e+00 2.275927305221557617e+00
1.134715557098388672e+00 2.301400184631347656e+00
1.135724186897277832e+00 2.304658651351928711e+00
1.136732816696166992e+00 2.285253763198852539e+00
1.137741446495056152e+00 2.313477039337158203e+00
1.138750195503234863e+00 2.205222606658935547e+00
1.139758825302124023e+00 2.231089591979980469e+00
1.140767455101013184e+00 2.242542982101440430e+00
1.141776084899902344e+00 2.428672552108764648e+00
1.142784714698791504e+00 2.262722253799438477e+00
1.143793344497680664e+00 2.265496253967285156e+00
1.144801974296569824e+00 2.223883628845214844e+00
1.145810604095458984e+00 2.213601350784301758e+00
1.146819233894348145e+00 2.241037845611572266e+00
1.147827863693237305e+00 2.344553709030151367e+00
1.148836493492126465e+00 2.312769889831542969e+00
1.149845123291015625e+00 2.366217374801635742e+00
1.150853753089904785e+00 2.393066644668579102e+00
1.151862382888793945e+00 2.320691347122192383e+00
1.152871012687683105e+00 2.441194295883178711e+00
1.153879642486572266e+00 2.443346023559570312e+00
1.154888272285461426e+00 2.450287103652954102e+00
1.155896902084350586e+00 2.336915254592895508e+00
1.156905531883239746e+00 2.391257286071777344e+00
1.157914280891418457e+00 2.314696550369262695e+00
1.158922910690307617e+00 2.249958515167236328e+00
1.159931540489196777e+00 2.280863761901855469e+00
1.160940170288085938e+00 2.427569627761840820e+00
1.161948800086975098e+00 2.308568716049194336e+00
1.162957429885864258e+00 2.430206060409545898e+00
1.163966059684753418e+00 2.468678236007690430e+00
1.164974689483642578e+00 2.449326276779174805e+00
1.165983319282531738e+00 2.375240087509155273e+00
1.166991949081420898e+00 2.424967050552368164e+00
1.168000578880310059e+00 2.455767631530761719e+00
1.169009208679199219e+00 2.381943941116333008e+00
1.170017838478088379e+00 2.318257093429565430e+00
1.171026468276977539e+00 2.414522409439086914e+00
1.172035098075866699e+00 2.393851995468139648e+00
1.173043727874755859e+00 2.396036386489868164e+00
1.174052357673645020e+00 2.343687057495117188e+00
1.175060987472534180e+00 2.462979555130004883e+00
1.176069617271423340e+00 2.361694812774658203e+00
1.177078366279602051e+00 2.444107770919799805e+00
1.178086996078491211e+00 2.570736646652221680e+00
1.179095625877380371e+00 2.466838598251342773e+00
1.180104255676269531e+00 2.408143281936645508e+00
1.181112885475158691e+00 2.605885267257690430e+00
1.182121515274047852e+00 2.527117729187011719e+00
1.183130145072937012e+00 2.594592571258544922e+00
1.184138774871826172e+00 2.551460742950439453e+00
1.185147404670715332e+00 2.567127227783203125e+00
1.186156034469604492e+00 2.662659168243408203e+00
1.187164664268493652e+00 2.438410043716430664e+00
1.188173294067382812e+00 2.499569416046142578e+00
1.189181923866271973e+00 2.488626956939697266e+00
1.190190553665161133e+00 2.678238153457641602e+00
1.191199183464050293e+00 2.631779909133911133e+00
1.192207813262939453e+00 2.477811098098754883e+00
1.193216443061828613e+00 2.295307397842407227e+00
1.194225072860717773e+00 2.387087106704711914e+00
1.195233702659606934e+00 2.026983976364135742e+00
1.196242451667785645e+00 2.287411451339721680e+00
1.197251081466674805e+00 2.480618953704833984e+00
1.198259711265563965e+00 2.575466632843017578e+00
1.199268341064453125e+00 2.778772592544555664e+00
1.200276970863342285e+00 2.806881189346313477e+00
1.201285600662231445e+00 2.657403707504272461e+00
1.202294230461120605e+00 2.589021921157836914e+00
1.203302860260009766e+00 2.655233144760131836e+00
1.204311490058898926e+00 2.646274328231811523e+00
1.205320119857788086e+00 2.583399295806884766e+00
1.206328749656677246e+00 2.172394514083862305e+00
1.207337379455566406e+00 2.384767293930053711e+00
1.208346009254455566e+00 2.190115690231323242e+00
1.209354639053344727e+00 2.252502441406250000e+00
