0.000000000000000000e+00 1.180475463867187500e+03
1.008636085316538811e-03 9.216135253906250000e+02
2.017272170633077621e-03 6.949879760742187500e+02
3.025908255949616432e-03 5.488724975585937500e+02
4.034544341266155243e-03 4.352809753417968750e+02
5.043180659413337708e-03 3.489714355468750000e+02
6.051816511899232864e-03 2.819604187011718750e+02
7.060452364385128021e-03 2.306089782714843750e+02
8.069088682532310486e-03 1.932837677001953125e+02
9.077725000679492950e-03 1.593119659423828125e+02
1.008636131882667542e-02 1.349178161621093750e+02
1.109499670565128326e-02 1.117121276855468750e+02
1.210363302379846573e-02 9.731688690185546875e+01
1.311226934194564819e-02 8.364019775390625000e+01
1.412090472877025604e-02 7.395831298828125000e+01
1.512954104691743851e-02 6.506220245361328125e+01
1.613817736506462097e-02 5.680636978149414062e+01
1.714681275188922882e-02 5.000922393798828125e+01
1.815545000135898590e-02 4.444907760620117188e+01
1.916408538818359375e-02 3.957588577270507812e+01
2.017272263765335083e-02 3.607958984375000000e+01
2.118135802447795868e-02 3.267274475097656250e+01
2.218999341130256653e-02 2.950050926208496094e+01
2.319863066077232361e-02 2.669012451171875000e+01
2.420726604759693146e-02 2.420044136047363281e+01
2.521590143442153931e-02 2.267213058471679688e+01
2.622453868389129639e-02 2.094871902465820312e+01
2.723317407071590424e-02 1.943341445922851562e+01
2.824180945754051208e-02 1.776844978332519531e+01
2.925044670701026917e-02 1.646274375915527344e+01
3.025908209383487701e-02 1.549304199218750000e+01
3.126771748065948486e-02 1.423416900634765625e+01
3.227635473012924194e-02 1.329923820495605469e+01
3.328499197959899902e-02 1.245026779174804688e+01
3.429362550377845764e-02 1.163329601287841797e+01
3.530226275324821472e-02 1.099387645721435547e+01
3.631090000271797180e-02 1.043906688690185547e+01
3.731953352689743042e-02 9.812582015991210938e+00
3.832817077636718750e-02 9.166431427001953125e+00
3.933680802583694458e-02 8.383468627929687500e+00
4.034544527530670166e-02 8.174036026000976562e+00
4.135407879948616028e-02 7.911242485046386719e+00
4.236271604895591736e-02 7.534051418304443359e+00
4.337135329842567444e-02 7.131115436553955078e+00
4.437998682260513306e-02 6.726165771484375000e+00
4.538862407207489014e-02 6.322669506072998047e+00
4.639726132154464722e-02 6.076339244842529297e+00
4.740589484572410583e-02 5.962357044219970703e+00
4.841453209519386292e-02 5.581114768981933594e+00
4.942316934466362000e-02 5.506165027618408203e+00
5.043180286884307861e-02 5.122920989990234375e+00
5.144044011831283569e-02 4.990690708160400391e+00
5.244907736778259277e-02 4.749860763549804688e+00
5.345771089196205139e-02 4.723690509796142578e+00
5.446634814143180847e-02 4.514780998229980469e+00
5.547498539090156555e-02 4.344746112823486328e+00
5.648361891508102417e-02 4.168725490570068359e+00
5.749225616455078125e-02 4.068343162536621094e+00
5.850089341402053833e-02 4.002216339111328125e+00
5.950953066349029541e-02 3.793329000473022461e+00
6.051816418766975403e-02 3.707865953445434570e+00
6.152680143713951111e-02 3.576442718505859375e+00
6.253543496131896973e-02 3.484455823898315430e+00
6.354407221078872681e-02 3.430020093917846680e+00
6.455270946025848389e-02 3.358642339706420898e+00
6.556134670972824097e-02 3.261140584945678711e+00
6.656998395919799805e-02 3.190615415573120117e+00
6.757862120866775513e-02 3.079217433929443359e+00
6.858725100755691528e-02 3.053339242935180664e+00
6.959588825702667236e-02 2.956714153289794922e+00
7.060452550649642944e-02 2.909078598022460938e+00
7.161316275596618652e-02 2.894019365310668945e+00
7.262180000543594360e-02 2.846166849136352539e+00
7.363043725490570068e-02 2.840296506881713867e+00
7.463906705379486084e-02 2.718889951705932617e+00
7.564770430326461792e-02 2.636840581893920898e+00
7.665634155273437500e-02 2.634779930114746094e+00
7.766497880220413208e-02 2.600467681884765625e+00
7.867361605167388916e-02 2.519737482070922852e+00
7.968225330114364624e-02 2.600429058074951172e+00
8.069089055061340332e-02 2.493702411651611328e+00
8.169952034950256348e-02 2.461307764053344727e+00
8.270815759897232056e-02 2.439638614654541016e+00
8.371679484844207764e-02 2.349997520446777344e+00
8.472543209791183472e-02 2.426084041595458984e+00
8.573406934738159180e-02 2.398867368698120117e+00
8.674270659685134888e-02 2.352963447570800781e+00
8.775133639574050903e-02 2.324106931686401367e+00
8.875997364521026611e-02 2.292220115661621094e+00
8.976861089468002319e-02 2.240292072296142578e+00
9.077724814414978027e-02 2.235427379608154297e+00
9.178588539361953735e-02 2.251846551895141602e+00
9.279452264308929443e-02 2.197456359863281250e+00
9.380315244197845459e-02 2.216873884201049805e+00
9.481178969144821167e-02 2.187582015991210938e+00
9.582042694091796875e-02 2.183466911315917969e+00
9.682906419038772583e-02 2.153401851654052734e+00
9.783770143985748291e-02 2.197442770004272461e+00
9.884633868932723999e-02 2.164310932159423828e+00
9.985497593879699707e-02 2.102834939956665039e+00
1.008636057376861572e-01 2.097108364105224609e+00
1.018722429871559143e-01 2.072931766510009766e+00
1.028808802366256714e-01 2.056935548782348633e+00
1.038895174860954285e-01 2.036266565322875977e+00
1.048981547355651855e-01 2.010988473892211914e+00
1.059067919850349426e-01 2.002094268798828125e+00
1.069154217839241028e-01 2.049316167831420898e+00
1.079240590333938599e-01 2.020268440246582031e+00
1.089326962828636169e-01 1.965233325958251953e+00
1.099413335323333740e-01 1.976332902908325195e+00
1.109499707818031311e-01 1.956967592239379883e+00
1.119586080312728882e-01 2.040213823318481445e+00
1.129672378301620483e-01 1.970453739166259766e+00
1.139758750796318054e-01 1.944713711738586426e+00
1.149845123291015625e-01 1.935601592063903809e+00
1.159931495785713196e-01 1.937447190284729004e+00
1.170017868280410767e-01 1.931544184684753418e+00
1.180104240775108337e-01 1.947243213653564453e+00
1.190190613269805908e-01 1.947473287582397461e+00
1.200276911258697510e-01 1.932803988456726074e+00
1.210363283753395081e-01 1.890194416046142578e+00
1.220449656248092651e-01 1.850751996040344238e+00
1.230536028742790222e-01 1.912943720817565918e+00
1.240622401237487793e-01 1.898747682571411133e+00
1.250708699226379395e-01 1.932160615921020508e+00
1.260795146226882935e-01 1.916165232658386230e+00
1.270881444215774536e-01 1.914748311042785645e+00
1.280967891216278076e-01 1.922000408172607422e+00
1.291054189205169678e-01 1.906411409378051758e+00
1.301140487194061279e-01 1.893382310867309570e+00
1.311226934194564819e-01 1.849836230278015137e+00
1.321313232183456421e-01 1.849699020385742188e+00
1.331399679183959961e-01 1.827798366546630859e+00
1.341485977172851562e-01 1.852434396743774414e+00
1.351572424173355103e-01 1.825722575187683105e+00
1.361658722162246704e-01 1.857158064842224121e+00
1.371745020151138306e-01 1.860796928405761719e+00
1.381831467151641846e-01 1.849869370460510254e+00
1.391917765140533447e-01 1.868918180465698242e+00
1.402004212141036987e-01 1.850217580795288086e+00
1.412090510129928589e-01 1.811897873878479004e+00
1.422176808118820190e-01 1.817367792129516602e+00
1.432263255119323730e-01 1.830857992172241211e+00
1.442349553108215332e-01 1.835298180580139160e+00
1.452436000108718872e-01 1.830006837844848633e+00
1.462522298097610474e-01 1.836659789085388184e+00
1.472608745098114014e-01 1.811868786811828613e+00
1.482695043087005615e-01 1.801035165786743164e+00
1.492781341075897217e-01 1.769403576850891113e+00
1.502867788076400757e-01 1.766707062721252441e+00
1.512954086065292358e-01 1.749158024787902832e+00
1.523040533065795898e-01 1.780594229698181152e+00
1.533126831054687500e-01 1.797658324241638184e+00
1.543213278055191040e-01 1.853582620620727539e+00
1.553299576044082642e-01 1.783467411994934082e+00
1.563385874032974243e-01 1.786894321441650391e+00
1.573472321033477783e-01 1.772633194923400879e+00
1.583558619022369385e-01 1.773691654205322266e+00
1.593645066022872925e-01 1.771230816841125488e+00
1.603731364011764526e-01 1.755943179130554199e+00
1.613817811012268066e-01 1.800444126129150391e+00
1.623904109001159668e-01 1.842304348945617676e+00
1.633990406990051270e-01 1.796375036239624023e+00
1.644076853990554810e-01 1.804698228836059570e+00
1.654163151979446411e-01 1.774167895317077637e+00
1.664249598979949951e-01 1.807006120681762695e+00
1.674335896968841553e-01 1.779478311538696289e+00
1.684422194957733154e-01 1.809069752693176270e+00
1.694508641958236694e-01 1.812537431716918945e+00
1.704594939947128296e-01 1.816224575042724609e+00
1.714681386947631836e-01 1.835485696792602539e+00
1.724767684936523438e-01 1.832686781883239746e+00
1.734854131937026978e-01 1.798454046249389648e+00
1.744940429925918579e-01 1.829647183418273926e+00
1.755026727914810181e-01 1.813902258872985840e+00
1.765113174915313721e-01 1.804206728935241699e+00
1.775199472904205322e-01 1.802229166030883789e+00
1.785285919904708862e-01 1.816625118255615234e+00
1.795372217893600464e-01 1.822728276252746582e+00
1.805458664894104004e-01 1.803423285484313965e+00
1.815544962882995605e-01 1.792858839035034180e+00
1.825631260871887207e-01 1.830126643180847168e+00
1.835717707872390747e-01 1.771568655967712402e+00
1.845804005861282349e-01 1.751449346542358398e+00
1.855890452861785889e-01 1.787154436111450195e+00
1.865976750850677490e-01 1.787165641784667969e+00
1.876063048839569092e-01 1.790444731712341309e+00
1.886149495840072632e-01 1.796250700950622559e+00
1.896235793828964233e-01 1.795250296592712402e+00
1.906322240829467773e-01 1.758619070053100586e+00
1.916408538818359375e-01 1.789086699485778809e+00
1.926494985818862915e-01 1.787495374679565430e+00
1.936581283807754517e-01 1.786978960037231445e+00
1.946667581796646118e-01 1.795809507369995117e+00
1.956754028797149658e-01 1.780825376510620117e+00
1.966840326786041260e-01 1.768300890922546387e+00
1.976926773786544800e-01 1.781956553459167480e+00
1.987013071775436401e-01 1.784922838211059570e+00
1.997099518775939941e-01 1.764488101005554199e+00
2.007185816764831543e-01 1.750725626945495605e+00
2.017272114753723145e-01 1.773125290870666504e+00
2.027358561754226685e-01 1.797740221023559570e+00
2.037444859743118286e-01 1.805411934852600098e+00
2.047531306743621826e-01 1.774386167526245117e+00
2.057617604732513428e-01 1.790790200233459473e+00
2.067703902721405029e-01 1.812472105026245117e+00
2.077790349721908569e-01 1.794743418693542480e+00
2.087876647710800171e-01 1.814314007759094238e+00
2.097963094711303711e-01 1.813444972038269043e+00
2.108049392700195312e-01 1.841708779335021973e+00
2.118135839700698853e-01 1.860787749290466309e+00
2.128222137689590454e-01 1.867666721343994141e+00
2.138308435678482056e-01 1.816684842109680176e+00
2.148394882678985596e-01 1.861045718193054199e+00
2.158481180667877197e-01 1.802496910095214844e+00
2.168567627668380737e-01 1.809115052223205566e+00
2.178653925657272339e-01 1.852640151977539062e+00
2.188740372657775879e-01 1.789636015892028809e+00
2.198826670646667480e-01 1.852924585342407227e+00
2.208912968635559082e-01 1.837687492370605469e+00
2.218999415636062622e-01 1.840064644813537598e+00
2.229085713624954224e-01 1.817213535308837891e+00
2.239172160625457764e-01 1.812285542488098145e+00
2.249258458614349365e-01 1.806360602378845215e+00
2.259344756603240967e-01 1.837229013442993164e+00
2.269431203603744507e-01 1.858829021453857422e+00
2.279517501592636108e-01 1.838406801223754883e+00
2.289603948593139648e-01 1.835475683212280273e+00
2.299690246582031250e-01 1.823262214660644531e+00
2.309776693582534790e-01 1.844883561134338379e+00
2.319862991571426392e-01 1.853406548500061035e+00
2.329949289560317993e-01 1.856449961662292480e+00
2.340035736560821533e-01 1.876291751861572266e+00
2.350122034549713135e-01 1.859319925308227539e+00
2.360208481550216675e-01 1.843000173568725586e+00
2.370294779539108276e-01 1.889259457588195801e+00
2.380381226539611816e-01 1.899922132492065430e+00
2.390467524528503418e-01 1.863796114921569824e+00
2.400553822517395020e-01 1.872466802597045898e+00
2.410640269517898560e-01 1.884028077125549316e+00
2.420726567506790161e-01 1.920565128326416016e+00
2.430813014507293701e-01 2.011212587356567383e+00
2.440899312496185303e-01 1.864362716674804688e+00
2.450985759496688843e-01 1.872466087341308594e+00
2.461072057485580444e-01 1.869410753250122070e+00
2.471158355474472046e-01 1.841104388236999512e+00
2.481244802474975586e-01 1.906302094459533691e+00
2.491331100463867188e-01 1.846650481224060059e+00
2.501417398452758789e-01 1.855975866317749023e+00
2.511503994464874268e-01 1.892263531684875488e+00
2.521590292453765869e-01 1.919528126716613770e+00
2.531676590442657471e-01 1.894021272659301758e+00
2.541762888431549072e-01 1.895282030105590820e+00
2.551849186420440674e-01 1.862290382385253906e+00
2.561935782432556152e-01 1.898629426956176758e+00
2.572022080421447754e-01 1.901496410369873047e+00
2.582108378410339355e-01 1.919132709503173828e+00
2.592194676399230957e-01 1.887085556983947754e+00
2.602280974388122559e-01 1.931067585945129395e+00
2.612367570400238037e-01 1.898592472076416016e+00
2.622453868389129639e-01 1.923248648643493652e+00
2.632540166378021240e-01 1.896347880363464355e+00
2.642626464366912842e-01 1.889194369316101074e+00
2.652712762355804443e-01 1.906599760055541992e+00
2.662799358367919922e-01 1.934387326240539551e+00
2.672885656356811523e-01 1.923964381217956543e+00
2.682971954345703125e-01 1.938822031021118164e+00
2.693058252334594727e-01 1.925111651420593262e+00
2.703144848346710205e-01 1.921115756034851074e+00
2.713231146335601807e-01 1.950740456581115723e+00
2.723317444324493408e-01 1.935993790626525879e+00
2.733403742313385010e-01 1.954695463180541992e+00
2.743490040302276611e-01 1.917790055274963379e+00
2.753576636314392090e-01 1.966431617736816406e+00
2.763662934303283691e-01 1.950471401214599609e+00
2.773749232292175293e-01 1.908552885055541992e+00
2.783835530281066895e-01 1.965594172477722168e+00
2.793921828269958496e-01 1.974794030189514160e+00
2.804008424282073975e-01 1.990049123764038086e+00
2.814094722270965576e-01 1.982833623886108398e+00
2.824181020259857178e-01 1.928247332572937012e+00
2.834267318248748779e-01 1.958003520965576172e+00
2.844353616237640381e-01 1.951258182525634766e+00
2.854440212249755859e-01 1.961569190025329590e+00
2.864526510238647461e-01 1.951583147048950195e+00
2.874612808227539062e-01 1.959184646606445312e+00
2.884699106216430664e-01 1.968432664871215820e+00
2.894785702228546143e-01 1.983705401420593262e+00
2.904872000217437744e-01 1.977346897125244141e+00
2.914958298206329346e-01 1.994267702102661133e+00
2.925044596195220947e-01 2.031505823135375977e+00
2.935130894184112549e-01 2.007099866867065430e+00
2.945217490196228027e-01 1.978638291358947754e+00
2.955303788185119629e-01 1.988210797309875488e+00
2.965390086174011230e-01 1.992736220359802246e+00
2.975476384162902832e-01 2.000719308853149414e+00
2.985562682151794434e-01 2.031442880630493164e+00
2.995649278163909912e-01 2.003572702407836914e+00
3.005735576152801514e-01 2.026718378067016602e+00
3.015821874141693115e-01 2.017381668090820312e+00
3.025908172130584717e-01 2.041948795318603516e+00
3.035994470119476318e-01 2.014883756637573242e+00
3.046081066131591797e-01 2.017879009246826172e+00
3.056167364120483398e-01 1.977804780006408691e+00
3.066253662109375000e-01 2.008718967437744141e+00
3.076339960098266602e-01 2.059640645980834961e+00
3.086426556110382080e-01 2.045489072799682617e+00
3.096512854099273682e-01 2.049683094024658203e+00
3.106599152088165283e-01 2.041296958923339844e+00
3.116685450077056885e-01 2.039128065109252930e+00
3.126771748065948486e-01 2.050304651260375977e+00
3.136858344078063965e-01 2.089227676391601562e+00
3.146944642066955566e-01 2.040398597717285156e+00
3.157030940055847168e-01 2.025577068328857422e+00
3.167117238044738770e-01 2.033382415771484375e+00
3.177203536033630371e-01 2.043162584304809570e+00
3.187290132045745850e-01 2.108796596527099609e+00
3.197376430034637451e-01 2.111685276031494141e+00
3.207462728023529053e-01 2.073115587234497070e+00
3.217549026012420654e-01 2.106718301773071289e+00
3.227635622024536133e-01 2.082975625991821289e+00
3.237721920013427734e-01 2.085836887359619141e+00
3.247808218002319336e-01 2.069030046463012695e+00
3.257894515991210938e-01 2.096128225326538086e+00
3.267980813980102539e-01 2.064859151840209961e+00
3.278067409992218018e-01 2.092146873474121094e+00
3.288153707981109619e-01 2.066345930099487305e+00
3.298240005970001221e-01 2.113194465637207031e+00
3.308326303958892822e-01 2.097090244293212891e+00
3.318412601947784424e-01 2.124733924865722656e+00
3.328499197959899902e-01 2.110469102859497070e+00
3.338585495948791504e-01 2.099128007888793945e+00
3.348671793937683105e-01 2.123711824417114258e+00
3.358758091926574707e-01 2.123646974563598633e+00
3.368844389915466309e-01 2.102519273757934570e+00
3.378930985927581787e-01 2.097973585128784180e+00
3.389017283916473389e-01 2.139077186584472656e+00
3.399103581905364990e-01 2.149147272109985352e+00
3.409189879894256592e-01 2.133512973785400391e+00
3.419276475906372070e-01 2.123718261718750000e+00
3.429362773895263672e-01 2.133651018142700195e+00
3.439449071884155273e-01 2.141473293304443359e+00
3.449535369873046875e-01 2.148814201354980469e+00
3.459621667861938477e-01 2.129812479019165039e+00
3.469708263874053955e-01 2.118839979171752930e+00
3.479794561862945557e-01 2.155811071395874023e+00
3.489880859851837158e-01 2.149284839630126953e+00
3.499967157840728760e-01 2.126340866088867188e+00
3.510053455829620361e-01 2.107889175415039062e+00
3.520140051841735840e-01 2.143038988113403320e+00
3.530226349830627441e-01 2.155328750610351562e+00
3.540312647819519043e-01 2.113205671310424805e+00
3.550398945808410645e-01 2.158508062362670898e+00
3.560485243797302246e-01 2.198592901229858398e+00
3.570571839809417725e-01 2.197507381439208984e+00
3.580658137798309326e-01 2.116233825683593750e+00
3.590744435787200928e-01 2.148992538452148438e+00
3.600830733776092529e-01 2.154823780059814453e+00
3.610917329788208008e-01 2.191155910491943359e+00
3.621003627777099609e-01 2.171568393707275391e+00
3.631089925765991211e-01 2.185109853744506836e+00
3.641176223754882812e-01 2.209656000137329102e+00
3.651262521743774414e-01 2.164928674697875977e+00
3.661349117755889893e-01 2.166133403778076172e+00
3.671435415744781494e-01 2.169730663299560547e+00
3.681521713733673096e-01 2.189381599426269531e+00
3.691608011722564697e-01 2.175537586212158203e+00
3.701694309711456299e-01 2.195111751556396484e+00
3.711780905723571777e-01 2.188787221908569336e+00
3.721867203712463379e-01 2.166760206222534180e+00
3.731953501701354980e-01 2.185993194580078125e+00
3.742039799690246582e-01 2.201189517974853516e+00
3.752126097679138184e-01 2.184553861618041992e+00
3.762212693691253662e-01 2.172844409942626953e+00
3.772298991680145264e-01 2.176577806472778320e+00
3.782385289669036865e-01 2.207516908645629883e+00
3.792471587657928467e-01 2.232483625411987305e+00
3.802558183670043945e-01 2.196238994598388672e+00
3.812644481658935547e-01 2.202488660812377930e+00
3.822730779647827148e-01 2.202754497528076172e+00
3.832817077636718750e-01 2.221551895141601562e+00
3.842903375625610352e-01 2.227928638458251953e+00
3.852989971637725830e-01 2.205023050308227539e+00
3.863076269626617432e-01 2.219249010086059570e+00
3.873162567615509033e-01 2.216754913330078125e+00
3.883248865604400635e-01 2.198149919509887695e+00
3.893335163593292236e-01 2.218496799468994141e+00
3.903421759605407715e-01 2.193008661270141602e+00
3.913508057594299316e-01 2.193894624710083008e+00
3.923594355583190918e-01 2.185846567153930664e+00
3.933680653572082520e-01 2.228024005889892578e+00
3.943766951560974121e-01 2.223214149475097656e+00
3.953853547573089600e-01 2.206004858016967773e+00
3.963939845561981201e-01 2.202127933502197266e+00
3.974026143550872803e-01 2.224476099014282227e+00
3.984112441539764404e-01 2.203227996826171875e+00
3.994199037551879883e-01 2.227289438247680664e+00
4.004285335540771484e-01 2.219217061996459961e+00
4.014371633529663086e-01 2.218733549118041992e+00
4.024457931518554688e-01 2.261000871658325195e+00
4.034544229507446289e-01 2.228760242462158203e+00
4.044630825519561768e-01 2.214544534683227539e+00
4.054717123508453369e-01 2.241772651672363281e+00
4.064803421497344971e-01 2.220521211624145508e+00
4.074889719486236572e-01 2.216031551361083984e+00
4.084976017475128174e-01 2.255961418151855469e+00
4.095062613487243652e-01 2.224058389663696289e+00
4.105148911476135254e-01 2.245108842849731445e+00
4.115235209465026855e-01 2.218188285827636719e+00
4.125321507453918457e-01 2.222535848617553711e+00
4.135407805442810059e-01 2.191118478775024414e+00
4.145494401454925537e-01 2.202166795730590820e+00
4.155580699443817139e-01 2.212152481079101562e+00
4.165666997432708740e-01 2.205276489257812500e+00
4.175753295421600342e-01 2.206230163574218750e+00
4.185839891433715820e-01 2.209854841232299805e+00
4.195926189422607422e-01 2.221249341964721680e+00
4.206012487411499023e-01 2.222110033035278320e+00
4.216098785400390625e-01 2.234447717666625977e+00
4.226185083389282227e-01 2.217123031616210938e+00
4.236271679401397705e-01 2.229287385940551758e+00
4.246357977390289307e-01 2.196704149246215820e+00
4.256444275379180908e-01 2.213065385818481445e+00
4.266530573368072510e-01 2.185326099395751953e+00
4.276616871356964111e-01 2.217803001403808594e+00
4.286703467369079590e-01 2.242454290390014648e+00
4.296789765357971191e-01 2.192525625228881836e+00
4.306876063346862793e-01 2.210930347442626953e+00
4.316962361335754395e-01 2.210180044174194336e+00
4.327048659324645996e-01 2.197868824005126953e+00
4.337135255336761475e-01 2.219712257385253906e+00
4.347221553325653076e-01 2.215810060501098633e+00
4.357307851314544678e-01 2.214836120605468750e+00
4.367394149303436279e-01 2.247892141342163086e+00
4.377480745315551758e-01 2.184110641479492188e+00
4.387567043304443359e-01 2.182942867279052734e+00
4.397653341293334961e-01 2.179904222488403320e+00
4.407739639282226562e-01 2.203036785125732422e+00
4.417825937271118164e-01 2.191915750503540039e+00
4.427912533283233643e-01 2.206663608551025391e+00
4.437998831272125244e-01 2.192545890808105469e+00
4.448085129261016846e-01 2.181306600570678711e+00
4.458171427249908447e-01 2.218093395233154297e+00
4.468257725238800049e-01 2.198937416076660156e+00
4.478344321250915527e-01 2.230840206146240234e+00
4.488430619239807129e-01 2.211306095123291016e+00
4.498516917228698730e-01 2.171761035919189453e+00
4.508603215217590332e-01 2.184406518936157227e+00
4.518689513206481934e-01 2.185222864151000977e+00
4.528776109218597412e-01 2.178398609161376953e+00
4.538862407207489014e-01 2.174435853958129883e+00
4.548948705196380615e-01 2.190238475799560547e+00
4.559035003185272217e-01 2.186538934707641602e+00
4.569121599197387695e-01 2.162701845169067383e+00
4.579207897186279297e-01 2.161262989044189453e+00
4.589294195175170898e-01 2.192358732223510742e+00
4.599380493164062500e-01 2.198703765869140625e+00
4.609466791152954102e-01 2.186091423034667969e+00
4.619553387165069580e-01 2.182677507400512695e+00
4.629639685153961182e-01 2.169427633285522461e+00
4.639725983142852783e-01 2.178295135498046875e+00
4.649812281131744385e-01 2.182981014251708984e+00
4.659898579120635986e-01 2.140617132186889648e+00
4.669985175132751465e-01 2.157247066497802734e+00
4.680071473121643066e-01 2.173352003097534180e+00
4.690157771110534668e-01 2.157291173934936523e+00
4.700244069099426270e-01 2.159546613693237305e+00
4.710330665111541748e-01 2.170334100723266602e+00
4.720416963100433350e-01 2.160560369491577148e+00
4.730503261089324951e-01 2.171522378921508789e+00
4.740589559078216553e-01 2.167249202728271484e+00
4.750675857067108154e-01 2.183578729629516602e+00
4.760762453079223633e-01 2.171880006790161133e+00
4.770848751068115234e-01 2.147159099578857422e+00
4.780935049057006836e-01 2.149978637695312500e+00
4.791021347045898438e-01 2.156518697738647461e+00
4.801107645034790039e-01 2.174340486526489258e+00
4.811194241046905518e-01 2.150375366210937500e+00
4.821280539035797119e-01 2.123993158340454102e+00
4.831366837024688721e-01 2.121653556823730469e+00
4.841453135013580322e-01 2.154888391494750977e+00
4.851539433002471924e-01 2.144521713256835938e+00
4.861626029014587402e-01 2.166368246078491211e+00
4.871712327003479004e-01 2.155256271362304688e+00
4.881798624992370605e-01 2.160287380218505859e+00
4.891884922981262207e-01 2.187379360198974609e+00
4.901971518993377686e-01 2.174170017242431641e+00
4.912057816982269287e-01 2.160387992858886719e+00
4.922144114971160889e-01 2.169973134994506836e+00
4.932230412960052490e-01 2.152423381805419922e+00
4.942316710948944092e-01 2.129603385925292969e+00
4.952403306961059570e-01 2.149210691452026367e+00
4.962489604949951172e-01 2.134215593338012695e+00
4.972575902938842773e-01 2.115566253662109375e+00
4.982662200927734375e-01 2.116101980209350586e+00
4.992748498916625977e-01 2.140922069549560547e+00
5.002834796905517578e-01 2.124929189682006836e+00
5.012921094894409180e-01 2.134904384613037109e+00
5.023007988929748535e-01 2.122599363327026367e+00
5.033094286918640137e-01 2.132307767868041992e+00
5.043180584907531738e-01 2.157875537872314453e+00
5.053266882896423340e-01 2.151906251907348633e+00
5.063353180885314941e-01 2.131942987442016602e+00
5.073439478874206543e-01 2.121545553207397461e+00
5.083525776863098145e-01 2.114148139953613281e+00
5.093612074851989746e-01 2.120584964752197266e+00
5.103698372840881348e-01 2.128827095031738281e+00
5.113784670829772949e-01 2.131188392639160156e+00
5.123871564865112305e-01 2.087071180343627930e+00
5.133957862854003906e-01 2.124166250228881836e+00
5.144044160842895508e-01 2.131410837173461914e+00
5.154130458831787109e-01 2.117770671844482422e+00
5.164216756820678711e-01 2.087750434875488281e+00
5.174303054809570312e-01 2.104808092117309570e+00
5.184389352798461914e-01 2.120130777359008789e+00
5.194475650787353516e-01 2.108755111694335938e+00
5.204561948776245117e-01 2.087647676467895508e+00
5.214648842811584473e-01 2.089373826980590820e+00
5.224735140800476074e-01 2.096866369247436523e+00
5.234821438789367676e-01 2.080800771713256836e+00
5.244907736778259277e-01 2.097573995590209961e+00
5.254994034767150879e-01 2.116437435150146484e+00
5.265080332756042480e-01 2.107398986816406250e+00
5.275166630744934082e-01 2.109541416168212891e+00
5.285252928733825684e-01 2.090202569961547852e+00
5.295339226722717285e-01 2.113785505294799805e+00
5.305425524711608887e-01 2.107905626296997070e+00
5.315512418746948242e-01 2.092492580413818359e+00
5.325598716735839844e-01 2.087487459182739258e+00
5.335685014724731445e-01 2.081491231918334961e+00
5.345771312713623047e-01 2.099883556365966797e+00
5.355857610702514648e-01 2.115752220153808594e+00
5.365943908691406250e-01 2.119734287261962891e+00
5.376030206680297852e-01 2.088214159011840820e+00
5.386116504669189453e-01 2.078093051910400391e+00
5.396202802658081055e-01 2.073740720748901367e+00
5.406289696693420410e-01 2.080319881439208984e+00
5.416375994682312012e-01 2.099691390991210938e+00
5.426462292671203613e-01 2.071284770965576172e+00
5.436548590660095215e-01 2.070864439010620117e+00
5.446634888648986816e-01 2.106615066528320312e+00
5.456721186637878418e-01 2.083503961563110352e+00
5.466807484626770020e-01 2.095299243927001953e+00
5.476893782615661621e-01 2.105084657669067383e+00
5.486980080604553223e-01 2.083782672882080078e+00
5.497066378593444824e-01 2.066281080245971680e+00
5.507153272628784180e-01 2.067964315414428711e+00
5.517239570617675781e-01 2.078435420989990234e+00
5.527325868606567383e-01 2.096936941146850586e+00
5.537412166595458984e-01 2.098383188247680664e+00
5.547498464584350586e-01 2.067380905151367188e+00
5.557584762573242188e-01 2.078837156295776367e+00
5.567671060562133789e-01 2.078178405761718750e+00
5.577757358551025391e-01 2.084087371826171875e+00
5.587843656539916992e-01 2.061383485794067383e+00
5.597930550575256348e-01 2.073759794235229492e+00
5.608016848564147949e-01 2.069279909133911133e+00
5.618103146553039551e-01 2.055735826492309570e+00
5.628189444541931152e-01 2.085102319717407227e+00
5.638275742530822754e-01 2.065316438674926758e+00
5.648362040519714355e-01 2.082669973373413086e+00
5.658448338508605957e-01 2.054493427276611328e+00
5.668534636497497559e-01 2.093314409255981445e+00
5.678620934486389160e-01 2.040558099746704102e+00
5.688707232475280762e-01 2.076561689376831055e+00
5.698794126510620117e-01 2.076272487640380859e+00
5.708880424499511719e-01 2.081787586212158203e+00
5.718966722488403320e-01 2.061392784118652344e+00
5.729053020477294922e-01 2.099801301956176758e+00
5.739139318466186523e-01 2.070941686630249023e+00
5.749225616455078125e-01 2.074044704437255859e+00
5.759311914443969727e-01 2.073641300201416016e+00
5.769398212432861328e-01 2.061031818389892578e+00
5.779484510421752930e-01 2.077801704406738281e+00
5.789571404457092285e-01 2.067571878433227539e+00
5.799657702445983887e-01 2.063554525375366211e+00
5.809744000434875488e-01 2.101809024810791016e+00
5.819830298423767090e-01 2.095153331756591797e+00
5.829916596412658691e-01 2.064017772674560547e+00
5.840002894401550293e-01 2.093557596206665039e+00
5.850089192390441895e-01 2.079158067703247070e+00
5.860175490379333496e-01 2.086553573608398438e+00
5.870261788368225098e-01 2.078920125961303711e+00
5.880348086357116699e-01 2.097717761993408203e+00
5.890434980392456055e-01 2.065841674804687500e+00
5.900521278381347656e-01 2.053454399108886719e+00
5.910607576370239258e-01 2.070064783096313477e+00
5.920693874359130859e-01 2.056278944015502930e+00
5.930780172348022461e-01 2.044617176055908203e+00
5.940866470336914062e-01 2.077755689620971680e+00
5.950952768325805664e-01 2.090528488159179688e+00
5.961039066314697266e-01 2.058360099792480469e+00
5.971125364303588867e-01 2.069253206253051758e+00
5.981212258338928223e-01 2.061801671981811523e+00
5.991298556327819824e-01 2.079371213912963867e+00
6.001384854316711426e-01 2.075666427612304688e+00
6.011471152305603027e-01 2.066686391830444336e+00
6.021557450294494629e-01 2.066547155380249023e+00
6.031643748283386230e-01 2.062967061996459961e+00
6.041730046272277832e-01 2.070054054260253906e+00
6.051816344261169434e-01 2.046953916549682617e+00
6.061902642250061035e-01 2.076273202896118164e+00
6.071988940238952637e-01 2.062774419784545898e+00
6.082075834274291992e-01 2.062471628189086914e+00
6.092162132263183594e-01 2.055445909500122070e+00
6.102248430252075195e-01 2.054558992385864258e+00
6.112334728240966797e-01 2.075497627258300781e+00
6.122421026229858398e-01 2.071762323379516602e+00
6.132507324218750000e-01 2.047147750854492188e+00
6.142593622207641602e-01 2.062353610992431641e+00
6.152679920196533203e-01 2.089148283004760742e+00
6.162766218185424805e-01 2.083953857421875000e+00
6.172853112220764160e-01 2.048043012619018555e+00
6.182939410209655762e-01 2.063726902008056641e+00
6.193025708198547363e-01 2.082879781723022461e+00
6.203112006187438965e-01 2.074441909790039062e+00
6.213198304176330566e-01 2.058783769607543945e+00
6.223284602165222168e-01 2.054450750350952148e+00
6.233370900154113770e-01 2.060196638107299805e+00
6.243457198143005371e-01 2.039032459259033203e+00
6.253543496131896973e-01 2.068419694900512695e+00
6.263629794120788574e-01 2.051076650619506836e+00
6.273716688156127930e-01 2.054661273956298828e+00
6.283802986145019531e-01 2.058134317398071289e+00
6.293889284133911133e-01 2.033823251724243164e+00
6.303975582122802734e-01 2.071916103363037109e+00
6.314061880111694336e-01 2.070302248001098633e+00
6.324148178100585938e-01 2.075730562210083008e+00
6.334234476089477539e-01 2.070909500122070312e+00
6.344320774078369141e-01 2.074709892272949219e+00
6.354407072067260742e-01 2.080775976181030273e+00
6.364493966102600098e-01 2.049426317214965820e+00
6.374580264091491699e-01 2.059000253677368164e+00
6.384666562080383301e-01 2.063129663467407227e+00
6.394752860069274902e-01 2.067684173583984375e+00
6.404839158058166504e-01 2.070676088333129883e+00
6.414925456047058105e-01 2.085185527801513672e+00
6.425011754035949707e-01 2.079813003540039062e+00
6.435098052024841309e-01 2.103717327117919922e+00
6.445184350013732910e-01 2.083867549896240234e+00
6.455271244049072266e-01 2.070170640945434570e+00
6.465357542037963867e-01 2.083076000213623047e+00
6.475443840026855469e-01 2.070480108261108398e+00
6.485530138015747070e-01 2.105176925659179688e+00
6.495616436004638672e-01 2.089704990386962891e+00
6.505702733993530273e-01 2.064663171768188477e+00
6.515789031982421875e-01 2.095954656600952148e+00
6.525875329971313477e-01 2.076821804046630859e+00
6.535961627960205078e-01 2.084277391433715820e+00
6.546047925949096680e-01 2.079480171203613281e+00
6.556134819984436035e-01 2.085879325866699219e+00
6.566221117973327637e-01 2.096692800521850586e+00
6.576307415962219238e-01 2.115732669830322266e+00
6.586393713951110840e-01 2.077919960021972656e+00
6.596480011940002441e-01 2.105327129364013672e+00
6.606566309928894043e-01 2.077229499816894531e+00
6.616652607917785645e-01 2.087920904159545898e+00
6.626738905906677246e-01 2.089071989059448242e+00
6.636825203895568848e-01 2.110627651214599609e+00
6.646912097930908203e-01 2.099263906478881836e+00
6.656998395919799805e-01 2.130415678024291992e+00
6.667084693908691406e-01 2.104994773864746094e+00
6.677170991897583008e-01 2.112190246582031250e+00
6.687257289886474609e-01 2.094065666198730469e+00
6.697343587875366211e-01 2.088781595230102539e+00
6.707429885864257812e-01 2.112461328506469727e+00
6.717516183853149414e-01 2.089485645294189453e+00
6.727602481842041016e-01 2.120818614959716797e+00
6.737688779830932617e-01 2.121003866195678711e+00
6.747775673866271973e-01 2.110726594924926758e+00
6.757861971855163574e-01 2.094898223876953125e+00
6.767948269844055176e-01 2.107582330703735352e+00
6.778034567832946777e-01 2.107084274291992188e+00
6.788120865821838379e-01 2.103196859359741211e+00
6.798207163810729980e-01 2.107025861740112305e+00
6.808293461799621582e-01 2.103310823440551758e+00
6.818379759788513184e-01 2.094636440277099609e+00
6.828466057777404785e-01 2.092443227767944336e+00
6.838552951812744141e-01 2.104613542556762695e+00
6.848639249801635742e-01 2.125633001327514648e+00
6.858725547790527344e-01 2.123337507247924805e+00
6.868811845779418945e-01 2.126546859741210938e+00
6.878898143768310547e-01 2.103041172027587891e+00
6.888984441757202148e-01 2.094583034515380859e+00
6.899070739746093750e-01 2.100483179092407227e+00
6.909157037734985352e-01 2.133723735809326172e+00
6.919243335723876953e-01 2.128423452377319336e+00
6.929329633712768555e-01 2.126601457595825195e+00
6.939416527748107910e-01 2.148840665817260742e+00
6.949502825736999512e-01 2.111618995666503906e+00
6.959589123725891113e-01 2.108612537384033203e+00
6.969675421714782715e-01 2.130650758743286133e+00
6.979761719703674316e-01 2.143286943435668945e+00
6.989848017692565918e-01 2.139832019805908203e+00
6.999934315681457520e-01 2.127610206604003906e+00
7.010020613670349121e-01 2.128846883773803711e+00
7.020106911659240723e-01 2.133950710296630859e+00
7.030193805694580078e-01 2.128419160842895508e+00
7.040280103683471680e-01 2.124437570571899414e+00
7.050366401672363281e-01 2.157563924789428711e+00
7.060452699661254883e-01 2.173233509063720703e+00
7.070538997650146484e-01 2.128058671951293945e+00
7.080625295639038086e-01 2.123458385467529297e+00
7.090711593627929688e-01 2.119288921356201172e+00
7.100797891616821289e-01 2.140621185302734375e+00
7.110884189605712891e-01 2.168535232543945312e+00
7.120970487594604492e-01 2.142934799194335938e+00
7.131057381629943848e-01 2.127803087234497070e+00
7.141143679618835449e-01 2.165093183517456055e+00
7.151229977607727051e-01 2.158420324325561523e+00
7.161316275596618652e-01 2.146660804748535156e+00
7.171402573585510254e-01 2.129243850708007812e+00
7.181488871574401855e-01 2.141898632049560547e+00
7.191575169563293457e-01 2.172951698303222656e+00
7.201661467552185059e-01 2.180976867675781250e+00
7.211747765541076660e-01 2.151318788528442383e+00
7.221834659576416016e-01 2.156158208847045898e+00
7.231920957565307617e-01 2.161738634109497070e+00
7.242007255554199219e-01 2.152247190475463867e+00
7.252093553543090820e-01 2.151606321334838867e+00
7.262179851531982422e-01 2.167315006256103516e+00
7.272266149520874023e-01 2.148016691207885742e+00
7.282352447509765625e-01 2.154444217681884766e+00
7.292438745498657227e-01 2.196425437927246094e+00
7.302525043487548828e-01 2.166970491409301758e+00
7.312611341476440430e-01 2.177094697952270508e+00
7.322698235511779785e-01 2.157634735107421875e+00
7.332784533500671387e-01 2.168154954910278320e+00
7.342870831489562988e-01 2.170390844345092773e+00
7.352957129478454590e-01 2.186052322387695312e+00
7.363043427467346191e-01 2.210713386535644531e+00
7.373129725456237793e-01 2.227512836456298828e+00
7.383216023445129395e-01 2.184102296829223633e+00
7.393302321434020996e-01 2.193246126174926758e+00
7.403388619422912598e-01 2.168976068496704102e+00
7.413475513458251953e-01 2.177824258804321289e+00
7.423561811447143555e-01 2.212304353713989258e+00
7.433648109436035156e-01 2.164981126785278320e+00
7.443734407424926758e-01 2.188787937164306641e+00
7.453820705413818359e-01 2.199861526489257812e+00
7.463907003402709961e-01 2.167664051055908203e+00
7.473993301391601562e-01 2.204951763153076172e+00
7.484079599380493164e-01 2.215481519699096680e+00
7.494165897369384766e-01 2.189179420471191406e+00
7.504252195358276367e-01 2.218772888183593750e+00
7.514339089393615723e-01 2.229632377624511719e+00
7.524425387382507324e-01 2.223205804824829102e+00
7.534511685371398926e-01 2.249297142028808594e+00
7.544597983360290527e-01 2.242828369140625000e+00
7.554684281349182129e-01 2.225799083709716797e+00
7.564770579338073730e-01 2.187250614166259766e+00
7.574856877326965332e-01 2.176213741302490234e+00
7.584943175315856934e-01 2.229714155197143555e+00
7.595029473304748535e-01 2.227465152740478516e+00
7.605116367340087891e-01 2.206154584884643555e+00
7.615202665328979492e-01 2.203287601470947266e+00
7.625288963317871094e-01 2.221818208694458008e+00
7.635375261306762695e-01 2.189223051071166992e+00
7.645461559295654297e-01 2.224405288696289062e+00
7.655547857284545898e-01 2.198928356170654297e+00
7.665634155273437500e-01 2.219521284103393555e+00
7.675720453262329102e-01 2.236346006393432617e+00
7.685806751251220703e-01 2.232523679733276367e+00
7.695893049240112305e-01 2.222380399703979492e+00
7.705979943275451660e-01 2.257450342178344727e+00
7.716066241264343262e-01 2.239658117294311523e+00
7.726152539253234863e-01 2.215509414672851562e+00
7.736238837242126465e-01 2.243373394012451172e+00
7.746325135231018066e-01 2.244926691055297852e+00
7.756411433219909668e-01 2.229698896408081055e+00
7.766497731208801270e-01 2.272771596908569336e+00
7.776584029197692871e-01 2.261804103851318359e+00
7.786670327186584473e-01 2.226116657257080078e+00
7.796757221221923828e-01 2.223504543304443359e+00
7.806843519210815430e-01 2.230069637298583984e+00
7.816929817199707031e-01 2.233412504196166992e+00
7.827016115188598633e-01 2.262241601943969727e+00
7.837102413177490234e-01 2.262778997421264648e+00
7.847188711166381836e-01 2.237682580947875977e+00
7.857275009155273438e-01 2.245831251144409180e+00
7.867361307144165039e-01 2.254526376724243164e+00
7.877447605133056641e-01 2.286421537399291992e+00
7.887533903121948242e-01 2.278069972991943359e+00
7.897620797157287598e-01 2.254294872283935547e+00
7.907707095146179199e-01 2.252230882644653320e+00
7.917793393135070801e-01 2.273059606552124023e+00
7.927879691123962402e-01 2.267632246017456055e+00
7.937965989112854004e-01 2.247162580490112305e+00
7.948052287101745605e-01 2.307955980300903320e+00
7.958138585090637207e-01 2.263604640960693359e+00
7.968224883079528809e-01 2.280313014984130859e+00
7.978311181068420410e-01 2.307436943054199219e+00
7.988398075103759766e-01 2.307273864746093750e+00
7.998484373092651367e-01 2.303488969802856445e+00
8.008570671081542969e-01 2.315497875213623047e+00
8.018656969070434570e-01 2.276535272598266602e+00
8.028743267059326172e-01 2.307394027709960938e+00
8.038829565048217773e-01 2.292922258377075195e+00
8.048915863037109375e-01 2.290906906127929688e+00
8.059002161026000977e-01 2.308296918869018555e+00
8.069088459014892578e-01 2.323436737060546875e+00
8.079174757003784180e-01 2.311925888061523438e+00
8.089261651039123535e-01 2.309827327728271484e+00
8.099347949028015137e-01 2.310603380203247070e+00
8.109434247016906738e-01 2.266206502914428711e+00
8.119520545005798340e-01 2.285650253295898438e+00
8.129606842994689941e-01 2.338207244873046875e+00
8.139693140983581543e-01 2.334738969802856445e+00
8.149779438972473145e-01 2.325290679931640625e+00
8.159865736961364746e-01 2.326236486434936523e+00
8.169952034950256348e-01 2.335003614425659180e+00
8.180038928985595703e-01 2.338679552078247070e+00
8.190125226974487305e-01 2.327077865600585938e+00
8.200211524963378906e-01 2.317459344863891602e+00
8.210297822952270508e-01 2.371257543563842773e+00
8.220384120941162109e-01 2.357592821121215820e+00
8.230470418930053711e-01 2.359477043151855469e+00
8.240556716918945312e-01 2.376370429992675781e+00
8.250643014907836914e-01 2.338335037231445312e+00
8.260729312896728516e-01 2.344457149505615234e+00
8.270815610885620117e-01 2.357630968093872070e+00
8.280902504920959473e-01 2.366402387619018555e+00
8.290988802909851074e-01 2.352099180221557617e+00
8.301075100898742676e-01 2.316509962081909180e+00
8.311161398887634277e-01 2.331334352493286133e+00
8.321247696876525879e-01 2.342492103576660156e+00
8.331333994865417480e-01 2.370047569274902344e+00
8.341420292854309082e-01 2.352995872497558594e+00
8.351506590843200684e-01 2.348644018173217773e+00
8.361592888832092285e-01 2.367178678512573242e+00
8.371679782867431641e-01 2.398831605911254883e+00
8.381766080856323242e-01 2.358916044235229492e+00
8.391852378845214844e-01 2.386272668838500977e+00
8.401938676834106445e-01 2.362904787063598633e+00
8.412024974822998047e-01 2.400811672210693359e+00
8.422111272811889648e-01 2.400556325912475586e+00
8.432197570800781250e-01 2.371969699859619141e+00
8.442283868789672852e-01 2.409736156463623047e+00
8.452370166778564453e-01 2.376430511474609375e+00
8.462456464767456055e-01 2.402399778366088867e+00
8.472543358802795410e-01 2.381030797958374023e+00
8.482629656791687012e-01 2.401297569274902344e+00
8.492715954780578613e-01 2.371797561645507812e+00
8.502802252769470215e-01 2.412349700927734375e+00
8.512888550758361816e-01 2.389255523681640625e+00
8.522974848747253418e-01 2.391491651535034180e+00
8.533061146736145020e-01 2.410025835037231445e+00
8.543147444725036621e-01 2.395612001419067383e+00
8.553233742713928223e-01 2.393494844436645508e+00
8.563320636749267578e-01 2.399526119232177734e+00
8.573406934738159180e-01 2.377957820892333984e+00
8.583493232727050781e-01 2.380455732345581055e+00
8.593579530715942383e-01 2.426516056060791016e+00
8.603665828704833984e-01 2.413570404052734375e+00
8.613752126693725586e-01 2.406743049621582031e+00
8.623838424682617188e-01 2.410014629364013672e+00
8.633924722671508789e-01 2.393692970275878906e+00
8.644011020660400391e-01 2.456569433212280273e+00
8.654097318649291992e-01 2.430054426193237305e+00
8.664184212684631348e-01 2.413603067398071289e+00
8.674270510673522949e-01 2.433080196380615234e+00
8.684356808662414551e-01 2.447518110275268555e+00
8.694443106651306152e-01 2.429442882537841797e+00
8.704529404640197754e-01 2.465806484222412109e+00
8.714615702629089355e-01 2.461536645889282227e+00
8.724702000617980957e-01 2.450782775878906250e+00
8.734788298606872559e-01 2.448505163192749023e+00
8.744874596595764160e-01 2.457805633544921875e+00
8.754961490631103516e-01 2.495768070220947266e+00
8.765047788619995117e-01 2.465000629425048828e+00
8.775134086608886719e-01 2.469280481338500977e+00
8.785220384597778320e-01 2.468008518218994141e+00
8.795306682586669922e-01 2.492659330368041992e+00
8.805392980575561523e-01 2.471265792846679688e+00
8.815479278564453125e-01 2.536510229110717773e+00
8.825565576553344727e-01 2.500185489654541016e+00
8.835651874542236328e-01 2.522228002548217773e+00
8.845738172531127930e-01 2.520131111145019531e+00
8.855825066566467285e-01 2.490889310836791992e+00
8.865911364555358887e-01 2.520661115646362305e+00
8.875997662544250488e-01 2.522808551788330078e+00
8.886083960533142090e-01 2.525080919265747070e+00
8.896170258522033691e-01 2.515419244766235352e+00
8.906256556510925293e-01 2.506593227386474609e+00
8.916342854499816895e-01 2.533138275146484375e+00
8.926429152488708496e-01 2.579176187515258789e+00
8.936515450477600098e-01 2.544256210327148438e+00
8.946602344512939453e-01 2.556415557861328125e+00
8.956688642501831055e-01 2.594908952713012695e+00
8.966774940490722656e-01 2.561591386795043945e+00
8.976861238479614258e-01 2.546736001968383789e+00
8.986947536468505859e-01 2.570427656173706055e+00
8.997033834457397461e-01 2.555835485458374023e+00
9.007120132446289062e-01 2.588796854019165039e+00
9.017206430435180664e-01 2.561163902282714844e+00
9.027292728424072266e-01 2.606652259826660156e+00
9.037379026412963867e-01 2.595482826232910156e+00
9.047465920448303223e-01 2.593182802200317383e+00
9.057552218437194824e-01 2.605911016464233398e+00
9.067638516426086426e-01 2.622505664825439453e+00
9.077724814414978027e-01 2.631455898284912109e+00
9.087811112403869629e-01 2.638262033462524414e+00
9.097897410392761230e-01 2.593536853790283203e+00
9.107983708381652832e-01 2.596471548080444336e+00
9.118070006370544434e-01 2.626456499099731445e+00
9.128156304359436035e-01 2.604878187179565430e+00
9.138243198394775391e-01 2.645752191543579102e+00
9.148329496383666992e-01 2.604560375213623047e+00
9.158415794372558594e-01 2.651539087295532227e+00
9.168502092361450195e-01 2.683126211166381836e+00
9.178588390350341797e-01 2.690337657928466797e+00
9.188674688339233398e-01 2.640780925750732422e+00
9.198760986328125000e-01 2.637670278549194336e+00
9.208847284317016602e-01 2.678420305252075195e+00
9.218933582305908203e-01 2.726121902465820312e+00
9.229020476341247559e-01 2.621629238128662109e+00
9.239106774330139160e-01 2.712079048156738281e+00
9.249193072319030762e-01 2.669037342071533203e+00
9.259279370307922363e-01 2.704257249832153320e+00
9.269365668296813965e-01 2.737397432327270508e+00
9.279451966285705566e-01 2.701724052429199219e+00
9.289538264274597168e-01 2.710586786270141602e+00
9.299624562263488770e-01 2.714736700057983398e+00
9.309710860252380371e-01 2.731654882431030273e+00
9.319797158241271973e-01 2.729519367218017578e+00
9.329884052276611328e-01 2.730449914932250977e+00
9.339970350265502930e-01 2.689823865890502930e+00
9.350056648254394531e-01 2.715757608413696289e+00
9.360142946243286133e-01 2.778177499771118164e+00
9.370229244232177734e-01 2.781374931335449219e+00
9.380315542221069336e-01 2.773375988006591797e+00
9.390401840209960938e-01 2.807829618453979492e+00
9.400488138198852539e-01 2.784970998764038086e+00
9.410574436187744141e-01 2.775710582733154297e+00
9.420661330223083496e-01 2.782051563262939453e+00
9.430747628211975098e-01 2.773903131484985352e+00
9.440833926200866699e-01 2.748333454132080078e+00
9.450920224189758301e-01 2.796480894088745117e+00
9.461006522178649902e-01 2.790559291839599609e+00
9.471092820167541504e-01 2.761327981948852539e+00
9.481179118156433105e-01 2.811148881912231445e+00
9.491265416145324707e-01 2.801522970199584961e+00
9.501351714134216309e-01 2.795565843582153320e+00
9.511438012123107910e-01 2.825880289077758789e+00
9.521524906158447266e-01 2.816677570343017578e+00
9.531611204147338867e-01 2.768306255340576172e+00
9.541697502136230469e-01 2.834916353225708008e+00
9.551783800125122070e-01 2.774882793426513672e+00
9.561870098114013672e-01 2.810303449630737305e+00
9.571956396102905273e-01 2.846577167510986328e+00
9.582042694091796875e-01 2.878996133804321289e+00
9.592128992080688477e-01 2.820739030838012695e+00
9.602215290069580078e-01 2.848583698272705078e+00
9.612302184104919434e-01 2.894717693328857422e+00
9.622388482093811035e-01 2.868770599365234375e+00
9.632474780082702637e-01 2.871150016784667969e+00
9.642561078071594238e-01 2.820424079895019531e+00
9.652647376060485840e-01 2.824618101119995117e+00
9.662733674049377441e-01 2.906029701232910156e+00
9.672819972038269043e-01 2.862274646759033203e+00
9.682906270027160645e-01 2.851533174514770508e+00
9.692992568016052246e-01 2.920873403549194336e+00
9.703078866004943848e-01 2.945139646530151367e+00
9.713165760040283203e-01 2.895989179611206055e+00
9.723252058029174805e-01 2.901433706283569336e+00
9.733338356018066406e-01 2.955842494964599609e+00
9.743424654006958008e-01 2.919144153594970703e+00
9.753510951995849609e-01 2.928318262100219727e+00
9.763597249984741211e-01 2.940429687500000000e+00
9.773683547973632812e-01 2.941298246383666992e+00
9.783769845962524414e-01 2.924209117889404297e+00
9.793856143951416016e-01 2.904777526855468750e+00
9.803943037986755371e-01 2.870311021804809570e+00
9.814029335975646973e-01 2.960877180099487305e+00
9.824115633964538574e-01 3.044343709945678711e+00
9.834201931953430176e-01 3.057700872421264648e+00
9.844288229942321777e-01 2.985909938812255859e+00
9.854374527931213379e-01 2.962663888931274414e+00
9.864460825920104980e-01 2.952732324600219727e+00
9.874547123908996582e-01 2.961930513381958008e+00
9.884633421897888184e-01 3.050908565521240234e+00
9.894719719886779785e-01 3.032847642898559570e+00
9.904806613922119141e-01 2.964552164077758789e+00
9.914892911911010742e-01 3.012799024581909180e+00
9.924979209899902344e-01 2.981442928314208984e+00
9.935065507888793945e-01 3.052317142486572266e+00
9.945151805877685547e-01 3.065491437911987305e+00
9.955238103866577148e-01 2.983076572418212891e+00
9.965324401855468750e-01 3.018526315689086914e+00
9.975410699844360352e-01 3.050134897232055664e+00
9.985496997833251953e-01 3.029988050460815430e+00
9.995583891868591309e-01 3.134553432464599609e+00
1.000566959381103516e+00 3.112772941589355469e+00
1.001575589179992676e+00 3.115329504013061523e+00
1.002584218978881836e+00 3.061616897583007812e+00
1.003592848777770996e+00 3.114941835403442383e+00
1.004601597785949707e+00 3.159296751022338867e+00
1.005610227584838867e+00 3.148992061614990234e+00
1.006618857383728027e+00 3.146150827407836914e+00
1.007627487182617188e+00 3.164980888366699219e+00
1.008636116981506348e+00 3.177860975265502930e+00
1.009644746780395508e+00 3.104965686798095703e+00
1.010653376579284668e+00 3.027888774871826172e+00
1.011662006378173828e+00 3.092231512069702148e+00
1.012670636177062988e+00 3.046760320663452148e+00
1.013679265975952148e+00 3.086680412292480469e+00
1.014687895774841309e+00 3.025808095932006836e+00
1.015696525573730469e+00 3.068747043609619141e+00
1.016705155372619629e+00 3.138887643814086914e+00
1.017713785171508789e+00 3.244497060775756836e+00
1.018722414970397949e+00 3.197913885116577148e+00
1.019731044769287109e+00 3.211054325103759766e+00
1.020739674568176270e+00 3.229682922363281250e+00
1.021748304367065430e+00 3.145871400833129883e+00
1.022756934165954590e+00 3.202546119689941406e+00
1.023765683174133301e+00 3.176123380661010742e+00
1.024774312973022461e+00 3.120198726654052734e+00
1.025782942771911621e+00 3.287787914276123047e+00
1.026791572570800781e+00 3.281252145767211914e+00
1.027800202369689941e+00 3.218195438385009766e+00
1.028808832168579102e+00 3.188263416290283203e+00
1.029817461967468262e+00 3.209692478179931641e+00
1.030826091766357422e+00 3.180727720260620117e+00
1.031834721565246582e+00 3.199125766754150391e+00
1.032843351364135742e+00 3.199494838714599609e+00
1.033851981163024902e+00 3.211968183517456055e+00
1.034860610961914062e+00 3.227184057235717773e+00
1.035869240760803223e+00 3.171938419342041016e+00
1.036877870559692383e+00 3.258770465850830078e+00
1.037886500358581543e+00 3.201569318771362305e+00
1.038895130157470703e+00 3.247360706329345703e+00
1.039903759956359863e+00 3.314681529998779297e+00
1.040912389755249023e+00 3.274347066879272461e+00
1.041921019554138184e+00 3.261335611343383789e+00
1.042929768562316895e+00 3.213881492614746094e+00
1.043938398361206055e+00 3.342260837554931641e+00
1.044947028160095215e+00 3.248749017715454102e+00
1.045955657958984375e+00 3.277523517608642578e+00
1.046964287757873535e+00 3.288516283035278320e+00
1.047972917556762695e+00 3.283458232879638672e+00
1.048981547355651855e+00 3.305409669876098633e+00
1.049990177154541016e+00 3.255842447280883789e+00
1.050998806953430176e+00 3.370477676391601562e+00
1.052007436752319336e+00 3.382417678833007812e+00
1.053016066551208496e+00 3.341150045394897461e+00
1.054024696350097656e+00 3.354358196258544922e+00
1.055033326148986816e+00 3.381155729293823242e+00
1.056041955947875977e+00 3.363789558410644531e+00
1.057050585746765137e+00 3.254206657409667969e+00
1.058059215545654297e+00 3.317179203033447266e+00
1.059067845344543457e+00 3.412214756011962891e+00
1.060076475143432617e+00 3.308520078659057617e+00
1.061085104942321777e+00 3.345533132553100586e+00
1.062093853950500488e+00 3.388467073440551758e+00
1.063102483749389648e+00 3.371002435684204102e+00
1.064111113548278809e+00 3.512152671813964844e+00
1.065119743347167969e+00 3.429508924484252930e+00
1.066128373146057129e+00 3.405065536499023438e+00
1.067137002944946289e+00 3.463827133178710938e+00
1.068145632743835449e+00 3.403971910476684570e+00
1.069154262542724609e+00 3.353177547454833984e+00
1.070162892341613770e+00 3.489718914031982422e+00
1.071171522140502930e+00 3.331025838851928711e+00
1.072180151939392090e+00 3.436963558197021484e+00
1.073188781738281250e+00 3.494111537933349609e+00
1.074197411537170410e+00 3.462179183959960938e+00
1.075206041336059570e+00 3.419631719589233398e+00
1.076214671134948730e+00 3.399586439132690430e+00
1.077223300933837891e+00 3.455500602722167969e+00
1.078231930732727051e+00 3.428670644760131836e+00
1.079240560531616211e+00 3.409699916839599609e+00
1.080249190330505371e+00 3.316075563430786133e+00
1.081257939338684082e+00 3.528300762176513672e+00
1.082266569137573242e+00 3.465011358261108398e+00
1.083275198936462402e+00 3.412253141403198242e+00
1.084283828735351562e+00 3.453956842422485352e+00
1.085292458534240723e+00 3.430069923400878906e+00
1.086301088333129883e+00 3.431980609893798828e+00
1.087309718132019043e+00 3.478327751159667969e+00
1.088318347930908203e+00 3.511805772781372070e+00
1.089326977729797363e+00 3.578123807907104492e+00
1.090335607528686523e+00 3.385988950729370117e+00
1.091344237327575684e+00 3.512473106384277344e+00
1.092352867126464844e+00 3.497519969940185547e+00
1.093361496925354004e+00 3.420202016830444336e+00
1.094370126724243164e+00 3.369911909103393555e+00
1.095378756523132324e+00 3.478836774826049805e+00
1.096387386322021484e+00 3.568272113800048828e+00
1.097396016120910645e+00 3.496448755264282227e+00
1.098404645919799805e+00 3.583154678344726562e+00
1.099413275718688965e+00 3.536137580871582031e+00
1.100422024726867676e+00 3.521005868911743164e+00
1.101430654525756836e+00 3.433724641799926758e+00
1.102439284324645996e+00 3.435919046401977539e+00
1.103447914123535156e+00 3.608199357986450195e+00
1.104456543922424316e+00 3.560431957244873047e+00
1.105465173721313477e+00 3.532577753067016602e+00
1.106473803520202637e+00 3.472058773040771484e+00
1.107482433319091797e+00 3.583217382431030273e+00
1.108491063117980957e+00 3.577043533325195312e+00
1.109499692916870117e+00 3.633732557296752930e+00
1.110508322715759277e+00 3.684367895126342773e+00
1.111516952514648438e+00 3.614962816238403320e+00
1.112525582313537598e+00 3.486759901046752930e+00
1.113534212112426758e+00 3.512159109115600586e+00
1.114542841911315918e+00 3.593664169311523438e+00
1.115551471710205078e+00 3.687347173690795898e+00
1.116560101509094238e+00 3.754764318466186523e+00
1.117568731307983398e+00 3.497077226638793945e+00
1.118577361106872559e+00 3.611180305480957031e+00
1.119586110115051270e+00 3.459042072296142578e+00
1.120594739913940430e+00 3.468332529067993164e+00
1.121603369712829590e+00 3.530617237091064453e+00
1.122611999511718750e+00 3.639367818832397461e+00
1.123620629310607910e+00 3.478956699371337891e+00
1.124629259109497070e+00 3.650354623794555664e+00
1.125637888908386230e+00 3.434607982635498047e+00
1.126646518707275391e+00 3.458439350128173828e+00
1.127655148506164551e+00 3.630680322647094727e+00
1.128663778305053711e+00 3.607378482818603516e+00
1.129672408103942871e+00 3.651538610458374023e+00
1.130681037902832031e+00 3.686671018600463867e+00
1.131689667701721191e+00 3.634517669677734375e+00
1.132698297500610352e+00 3.628220796585083008e+00
1.133706927299499512e+00 3.762973546981811523e+00
1.134715557098388672e+00 3.710426092147827148e+00
1.135724186897277832e+00 3.751781463623046875e+00
1.136732816696166992e+00 3.613784551620483398e+00
1.137741446495056152e+00 3.700041055679321289e+00
1.138750195503234863e+00 3.588130474090576172e+00
1.139758825302124023e+00 3.612347602844238281e+00
1.140767455101013184e+00 3.611099720001220703e+00
1.141776084899902344e+00 3.558797359466552734e+00
1.142784714698791504e+00 3.679641962051391602e+00
1.143793344497680664e+00 3.642122268676757812e+00
1.144801974296569824e+00 3.654051542282104492e+00
1.145810604095458984e+00 3.831433534622192383e+00
1.146819233894348145e+00 3.860630989074707031e+00
1.147827863693237305e+00 3.721792697906494141e+00
1.148836493492126465e+00 3.689100265502929688e+00
1.149845123291015625e+00 3.902321577072143555e+00
1.150853753089904785e+00 3.726623535156250000e+00
1.151862382888793945e+00 3.662326812744140625e+00
1.152871012687683105e+00 3.589421033859252930e+00
1.153879642486572266e+00 3.804809570312500000e+00
1.154888272285461426e+00 3.558650970458984375e+00
1.155896902084350586e+00 3.735661745071411133e+00
1.156905531883239746e+00 3.612295866012573242e+00
1.157914280891418457e+00 3.925910472869873047e+00
1.158922910690307617e+00 3.954265594482421875e+00
1.159931540489196777e+00 3.883346319198608398e+00
1.160940170288085938e+00 3.760646343231201172e+00
1.161948800086975098e+00 3.829675197601318359e+00
1.162957429885864258e+00 3.965292453765869141e+00
1.163966059684753418e+00 3.810706615447998047e+00
1.164974689483642578e+00 3.665698289871215820e+00
1.165983319282531738e+00 3.845970153808593750e+00
1.166991949081420898e+00 3.816379070281982422e+00
1.168000578880310059e+00 3.982161283493041992e+00
1.169009208679199219e+00 3.706046342849731445e+00
1.170017838478088379e+00 3.736672878265380859e+00
1.171026468276977539e+00 3.802918672561645508e+00
1.172035098075866699e+00 3.761220216751098633e+00
1.173043727874755859e+00 3.815310716629028320e+00
1.174052357673645020e+00 3.636731624603271484e+00
1.175060987472534180e+00 3.649144172668457031e+00
1.176069617271423340e+00 3.807607412338256836e+00
1.177078366279602051e+00 3.822146177291870117e+00
1.178086996078491211e+00 3.968645095825195312e+00
1.179095625877380371e+00 3.895312309265136719e+00
1.180104255676269531e+00 3.989288091659545898e+00
1.181112885475158691e+00 3.802938222885131836e+00
1.182121515274047852e+00 3.864228725433349609e+00
1.183130145072937012e+00 3.804991245269775391e+00
1.184138774871826172e+00 3.883523702621459961e+00
1.185147404670715332e+00 3.966593265533447266e+00
1.186156034469604492e+00 3.978959560394287109e+00
1.187164664268493652e+00 3.727150917053222656e+00
1.188173294067382812e+00 4.004496574401855469e+00
1.189181923866271973e+00 4.158521175384521484e+00
1.190190553665161133e+00 4.014647006988525391e+00
1.191199183464050293e+00 3.757838487625122070e+00
1.192207813262939453e+00 3.875576972961425781e+00
1.193216443061828613e+00 4.108522891998291016e+00
1.194225072860717773e+00 3.753238201141357422e+00
1.195233702659606934e+00 3.812748670578002930e+00
1.196242451667785645e+00 3.799158811569213867e+00
1.197251081466674805e+00 4.033323764801025391e+00
1.198259711265563965e+00 4.026590347290039062e+00
1.199268341064453125e+00 4.205786705017089844e+00
1.200276970863342285e+00 4.221163272857666016e+00
1.201285600662231445e+00 3.907938241958618164e+00
1.202294230461120605e+00 3.923412799835205078e+00
1.203302860260009766e+00 4.539387702941894531e+00
1.204311490058898926e+00 3.991322755813598633e+00
1.205320119857788086e+00 3.614779233932495117e+00
1.206328749656677246e+00 3.909996509552001953e+00
1.207337379455566406e+00 4.075850963592529297e+00
1.208346009254455566e+00 3.468267679214477539e+00
1.209354639053344727e+00 2.890611171722412109e+00
