0.000000000000000000e+00 1.373064279556274414e+00
1.000000000000000000e+00 1.281577706336975098e+00
2.000000000000000000e+00 1.438192605972290039e+00
3.000000000000000000e+00 1.594851970672607422e+00
4.000000000000000000e+00 1.512447357177734375e+00
5.000000000000000000e+00 1.579432606697082520e+00
6.000000000000000000e+00 1.473841786384582520e+00
7.000000000000000000e+00 1.474873065948486328e+00
8.000000000000000000e+00 1.451972723007202148e+00
9.000000000000000000e+00 1.450545549392700195e+00
1.000000000000000000e+01 1.465324759483337402e+00
1.100000000000000000e+01 1.269774556159973145e+00
1.200000000000000000e+01 1.185627460479736328e+00
1.300000000000000000e+01 1.414116859436035156e+00
1.400000000000000000e+01 1.553383350372314453e+00
1.500000000000000000e+01 1.586477518081665039e+00
1.600000000000000000e+01 1.586557269096374512e+00
1.700000000000000000e+01 1.559660553932189941e+00
1.800000000000000000e+01 1.571317911148071289e+00
1.900000000000000000e+01 1.583498120307922363e+00
2.000000000000000000e+01 1.625835418701171875e+00
2.100000000000000000e+01 1.679375529289245605e+00
2.200000000000000000e+01 1.660782337188720703e+00
2.300000000000000000e+01 1.670885562896728516e+00
2.400000000000000000e+01 1.618410468101501465e+00
2.500000000000000000e+01 1.551935195922851562e+00
2.600000000000000000e+01 1.718727231025695801e+00
2.700000000000000000e+01 1.773166894912719727e+00
2.800000000000000000e+01 1.707437038421630859e+00
2.900000000000000000e+01 1.785694003105163574e+00
3.000000000000000000e+01 1.852746009826660156e+00
3.100000000000000000e+01 1.864258885383605957e+00
3.200000000000000000e+01 1.912547707557678223e+00
3.300000000000000000e+01 1.957924365997314453e+00
3.400000000000000000e+01 2.008755683898925781e+00
3.500000000000000000e+01 1.974462866783142090e+00
3.600000000000000000e+01 1.997777462005615234e+00
3.700000000000000000e+01 1.995483040809631348e+00
3.800000000000000000e+01 2.030422449111938477e+00
3.900000000000000000e+01 2.156979799270629883e+00
4.000000000000000000e+01 2.179772853851318359e+00
4.100000000000000000e+01 2.091592550277709961e+00
4.200000000000000000e+01 2.175532817840576172e+00
4.300000000000000000e+01 2.277236938476562500e+00
4.400000000000000000e+01 2.314454317092895508e+00
4.500000000000000000e+01 2.217763185501098633e+00
4.600000000000000000e+01 2.306492328643798828e+00
4.700000000000000000e+01 2.301650285720825195e+00
4.800000000000000000e+01 2.369207382202148438e+00
4.900000000000000000e+01 2.441344261169433594e+00
5.000000000000000000e+01 2.433582544326782227e+00
5.100000000000000000e+01 2.507808685302734375e+00
5.200000000000000000e+01 2.493099451065063477e+00
5.300000000000000000e+01 2.484306573867797852e+00
5.400000000000000000e+01 2.464164972305297852e+00
5.500000000000000000e+01 2.536037206649780273e+00
5.600000000000000000e+01 2.562046766281127930e+00
5.700000000000000000e+01 2.539920806884765625e+00
5.800000000000000000e+01 2.589558124542236328e+00
5.900000000000000000e+01 2.605232000350952148e+00
6.000000000000000000e+01 2.656488895416259766e+00
6.100000000000000000e+01 2.652063608169555664e+00
6.200000000000000000e+01 2.560578107833862305e+00
6.300000000000000000e+01 2.620243787765502930e+00
6.400000000000000000e+01 2.527915954589843750e+00
6.500000000000000000e+01 2.426136255264282227e+00
6.600000000000000000e+01 2.366192579269409180e+00
6.700000000000000000e+01 2.341371059417724609e+00
6.800000000000000000e+01 2.429723024368286133e+00
6.900000000000000000e+01 2.645066499710083008e+00
7.000000000000000000e+01 2.583533048629760742e+00
7.100000000000000000e+01 2.589108467102050781e+00
7.200000000000000000e+01 2.638079404830932617e+00
7.300000000000000000e+01 2.626844644546508789e+00
7.400000000000000000e+01 2.603991031646728516e+00
7.500000000000000000e+01 2.705065965652465820e+00
7.600000000000000000e+01 2.626425981521606445e+00
7.700000000000000000e+01 2.613674402236938477e+00
7.800000000000000000e+01 2.636543273925781250e+00
7.900000000000000000e+01 2.614896059036254883e+00
8.000000000000000000e+01 2.693685054779052734e+00
8.100000000000000000e+01 2.655521631240844727e+00
8.200000000000000000e+01 2.659604549407958984e+00
8.300000000000000000e+01 2.640486001968383789e+00
8.400000000000000000e+01 2.625854730606079102e+00
8.500000000000000000e+01 2.696940422058105469e+00
8.600000000000000000e+01 2.619627237319946289e+00
8.700000000000000000e+01 2.603578090667724609e+00
8.800000000000000000e+01 2.547536373138427734e+00
8.900000000000000000e+01 2.491117954254150391e+00
9.000000000000000000e+01 2.594827175140380859e+00
9.100000000000000000e+01 2.622498750686645508e+00
9.200000000000000000e+01 2.542336463928222656e+00
9.300000000000000000e+01 2.238269329071044922e+00
9.400000000000000000e+01 1.636087417602539062e+00
9.500000000000000000e+01 1.953765630722045898e+00
9.600000000000000000e+01 2.428390502929687500e+00
9.700000000000000000e+01 2.445578575134277344e+00
9.800000000000000000e+01 2.528651952743530273e+00
9.900000000000000000e+01 2.482704877853393555e+00
1.000000000000000000e+02 2.325666666030883789e+00
