0.000000000000000000e+00 4.003856201171875000e+03
1.008636085316538811e-03 3.054309326171875000e+03
2.017272170633077621e-03 2.253066894531250000e+03
3.025908255949616432e-03 1.706477416992187500e+03
4.034544341266155243e-03 1.328983886718750000e+03
5.043180659413337708e-03 1.049000000000000000e+03
6.051816511899232864e-03 8.237996215820312500e+02
7.060452364385128021e-03 6.581007690429687500e+02
8.069088682532310486e-03 5.497803955078125000e+02
9.077725000679492950e-03 4.563138122558593750e+02
1.008636131882667542e-02 3.856380310058593750e+02
1.109499670565128326e-02 3.218991088867187500e+02
1.210363302379846573e-02 2.700553588867187500e+02
1.311226934194564819e-02 2.359877014160156250e+02
1.412090472877025604e-02 2.037191925048828125e+02
1.512954104691743851e-02 1.776670684814453125e+02
1.613817736506462097e-02 1.532349395751953125e+02
1.714681275188922882e-02 1.335033264160156250e+02
1.815545000135898590e-02 1.173104553222656250e+02
1.916408538818359375e-02 1.046813812255859375e+02
2.017272263765335083e-02 9.283193969726562500e+01
2.118135802447795868e-02 8.291488647460937500e+01
2.218999341130256653e-02 7.350717163085937500e+01
2.319863066077232361e-02 6.619755554199218750e+01
2.420726604759693146e-02 5.981739807128906250e+01
2.521590143442153931e-02 5.363838958740234375e+01
2.622453868389129639e-02 4.897269058227539062e+01
2.723317407071590424e-02 4.438925170898437500e+01
2.824180945754051208e-02 4.081978225708007812e+01
2.925044670701026917e-02 3.714429092407226562e+01
3.025908209383487701e-02 3.368813323974609375e+01
3.126771748065948486e-02 3.110111236572265625e+01
3.227635473012924194e-02 2.872508049011230469e+01
3.328499197959899902e-02 2.647992515563964844e+01
3.429362550377845764e-02 2.454847145080566406e+01
3.530226275324821472e-02 2.220013618469238281e+01
3.631090000271797180e-02 2.076330757141113281e+01
3.731953352689743042e-02 1.963322067260742188e+01
3.832817077636718750e-02 1.790599822998046875e+01
3.933680802583694458e-02 1.718306541442871094e+01
4.034544527530670166e-02 1.581870079040527344e+01
4.135407879948616028e-02 1.466524219512939453e+01
4.236271604895591736e-02 1.368706512451171875e+01
4.337135329842567444e-02 1.297051906585693359e+01
4.437998682260513306e-02 1.214840698242187500e+01
4.538862407207489014e-02 1.155631542205810547e+01
4.639726132154464722e-02 1.103974628448486328e+01
4.740589484572410583e-02 1.030472373962402344e+01
4.841453209519386292e-02 9.659136772155761719e+00
4.942316934466362000e-02 9.082719802856445312e+00
5.043180286884307861e-02 8.727355957031250000e+00
5.144044011831283569e-02 8.226670265197753906e+00
5.244907736778259277e-02 7.882133483886718750e+00
5.345771089196205139e-02 7.534780502319335938e+00
5.446634814143180847e-02 7.139032363891601562e+00
5.547498539090156555e-02 6.894193172454833984e+00
5.648361891508102417e-02 6.552495956420898438e+00
5.749225616455078125e-02 6.229602336883544922e+00
5.850089341402053833e-02 6.110900878906250000e+00
5.950953066349029541e-02 5.621098518371582031e+00
6.051816418766975403e-02 5.573462963104248047e+00
6.152680143713951111e-02 5.079704284667968750e+00
6.253543496131896973e-02 5.232017517089843750e+00
6.354407221078872681e-02 4.915783882141113281e+00
6.455270946025848389e-02 4.768405914306640625e+00
6.556134670972824097e-02 4.512542247772216797e+00
6.656998395919799805e-02 4.475663185119628906e+00
6.757862120866775513e-02 4.273252487182617188e+00
6.858725100755691528e-02 4.064327239990234375e+00
6.959588825702667236e-02 3.942056417465209961e+00
7.060452550649642944e-02 3.778544664382934570e+00
7.161316275596618652e-02 3.776478290557861328e+00
7.262180000543594360e-02 3.690070390701293945e+00
7.363043725490570068e-02 3.530182600021362305e+00
7.463906705379486084e-02 3.485970020294189453e+00
7.564770430326461792e-02 3.349199295043945312e+00
7.665634155273437500e-02 3.203660011291503906e+00
7.766497880220413208e-02 3.030699253082275391e+00
7.867361605167388916e-02 3.015557527542114258e+00
7.968225330114364624e-02 2.972188472747802734e+00
8.069089055061340332e-02 2.918550968170166016e+00
8.169952034950256348e-02 2.807752370834350586e+00
8.270815759897232056e-02 2.895919561386108398e+00
8.371679484844207764e-02 2.693477869033813477e+00
8.472543209791183472e-02 2.680709123611450195e+00
8.573406934738159180e-02 2.678045034408569336e+00
8.674270659685134888e-02 2.600570917129516602e+00
8.775133639574050903e-02 2.581661462783813477e+00
8.875997364521026611e-02 2.497021436691284180e+00
8.976861089468002319e-02 2.401128292083740234e+00
9.077724814414978027e-02 2.373492717742919922e+00
9.178588539361953735e-02 2.351846694946289062e+00
9.279452264308929443e-02 2.254111051559448242e+00
9.380315244197845459e-02 2.237695932388305664e+00
9.481178969144821167e-02 2.220934867858886719e+00
9.582042694091796875e-02 2.210829973220825195e+00
9.682906419038772583e-02 2.111171960830688477e+00
9.783770143985748291e-02 2.082888126373291016e+00
9.884633868932723999e-02 2.086330890655517578e+00
9.985497593879699707e-02 1.977319717407226562e+00
1.008636057376861572e-01 1.953504323959350586e+00
1.018722429871559143e-01 1.950133681297302246e+00
1.028808802366256714e-01 1.944584488868713379e+00
1.038895174860954285e-01 1.904237627983093262e+00
1.048981547355651855e-01 1.920704603195190430e+00
1.059067919850349426e-01 1.833676099777221680e+00
1.069154217839241028e-01 1.833029985427856445e+00
1.079240590333938599e-01 1.811563491821289062e+00
1.089326962828636169e-01 1.700863122940063477e+00
1.099413335323333740e-01 1.744391202926635742e+00
1.109499707818031311e-01 1.704099893569946289e+00
1.119586080312728882e-01 1.658957481384277344e+00
1.129672378301620483e-01 1.658834099769592285e+00
1.139758750796318054e-01 1.678686022758483887e+00
1.149845123291015625e-01 1.562374830245971680e+00
1.159931495785713196e-01 1.644764900207519531e+00
1.170017868280410767e-01 1.603089809417724609e+00
1.180104240775108337e-01 1.577071309089660645e+00
1.190190613269805908e-01 1.553415536880493164e+00
1.200276911258697510e-01 1.520036578178405762e+00
1.210363283753395081e-01 1.513877511024475098e+00
1.220449656248092651e-01 1.476918578147888184e+00
1.230536028742790222e-01 1.482930183410644531e+00
1.240622401237487793e-01 1.447533845901489258e+00
1.250708699226379395e-01 1.430598735809326172e+00
1.260795146226882935e-01 1.406466007232666016e+00
1.270881444215774536e-01 1.417242884635925293e+00
1.280967891216278076e-01 1.401622772216796875e+00
1.291054189205169678e-01 1.344341278076171875e+00
1.301140487194061279e-01 1.319418072700500488e+00
1.311226934194564819e-01 1.352340579032897949e+00
1.321313232183456421e-01 1.376979470252990723e+00
1.331399679183959961e-01 1.353445649147033691e+00
1.341485977172851562e-01 1.293091058731079102e+00
1.351572424173355103e-01 1.287163734436035156e+00
1.361658722162246704e-01 1.300944447517395020e+00
1.371745020151138306e-01 1.247811675071716309e+00
1.381831467151641846e-01 1.271983742713928223e+00
1.391917765140533447e-01 1.267244935035705566e+00
1.402004212141036987e-01 1.231118440628051758e+00
1.412090510129928589e-01 1.168458700180053711e+00
1.422176808118820190e-01 1.199891686439514160e+00
1.432263255119323730e-01 1.221346616744995117e+00
1.442349553108215332e-01 1.218235015869140625e+00
1.452436000108718872e-01 1.220932722091674805e+00
1.462522298097610474e-01 1.161987304687500000e+00
1.472608745098114014e-01 1.137547850608825684e+00
1.482695043087005615e-01 1.162318229675292969e+00
1.492781341075897217e-01 1.164913177490234375e+00
1.502867788076400757e-01 1.166511893272399902e+00
1.512954086065292358e-01 1.128204345703125000e+00
1.523040533065795898e-01 1.121903419494628906e+00
1.533126831054687500e-01 1.127053022384643555e+00
1.543213278055191040e-01 1.109650850296020508e+00
1.553299576044082642e-01 1.089219689369201660e+00
1.563385874032974243e-01 1.098265647888183594e+00
1.573472321033477783e-01 1.088784098625183105e+00
1.583558619022369385e-01 1.057651877403259277e+00
1.593645066022872925e-01 1.068933844566345215e+00
1.603731364011764526e-01 1.096350789070129395e+00
1.613817811012268066e-01 1.026579260826110840e+00
1.623904109001159668e-01 1.027385473251342773e+00
1.633990406990051270e-01 1.008494019508361816e+00
1.644076853990554810e-01 1.028828859329223633e+00
1.654163151979446411e-01 1.015098333358764648e+00
1.664249598979949951e-01 1.052456259727478027e+00
1.674335896968841553e-01 1.031571507453918457e+00
1.684422194957733154e-01 1.031359434127807617e+00
1.694508641958236694e-01 1.034744739532470703e+00
1.704594939947128296e-01 1.007488846778869629e+00
1.714681386947631836e-01 9.825254082679748535e-01
1.724767684936523438e-01 9.678004384040832520e-01
1.734854131937026978e-01 1.011349081993103027e+00
1.744940429925918579e-01 9.864200949668884277e-01
1.755026727914810181e-01 1.004564046859741211e+00
1.765113174915313721e-01 9.961805343627929688e-01
1.775199472904205322e-01 9.662629961967468262e-01
1.785285919904708862e-01 9.807750582695007324e-01
1.795372217893600464e-01 9.461840391159057617e-01
1.805458664894104004e-01 9.669931530952453613e-01
1.815544962882995605e-01 9.589436650276184082e-01
1.825631260871887207e-01 9.647343754768371582e-01
1.835717707872390747e-01 9.694010019302368164e-01
1.845804005861282349e-01 9.651730656623840332e-01
1.855890452861785889e-01 9.729498028755187988e-01
1.865976750850677490e-01 9.499711394309997559e-01
1.876063048839569092e-01 9.469934105873107910e-01
1.886149495840072632e-01 9.404203295707702637e-01
1.896235793828964233e-01 9.414445757865905762e-01
1.906322240829467773e-01 9.095922708511352539e-01
1.916408538818359375e-01 9.461237788200378418e-01
1.926494985818862915e-01 9.185200333595275879e-01
1.936581283807754517e-01 9.266717433929443359e-01
1.946667581796646118e-01 9.056614637374877930e-01
1.956754028797149658e-01 9.324424862861633301e-01
1.966840326786041260e-01 9.387701749801635742e-01
1.976926773786544800e-01 9.062821269035339355e-01
1.987013071775436401e-01 9.178271293640136719e-01
1.997099518775939941e-01 9.287939071655273438e-01
2.007185816764831543e-01 8.766957521438598633e-01
2.017272114753723145e-01 8.920593261718750000e-01
2.027358561754226685e-01 8.953614234924316406e-01
2.037444859743118286e-01 8.837376236915588379e-01
2.047531306743621826e-01 8.754240274429321289e-01
2.057617604732513428e-01 8.617688417434692383e-01
2.067703902721405029e-01 8.685708642005920410e-01
2.077790349721908569e-01 8.925976753234863281e-01
2.087876647710800171e-01 8.941701650619506836e-01
2.097963094711303711e-01 8.639214038848876953e-01
2.108049392700195312e-01 8.602169156074523926e-01
2.118135839700698853e-01 8.585119843482971191e-01
2.128222137689590454e-01 8.606010675430297852e-01
2.138308435678482056e-01 8.513906002044677734e-01
2.148394882678985596e-01 8.415287733078002930e-01
2.158481180667877197e-01 8.364478349685668945e-01
2.168567627668380737e-01 8.337581753730773926e-01
2.178653925657272339e-01 8.207345008850097656e-01
2.188740372657775879e-01 8.095164299011230469e-01
2.198826670646667480e-01 8.429872989654541016e-01
2.208912968635559082e-01 8.205127120018005371e-01
2.218999415636062622e-01 7.707574963569641113e-01
2.229085713624954224e-01 8.157489895820617676e-01
2.239172160625457764e-01 8.314650058746337891e-01
2.249258458614349365e-01 8.208262920379638672e-01
2.259344756603240967e-01 8.270373940467834473e-01
2.269431203603744507e-01 8.245344161987304688e-01
2.279517501592636108e-01 8.192117810249328613e-01
2.289603948593139648e-01 8.155387639999389648e-01
2.299690246582031250e-01 8.196270465850830078e-01
2.309776693582534790e-01 7.878691554069519043e-01
2.319862991571426392e-01 8.072895407676696777e-01
2.329949289560317993e-01 7.920640110969543457e-01
2.340035736560821533e-01 8.226643204689025879e-01
2.350122034549713135e-01 8.206714987754821777e-01
2.360208481550216675e-01 7.778652906417846680e-01
2.370294779539108276e-01 7.910350561141967773e-01
2.380381226539611816e-01 7.802914381027221680e-01
2.390467524528503418e-01 7.855746746063232422e-01
2.400553822517395020e-01 8.031747937202453613e-01
2.410640269517898560e-01 7.809356451034545898e-01
2.420726567506790161e-01 8.068574070930480957e-01
2.430813014507293701e-01 9.052712917327880859e-01
2.440899312496185303e-01 7.620037794113159180e-01
2.450985759496688843e-01 7.772867679595947266e-01
2.461072057485580444e-01 7.702817320823669434e-01
2.471158355474472046e-01 7.648732066154479980e-01
2.481244802474975586e-01 7.659510970115661621e-01
2.491331100463867188e-01 7.740872502326965332e-01
2.501417398452758789e-01 7.595168948173522949e-01
2.511503994464874268e-01 7.767814993858337402e-01
2.521590292453765869e-01 7.481310963630676270e-01
2.531676590442657471e-01 7.714586853981018066e-01
2.541762888431549072e-01 7.761346697807312012e-01
2.551849186420440674e-01 7.697817087173461914e-01
2.561935782432556152e-01 7.447715401649475098e-01
2.572022080421447754e-01 7.534109950065612793e-01
2.582108378410339355e-01 7.552924752235412598e-01
2.592194676399230957e-01 7.562139630317687988e-01
2.602280974388122559e-01 7.537363171577453613e-01
2.612367570400238037e-01 7.365971207618713379e-01
2.622453868389129639e-01 7.590884566307067871e-01
2.632540166378021240e-01 7.615177631378173828e-01
2.642626464366912842e-01 7.470253705978393555e-01
2.652712762355804443e-01 7.314205765724182129e-01
2.662799358367919922e-01 7.516329884529113770e-01
2.672885656356811523e-01 7.275522351264953613e-01
2.682971954345703125e-01 7.266950607299804688e-01
2.693058252334594727e-01 7.418683767318725586e-01
2.703144848346710205e-01 7.395922541618347168e-01
2.713231146335601807e-01 7.600752711296081543e-01
2.723317444324493408e-01 7.350041270256042480e-01
2.733403742313385010e-01 7.469398379325866699e-01
2.743490040302276611e-01 7.470580935478210449e-01
2.753576636314392090e-01 7.479643821716308594e-01
2.763662934303283691e-01 7.289492487907409668e-01
2.773749232292175293e-01 7.635215520858764648e-01
2.783835530281066895e-01 7.279345989227294922e-01
2.793921828269958496e-01 7.324479818344116211e-01
2.804008424282073975e-01 7.440674304962158203e-01
2.814094722270965576e-01 7.446842193603515625e-01
2.824181020259857178e-01 7.208492755889892578e-01
2.834267318248748779e-01 7.203356623649597168e-01
2.844353616237640381e-01 7.290971279144287109e-01
2.854440212249755859e-01 7.397716045379638672e-01
2.864526510238647461e-01 7.244212627410888672e-01
2.874612808227539062e-01 7.155949473381042480e-01
2.884699106216430664e-01 7.010372877120971680e-01
2.894785702228546143e-01 7.027831673622131348e-01
2.904872000217437744e-01 7.282438278198242188e-01
2.914958298206329346e-01 7.252743244171142578e-01
2.925044596195220947e-01 7.194650769233703613e-01
2.935130894184112549e-01 7.304896116256713867e-01
2.945217490196228027e-01 7.225281596183776855e-01
2.955303788185119629e-01 7.264607548713684082e-01
2.965390086174011230e-01 7.244910001754760742e-01
2.975476384162902832e-01 7.188605070114135742e-01
2.985562682151794434e-01 7.421919703483581543e-01
2.995649278163909912e-01 7.231408357620239258e-01
3.005735576152801514e-01 7.168737649917602539e-01
3.015821874141693115e-01 7.413244843482971191e-01
3.025908172130584717e-01 7.397464513778686523e-01
3.035994470119476318e-01 7.177709937095642090e-01
3.046081066131591797e-01 7.384993433952331543e-01
3.056167364120483398e-01 7.228398919105529785e-01
3.066253662109375000e-01 7.095082998275756836e-01
3.076339960098266602e-01 7.215327620506286621e-01
3.086426556110382080e-01 7.090181112289428711e-01
3.096512854099273682e-01 7.095310091972351074e-01
3.106599152088165283e-01 7.179878354072570801e-01
3.116685450077056885e-01 7.033698558807373047e-01
3.126771748065948486e-01 7.031075954437255859e-01
3.136858344078063965e-01 7.230440974235534668e-01
3.146944642066955566e-01 7.390360832214355469e-01
3.157030940055847168e-01 7.098226547241210938e-01
3.167117238044738770e-01 7.233288288116455078e-01
3.177203536033630371e-01 6.992129683494567871e-01
3.187290132045745850e-01 7.236579060554504395e-01
3.197376430034637451e-01 7.088587284088134766e-01
3.207462728023529053e-01 7.186371684074401855e-01
3.217549026012420654e-01 6.920415759086608887e-01
3.227635622024536133e-01 6.934812664985656738e-01
3.237721920013427734e-01 6.852595210075378418e-01
3.247808218002319336e-01 7.015577554702758789e-01
3.257894515991210938e-01 7.172492146492004395e-01
3.267980813980102539e-01 7.063458561897277832e-01
3.278067409992218018e-01 7.103663086891174316e-01
3.288153707981109619e-01 7.086793184280395508e-01
3.298240005970001221e-01 6.958743929862976074e-01
3.308326303958892822e-01 6.947160363197326660e-01
3.318412601947784424e-01 6.987984776496887207e-01
3.328499197959899902e-01 7.012042403221130371e-01
3.338585495948791504e-01 6.982087492942810059e-01
3.348671793937683105e-01 6.971176862716674805e-01
3.358758091926574707e-01 7.087206840515136719e-01
3.368844389915466309e-01 7.005513310432434082e-01
3.378930985927581787e-01 7.056624293327331543e-01
3.389017283916473389e-01 7.077970504760742188e-01
3.399103581905364990e-01 6.861101388931274414e-01
3.409189879894256592e-01 6.993833184242248535e-01
3.419276475906372070e-01 6.886726617813110352e-01
3.429362773895263672e-01 7.004972100257873535e-01
3.439449071884155273e-01 7.011241912841796875e-01
3.449535369873046875e-01 6.951212882995605469e-01
3.459621667861938477e-01 7.171113491058349609e-01
3.469708263874053955e-01 7.034942507743835449e-01
3.479794561862945557e-01 6.929187178611755371e-01
3.489880859851837158e-01 7.046675682067871094e-01
3.499967157840728760e-01 7.066028714179992676e-01
3.510053455829620361e-01 7.086338400840759277e-01
3.520140051841735840e-01 6.988843083381652832e-01
3.530226349830627441e-01 6.949459314346313477e-01
3.540312647819519043e-01 7.035967111587524414e-01
3.550398945808410645e-01 6.932250261306762695e-01
3.560485243797302246e-01 7.267873883247375488e-01
3.570571839809417725e-01 7.204625606536865234e-01
3.580658137798309326e-01 6.930588483810424805e-01
3.590744435787200928e-01 6.823054552078247070e-01
3.600830733776092529e-01 6.892197728157043457e-01
3.610917329788208008e-01 7.128596901893615723e-01
3.621003627777099609e-01 7.089557647705078125e-01
3.631089925765991211e-01 7.083005905151367188e-01
3.641176223754882812e-01 7.216197848320007324e-01
3.651262521743774414e-01 7.185467481613159180e-01
3.661349117755889893e-01 7.163199782371520996e-01
3.671435415744781494e-01 7.113090157508850098e-01
3.681521713733673096e-01 7.021307349205017090e-01
3.691608011722564697e-01 6.904522776603698730e-01
3.701694309711456299e-01 6.940687298774719238e-01
3.711780905723571777e-01 6.950641274452209473e-01
3.721867203712463379e-01 6.973313689231872559e-01
3.731953501701354980e-01 7.071278691291809082e-01
3.742039799690246582e-01 7.012079358100891113e-01
3.752126097679138184e-01 6.924244165420532227e-01
3.762212693691253662e-01 6.956339478492736816e-01
3.772298991680145264e-01 7.040068507194519043e-01
3.782385289669036865e-01 6.944704055786132812e-01
3.792471587657928467e-01 6.930780410766601562e-01
3.802558183670043945e-01 7.056723237037658691e-01
3.812644481658935547e-01 7.002088427543640137e-01
3.822730779647827148e-01 7.065137624740600586e-01
3.832817077636718750e-01 7.007070183753967285e-01
3.842903375625610352e-01 6.886631846427917480e-01
3.852989971637725830e-01 6.962352991104125977e-01
3.863076269626617432e-01 7.018802762031555176e-01
3.873162567615509033e-01 6.978763937950134277e-01
3.883248865604400635e-01 6.879976391792297363e-01
3.893335163593292236e-01 6.995587348937988281e-01
3.903421759605407715e-01 6.836624741554260254e-01
3.913508057594299316e-01 6.930921673774719238e-01
3.923594355583190918e-01 6.859647035598754883e-01
3.933680653572082520e-01 7.026606798171997070e-01
3.943766951560974121e-01 6.959789991378784180e-01
3.953853547573089600e-01 6.997260451316833496e-01
3.963939845561981201e-01 7.140125036239624023e-01
3.974026143550872803e-01 6.870139837265014648e-01
3.984112441539764404e-01 7.056737542152404785e-01
3.994199037551879883e-01 6.885659694671630859e-01
4.004285335540771484e-01 6.918978691101074219e-01
4.014371633529663086e-01 6.959552168846130371e-01
4.024457931518554688e-01 7.079774737358093262e-01
4.034544229507446289e-01 7.152221798896789551e-01
4.044630825519561768e-01 7.006685733795166016e-01
4.054717123508453369e-01 6.935518980026245117e-01
4.064803421497344971e-01 7.032499909400939941e-01
4.074889719486236572e-01 7.011774778366088867e-01
4.084976017475128174e-01 7.025364637374877930e-01
4.095062613487243652e-01 7.161736488342285156e-01
4.105148911476135254e-01 6.872128844261169434e-01
4.115235209465026855e-01 6.912943124771118164e-01
4.125321507453918457e-01 6.937975883483886719e-01
4.135407805442810059e-01 7.202559709548950195e-01
4.145494401454925537e-01 7.037552595138549805e-01
4.155580699443817139e-01 7.007774114608764648e-01
4.165666997432708740e-01 6.981506347656250000e-01
4.175753295421600342e-01 6.995752453804016113e-01
4.185839891433715820e-01 6.958308815956115723e-01
4.195926189422607422e-01 7.017536163330078125e-01
4.206012487411499023e-01 6.893008351325988770e-01
4.216098785400390625e-01 7.086603641510009766e-01
4.226185083389282227e-01 7.038708329200744629e-01
4.236271679401397705e-01 6.877052783966064453e-01
4.246357977390289307e-01 6.896831393241882324e-01
4.256444275379180908e-01 6.879879236221313477e-01
4.266530573368072510e-01 6.959248781204223633e-01
4.276616871356964111e-01 6.933317184448242188e-01
4.286703467369079590e-01 6.869789958000183105e-01
4.296789765357971191e-01 6.916069388389587402e-01
4.306876063346862793e-01 6.867241859436035156e-01
4.316962361335754395e-01 6.993905305862426758e-01
4.327048659324645996e-01 6.895063519477844238e-01
4.337135255336761475e-01 6.967942118644714355e-01
4.347221553325653076e-01 6.852450370788574219e-01
4.357307851314544678e-01 7.147240042686462402e-01
4.367394149303436279e-01 7.061271071434020996e-01
4.377480745315551758e-01 6.979988217353820801e-01
4.387567043304443359e-01 6.989272832870483398e-01
4.397653341293334961e-01 6.992667317390441895e-01
4.407739639282226562e-01 6.947137117385864258e-01
4.417825937271118164e-01 6.909654736518859863e-01
4.427912533283233643e-01 6.886860132217407227e-01
4.437998831272125244e-01 7.010878324508666992e-01
4.448085129261016846e-01 7.088678479194641113e-01
4.458171427249908447e-01 6.949403882026672363e-01
4.468257725238800049e-01 6.783868074417114258e-01
4.478344321250915527e-01 6.963733434677124023e-01
4.488430619239807129e-01 6.969421505928039551e-01
4.498516917228698730e-01 7.034764885902404785e-01
4.508603215217590332e-01 6.931266188621520996e-01
4.518689513206481934e-01 6.929258704185485840e-01
4.528776109218597412e-01 7.122480869293212891e-01
4.538862407207489014e-01 7.008892297744750977e-01
4.548948705196380615e-01 7.039573788642883301e-01
4.559035003185272217e-01 7.017977833747863770e-01
4.569121599197387695e-01 6.941422820091247559e-01
4.579207897186279297e-01 6.788604259490966797e-01
4.589294195175170898e-01 6.966482400894165039e-01
4.599380493164062500e-01 6.986962556838989258e-01
4.609466791152954102e-01 7.070364952087402344e-01
4.619553387165069580e-01 6.942285895347595215e-01
4.629639685153961182e-01 6.901612281799316406e-01
4.639725983142852783e-01 6.942180991172790527e-01
4.649812281131744385e-01 6.768529415130615234e-01
4.659898579120635986e-01 7.033863067626953125e-01
4.669985175132751465e-01 7.006450295448303223e-01
4.680071473121643066e-01 6.778376698493957520e-01
4.690157771110534668e-01 6.876325011253356934e-01
4.700244069099426270e-01 6.931380033493041992e-01
4.710330665111541748e-01 7.104660272598266602e-01
4.720416963100433350e-01 7.158161997795104980e-01
4.730503261089324951e-01 6.967234611511230469e-01
4.740589559078216553e-01 7.016038298606872559e-01
4.750675857067108154e-01 6.914416551589965820e-01
4.760762453079223633e-01 6.868585348129272461e-01
4.770848751068115234e-01 6.981160044670104980e-01
4.780935049057006836e-01 6.871312260627746582e-01
4.791021347045898438e-01 7.047929763793945312e-01
4.801107645034790039e-01 7.027829289436340332e-01
4.811194241046905518e-01 7.030257582664489746e-01
4.821280539035797119e-01 6.946976184844970703e-01
4.831366837024688721e-01 6.973188519477844238e-01
4.841453135013580322e-01 7.065396904945373535e-01
4.851539433002471924e-01 6.938957571983337402e-01
4.861626029014587402e-01 6.851227283477783203e-01
4.871712327003479004e-01 7.015547752380371094e-01
4.881798624992370605e-01 6.877072453498840332e-01
4.891884922981262207e-01 6.929430961608886719e-01
4.901971518993377686e-01 7.022497653961181641e-01
4.912057816982269287e-01 6.985519528388977051e-01
4.922144114971160889e-01 6.787620782852172852e-01
4.932230412960052490e-01 6.929314732551574707e-01
4.942316710948944092e-01 6.846395134925842285e-01
4.952403306961059570e-01 6.840183734893798828e-01
4.962489604949951172e-01 6.956661343574523926e-01
4.972575902938842773e-01 6.912750005722045898e-01
4.982662200927734375e-01 7.055185437202453613e-01
4.992748498916625977e-01 6.652602553367614746e-01
5.002834796905517578e-01 6.870076060295104980e-01
5.012921094894409180e-01 7.055156826972961426e-01
5.023007988929748535e-01 6.882987022399902344e-01
5.033094286918640137e-01 7.004824280738830566e-01
5.043180584907531738e-01 7.479335665702819824e-01
5.053266882896423340e-01 7.208418846130371094e-01
5.063353180885314941e-01 6.918281912803649902e-01
5.073439478874206543e-01 6.992167830467224121e-01
5.083525776863098145e-01 7.106366157531738281e-01
5.093612074851989746e-01 6.810799837112426758e-01
5.103698372840881348e-01 6.823200583457946777e-01
5.113784670829772949e-01 6.874862313270568848e-01
5.123871564865112305e-01 6.929953694343566895e-01
5.133957862854003906e-01 6.857639551162719727e-01
5.144044160842895508e-01 6.879361271858215332e-01
5.154130458831787109e-01 6.759366989135742188e-01
5.164216756820678711e-01 6.944572329521179199e-01
5.174303054809570312e-01 6.830853223800659180e-01
5.184389352798461914e-01 6.860700249671936035e-01
5.194475650787353516e-01 6.781581044197082520e-01
5.204561948776245117e-01 6.596239805221557617e-01
5.214648842811584473e-01 6.724854707717895508e-01
5.224735140800476074e-01 6.823067069053649902e-01
5.234821438789367676e-01 6.730265617370605469e-01
5.244907736778259277e-01 6.758977770805358887e-01
5.254994034767150879e-01 6.876499652862548828e-01
5.265080332756042480e-01 6.756818890571594238e-01
5.275166630744934082e-01 6.844633817672729492e-01
5.285252928733825684e-01 6.810364723205566406e-01
5.295339226722717285e-01 6.947603821754455566e-01
5.305425524711608887e-01 6.897436976432800293e-01
5.315512418746948242e-01 6.746340394020080566e-01
5.325598716735839844e-01 6.840037107467651367e-01
5.335685014724731445e-01 6.773975491523742676e-01
5.345771312713623047e-01 6.894108057022094727e-01
5.355857610702514648e-01 6.764597296714782715e-01
5.365943908691406250e-01 6.794859766960144043e-01
5.376030206680297852e-01 6.842144727706909180e-01
5.386116504669189453e-01 6.855681538581848145e-01
5.396202802658081055e-01 6.791411042213439941e-01
5.406289696693420410e-01 6.694272756576538086e-01
5.416375994682312012e-01 6.850340366363525391e-01
5.426462292671203613e-01 6.846643686294555664e-01
5.436548590660095215e-01 6.717957258224487305e-01
5.446634888648986816e-01 6.713253259658813477e-01
5.456721186637878418e-01 6.649673581123352051e-01
5.466807484626770020e-01 6.672745347023010254e-01
5.476893782615661621e-01 6.743650436401367188e-01
5.486980080604553223e-01 6.794032454490661621e-01
5.497066378593444824e-01 6.859191656112670898e-01
5.507153272628784180e-01 6.836653351783752441e-01
5.517239570617675781e-01 6.798594594001770020e-01
5.527325868606567383e-01 6.882916092872619629e-01
5.537412166595458984e-01 6.878253817558288574e-01
5.547498464584350586e-01 6.960583925247192383e-01
5.557584762573242188e-01 6.867023110389709473e-01
5.567671060562133789e-01 7.001361846923828125e-01
5.577757358551025391e-01 6.999462842941284180e-01
5.587843656539916992e-01 6.988972425460815430e-01
5.597930550575256348e-01 6.939110755920410156e-01
5.608016848564147949e-01 6.898554563522338867e-01
5.618103146553039551e-01 7.012295722961425781e-01
5.628189444541931152e-01 6.834983229637145996e-01
5.638275742530822754e-01 6.926866769790649414e-01
5.648362040519714355e-01 6.960605978965759277e-01
5.658448338508605957e-01 6.955941915512084961e-01
5.668534636497497559e-01 6.960281133651733398e-01
5.678620934486389160e-01 6.872503161430358887e-01
5.688707232475280762e-01 6.934880018234252930e-01
5.698794126510620117e-01 7.017729878425598145e-01
5.708880424499511719e-01 7.064556479454040527e-01
5.718966722488403320e-01 7.048038840293884277e-01
5.729053020477294922e-01 7.025189995765686035e-01
5.739139318466186523e-01 7.005806565284729004e-01
5.749225616455078125e-01 6.878225207328796387e-01
5.759311914443969727e-01 6.808913350105285645e-01
5.769398212432861328e-01 6.893203258514404297e-01
5.779484510421752930e-01 6.875436305999755859e-01
5.789571404457092285e-01 6.825355291366577148e-01
5.799657702445983887e-01 6.951137781143188477e-01
5.809744000434875488e-01 6.852014660835266113e-01
5.819830298423767090e-01 6.686727404594421387e-01
5.829916596412658691e-01 6.707630753517150879e-01
5.840002894401550293e-01 7.055721879005432129e-01
5.850089192390441895e-01 6.863565444946289062e-01
5.860175490379333496e-01 6.870000958442687988e-01
5.870261788368225098e-01 6.849931478500366211e-01
5.880348086357116699e-01 7.086045145988464355e-01
5.890434980392456055e-01 7.030287981033325195e-01
5.900521278381347656e-01 7.018790841102600098e-01
5.910607576370239258e-01 7.007594108581542969e-01
5.920693874359130859e-01 6.967389583587646484e-01
5.930780172348022461e-01 7.193639278411865234e-01
5.940866470336914062e-01 7.062253355979919434e-01
5.950952768325805664e-01 7.081614136695861816e-01
5.961039066314697266e-01 6.946056485176086426e-01
5.971125364303588867e-01 7.010622024536132812e-01
5.981212258338928223e-01 6.958351731300354004e-01
5.991298556327819824e-01 7.242079973220825195e-01
6.001384854316711426e-01 6.886129975318908691e-01
6.011471152305603027e-01 7.027739286422729492e-01
6.021557450294494629e-01 6.915560364723205566e-01
6.031643748283386230e-01 6.940937638282775879e-01
6.041730046272277832e-01 7.132455706596374512e-01
6.051816344261169434e-01 7.088736891746520996e-01
6.061902642250061035e-01 7.046559453010559082e-01
6.071988940238952637e-01 7.048008441925048828e-01
6.082075834274291992e-01 7.125167846679687500e-01
6.092162132263183594e-01 6.999941468238830566e-01
6.102248430252075195e-01 6.945299506187438965e-01
6.112334728240966797e-01 7.013412714004516602e-01
6.122421026229858398e-01 6.890221834182739258e-01
6.132507324218750000e-01 7.011715173721313477e-01
6.142593622207641602e-01 7.073401212692260742e-01
6.152679920196533203e-01 7.020137310028076172e-01
6.162766218185424805e-01 6.957241892814636230e-01
6.172853112220764160e-01 7.071810960769653320e-01
6.182939410209655762e-01 7.090598940849304199e-01
6.193025708198547363e-01 7.037179470062255859e-01
6.203112006187438965e-01 7.122293710708618164e-01
6.213198304176330566e-01 6.908457279205322266e-01
6.223284602165222168e-01 7.038074135780334473e-01
6.233370900154113770e-01 7.029595971107482910e-01
6.243457198143005371e-01 6.952335238456726074e-01
6.253543496131896973e-01 6.990762352943420410e-01
6.263629794120788574e-01 6.986060142517089844e-01
6.273716688156127930e-01 6.959352493286132812e-01
6.283802986145019531e-01 6.965299844741821289e-01
6.293889284133911133e-01 7.166560888290405273e-01
6.303975582122802734e-01 6.973692178726196289e-01
6.314061880111694336e-01 6.897900700569152832e-01
6.324148178100585938e-01 6.896791458129882812e-01
6.334234476089477539e-01 7.053916454315185547e-01
6.344320774078369141e-01 7.047352194786071777e-01
6.354407072067260742e-01 7.153153419494628906e-01
6.364493966102600098e-01 7.091992497444152832e-01
6.374580264091491699e-01 6.992847919464111328e-01
6.384666562080383301e-01 7.072761654853820801e-01
6.394752860069274902e-01 6.889809966087341309e-01
6.404839158058166504e-01 7.008403539657592773e-01
6.414925456047058105e-01 6.946668028831481934e-01
6.425011754035949707e-01 6.863787770271301270e-01
6.435098052024841309e-01 6.964060664176940918e-01
6.445184350013732910e-01 7.075345516204833984e-01
6.455271244049072266e-01 7.079086899757385254e-01
6.465357542037963867e-01 6.980677843093872070e-01
6.475443840026855469e-01 6.927879452705383301e-01
6.485530138015747070e-01 6.928079724311828613e-01
6.495616436004638672e-01 7.151163220405578613e-01
6.505702733993530273e-01 7.169454097747802734e-01
6.515789031982421875e-01 7.076448202133178711e-01
6.525875329971313477e-01 6.982221007347106934e-01
6.535961627960205078e-01 6.903671026229858398e-01
6.546047925949096680e-01 6.988389492034912109e-01
6.556134819984436035e-01 7.066257596015930176e-01
6.566221117973327637e-01 7.074956297874450684e-01
6.576307415962219238e-01 6.911990642547607422e-01
6.586393713951110840e-01 7.102295160293579102e-01
6.596480011940002441e-01 7.034546136856079102e-01
6.606566309928894043e-01 7.124618887901306152e-01
6.616652607917785645e-01 6.918014287948608398e-01
6.626738905906677246e-01 6.919203400611877441e-01
6.636825203895568848e-01 6.907690763473510742e-01
6.646912097930908203e-01 6.837674975395202637e-01
6.656998395919799805e-01 6.972209811210632324e-01
6.667084693908691406e-01 6.943666338920593262e-01
6.677170991897583008e-01 6.840376853942871094e-01
6.687257289886474609e-01 6.938842535018920898e-01
6.697343587875366211e-01 6.648608446121215820e-01
6.707429885864257812e-01 6.877982020378112793e-01
6.717516183853149414e-01 7.024822831153869629e-01
6.727602481842041016e-01 6.898292303085327148e-01
6.737688779830932617e-01 6.921661496162414551e-01
6.747775673866271973e-01 6.894847154617309570e-01
6.757861971855163574e-01 6.965299844741821289e-01
6.767948269844055176e-01 7.060391902923583984e-01
6.778034567832946777e-01 6.866010427474975586e-01
6.788120865821838379e-01 7.082015275955200195e-01
6.798207163810729980e-01 7.051355838775634766e-01
6.808293461799621582e-01 6.941180825233459473e-01
6.818379759788513184e-01 7.091246843338012695e-01
6.828466057777404785e-01 6.856566071510314941e-01
6.838552951812744141e-01 7.071978449821472168e-01
6.848639249801635742e-01 7.045819759368896484e-01
6.858725547790527344e-01 7.019089460372924805e-01
6.868811845779418945e-01 6.986361742019653320e-01
6.878898143768310547e-01 6.955029964447021484e-01
6.888984441757202148e-01 6.958744525909423828e-01
6.899070739746093750e-01 6.915352344512939453e-01
6.909157037734985352e-01 6.922445297241210938e-01
6.919243335723876953e-01 6.941592097282409668e-01
6.929329633712768555e-01 6.984771490097045898e-01
6.939416527748107910e-01 6.961318850517272949e-01
6.949502825736999512e-01 6.937901973724365234e-01
6.959589123725891113e-01 6.896314620971679688e-01
6.969675421714782715e-01 6.923853158950805664e-01
6.979761719703674316e-01 6.863883137702941895e-01
6.989848017692565918e-01 6.884772181510925293e-01
6.999934315681457520e-01 6.957021951675415039e-01
7.010020613670349121e-01 6.905622482299804688e-01
7.020106911659240723e-01 7.117439508438110352e-01
7.030193805694580078e-01 6.932458281517028809e-01
7.040280103683471680e-01 7.016766071319580078e-01
7.050366401672363281e-01 6.948407292366027832e-01
7.060452699661254883e-01 6.948617100715637207e-01
7.070538997650146484e-01 6.967921853065490723e-01
7.080625295639038086e-01 7.031843662261962891e-01
7.090711593627929688e-01 6.799709796905517578e-01
7.100797891616821289e-01 6.825136542320251465e-01
7.110884189605712891e-01 7.077358961105346680e-01
7.120970487594604492e-01 6.886838078498840332e-01
7.131057381629943848e-01 7.081896066665649414e-01
7.141143679618835449e-01 6.955938935279846191e-01
7.151229977607727051e-01 6.903671622276306152e-01
7.161316275596618652e-01 6.907020807266235352e-01
7.171402573585510254e-01 6.994591951370239258e-01
7.181488871574401855e-01 7.125293016433715820e-01
7.191575169563293457e-01 6.885059475898742676e-01
7.201661467552185059e-01 6.989069581031799316e-01
7.211747765541076660e-01 6.985186338424682617e-01
7.221834659576416016e-01 6.920467615127563477e-01
7.231920957565307617e-01 7.111653685569763184e-01
7.242007255554199219e-01 7.132223248481750488e-01
7.252093553543090820e-01 7.103334665298461914e-01
7.262179851531982422e-01 6.992391347885131836e-01
7.272266149520874023e-01 6.998862028121948242e-01
7.282352447509765625e-01 6.944289803504943848e-01
7.292438745498657227e-01 7.040047049522399902e-01
7.302525043487548828e-01 7.025341391563415527e-01
7.312611341476440430e-01 7.221505641937255859e-01
7.322698235511779785e-01 6.958872675895690918e-01
7.332784533500671387e-01 7.062784433364868164e-01
7.342870831489562988e-01 6.828881502151489258e-01
7.352957129478454590e-01 6.932280659675598145e-01
7.363043427467346191e-01 7.047246098518371582e-01
7.373129725456237793e-01 7.128658294677734375e-01
7.383216023445129395e-01 6.963283419609069824e-01
7.393302321434020996e-01 6.893609762191772461e-01
7.403388619422912598e-01 6.797419190406799316e-01
7.413475513458251953e-01 6.906801462173461914e-01
7.423561811447143555e-01 6.977155804634094238e-01
7.433648109436035156e-01 6.992418169975280762e-01
7.443734407424926758e-01 7.110570073127746582e-01
7.453820705413818359e-01 7.008293867111206055e-01
7.463907003402709961e-01 6.832019090652465820e-01
7.473993301391601562e-01 6.865767836570739746e-01
7.484079599380493164e-01 7.170814275741577148e-01
7.494165897369384766e-01 6.903109550476074219e-01
7.504252195358276367e-01 7.123282551765441895e-01
7.514339089393615723e-01 7.131322026252746582e-01
7.524425387382507324e-01 7.372133135795593262e-01
7.534511685371398926e-01 7.333942651748657227e-01
7.544597983360290527e-01 6.978676915168762207e-01
7.554684281349182129e-01 6.871411204338073730e-01
7.564770579338073730e-01 6.958006024360656738e-01
7.574856877326965332e-01 6.952534914016723633e-01
7.584943175315856934e-01 6.865602731704711914e-01
7.595029473304748535e-01 6.953621506690979004e-01
7.605116367340087891e-01 6.821694374084472656e-01
7.615202665328979492e-01 6.859037876129150391e-01
7.625288963317871094e-01 6.986125707626342773e-01
7.635375261306762695e-01 6.859455704689025879e-01
7.645461559295654297e-01 6.945589184761047363e-01
7.655547857284545898e-01 7.056407928466796875e-01
7.665634155273437500e-01 7.202018499374389648e-01
7.675720453262329102e-01 7.065308094024658203e-01
7.685806751251220703e-01 6.800264120101928711e-01
7.695893049240112305e-01 6.939417719841003418e-01
7.705979943275451660e-01 7.044661641120910645e-01
7.716066241264343262e-01 7.011112570762634277e-01
7.726152539253234863e-01 6.778264641761779785e-01
7.736238837242126465e-01 6.960593461990356445e-01
7.746325135231018066e-01 6.986560225486755371e-01
7.756411433219909668e-01 7.103942036628723145e-01
7.766497731208801270e-01 7.062844038009643555e-01
7.776584029197692871e-01 7.118340134620666504e-01
7.786670327186584473e-01 7.009334564208984375e-01
7.796757221221923828e-01 7.038899064064025879e-01
7.806843519210815430e-01 7.031503319740295410e-01
7.816929817199707031e-01 6.800880432128906250e-01
7.827016115188598633e-01 6.986934542655944824e-01
7.837102413177490234e-01 6.974400281906127930e-01
7.847188711166381836e-01 6.853001713752746582e-01
7.857275009155273438e-01 6.793475151062011719e-01
7.867361307144165039e-01 7.065343856811523438e-01
7.877447605133056641e-01 6.970062851905822754e-01
7.887533903121948242e-01 6.944319605827331543e-01
7.897620797157287598e-01 7.038791775703430176e-01
7.907707095146179199e-01 6.974322795867919922e-01
7.917793393135070801e-01 6.916650533676147461e-01
7.927879691123962402e-01 7.018041014671325684e-01
7.937965989112854004e-01 6.900278329849243164e-01
7.948052287101745605e-01 7.035816311836242676e-01
7.958138585090637207e-01 7.079833745956420898e-01
7.968224883079528809e-01 6.854517459869384766e-01
7.978311181068420410e-01 6.941376328468322754e-01
7.988398075103759766e-01 6.997535824775695801e-01
7.998484373092651367e-01 6.780882477760314941e-01
8.008570671081542969e-01 6.894837617874145508e-01
8.018656969070434570e-01 6.963424682617187500e-01
8.028743267059326172e-01 7.051448822021484375e-01
8.038829565048217773e-01 6.842624545097351074e-01
8.048915863037109375e-01 6.971205472946166992e-01
8.059002161026000977e-01 6.918085217475891113e-01
8.069088459014892578e-01 7.050064802169799805e-01
8.079174757003784180e-01 7.082440257072448730e-01
8.089261651039123535e-01 6.995327472686767578e-01
8.099347949028015137e-01 7.094600796699523926e-01
8.109434247016906738e-01 7.008969187736511230e-01
8.119520545005798340e-01 7.036159038543701172e-01
8.129606842994689941e-01 6.989945769309997559e-01
8.139693140983581543e-01 6.917659044265747070e-01
8.149779438972473145e-01 6.989691853523254395e-01
8.159865736961364746e-01 7.147664427757263184e-01
8.169952034950256348e-01 6.930644512176513672e-01
8.180038928985595703e-01 6.983533501625061035e-01
8.190125226974487305e-01 7.127658724784851074e-01
8.200211524963378906e-01 6.979118585586547852e-01
8.210297822952270508e-01 6.972017288208007812e-01
8.220384120941162109e-01 7.152694463729858398e-01
8.230470418930053711e-01 6.941884756088256836e-01
8.240556716918945312e-01 6.855886578559875488e-01
8.250643014907836914e-01 6.991896629333496094e-01
8.260729312896728516e-01 6.888151764869689941e-01
8.270815610885620117e-01 7.061483263969421387e-01
8.280902504920959473e-01 7.064561247825622559e-01
8.290988802909851074e-01 7.027282118797302246e-01
8.301075100898742676e-01 7.024945616722106934e-01
8.311161398887634277e-01 7.073845863342285156e-01
8.321247696876525879e-01 7.142646312713623047e-01
8.331333994865417480e-01 6.976447701454162598e-01
8.341420292854309082e-01 7.190485000610351562e-01
8.351506590843200684e-01 7.014620900154113770e-01
8.361592888832092285e-01 6.864162683486938477e-01
8.371679782867431641e-01 7.174458503723144531e-01
8.381766080856323242e-01 7.163321375846862793e-01
8.391852378845214844e-01 7.104436159133911133e-01
8.401938676834106445e-01 7.115375995635986328e-01
8.412024974822998047e-01 7.064378857612609863e-01
8.422111272811889648e-01 6.897662281990051270e-01
8.432197570800781250e-01 7.028310298919677734e-01
8.442283868789672852e-01 7.350156903266906738e-01
8.452370166778564453e-01 7.195936441421508789e-01
8.462456464767456055e-01 7.042033076286315918e-01
8.472543358802795410e-01 7.205942869186401367e-01
8.482629656791687012e-01 7.136423587799072266e-01
8.492715954780578613e-01 7.015282511711120605e-01
8.502802252769470215e-01 7.104420661926269531e-01
8.512888550758361816e-01 7.050290703773498535e-01
8.522974848747253418e-01 6.956044435501098633e-01
8.533061146736145020e-01 7.105312347412109375e-01
8.543147444725036621e-01 6.983841061592102051e-01
8.553233742713928223e-01 6.966409087181091309e-01
8.563320636749267578e-01 6.925652027130126953e-01
8.573406934738159180e-01 7.060000300407409668e-01
8.583493232727050781e-01 7.056276798248291016e-01
8.593579530715942383e-01 7.136212587356567383e-01
8.603665828704833984e-01 7.116842269897460938e-01
8.613752126693725586e-01 7.151467800140380859e-01
8.623838424682617188e-01 7.204834818840026855e-01
8.633924722671508789e-01 7.124942541122436523e-01
8.644011020660400391e-01 7.088327407836914062e-01
8.654097318649291992e-01 7.049112319946289062e-01
8.664184212684631348e-01 7.097153067588806152e-01
8.674270510673522949e-01 7.017098069190979004e-01
8.684356808662414551e-01 7.129175662994384766e-01
8.694443106651306152e-01 7.301847338676452637e-01
8.704529404640197754e-01 7.158546447753906250e-01
8.714615702629089355e-01 7.301764488220214844e-01
8.724702000617980957e-01 7.200556397438049316e-01
8.734788298606872559e-01 7.151189446449279785e-01
8.744874596595764160e-01 7.204732298851013184e-01
8.754961490631103516e-01 7.088557481765747070e-01
8.765047788619995117e-01 6.972568631172180176e-01
8.775134086608886719e-01 7.208998799324035645e-01
8.785220384597778320e-01 7.258692979812622070e-01
8.795306682586669922e-01 7.492550015449523926e-01
8.805392980575561523e-01 7.257184982299804688e-01
8.815479278564453125e-01 7.236554026603698730e-01
8.825565576553344727e-01 7.194606065750122070e-01
8.835651874542236328e-01 7.271209955215454102e-01
8.845738172531127930e-01 7.304353117942810059e-01
8.855825066566467285e-01 7.109653949737548828e-01
8.865911364555358887e-01 7.216288447380065918e-01
8.875997662544250488e-01 7.320252060890197754e-01
8.886083960533142090e-01 7.266204357147216797e-01
8.896170258522033691e-01 7.409192919731140137e-01
8.906256556510925293e-01 7.402635216712951660e-01
8.916342854499816895e-01 7.471627593040466309e-01
8.926429152488708496e-01 7.538155317306518555e-01
8.936515450477600098e-01 7.414305806159973145e-01
8.946602344512939453e-01 7.566624283790588379e-01
8.956688642501831055e-01 7.681449055671691895e-01
8.966774940490722656e-01 7.362420558929443359e-01
8.976861238479614258e-01 7.530642151832580566e-01
8.986947536468505859e-01 7.391819357872009277e-01
8.997033834457397461e-01 7.519060373306274414e-01
9.007120132446289062e-01 7.503404021263122559e-01
9.017206430435180664e-01 7.697369456291198730e-01
9.027292728424072266e-01 7.875854372978210449e-01
9.037379026412963867e-01 7.610525488853454590e-01
9.047465920448303223e-01 7.496998310089111328e-01
9.057552218437194824e-01 7.401433587074279785e-01
9.067638516426086426e-01 7.451071739196777344e-01
9.077724814414978027e-01 7.429307103157043457e-01
9.087811112403869629e-01 7.624779343605041504e-01
9.097897410392761230e-01 7.658953666687011719e-01
9.107983708381652832e-01 7.549988031387329102e-01
9.118070006370544434e-01 7.537750601768493652e-01
9.128156304359436035e-01 7.852572202682495117e-01
9.138243198394775391e-01 7.649081349372863770e-01
9.148329496383666992e-01 7.578264474868774414e-01
9.158415794372558594e-01 7.620115280151367188e-01
9.168502092361450195e-01 7.600665092468261719e-01
9.178588390350341797e-01 7.576668262481689453e-01
9.188674688339233398e-01 7.712498903274536133e-01
9.198760986328125000e-01 7.829959392547607422e-01
9.208847284317016602e-01 7.791188359260559082e-01
9.218933582305908203e-01 7.574483156204223633e-01
9.229020476341247559e-01 7.832379937171936035e-01
9.239106774330139160e-01 7.738748192787170410e-01
9.249193072319030762e-01 7.619282007217407227e-01
9.259279370307922363e-01 7.891553640365600586e-01
9.269365668296813965e-01 7.961000204086303711e-01
9.279451966285705566e-01 7.819491624832153320e-01
9.289538264274597168e-01 7.843254804611206055e-01
9.299624562263488770e-01 7.885119318962097168e-01
9.309710860252380371e-01 7.746651768684387207e-01
9.319797158241271973e-01 7.827944159507751465e-01
9.329884052276611328e-01 7.922641038894653320e-01
9.339970350265502930e-01 7.949728369712829590e-01
9.350056648254394531e-01 7.793239355087280273e-01
9.360142946243286133e-01 8.101360797882080078e-01
9.370229244232177734e-01 8.057218194007873535e-01
9.380315542221069336e-01 7.895836234092712402e-01
9.390401840209960938e-01 8.020389676094055176e-01
9.400488138198852539e-01 8.092851638793945312e-01
9.410574436187744141e-01 8.149189949035644531e-01
9.420661330223083496e-01 7.958881855010986328e-01
9.430747628211975098e-01 8.059077262878417969e-01
9.440833926200866699e-01 7.965838909149169922e-01
9.450920224189758301e-01 7.841897606849670410e-01
9.461006522178649902e-01 7.732396721839904785e-01
9.471092820167541504e-01 8.034018874168395996e-01
9.481179118156433105e-01 8.002385497093200684e-01
9.491265416145324707e-01 7.869948744773864746e-01
9.501351714134216309e-01 8.162254691123962402e-01
9.511438012123107910e-01 7.618675827980041504e-01
9.521524906158447266e-01 8.133680820465087891e-01
9.531611204147338867e-01 8.010746240615844727e-01
9.541697502136230469e-01 8.142806291580200195e-01
9.551783800125122070e-01 8.024365305900573730e-01
9.561870098114013672e-01 8.171736001968383789e-01
9.571956396102905273e-01 8.173747658729553223e-01
9.582042694091796875e-01 8.091961741447448730e-01
9.592128992080688477e-01 8.193712830543518066e-01
9.602215290069580078e-01 8.130776286125183105e-01
9.612302184104919434e-01 7.964112162590026855e-01
9.622388482093811035e-01 8.061630725860595703e-01
9.632474780082702637e-01 8.019525408744812012e-01
9.642561078071594238e-01 8.031098246574401855e-01
9.652647376060485840e-01 8.192061781883239746e-01
9.662733674049377441e-01 8.164166212081909180e-01
9.672819972038269043e-01 8.069512844085693359e-01
9.682906270027160645e-01 8.061156272888183594e-01
9.692992568016052246e-01 7.716238498687744141e-01
9.703078866004943848e-01 8.034060597419738770e-01
9.713165760040283203e-01 8.190875053405761719e-01
9.723252058029174805e-01 8.028846979141235352e-01
9.733338356018066406e-01 8.315333127975463867e-01
9.743424654006958008e-01 8.327078223228454590e-01
9.753510951995849609e-01 8.400488495826721191e-01
9.763597249984741211e-01 8.443285226821899414e-01
9.773683547973632812e-01 8.128871917724609375e-01
9.783769845962524414e-01 8.150779604911804199e-01
9.793856143951416016e-01 8.097110986709594727e-01
9.803943037986755371e-01 7.728543281555175781e-01
9.814029335975646973e-01 8.241624832153320312e-01
9.824115633964538574e-01 8.664525747299194336e-01
9.834201931953430176e-01 8.546198606491088867e-01
9.844288229942321777e-01 8.561794161796569824e-01
9.854374527931213379e-01 8.299271464347839355e-01
9.864460825920104980e-01 8.149954676628112793e-01
9.874547123908996582e-01 8.212950825691223145e-01
9.884633421897888184e-01 8.234537243843078613e-01
9.894719719886779785e-01 8.195745348930358887e-01
9.904806613922119141e-01 8.212761878967285156e-01
9.914892911911010742e-01 8.224460482597351074e-01
9.924979209899902344e-01 8.443526625633239746e-01
9.935065507888793945e-01 8.351566195487976074e-01
9.945151805877685547e-01 8.851135969161987305e-01
9.955238103866577148e-01 8.250976800918579102e-01
9.965324401855468750e-01 8.396372795104980469e-01
9.975410699844360352e-01 8.511615395545959473e-01
9.985496997833251953e-01 7.997556924819946289e-01
9.995583891868591309e-01 8.209500908851623535e-01
1.000566959381103516e+00 8.396512269973754883e-01
1.001575589179992676e+00 8.415448665618896484e-01
1.002584218978881836e+00 8.526365160942077637e-01
1.003592848777770996e+00 8.554927706718444824e-01
1.004601597785949707e+00 8.520904183387756348e-01
1.005610227584838867e+00 8.705713152885437012e-01
1.006618857383728027e+00 8.206122517585754395e-01
1.007627487182617188e+00 8.380910754203796387e-01
1.008636116981506348e+00 8.403819799423217773e-01
1.009644746780395508e+00 8.351316452026367188e-01
1.010653376579284668e+00 8.177571892738342285e-01
1.011662006378173828e+00 8.394883275032043457e-01
1.012670636177062988e+00 8.779621124267578125e-01
1.013679265975952148e+00 8.523066043853759766e-01
1.014687895774841309e+00 8.502786755561828613e-01
1.015696525573730469e+00 7.832509875297546387e-01
1.016705155372619629e+00 8.003745675086975098e-01
1.017713785171508789e+00 8.696375489234924316e-01
1.018722414970397949e+00 8.529946804046630859e-01
1.019731044769287109e+00 8.312002420425415039e-01
1.020739674568176270e+00 8.313550353050231934e-01
1.021748304367065430e+00 8.367094397544860840e-01
1.022756934165954590e+00 8.104655742645263672e-01
1.023765683174133301e+00 8.453589677810668945e-01
1.024774312973022461e+00 8.638358712196350098e-01
1.025782942771911621e+00 8.407397270202636719e-01
1.026791572570800781e+00 8.674989938735961914e-01
1.027800202369689941e+00 8.103581666946411133e-01
1.028808832168579102e+00 8.135072588920593262e-01
1.029817461967468262e+00 8.059275150299072266e-01
1.030826091766357422e+00 8.350439071655273438e-01
1.031834721565246582e+00 8.097946047782897949e-01
1.032843351364135742e+00 8.408300280570983887e-01
1.033851981163024902e+00 8.338252305984497070e-01
1.034860610961914062e+00 8.234673142433166504e-01
1.035869240760803223e+00 8.434788584709167480e-01
1.036877870559692383e+00 8.382393121719360352e-01
1.037886500358581543e+00 8.365274667739868164e-01
1.038895130157470703e+00 8.247120976448059082e-01
1.039903759956359863e+00 8.671740889549255371e-01
1.040912389755249023e+00 7.969101071357727051e-01
1.041921019554138184e+00 8.346639275550842285e-01
1.042929768562316895e+00 8.438091278076171875e-01
1.043938398361206055e+00 7.990924119949340820e-01
1.044947028160095215e+00 7.909325361251831055e-01
1.045955657958984375e+00 7.983787655830383301e-01
1.046964287757873535e+00 8.054006099700927734e-01
1.047972917556762695e+00 8.389066457748413086e-01
1.048981547355651855e+00 8.279719352722167969e-01
1.049990177154541016e+00 7.935852408409118652e-01
1.050998806953430176e+00 7.889328002929687500e-01
1.052007436752319336e+00 8.026787042617797852e-01
1.053016066551208496e+00 8.585304021835327148e-01
1.054024696350097656e+00 8.137807250022888184e-01
1.055033326148986816e+00 7.932913899421691895e-01
1.056041955947875977e+00 7.655498981475830078e-01
1.057050585746765137e+00 7.775333523750305176e-01
1.058059215545654297e+00 8.046262264251708984e-01
1.059067845344543457e+00 8.314813971519470215e-01
1.060076475143432617e+00 8.063334822654724121e-01
1.061085104942321777e+00 7.742810845375061035e-01
1.062093853950500488e+00 8.365253210067749023e-01
1.063102483749389648e+00 8.281915783882141113e-01
1.064111113548278809e+00 7.813401818275451660e-01
1.065119743347167969e+00 8.144803643226623535e-01
1.066128373146057129e+00 8.201186060905456543e-01
1.067137002944946289e+00 8.292618989944458008e-01
1.068145632743835449e+00 8.199992775917053223e-01
1.069154262542724609e+00 7.959572076797485352e-01
1.070162892341613770e+00 7.972451448440551758e-01
1.071171522140502930e+00 8.343873023986816406e-01
1.072180151939392090e+00 8.728767633438110352e-01
1.073188781738281250e+00 8.037205934524536133e-01
1.074197411537170410e+00 8.218944072723388672e-01
1.075206041336059570e+00 7.964746356010437012e-01
1.076214671134948730e+00 8.078618049621582031e-01
1.077223300933837891e+00 7.723504304885864258e-01
1.078231930732727051e+00 7.634454369544982910e-01
1.079240560531616211e+00 8.187517523765563965e-01
1.080249190330505371e+00 8.278848528861999512e-01
1.081257939338684082e+00 7.862004637718200684e-01
1.082266569137573242e+00 7.945707440376281738e-01
1.083275198936462402e+00 7.793506979942321777e-01
1.084283828735351562e+00 7.823658585548400879e-01
1.085292458534240723e+00 7.942895889282226562e-01
1.086301088333129883e+00 8.275920152664184570e-01
1.087309718132019043e+00 7.793956995010375977e-01
1.088318347930908203e+00 8.116851449012756348e-01
1.089326977729797363e+00 8.402396440505981445e-01
1.090335607528686523e+00 7.653824090957641602e-01
1.091344237327575684e+00 8.023063540458679199e-01
1.092352867126464844e+00 8.092868328094482422e-01
1.093361496925354004e+00 8.188436031341552734e-01
1.094370126724243164e+00 7.506979107856750488e-01
1.095378756523132324e+00 7.331864833831787109e-01
1.096387386322021484e+00 7.650033831596374512e-01
1.097396016120910645e+00 8.086242079734802246e-01
1.098404645919799805e+00 7.896028757095336914e-01
1.099413275718688965e+00 8.447968959808349609e-01
1.100422024726867676e+00 8.057957291603088379e-01
1.101430654525756836e+00 7.478529214859008789e-01
1.102439284324645996e+00 7.449060082435607910e-01
1.103447914123535156e+00 7.800898551940917969e-01
1.104456543922424316e+00 7.939610481262207031e-01
1.105465173721313477e+00 8.243330717086791992e-01
1.106473803520202637e+00 7.997640371322631836e-01
1.107482433319091797e+00 7.579414248466491699e-01
1.108491063117980957e+00 7.791758775711059570e-01
1.109499692916870117e+00 7.949172854423522949e-01
1.110508322715759277e+00 7.830680012702941895e-01
1.111516952514648438e+00 8.466933369636535645e-01
1.112525582313537598e+00 8.304164409637451172e-01
1.113534212112426758e+00 8.206421136856079102e-01
1.114542841911315918e+00 7.942636609077453613e-01
1.115551471710205078e+00 8.253200650215148926e-01
1.116560101509094238e+00 7.695710062980651855e-01
1.117568731307983398e+00 7.814614772796630859e-01
1.118577361106872559e+00 8.141936659812927246e-01
1.119586110115051270e+00 7.611696720123291016e-01
1.120594739913940430e+00 8.068106174468994141e-01
1.121603369712829590e+00 7.849354147911071777e-01
1.122611999511718750e+00 7.604797482490539551e-01
1.123620629310607910e+00 7.222386598587036133e-01
1.124629259109497070e+00 7.747669816017150879e-01
1.125637888908386230e+00 7.249397039413452148e-01
1.126646518707275391e+00 7.824012637138366699e-01
1.127655148506164551e+00 7.487928867340087891e-01
1.128663778305053711e+00 7.635523676872253418e-01
1.129672408103942871e+00 8.292877674102783203e-01
1.130681037902832031e+00 7.691916823387145996e-01
1.131689667701721191e+00 7.595766782760620117e-01
1.132698297500610352e+00 7.807719111442565918e-01
1.133706927299499512e+00 7.761993408203125000e-01
1.134715557098388672e+00 7.566250562667846680e-01
1.135724186897277832e+00 7.937111854553222656e-01
1.136732816696166992e+00 7.594084143638610840e-01
1.137741446495056152e+00 7.543359994888305664e-01
1.138750195503234863e+00 7.382467389106750488e-01
1.139758825302124023e+00 7.574155926704406738e-01
1.140767455101013184e+00 7.743739485740661621e-01
1.141776084899902344e+00 7.325302362442016602e-01
1.142784714698791504e+00 8.232161402702331543e-01
1.143793344497680664e+00 7.546600699424743652e-01
1.144801974296569824e+00 8.084555268287658691e-01
1.145810604095458984e+00 7.375727295875549316e-01
1.146819233894348145e+00 7.939345240592956543e-01
1.147827863693237305e+00 8.125489950180053711e-01
1.148836493492126465e+00 8.006964325904846191e-01
1.149845123291015625e+00 7.871784567832946777e-01
1.150853753089904785e+00 7.230871915817260742e-01
1.151862382888793945e+00 8.006359338760375977e-01
1.152871012687683105e+00 8.123857975006103516e-01
1.153879642486572266e+00 8.240312933921813965e-01
1.154888272285461426e+00 7.477675676345825195e-01
1.155896902084350586e+00 8.181433677673339844e-01
1.156905531883239746e+00 8.358120322227478027e-01
1.157914280891418457e+00 7.357495427131652832e-01
1.158922910690307617e+00 7.106091380119323730e-01
1.159931540489196777e+00 7.460878491401672363e-01
1.160940170288085938e+00 7.652046680450439453e-01
1.161948800086975098e+00 7.491673827171325684e-01
1.162957429885864258e+00 7.376752495765686035e-01
1.163966059684753418e+00 7.741618156433105469e-01
1.164974689483642578e+00 7.731000185012817383e-01
1.165983319282531738e+00 8.048881292343139648e-01
1.166991949081420898e+00 8.059363365173339844e-01
1.168000578880310059e+00 8.086288571357727051e-01
1.169009208679199219e+00 7.585772871971130371e-01
1.170017838478088379e+00 7.802801728248596191e-01
1.171026468276977539e+00 8.461074233055114746e-01
1.172035098075866699e+00 8.653659820556640625e-01
1.173043727874755859e+00 7.251232266426086426e-01
1.174052357673645020e+00 7.484056353569030762e-01
1.175060987472534180e+00 7.994353175163269043e-01
1.176069617271423340e+00 8.444648385047912598e-01
1.177078366279602051e+00 7.977287769317626953e-01
1.178086996078491211e+00 7.551770210266113281e-01
1.179095625877380371e+00 7.727673053741455078e-01
1.180104255676269531e+00 7.074369788169860840e-01
1.181112885475158691e+00 7.279351949691772461e-01
1.182121515274047852e+00 8.298965096473693848e-01
1.183130145072937012e+00 7.618449330329895020e-01
1.184138774871826172e+00 8.192589282989501953e-01
1.185147404670715332e+00 8.093194365501403809e-01
1.186156034469604492e+00 7.834924459457397461e-01
1.187164664268493652e+00 9.467520713806152344e-01
1.188173294067382812e+00 9.004002809524536133e-01
1.189181923866271973e+00 7.100936770439147949e-01
1.190190553665161133e+00 8.410451412200927734e-01
1.191199183464050293e+00 9.144940376281738281e-01
1.192207813262939453e+00 9.260137677192687988e-01
1.193216443061828613e+00 7.086485028266906738e-01
1.194225072860717773e+00 8.039391636848449707e-01
1.195233702659606934e+00 8.591082692146301270e-01
1.196242451667785645e+00 7.932444810867309570e-01
1.197251081466674805e+00 8.792846798896789551e-01
1.198259711265563965e+00 6.545202732086181641e-01
1.199268341064453125e+00 6.763527989387512207e-01
1.200276970863342285e+00 8.163097500801086426e-01
1.201285600662231445e+00 9.530180692672729492e-01
1.202294230461120605e+00 8.957862257957458496e-01
1.203302860260009766e+00 6.008062362670898438e-01
1.204311490058898926e+00 6.528502702713012695e-01
1.205320119857788086e+00 9.348996281623840332e-01
1.206328749656677246e+00 1.147286176681518555e+00
1.207337379455566406e+00 7.413988709449768066e-01
1.208346009254455566e+00 7.606718540191650391e-01
1.209354639053344727e+00 4.884751141071319580e-01
