0.000000000000000000e+00 2.486688671875000000e+04
1.008636085316538811e-03 1.709972070312500000e+04
2.017272170633077621e-03 1.321199121093750000e+04
3.025908255949616432e-03 9.750349609375000000e+03
4.034544341266155243e-03 7.396939941406250000e+03
5.043180659413337708e-03 5.748647949218750000e+03
6.051816511899232864e-03 4.730744628906250000e+03
7.060452364385128021e-03 3.767135986328125000e+03
8.069088682532310486e-03 3.105573242187500000e+03
9.077725000679492950e-03 2.554075195312500000e+03
1.008636131882667542e-02 2.121958984375000000e+03
1.109499670565128326e-02 1.730082397460937500e+03
1.210363302379846573e-02 1.468114379882812500e+03
1.311226934194564819e-02 1.260546508789062500e+03
1.412090472877025604e-02 1.083720947265625000e+03
1.512954104691743851e-02 9.186334838867187500e+02
1.613817736506462097e-02 7.995227661132812500e+02
1.714681275188922882e-02 7.030902709960937500e+02
1.815545000135898590e-02 6.126325073242187500e+02
1.916408538818359375e-02 5.327021484375000000e+02
2.017272263765335083e-02 4.728119506835937500e+02
2.118135802447795868e-02 4.203705139160156250e+02
2.218999341130256653e-02 3.687165832519531250e+02
2.319863066077232361e-02 3.287778625488281250e+02
2.420726604759693146e-02 2.944284362792968750e+02
2.521590143442153931e-02 2.679772949218750000e+02
2.622453868389129639e-02 2.421465148925781250e+02
2.723317407071590424e-02 2.167405700683593750e+02
2.824180945754051208e-02 1.975618133544921875e+02
2.925044670701026917e-02 1.781699218750000000e+02
3.025908209383487701e-02 1.616913604736328125e+02
3.126771748065948486e-02 1.488324127197265625e+02
3.227635473012924194e-02 1.364938659667968750e+02
3.328499197959899902e-02 1.242465972900390625e+02
3.429362550377845764e-02 1.148839874267578125e+02
3.530226275324821472e-02 1.050954437255859375e+02
3.631090000271797180e-02 9.738274383544921875e+01
3.731953352689743042e-02 8.938729858398437500e+01
3.832817077636718750e-02 8.241654968261718750e+01
3.933680802583694458e-02 7.667407226562500000e+01
4.034544527530670166e-02 7.139448547363281250e+01
4.135407879948616028e-02 6.619083404541015625e+01
4.236271604895591736e-02 6.162964248657226562e+01
4.337135329842567444e-02 5.745165634155273438e+01
4.437998682260513306e-02 5.350125122070312500e+01
4.538862407207489014e-02 4.999819183349609375e+01
4.639726132154464722e-02 4.680797576904296875e+01
4.740589484572410583e-02 4.388559341430664062e+01
4.841453209519386292e-02 4.116596603393554688e+01
4.942316934466362000e-02 3.926462936401367188e+01
5.043180286884307861e-02 3.657127761840820312e+01
5.144044011831283569e-02 3.455620193481445312e+01
5.244907736778259277e-02 3.246506500244140625e+01
5.345771089196205139e-02 3.074674224853515625e+01
5.446634814143180847e-02 2.888501739501953125e+01
5.547498539090156555e-02 2.740077781677246094e+01
5.648361891508102417e-02 2.635843658447265625e+01
5.749225616455078125e-02 2.484093856811523438e+01
5.850089341402053833e-02 2.351184844970703125e+01
5.950953066349029541e-02 2.252759552001953125e+01
6.051816418766975403e-02 2.137722015380859375e+01
6.152680143713951111e-02 2.043881416320800781e+01
6.253543496131896973e-02 1.949515914916992188e+01
6.354407221078872681e-02 1.857278251647949219e+01
6.455270946025848389e-02 1.776235008239746094e+01
6.556134670972824097e-02 1.694567298889160156e+01
6.656998395919799805e-02 1.617285919189453125e+01
6.757862120866775513e-02 1.547601604461669922e+01
6.858725100755691528e-02 1.492259407043457031e+01
6.959588825702667236e-02 1.428068828582763672e+01
7.060452550649642944e-02 1.364982891082763672e+01
7.161316275596618652e-02 1.322177124023437500e+01
7.262180000543594360e-02 1.261596107482910156e+01
7.363043725490570068e-02 1.228391551971435547e+01
7.463906705379486084e-02 1.196370697021484375e+01
7.564770430326461792e-02 1.141116237640380859e+01
7.665634155273437500e-02 1.107732009887695312e+01
7.766497880220413208e-02 1.082116699218750000e+01
7.867361605167388916e-02 1.035202503204345703e+01
7.968225330114364624e-02 9.944606781005859375e+00
8.069089055061340332e-02 9.670731544494628906e+00
8.169952034950256348e-02 9.297060012817382812e+00
8.270815759897232056e-02 9.107300758361816406e+00
8.371679484844207764e-02 8.852091789245605469e+00
8.472543209791183472e-02 8.575210571289062500e+00
8.573406934738159180e-02 8.272933006286621094e+00
8.674270659685134888e-02 8.045687675476074219e+00
8.775133639574050903e-02 7.688982009887695312e+00
8.875997364521026611e-02 7.598604679107666016e+00
8.976861089468002319e-02 7.480505943298339844e+00
9.077724814414978027e-02 7.323689460754394531e+00
9.178588539361953735e-02 7.095262527465820312e+00
9.279452264308929443e-02 6.905774593353271484e+00
9.380315244197845459e-02 6.865196704864501953e+00
9.481178969144821167e-02 6.696177482604980469e+00
9.582042694091796875e-02 6.450056076049804688e+00
9.682906419038772583e-02 6.293582916259765625e+00
9.783770143985748291e-02 5.989557743072509766e+00
9.884633868932723999e-02 5.991475582122802734e+00
9.985497593879699707e-02 5.914062976837158203e+00
1.008636057376861572e-01 5.798532009124755859e+00
1.018722429871559143e-01 5.720232486724853516e+00
1.028808802366256714e-01 5.558287143707275391e+00
1.038895174860954285e-01 5.416061878204345703e+00
1.048981547355651855e-01 5.271524906158447266e+00
1.059067919850349426e-01 5.112815380096435547e+00
1.069154217839241028e-01 5.029853820800781250e+00
1.079240590333938599e-01 5.062922954559326172e+00
1.089326962828636169e-01 5.012408256530761719e+00
1.099413335323333740e-01 4.873569488525390625e+00
1.109499707818031311e-01 4.722972869873046875e+00
1.119586080312728882e-01 4.733421802520751953e+00
1.129672378301620483e-01 4.703059196472167969e+00
1.139758750796318054e-01 4.567536830902099609e+00
1.149845123291015625e-01 4.473519325256347656e+00
1.159931495785713196e-01 4.446098804473876953e+00
1.170017868280410767e-01 4.382709503173828125e+00
1.180104240775108337e-01 4.286979675292968750e+00
1.190190613269805908e-01 4.250537395477294922e+00
1.200276911258697510e-01 4.291948795318603516e+00
1.210363283753395081e-01 4.166072845458984375e+00
1.220449656248092651e-01 4.129331111907958984e+00
1.230536028742790222e-01 4.064919471740722656e+00
1.240622401237487793e-01 4.020350456237792969e+00
1.250708699226379395e-01 3.981914758682250977e+00
1.260795146226882935e-01 3.946404218673706055e+00
1.270881444215774536e-01 3.855851411819458008e+00
1.280967891216278076e-01 3.813882589340209961e+00
1.291054189205169678e-01 3.785773038864135742e+00
1.301140487194061279e-01 3.711117029190063477e+00
1.311226934194564819e-01 3.703699111938476562e+00
1.321313232183456421e-01 3.643193960189819336e+00
1.331399679183959961e-01 3.594668149948120117e+00
1.341485977172851562e-01 3.571259260177612305e+00
1.351572424173355103e-01 3.602547645568847656e+00
1.361658722162246704e-01 3.568744182586669922e+00
1.371745020151138306e-01 3.521585702896118164e+00
1.381831467151641846e-01 3.548419237136840820e+00
1.391917765140533447e-01 3.483660697937011719e+00
1.402004212141036987e-01 3.396651506423950195e+00
1.412090510129928589e-01 3.416438341140747070e+00
1.422176808118820190e-01 3.331547021865844727e+00
1.432263255119323730e-01 3.367633342742919922e+00
1.442349553108215332e-01 3.317539215087890625e+00
1.452436000108718872e-01 3.292600870132446289e+00
1.462522298097610474e-01 3.243364810943603516e+00
1.472608745098114014e-01 3.208687067031860352e+00
1.482695043087005615e-01 3.196956396102905273e+00
1.492781341075897217e-01 3.198230743408203125e+00
1.502867788076400757e-01 3.138681411743164062e+00
1.512954086065292358e-01 3.157569169998168945e+00
1.523040533065795898e-01 3.110363483428955078e+00
1.533126831054687500e-01 3.032259225845336914e+00
1.543213278055191040e-01 3.061239480972290039e+00
1.553299576044082642e-01 3.025054693222045898e+00
1.563385874032974243e-01 2.965775728225708008e+00
1.573472321033477783e-01 2.992476463317871094e+00
1.583558619022369385e-01 2.983371496200561523e+00
1.593645066022872925e-01 2.968930244445800781e+00
1.603731364011764526e-01 2.916857957839965820e+00
1.613817811012268066e-01 2.936141490936279297e+00
1.623904109001159668e-01 2.895754337310791016e+00
1.633990406990051270e-01 2.893982172012329102e+00
1.644076853990554810e-01 2.877296924591064453e+00
1.654163151979446411e-01 2.813802957534790039e+00
1.664249598979949951e-01 2.838654756546020508e+00
1.674335896968841553e-01 2.839606761932373047e+00
1.684422194957733154e-01 2.814920663833618164e+00
1.694508641958236694e-01 2.849133729934692383e+00
1.704594939947128296e-01 2.751413106918334961e+00
1.714681386947631836e-01 2.751389980316162109e+00
1.724767684936523438e-01 2.757299661636352539e+00
1.734854131937026978e-01 2.770903348922729492e+00
1.744940429925918579e-01 2.685540199279785156e+00
1.755026727914810181e-01 2.694606065750122070e+00
1.765113174915313721e-01 2.753411531448364258e+00
1.775199472904205322e-01 2.674675941467285156e+00
1.785285919904708862e-01 2.679404735565185547e+00
1.795372217893600464e-01 2.664269924163818359e+00
1.805458664894104004e-01 2.649636983871459961e+00
1.815544962882995605e-01 2.647173404693603516e+00
1.825631260871887207e-01 2.620401620864868164e+00
1.835717707872390747e-01 2.593040227890014648e+00
1.845804005861282349e-01 2.608831644058227539e+00
1.855890452861785889e-01 2.564584016799926758e+00
1.865976750850677490e-01 2.624802350997924805e+00
1.876063048839569092e-01 2.586952924728393555e+00
1.886149495840072632e-01 2.547085762023925781e+00
1.896235793828964233e-01 2.574471235275268555e+00
1.906322240829467773e-01 2.573163270950317383e+00
1.916408538818359375e-01 2.541915893554687500e+00
1.926494985818862915e-01 2.512509107589721680e+00
1.936581283807754517e-01 2.497262954711914062e+00
1.946667581796646118e-01 2.481552124023437500e+00
1.956754028797149658e-01 2.452849864959716797e+00
1.966840326786041260e-01 2.498434066772460938e+00
1.976926773786544800e-01 2.473393678665161133e+00
1.987013071775436401e-01 2.428798198699951172e+00
1.997099518775939941e-01 2.421305179595947266e+00
2.007185816764831543e-01 2.455885887145996094e+00
2.017272114753723145e-01 2.427510261535644531e+00
2.027358561754226685e-01 2.414963722229003906e+00
2.037444859743118286e-01 2.412963867187500000e+00
2.047531306743621826e-01 2.450232028961181641e+00
2.057617604732513428e-01 2.410087585449218750e+00
2.067703902721405029e-01 2.393201112747192383e+00
2.077790349721908569e-01 2.359925031661987305e+00
2.087876647710800171e-01 2.376572847366333008e+00
2.097963094711303711e-01 2.445175647735595703e+00
2.108049392700195312e-01 2.400337219238281250e+00
2.118135839700698853e-01 2.355769395828247070e+00
2.128222137689590454e-01 2.342223405838012695e+00
2.138308435678482056e-01 2.338433504104614258e+00
2.148394882678985596e-01 2.292577266693115234e+00
2.158481180667877197e-01 2.340561151504516602e+00
2.168567627668380737e-01 2.367642879486083984e+00
2.178653925657272339e-01 2.310865879058837891e+00
2.188740372657775879e-01 2.308577299118041992e+00
2.198826670646667480e-01 2.359542608261108398e+00
2.208912968635559082e-01 2.351935625076293945e+00
2.218999415636062622e-01 2.286854505538940430e+00
2.229085713624954224e-01 2.282166957855224609e+00
2.239172160625457764e-01 2.277417182922363281e+00
2.249258458614349365e-01 2.242842197418212891e+00
2.259344756603240967e-01 2.259531497955322266e+00
2.269431203603744507e-01 2.256550312042236328e+00
2.279517501592636108e-01 2.239946603775024414e+00
2.289603948593139648e-01 2.215690612792968750e+00
2.299690246582031250e-01 2.239805459976196289e+00
2.309776693582534790e-01 2.241672754287719727e+00
2.319862991571426392e-01 2.248684644699096680e+00
2.329949289560317993e-01 2.224160671234130859e+00
2.340035736560821533e-01 2.209657669067382812e+00
2.350122034549713135e-01 2.230737209320068359e+00
2.360208481550216675e-01 2.197249889373779297e+00
2.370294779539108276e-01 2.194094181060791016e+00
2.380381226539611816e-01 2.141309261322021484e+00
2.390467524528503418e-01 2.143664836883544922e+00
2.400553822517395020e-01 2.150590181350708008e+00
2.410640269517898560e-01 2.190999984741210938e+00
2.420726567506790161e-01 2.219923257827758789e+00
2.430813014507293701e-01 2.334677934646606445e+00
2.440899312496185303e-01 2.157769203186035156e+00
2.450985759496688843e-01 2.195279598236083984e+00
2.461072057485580444e-01 2.154429674148559570e+00
2.471158355474472046e-01 2.124516248703002930e+00
2.481244802474975586e-01 2.138234615325927734e+00
2.491331100463867188e-01 2.117623090744018555e+00
2.501417398452758789e-01 2.152548074722290039e+00
2.511503994464874268e-01 2.138317346572875977e+00
2.521590292453765869e-01 2.118790626525878906e+00
2.531676590442657471e-01 2.133857250213623047e+00
2.541762888431549072e-01 2.111627578735351562e+00
2.551849186420440674e-01 2.136268615722656250e+00
2.561935782432556152e-01 2.118524789810180664e+00
2.572022080421447754e-01 2.135686635971069336e+00
2.582108378410339355e-01 2.104307651519775391e+00
2.592194676399230957e-01 2.120044708251953125e+00
2.602280974388122559e-01 2.096004247665405273e+00
2.612367570400238037e-01 2.106655120849609375e+00
2.622453868389129639e-01 2.102305173873901367e+00
2.632540166378021240e-01 2.068836212158203125e+00
2.642626464366912842e-01 2.032092809677124023e+00
2.652712762355804443e-01 2.116605043411254883e+00
2.662799358367919922e-01 2.072943925857543945e+00
2.672885656356811523e-01 2.068704366683959961e+00
2.682971954345703125e-01 2.069434881210327148e+00
2.693058252334594727e-01 2.058025121688842773e+00
2.703144848346710205e-01 2.075838327407836914e+00
2.713231146335601807e-01 2.089267492294311523e+00
2.723317444324493408e-01 2.067979335784912109e+00
2.733403742313385010e-01 2.067279100418090820e+00
2.743490040302276611e-01 2.027794361114501953e+00
2.753576636314392090e-01 2.042724609375000000e+00
2.763662934303283691e-01 2.034944772720336914e+00
2.773749232292175293e-01 2.035015106201171875e+00
2.783835530281066895e-01 2.030701160430908203e+00
2.793921828269958496e-01 2.020330905914306641e+00
2.804008424282073975e-01 2.011598110198974609e+00
2.814094722270965576e-01 2.050328493118286133e+00
2.824181020259857178e-01 2.046082258224487305e+00
2.834267318248748779e-01 2.020694494247436523e+00
2.844353616237640381e-01 2.003803730010986328e+00
2.854440212249755859e-01 2.027512073516845703e+00
2.864526510238647461e-01 2.031064748764038086e+00
2.874612808227539062e-01 2.025650262832641602e+00
2.884699106216430664e-01 2.033481836318969727e+00
2.894785702228546143e-01 1.982658386230468750e+00
2.904872000217437744e-01 2.022694349288940430e+00
2.914958298206329346e-01 2.002639293670654297e+00
2.925044596195220947e-01 2.022908210754394531e+00
2.935130894184112549e-01 1.990794777870178223e+00
2.945217490196228027e-01 1.983253240585327148e+00
2.955303788185119629e-01 1.989774942398071289e+00
2.965390086174011230e-01 1.932173371315002441e+00
2.975476384162902832e-01 1.971488833427429199e+00
2.985562682151794434e-01 1.991933226585388184e+00
2.995649278163909912e-01 1.997089624404907227e+00
3.005735576152801514e-01 1.987742424011230469e+00
3.015821874141693115e-01 1.994183897972106934e+00
3.025908172130584717e-01 1.954432129859924316e+00
3.035994470119476318e-01 1.966073155403137207e+00
3.046081066131591797e-01 1.972926139831542969e+00
3.056167364120483398e-01 1.970128297805786133e+00
3.066253662109375000e-01 1.965960383415222168e+00
3.076339960098266602e-01 1.948292493820190430e+00
3.086426556110382080e-01 1.963314294815063477e+00
3.096512854099273682e-01 1.939326286315917969e+00
3.106599152088165283e-01 1.951701283454895020e+00
3.116685450077056885e-01 1.960635185241699219e+00
3.126771748065948486e-01 1.973310470581054688e+00
3.136858344078063965e-01 1.942321538925170898e+00
3.146944642066955566e-01 1.949206113815307617e+00
3.157030940055847168e-01 1.955899596214294434e+00
3.167117238044738770e-01 1.937671542167663574e+00
3.177203536033630371e-01 1.963173866271972656e+00
3.187290132045745850e-01 1.953691005706787109e+00
3.197376430034637451e-01 1.958691835403442383e+00
3.207462728023529053e-01 1.931405663490295410e+00
3.217549026012420654e-01 1.923820137977600098e+00
3.227635622024536133e-01 1.928745031356811523e+00
3.237721920013427734e-01 1.952589511871337891e+00
3.247808218002319336e-01 1.944611907005310059e+00
3.257894515991210938e-01 1.929852843284606934e+00
3.267980813980102539e-01 1.930121183395385742e+00
3.278067409992218018e-01 1.915952324867248535e+00
3.288153707981109619e-01 1.928351879119873047e+00
3.298240005970001221e-01 1.952515125274658203e+00
3.308326303958892822e-01 1.897510409355163574e+00
3.318412601947784424e-01 1.922977924346923828e+00
3.328499197959899902e-01 1.899213075637817383e+00
3.338585495948791504e-01 1.891292333602905273e+00
3.348671793937683105e-01 1.894867777824401855e+00
3.358758091926574707e-01 1.892718076705932617e+00
3.368844389915466309e-01 1.905602455139160156e+00
3.378930985927581787e-01 1.912011265754699707e+00
3.389017283916473389e-01 1.913509011268615723e+00
3.399103581905364990e-01 1.927560806274414062e+00
3.409189879894256592e-01 1.897922635078430176e+00
3.419276475906372070e-01 1.882733583450317383e+00
3.429362773895263672e-01 1.919266343116760254e+00
3.439449071884155273e-01 1.922054052352905273e+00
3.449535369873046875e-01 1.918010115623474121e+00
3.459621667861938477e-01 1.897431492805480957e+00
3.469708263874053955e-01 1.894928574562072754e+00
3.479794561862945557e-01 1.911986589431762695e+00
3.489880859851837158e-01 1.880888223648071289e+00
3.499967157840728760e-01 1.879687070846557617e+00
3.510053455829620361e-01 1.906185746192932129e+00
3.520140051841735840e-01 1.882158756256103516e+00
3.530226349830627441e-01 1.883619666099548340e+00
3.540312647819519043e-01 1.866850256919860840e+00
3.550398945808410645e-01 1.904892325401306152e+00
3.560485243797302246e-01 1.913067460060119629e+00
3.570571839809417725e-01 1.909546852111816406e+00
3.580658137798309326e-01 1.914800643920898438e+00
3.590744435787200928e-01 1.875219345092773438e+00
3.600830733776092529e-01 1.863704204559326172e+00
3.610917329788208008e-01 1.869639635086059570e+00
3.621003627777099609e-01 1.879124045372009277e+00
3.631089925765991211e-01 1.847821712493896484e+00
3.641176223754882812e-01 1.859700560569763184e+00
3.651262521743774414e-01 1.882482767105102539e+00
3.661349117755889893e-01 1.862209200859069824e+00
3.671435415744781494e-01 1.868214845657348633e+00
3.681521713733673096e-01 1.882284283638000488e+00
3.691608011722564697e-01 1.859487056732177734e+00
3.701694309711456299e-01 1.856795549392700195e+00
3.711780905723571777e-01 1.867174506187438965e+00
3.721867203712463379e-01 1.857623338699340820e+00
3.731953501701354980e-01 1.836664795875549316e+00
3.742039799690246582e-01 1.853046417236328125e+00
3.752126097679138184e-01 1.840116143226623535e+00
3.762212693691253662e-01 1.850615024566650391e+00
3.772298991680145264e-01 1.840300798416137695e+00
3.782385289669036865e-01 1.846554636955261230e+00
3.792471587657928467e-01 1.841024637222290039e+00
3.802558183670043945e-01 1.859173893928527832e+00
3.812644481658935547e-01 1.880593180656433105e+00
3.822730779647827148e-01 1.874320983886718750e+00
3.832817077636718750e-01 1.885127544403076172e+00
3.842903375625610352e-01 1.869914174079895020e+00
3.852989971637725830e-01 1.861427187919616699e+00
3.863076269626617432e-01 1.833721399307250977e+00
3.873162567615509033e-01 1.844035387039184570e+00
3.883248865604400635e-01 1.859637618064880371e+00
3.893335163593292236e-01 1.872171044349670410e+00
3.903421759605407715e-01 1.846088767051696777e+00
3.913508057594299316e-01 1.868322253227233887e+00
3.923594355583190918e-01 1.826464891433715820e+00
3.933680653572082520e-01 1.857098340988159180e+00
3.943766951560974121e-01 1.838146567344665527e+00
3.953853547573089600e-01 1.847239971160888672e+00
3.963939845561981201e-01 1.868295788764953613e+00
3.974026143550872803e-01 1.838203430175781250e+00
3.984112441539764404e-01 1.841419577598571777e+00
3.994199037551879883e-01 1.838000178337097168e+00
4.004285335540771484e-01 1.823304772377014160e+00
4.014371633529663086e-01 1.863928437232971191e+00
4.024457931518554688e-01 1.851467609405517578e+00
4.034544229507446289e-01 1.847731471061706543e+00
4.044630825519561768e-01 1.832469463348388672e+00
4.054717123508453369e-01 1.806357502937316895e+00
4.064803421497344971e-01 1.820923328399658203e+00
4.074889719486236572e-01 1.804209470748901367e+00
4.084976017475128174e-01 1.850432038307189941e+00
4.095062613487243652e-01 1.874464988708496094e+00
4.105148911476135254e-01 1.834303140640258789e+00
4.115235209465026855e-01 1.853898644447326660e+00
4.125321507453918457e-01 1.811609387397766113e+00
4.135407805442810059e-01 1.796530127525329590e+00
4.145494401454925537e-01 1.844037890434265137e+00
4.155580699443817139e-01 1.811122179031372070e+00
4.165666997432708740e-01 1.814154028892517090e+00
4.175753295421600342e-01 1.824195504188537598e+00
4.185839891433715820e-01 1.825238347053527832e+00
4.195926189422607422e-01 1.845850348472595215e+00
4.206012487411499023e-01 1.826002717018127441e+00
4.216098785400390625e-01 1.829798460006713867e+00
4.226185083389282227e-01 1.813510894775390625e+00
4.236271679401397705e-01 1.812118768692016602e+00
4.246357977390289307e-01 1.796295404434204102e+00
4.256444275379180908e-01 1.809084892272949219e+00
4.266530573368072510e-01 1.817420601844787598e+00
4.276616871356964111e-01 1.812907934188842773e+00
4.286703467369079590e-01 1.807585358619689941e+00
4.296789765357971191e-01 1.812071681022644043e+00
4.306876063346862793e-01 1.778903961181640625e+00
4.316962361335754395e-01 1.808566451072692871e+00
4.327048659324645996e-01 1.799418449401855469e+00
4.337135255336761475e-01 1.788717269897460938e+00
4.347221553325653076e-01 1.829197645187377930e+00
4.357307851314544678e-01 1.810671329498291016e+00
4.367394149303436279e-01 1.792693853378295898e+00
4.377480745315551758e-01 1.801808834075927734e+00
4.387567043304443359e-01 1.778692364692687988e+00
4.397653341293334961e-01 1.788591384887695312e+00
4.407739639282226562e-01 1.808726072311401367e+00
4.417825937271118164e-01 1.807645440101623535e+00
4.427912533283233643e-01 1.800137042999267578e+00
4.437998831272125244e-01 1.813977122306823730e+00
4.448085129261016846e-01 1.784852981567382812e+00
4.458171427249908447e-01 1.768206954002380371e+00
4.468257725238800049e-01 1.785508751869201660e+00
4.478344321250915527e-01 1.803634047508239746e+00
4.488430619239807129e-01 1.779554009437561035e+00
4.498516917228698730e-01 1.764672279357910156e+00
4.508603215217590332e-01 1.772511363029479980e+00
4.518689513206481934e-01 1.793729543685913086e+00
4.528776109218597412e-01 1.792046070098876953e+00
4.538862407207489014e-01 1.781686902046203613e+00
4.548948705196380615e-01 1.766667485237121582e+00
4.559035003185272217e-01 1.759705781936645508e+00
4.569121599197387695e-01 1.747005701065063477e+00
4.579207897186279297e-01 1.769620299339294434e+00
4.589294195175170898e-01 1.750256061553955078e+00
4.599380493164062500e-01 1.747515559196472168e+00
4.609466791152954102e-01 1.773216605186462402e+00
4.619553387165069580e-01 1.750515222549438477e+00
4.629639685153961182e-01 1.765836000442504883e+00
4.639725983142852783e-01 1.748961567878723145e+00
4.649812281131744385e-01 1.756917476654052734e+00
4.659898579120635986e-01 1.750398039817810059e+00
4.669985175132751465e-01 1.779011249542236328e+00
4.680071473121643066e-01 1.790041327476501465e+00
4.690157771110534668e-01 1.778234958648681641e+00
4.700244069099426270e-01 1.765458941459655762e+00
4.710330665111541748e-01 1.756957888603210449e+00
4.720416963100433350e-01 1.768402695655822754e+00
4.730503261089324951e-01 1.745642781257629395e+00
4.740589559078216553e-01 1.738078832626342773e+00
4.750675857067108154e-01 1.764505863189697266e+00
4.760762453079223633e-01 1.760798335075378418e+00
4.770848751068115234e-01 1.761697411537170410e+00
4.780935049057006836e-01 1.742938160896301270e+00
4.791021347045898438e-01 1.735817551612854004e+00
4.801107645034790039e-01 1.739264726638793945e+00
4.811194241046905518e-01 1.727758288383483887e+00
4.821280539035797119e-01 1.729889154434204102e+00
4.831366837024688721e-01 1.764268279075622559e+00
4.841453135013580322e-01 1.767292737960815430e+00
4.851539433002471924e-01 1.736916065216064453e+00
4.861626029014587402e-01 1.725564479827880859e+00
4.871712327003479004e-01 1.742934823036193848e+00
4.881798624992370605e-01 1.728362560272216797e+00
4.891884922981262207e-01 1.743438959121704102e+00
4.901971518993377686e-01 1.738903880119323730e+00
4.912057816982269287e-01 1.761010646820068359e+00
4.922144114971160889e-01 1.741796016693115234e+00
4.932230412960052490e-01 1.736289501190185547e+00
4.942316710948944092e-01 1.745420694351196289e+00
4.952403306961059570e-01 1.709568500518798828e+00
4.962489604949951172e-01 1.744069457054138184e+00
4.972575902938842773e-01 1.755594372749328613e+00
4.982662200927734375e-01 1.732751131057739258e+00
4.992748498916625977e-01 1.740468144416809082e+00
5.002834796905517578e-01 1.730751037597656250e+00
5.012921094894409180e-01 1.725923299789428711e+00
5.023007988929748535e-01 1.711084008216857910e+00
5.033094286918640137e-01 1.740485548973083496e+00
5.043180584907531738e-01 1.801274657249450684e+00
5.053266882896423340e-01 1.748593568801879883e+00
5.063353180885314941e-01 1.710281252861022949e+00
5.073439478874206543e-01 1.737453579902648926e+00
5.083525776863098145e-01 1.714827895164489746e+00
5.093612074851989746e-01 1.739965200424194336e+00
5.103698372840881348e-01 1.727205991744995117e+00
5.113784670829772949e-01 1.754878759384155273e+00
5.123871564865112305e-01 1.736363172531127930e+00
5.133957862854003906e-01 1.759400248527526855e+00
5.144044160842895508e-01 1.736894249916076660e+00
5.154130458831787109e-01 1.724572062492370605e+00
5.164216756820678711e-01 1.748939394950866699e+00
5.174303054809570312e-01 1.738464117050170898e+00
5.184389352798461914e-01 1.729493856430053711e+00
5.194475650787353516e-01 1.749748826026916504e+00
5.204561948776245117e-01 1.781194925308227539e+00
5.214648842811584473e-01 1.746380805969238281e+00
5.224735140800476074e-01 1.737566113471984863e+00
5.234821438789367676e-01 1.730224370956420898e+00
5.244907736778259277e-01 1.714882969856262207e+00
5.254994034767150879e-01 1.747486591339111328e+00
5.265080332756042480e-01 1.749850630760192871e+00
5.275166630744934082e-01 1.762236356735229492e+00
5.285252928733825684e-01 1.750911474227905273e+00
5.295339226722717285e-01 1.721585035324096680e+00
5.305425524711608887e-01 1.756853938102722168e+00
5.315512418746948242e-01 1.753144383430480957e+00
5.325598716735839844e-01 1.723647832870483398e+00
5.335685014724731445e-01 1.705101609230041504e+00
5.345771312713623047e-01 1.701683521270751953e+00
5.355857610702514648e-01 1.721709251403808594e+00
5.365943908691406250e-01 1.713705658912658691e+00
5.376030206680297852e-01 1.724019765853881836e+00
5.386116504669189453e-01 1.709607005119323730e+00
5.396202802658081055e-01 1.711860895156860352e+00
5.406289696693420410e-01 1.712651371955871582e+00
5.416375994682312012e-01 1.701891064643859863e+00
5.426462292671203613e-01 1.693262815475463867e+00
5.436548590660095215e-01 1.700030565261840820e+00
5.446634888648986816e-01 1.697046399116516113e+00
5.456721186637878418e-01 1.705133676528930664e+00
5.466807484626770020e-01 1.707160353660583496e+00
5.476893782615661621e-01 1.693547606468200684e+00
5.486980080604553223e-01 1.677256107330322266e+00
5.497066378593444824e-01 1.668698072433471680e+00
5.507153272628784180e-01 1.696483850479125977e+00
5.517239570617675781e-01 1.670861840248107910e+00
5.527325868606567383e-01 1.688087224960327148e+00
5.537412166595458984e-01 1.687269568443298340e+00
5.547498464584350586e-01 1.633953571319580078e+00
5.557584762573242188e-01 1.643611907958984375e+00
5.567671060562133789e-01 1.663893222808837891e+00
5.577757358551025391e-01 1.660493850708007812e+00
5.587843656539916992e-01 1.668080091476440430e+00
5.597930550575256348e-01 1.686061024665832520e+00
5.608016848564147949e-01 1.674785256385803223e+00
5.618103146553039551e-01 1.664432048797607422e+00
5.628189444541931152e-01 1.648305654525756836e+00
5.638275742530822754e-01 1.638322949409484863e+00
5.648362040519714355e-01 1.629536747932434082e+00
5.658448338508605957e-01 1.654132127761840820e+00
5.668534636497497559e-01 1.636797428131103516e+00
5.678620934486389160e-01 1.629076361656188965e+00
5.688707232475280762e-01 1.634148478507995605e+00
5.698794126510620117e-01 1.644666314125061035e+00
5.708880424499511719e-01 1.658704519271850586e+00
5.718966722488403320e-01 1.611423373222351074e+00
5.729053020477294922e-01 1.614796161651611328e+00
5.739139318466186523e-01 1.632189989089965820e+00
5.749225616455078125e-01 1.632164955139160156e+00
5.759311914443969727e-01 1.613453865051269531e+00
5.769398212432861328e-01 1.628956317901611328e+00
5.779484510421752930e-01 1.634998202323913574e+00
5.789571404457092285e-01 1.640468716621398926e+00
5.799657702445983887e-01 1.622914910316467285e+00
5.809744000434875488e-01 1.604058027267456055e+00
5.819830298423767090e-01 1.626957178115844727e+00
5.829916596412658691e-01 1.661944150924682617e+00
5.840002894401550293e-01 1.601418972015380859e+00
5.850089192390441895e-01 1.590755224227905273e+00
5.860175490379333496e-01 1.606237769126892090e+00
5.870261788368225098e-01 1.623535990715026855e+00
5.880348086357116699e-01 1.613690614700317383e+00
5.890434980392456055e-01 1.611458063125610352e+00
5.900521278381347656e-01 1.618464469909667969e+00
5.910607576370239258e-01 1.612556338310241699e+00
5.920693874359130859e-01 1.629288434982299805e+00
5.930780172348022461e-01 1.620455026626586914e+00
5.940866470336914062e-01 1.603423953056335449e+00
5.950952768325805664e-01 1.609969139099121094e+00
5.961039066314697266e-01 1.586576581001281738e+00
5.971125364303588867e-01 1.575994133949279785e+00
5.981212258338928223e-01 1.628338813781738281e+00
5.991298556327819824e-01 1.596757173538208008e+00
6.001384854316711426e-01 1.574113368988037109e+00
6.011471152305603027e-01 1.583042502403259277e+00
6.021557450294494629e-01 1.610256552696228027e+00
6.031643748283386230e-01 1.615099430084228516e+00
6.041730046272277832e-01 1.598057746887207031e+00
6.051816344261169434e-01 1.599487423896789551e+00
6.061902642250061035e-01 1.588379383087158203e+00
6.071988940238952637e-01 1.585234880447387695e+00
6.082075834274291992e-01 1.582148075103759766e+00
6.092162132263183594e-01 1.587289929389953613e+00
6.102248430252075195e-01 1.584183096885681152e+00
6.112334728240966797e-01 1.578065752983093262e+00
6.122421026229858398e-01 1.583059191703796387e+00
6.132507324218750000e-01 1.582733154296875000e+00
6.142593622207641602e-01 1.584580183029174805e+00
6.152679920196533203e-01 1.587315559387207031e+00
6.162766218185424805e-01 1.581824660301208496e+00
6.172853112220764160e-01 1.600934147834777832e+00
6.182939410209655762e-01 1.567317128181457520e+00
6.193025708198547363e-01 1.594609618186950684e+00
6.203112006187438965e-01 1.597803831100463867e+00
6.213198304176330566e-01 1.569703817367553711e+00
6.223284602165222168e-01 1.585958123207092285e+00
6.233370900154113770e-01 1.583994269371032715e+00
6.243457198143005371e-01 1.600226879119873047e+00
6.253543496131896973e-01 1.574892997741699219e+00
6.263629794120788574e-01 1.574627637863159180e+00
6.273716688156127930e-01 1.578052759170532227e+00
6.283802986145019531e-01 1.577340483665466309e+00
6.293889284133911133e-01 1.563038229942321777e+00
6.303975582122802734e-01 1.585560679435729980e+00
6.314061880111694336e-01 1.586722373962402344e+00
6.324148178100585938e-01 1.574825286865234375e+00
6.334234476089477539e-01 1.559149622917175293e+00
6.344320774078369141e-01 1.547450900077819824e+00
6.354407072067260742e-01 1.568474054336547852e+00
6.364493966102600098e-01 1.589138865470886230e+00
6.374580264091491699e-01 1.552673816680908203e+00
6.384666562080383301e-01 1.563344120979309082e+00
6.394752860069274902e-01 1.541019439697265625e+00
6.404839158058166504e-01 1.555487751960754395e+00
6.414925456047058105e-01 1.558286786079406738e+00
6.425011754035949707e-01 1.555452585220336914e+00
6.435098052024841309e-01 1.568080902099609375e+00
6.445184350013732910e-01 1.573272943496704102e+00
6.455271244049072266e-01 1.556116700172424316e+00
6.465357542037963867e-01 1.547842025756835938e+00
6.475443840026855469e-01 1.547753453254699707e+00
6.485530138015747070e-01 1.557873964309692383e+00
6.495616436004638672e-01 1.581219315528869629e+00
6.505702733993530273e-01 1.584620594978332520e+00
6.515789031982421875e-01 1.570473313331604004e+00
6.525875329971313477e-01 1.555247187614440918e+00
6.535961627960205078e-01 1.552138328552246094e+00
6.546047925949096680e-01 1.541617989540100098e+00
6.556134819984436035e-01 1.581300258636474609e+00
6.566221117973327637e-01 1.586390018463134766e+00
6.576307415962219238e-01 1.555110812187194824e+00
6.586393713951110840e-01 1.538847327232360840e+00
6.596480011940002441e-01 1.562474012374877930e+00
6.606566309928894043e-01 1.528563976287841797e+00
6.616652607917785645e-01 1.568182110786437988e+00
6.626738905906677246e-01 1.568821549415588379e+00
6.636825203895568848e-01 1.537565588951110840e+00
6.646912097930908203e-01 1.552998304367065430e+00
6.656998395919799805e-01 1.562213540077209473e+00
6.667084693908691406e-01 1.535891771316528320e+00
6.677170991897583008e-01 1.559241652488708496e+00
6.687257289886474609e-01 1.569991946220397949e+00
6.697343587875366211e-01 1.564796566963195801e+00
6.707429885864257812e-01 1.530947685241699219e+00
6.717516183853149414e-01 1.545714974403381348e+00
6.727602481842041016e-01 1.554790019989013672e+00
6.737688779830932617e-01 1.577694535255432129e+00
6.747775673866271973e-01 1.537144899368286133e+00
6.757861971855163574e-01 1.569607853889465332e+00
6.767948269844055176e-01 1.556808710098266602e+00
6.778034567832946777e-01 1.563279867172241211e+00
6.788120865821838379e-01 1.543274521827697754e+00
6.798207163810729980e-01 1.555666327476501465e+00
6.808293461799621582e-01 1.574873447418212891e+00
6.818379759788513184e-01 1.564483404159545898e+00
6.828466057777404785e-01 1.561304688453674316e+00
6.838552951812744141e-01 1.545825123786926270e+00
6.848639249801635742e-01 1.532586216926574707e+00
6.858725547790527344e-01 1.561265349388122559e+00
6.868811845779418945e-01 1.560479879379272461e+00
6.878898143768310547e-01 1.553361415863037109e+00
6.888984441757202148e-01 1.584765434265136719e+00
6.899070739746093750e-01 1.573297500610351562e+00
6.909157037734985352e-01 1.575556755065917969e+00
6.919243335723876953e-01 1.545663475990295410e+00
6.929329633712768555e-01 1.582073450088500977e+00
6.939416527748107910e-01 1.550661444664001465e+00
6.949502825736999512e-01 1.560118198394775391e+00
6.959589123725891113e-01 1.568698883056640625e+00
6.969675421714782715e-01 1.548579812049865723e+00
6.979761719703674316e-01 1.556503295898437500e+00
6.989848017692565918e-01 1.557574152946472168e+00
6.999934315681457520e-01 1.546924829483032227e+00
7.010020613670349121e-01 1.541872143745422363e+00
7.020106911659240723e-01 1.579178810119628906e+00
7.030193805694580078e-01 1.582220435142517090e+00
7.040280103683471680e-01 1.564846992492675781e+00
7.050366401672363281e-01 1.570704102516174316e+00
7.060452699661254883e-01 1.546756863594055176e+00
7.070538997650146484e-01 1.542365550994873047e+00
7.080625295639038086e-01 1.553786158561706543e+00
7.090711593627929688e-01 1.546420454978942871e+00
7.100797891616821289e-01 1.555999279022216797e+00
7.110884189605712891e-01 1.581989049911499023e+00
7.120970487594604492e-01 1.561462879180908203e+00
7.131057381629943848e-01 1.577910542488098145e+00
7.141143679618835449e-01 1.568285465240478516e+00
7.151229977607727051e-01 1.551365017890930176e+00
7.161316275596618652e-01 1.559814333915710449e+00
7.171402573585510254e-01 1.556198239326477051e+00
7.181488871574401855e-01 1.565469384193420410e+00
7.191575169563293457e-01 1.549001693725585938e+00
7.201661467552185059e-01 1.572513341903686523e+00
7.211747765541076660e-01 1.554250359535217285e+00
7.221834659576416016e-01 1.549421072006225586e+00
7.231920957565307617e-01 1.570464015007019043e+00
7.242007255554199219e-01 1.558622360229492188e+00
7.252093553543090820e-01 1.550896525382995605e+00
7.262179851531982422e-01 1.568589568138122559e+00
7.272266149520874023e-01 1.591709613800048828e+00
7.282352447509765625e-01 1.561800599098205566e+00
7.292438745498657227e-01 1.556919097900390625e+00
7.302525043487548828e-01 1.565030574798583984e+00
7.312611341476440430e-01 1.555155038833618164e+00
7.322698235511779785e-01 1.569013357162475586e+00
7.332784533500671387e-01 1.552676796913146973e+00
7.342870831489562988e-01 1.543902039527893066e+00
7.352957129478454590e-01 1.539182305335998535e+00
7.363043427467346191e-01 1.548133373260498047e+00
7.373129725456237793e-01 1.585285305976867676e+00
7.383216023445129395e-01 1.542140126228332520e+00
7.393302321434020996e-01 1.543266534805297852e+00
7.403388619422912598e-01 1.566771149635314941e+00
7.413475513458251953e-01 1.567511320114135742e+00
7.423561811447143555e-01 1.582774281501770020e+00
7.433648109436035156e-01 1.566834568977355957e+00
7.443734407424926758e-01 1.551618218421936035e+00
7.453820705413818359e-01 1.566125392913818359e+00
7.463907003402709961e-01 1.541966676712036133e+00
7.473993301391601562e-01 1.544803261756896973e+00
7.484079599380493164e-01 1.574121236801147461e+00
7.494165897369384766e-01 1.594305992126464844e+00
7.504252195358276367e-01 1.577678799629211426e+00
7.514339089393615723e-01 1.573422074317932129e+00
7.524425387382507324e-01 1.641249418258666992e+00
7.534511685371398926e-01 1.599167823791503906e+00
7.544597983360290527e-01 1.576020002365112305e+00
7.554684281349182129e-01 1.563908576965332031e+00
7.564770579338073730e-01 1.596090316772460938e+00
7.574856877326965332e-01 1.607990860939025879e+00
7.584943175315856934e-01 1.615307927131652832e+00
7.595029473304748535e-01 1.593867540359497070e+00
7.605116367340087891e-01 1.588034868240356445e+00
7.615202665328979492e-01 1.562064051628112793e+00
7.625288963317871094e-01 1.581372499465942383e+00
7.635375261306762695e-01 1.575577139854431152e+00
7.645461559295654297e-01 1.576174616813659668e+00
7.655547857284545898e-01 1.605554103851318359e+00
7.665634155273437500e-01 1.586233019828796387e+00
7.675720453262329102e-01 1.596864938735961914e+00
7.685806751251220703e-01 1.574382543563842773e+00
7.695893049240112305e-01 1.578541278839111328e+00
7.705979943275451660e-01 1.613080501556396484e+00
7.716066241264343262e-01 1.589947581291198730e+00
7.726152539253234863e-01 1.588503599166870117e+00
7.736238837242126465e-01 1.612842202186584473e+00
7.746325135231018066e-01 1.587860345840454102e+00
7.756411433219909668e-01 1.608524322509765625e+00
7.766497731208801270e-01 1.599616527557373047e+00
7.776584029197692871e-01 1.619044542312622070e+00
7.786670327186584473e-01 1.616183876991271973e+00
7.796757221221923828e-01 1.605886936187744141e+00
7.806843519210815430e-01 1.601151585578918457e+00
7.816929817199707031e-01 1.624201774597167969e+00
7.827016115188598633e-01 1.613043665885925293e+00
7.837102413177490234e-01 1.598419785499572754e+00
7.847188711166381836e-01 1.595245838165283203e+00
7.857275009155273438e-01 1.589088201522827148e+00
7.867361307144165039e-01 1.616305708885192871e+00
7.877447605133056641e-01 1.595436453819274902e+00
7.887533903121948242e-01 1.574064373970031738e+00
7.897620797157287598e-01 1.614148259162902832e+00
7.907707095146179199e-01 1.614844322204589844e+00
7.917793393135070801e-01 1.618685722351074219e+00
7.927879691123962402e-01 1.598714470863342285e+00
7.937965989112854004e-01 1.612464427947998047e+00
7.948052287101745605e-01 1.602597713470458984e+00
7.958138585090637207e-01 1.594541072845458984e+00
7.968224883079528809e-01 1.617744684219360352e+00
7.978311181068420410e-01 1.619776368141174316e+00
7.988398075103759766e-01 1.626626849174499512e+00
7.998484373092651367e-01 1.601000428199768066e+00
8.008570671081542969e-01 1.614318251609802246e+00
8.018656969070434570e-01 1.605810642242431641e+00
8.028743267059326172e-01 1.615525007247924805e+00
8.038829565048217773e-01 1.624433994293212891e+00
8.048915863037109375e-01 1.627543568611145020e+00
8.059002161026000977e-01 1.620356202125549316e+00
8.069088459014892578e-01 1.621812343597412109e+00
8.079174757003784180e-01 1.616978526115417480e+00
8.089261651039123535e-01 1.640478134155273438e+00
8.099347949028015137e-01 1.666270136833190918e+00
8.109434247016906738e-01 1.646949768066406250e+00
8.119520545005798340e-01 1.642999291419982910e+00
8.129606842994689941e-01 1.635265827178955078e+00
8.139693140983581543e-01 1.644133567810058594e+00
8.149779438972473145e-01 1.643322587013244629e+00
8.159865736961364746e-01 1.662417888641357422e+00
8.169952034950256348e-01 1.658130645751953125e+00
8.180038928985595703e-01 1.631937503814697266e+00
8.190125226974487305e-01 1.631556630134582520e+00
8.200211524963378906e-01 1.649848699569702148e+00
8.210297822952270508e-01 1.639572262763977051e+00
8.220384120941162109e-01 1.648765683174133301e+00
8.230470418930053711e-01 1.668896794319152832e+00
8.240556716918945312e-01 1.660110950469970703e+00
8.250643014907836914e-01 1.659479022026062012e+00
8.260729312896728516e-01 1.654651880264282227e+00
8.270815610885620117e-01 1.623670458793640137e+00
8.280902504920959473e-01 1.662067890167236328e+00
8.290988802909851074e-01 1.654017567634582520e+00
8.301075100898742676e-01 1.667375802993774414e+00
8.311161398887634277e-01 1.673545598983764648e+00
8.321247696876525879e-01 1.658116221427917480e+00
8.331333994865417480e-01 1.644681453704833984e+00
8.341420292854309082e-01 1.658473134040832520e+00
8.351506590843200684e-01 1.669888734817504883e+00
8.361592888832092285e-01 1.676093816757202148e+00
8.371679782867431641e-01 1.674690485000610352e+00
8.381766080856323242e-01 1.665363311767578125e+00
8.391852378845214844e-01 1.677520871162414551e+00
8.401938676834106445e-01 1.650327682495117188e+00
8.412024974822998047e-01 1.657205224037170410e+00
8.422111272811889648e-01 1.671754240989685059e+00
8.432197570800781250e-01 1.664546966552734375e+00
8.442283868789672852e-01 1.701451539993286133e+00
8.452370166778564453e-01 1.694845914840698242e+00
8.462456464767456055e-01 1.692944288253784180e+00
8.472543358802795410e-01 1.678185224533081055e+00
8.482629656791687012e-01 1.651484251022338867e+00
8.492715954780578613e-01 1.646332859992980957e+00
8.502802252769470215e-01 1.651412367820739746e+00
8.512888550758361816e-01 1.627622127532958984e+00
8.522974848747253418e-01 1.658969759941101074e+00
8.533061146736145020e-01 1.650571703910827637e+00
8.543147444725036621e-01 1.638312935829162598e+00
8.553233742713928223e-01 1.629248738288879395e+00
8.563320636749267578e-01 1.613458275794982910e+00
8.573406934738159180e-01 1.606122374534606934e+00
8.583493232727050781e-01 1.594863891601562500e+00
8.593579530715942383e-01 1.582402825355529785e+00
8.603665828704833984e-01 1.602279067039489746e+00
8.613752126693725586e-01 1.586499094963073730e+00
8.623838424682617188e-01 1.595125317573547363e+00
8.633924722671508789e-01 1.626630067825317383e+00
8.644011020660400391e-01 1.619297504425048828e+00
8.654097318649291992e-01 1.603581428527832031e+00
8.664184212684631348e-01 1.619312524795532227e+00
8.674270510673522949e-01 1.610092043876647949e+00
8.684356808662414551e-01 1.604535341262817383e+00
8.694443106651306152e-01 1.628677248954772949e+00
8.704529404640197754e-01 1.629648089408874512e+00
8.714615702629089355e-01 1.624355435371398926e+00
8.724702000617980957e-01 1.616018056869506836e+00
8.734788298606872559e-01 1.627981901168823242e+00
8.744874596595764160e-01 1.614713191986083984e+00
8.754961490631103516e-01 1.603541493415832520e+00
8.765047788619995117e-01 1.631732463836669922e+00
8.775134086608886719e-01 1.625923752784729004e+00
8.785220384597778320e-01 1.637850522994995117e+00
8.795306682586669922e-01 1.651866793632507324e+00
8.805392980575561523e-01 1.617846608161926270e+00
8.815479278564453125e-01 1.628390908241271973e+00
8.825565576553344727e-01 1.643355488777160645e+00
8.835651874542236328e-01 1.625645041465759277e+00
8.845738172531127930e-01 1.614612579345703125e+00
8.855825066566467285e-01 1.627688765525817871e+00
8.865911364555358887e-01 1.626207470893859863e+00
8.875997662544250488e-01 1.648045063018798828e+00
8.886083960533142090e-01 1.639787673950195312e+00
8.896170258522033691e-01 1.631328582763671875e+00
8.906256556510925293e-01 1.652573823928833008e+00
8.916342854499816895e-01 1.651064753532409668e+00
8.926429152488708496e-01 1.649127721786499023e+00
8.936515450477600098e-01 1.675147891044616699e+00
8.946602344512939453e-01 1.651247382164001465e+00
8.956688642501831055e-01 1.673575997352600098e+00
8.966774940490722656e-01 1.605041503906250000e+00
8.976861238479614258e-01 1.648348927497863770e+00
8.986947536468505859e-01 1.662761926651000977e+00
8.997033834457397461e-01 1.648574233055114746e+00
9.007120132446289062e-01 1.639206528663635254e+00
9.017206430435180664e-01 1.637195467948913574e+00
9.027292728424072266e-01 1.643943548202514648e+00
9.037379026412963867e-01 1.648812055587768555e+00
9.047465920448303223e-01 1.624165415763854980e+00
9.057552218437194824e-01 1.658372044563293457e+00
9.067638516426086426e-01 1.659956574440002441e+00
9.077724814414978027e-01 1.657426476478576660e+00
9.087811112403869629e-01 1.646997213363647461e+00
9.097897410392761230e-01 1.657018184661865234e+00
9.107983708381652832e-01 1.707955956459045410e+00
9.118070006370544434e-01 1.728099346160888672e+00
9.128156304359436035e-01 1.666062951087951660e+00
9.138243198394775391e-01 1.648546934127807617e+00
9.148329496383666992e-01 1.675524950027465820e+00
9.158415794372558594e-01 1.686018824577331543e+00
9.168502092361450195e-01 1.608572363853454590e+00
9.178588390350341797e-01 1.656262278556823730e+00
9.188674688339233398e-01 1.696385145187377930e+00
9.198760986328125000e-01 1.657085061073303223e+00
9.208847284317016602e-01 1.696133017539978027e+00
9.218933582305908203e-01 1.693018913269042969e+00
9.229020476341247559e-01 1.684152007102966309e+00
9.239106774330139160e-01 1.662712335586547852e+00
9.249193072319030762e-01 1.672816514968872070e+00
9.259279370307922363e-01 1.719440340995788574e+00
9.269365668296813965e-01 1.688130974769592285e+00
9.279451966285705566e-01 1.652622938156127930e+00
9.289538264274597168e-01 1.668489575386047363e+00
9.299624562263488770e-01 1.669807553291320801e+00
9.309710860252380371e-01 1.691409230232238770e+00
9.319797158241271973e-01 1.659661531448364258e+00
9.329884052276611328e-01 1.665562152862548828e+00
9.339970350265502930e-01 1.666285753250122070e+00
9.350056648254394531e-01 1.678289890289306641e+00
9.360142946243286133e-01 1.705747246742248535e+00
9.370229244232177734e-01 1.655551075935363770e+00
9.380315542221069336e-01 1.647486090660095215e+00
9.390401840209960938e-01 1.666585326194763184e+00
9.400488138198852539e-01 1.655074238777160645e+00
9.410574436187744141e-01 1.684507489204406738e+00
9.420661330223083496e-01 1.669566512107849121e+00
9.430747628211975098e-01 1.684494137763977051e+00
9.440833926200866699e-01 1.660106301307678223e+00
9.450920224189758301e-01 1.684804677963256836e+00
9.461006522178649902e-01 1.693375468254089355e+00
9.471092820167541504e-01 1.687928557395935059e+00
9.481179118156433105e-01 1.677305698394775391e+00
9.491265416145324707e-01 1.713180661201477051e+00
9.501351714134216309e-01 1.699251294136047363e+00
9.511438012123107910e-01 1.689562797546386719e+00
9.521524906158447266e-01 1.664105057716369629e+00
9.531611204147338867e-01 1.691025018692016602e+00
9.541697502136230469e-01 1.691174149513244629e+00
9.551783800125122070e-01 1.712226867675781250e+00
9.561870098114013672e-01 1.692045092582702637e+00
9.571956396102905273e-01 1.669231534004211426e+00
9.582042694091796875e-01 1.684298038482666016e+00
9.592128992080688477e-01 1.716884374618530273e+00
9.602215290069580078e-01 1.691877722740173340e+00
9.612302184104919434e-01 1.723995685577392578e+00
9.622388482093811035e-01 1.729795932769775391e+00
9.632474780082702637e-01 1.671793818473815918e+00
9.642561078071594238e-01 1.675732254981994629e+00
9.652647376060485840e-01 1.686761260032653809e+00
9.662733674049377441e-01 1.725067973136901855e+00
9.672819972038269043e-01 1.706896185874938965e+00
9.682906270027160645e-01 1.695062279701232910e+00
9.692992568016052246e-01 1.737698674201965332e+00
9.703078866004943848e-01 1.693664789199829102e+00
9.713165760040283203e-01 1.654333591461181641e+00
9.723252058029174805e-01 1.653484821319580078e+00
9.733338356018066406e-01 1.652684092521667480e+00
9.743424654006958008e-01 1.685522437095642090e+00
9.753510951995849609e-01 1.710416078567504883e+00
9.763597249984741211e-01 1.699472784996032715e+00
9.773683547973632812e-01 1.677331924438476562e+00
9.783769845962524414e-01 1.672050356864929199e+00
9.793856143951416016e-01 1.698998808860778809e+00
9.803943037986755371e-01 1.660738468170166016e+00
9.814029335975646973e-01 1.714851617813110352e+00
9.824115633964538574e-01 1.657756328582763672e+00
9.834201931953430176e-01 1.676791191101074219e+00
9.844288229942321777e-01 1.672966361045837402e+00
9.854374527931213379e-01 1.662008523941040039e+00
9.864460825920104980e-01 1.691938996315002441e+00
9.874547123908996582e-01 1.718010544776916504e+00
9.884633421897888184e-01 1.739162683486938477e+00
9.894719719886779785e-01 1.646001100540161133e+00
9.904806613922119141e-01 1.617563247680664062e+00
9.914892911911010742e-01 1.638130068778991699e+00
9.924979209899902344e-01 1.697841048240661621e+00
9.935065507888793945e-01 1.714370846748352051e+00
9.945151805877685547e-01 1.654183506965637207e+00
9.955238103866577148e-01 1.674790263175964355e+00
9.965324401855468750e-01 1.678228855133056641e+00
9.975410699844360352e-01 1.614589929580688477e+00
9.985496997833251953e-01 1.603644132614135742e+00
9.995583891868591309e-01 1.623475074768066406e+00
1.000566959381103516e+00 1.637445330619812012e+00
1.001575589179992676e+00 1.667812466621398926e+00
1.002584218978881836e+00 1.636354565620422363e+00
1.003592848777770996e+00 1.611780762672424316e+00
1.004601597785949707e+00 1.580349326133728027e+00
1.005610227584838867e+00 1.585726857185363770e+00
1.006618857383728027e+00 1.572805404663085938e+00
1.007627487182617188e+00 1.635721445083618164e+00
1.008636116981506348e+00 1.559370517730712891e+00
1.009644746780395508e+00 1.549553394317626953e+00
1.010653376579284668e+00 1.581836700439453125e+00
1.011662006378173828e+00 1.600904703140258789e+00
1.012670636177062988e+00 1.598134160041809082e+00
1.013679265975952148e+00 1.628154158592224121e+00
1.014687895774841309e+00 1.588603019714355469e+00
1.015696525573730469e+00 1.569298386573791504e+00
1.016705155372619629e+00 1.645879387855529785e+00
1.017713785171508789e+00 1.589689373970031738e+00
1.018722414970397949e+00 1.614667057991027832e+00
1.019731044769287109e+00 1.591447472572326660e+00
1.020739674568176270e+00 1.557526588439941406e+00
1.021748304367065430e+00 1.632637977600097656e+00
1.022756934165954590e+00 1.617845058441162109e+00
1.023765683174133301e+00 1.602585315704345703e+00
1.024774312973022461e+00 1.599936366081237793e+00
1.025782942771911621e+00 1.623153090476989746e+00
1.026791572570800781e+00 1.597515106201171875e+00
1.027800202369689941e+00 1.618932843208312988e+00
1.028808832168579102e+00 1.593239545822143555e+00
1.029817461967468262e+00 1.611449003219604492e+00
1.030826091766357422e+00 1.612380981445312500e+00
1.031834721565246582e+00 1.614546179771423340e+00
1.032843351364135742e+00 1.618200421333312988e+00
1.033851981163024902e+00 1.627691268920898438e+00
1.034860610961914062e+00 1.659136772155761719e+00
1.035869240760803223e+00 1.657658338546752930e+00
1.036877870559692383e+00 1.594538807868957520e+00
1.037886500358581543e+00 1.631632804870605469e+00
1.038895130157470703e+00 1.656091570854187012e+00
1.039903759956359863e+00 1.637879848480224609e+00
1.040912389755249023e+00 1.575770735740661621e+00
1.041921019554138184e+00 1.660559892654418945e+00
1.042929768562316895e+00 1.650684714317321777e+00
1.043938398361206055e+00 1.653769135475158691e+00
1.044947028160095215e+00 1.709257602691650391e+00
1.045955657958984375e+00 1.603340744972229004e+00
1.046964287757873535e+00 1.590921401977539062e+00
1.047972917556762695e+00 1.613691329956054688e+00
1.048981547355651855e+00 1.679704427719116211e+00
1.049990177154541016e+00 1.686568975448608398e+00
1.050998806953430176e+00 1.686008334159851074e+00
1.052007436752319336e+00 1.698871016502380371e+00
1.053016066551208496e+00 1.685665249824523926e+00
1.054024696350097656e+00 1.725312352180480957e+00
1.055033326148986816e+00 1.689002513885498047e+00
1.056041955947875977e+00 1.696398019790649414e+00
1.057050585746765137e+00 1.639563441276550293e+00
1.058059215545654297e+00 1.677102923393249512e+00
1.059067845344543457e+00 1.718118190765380859e+00
1.060076475143432617e+00 1.690416932106018066e+00
1.061085104942321777e+00 1.691044569015502930e+00
1.062093853950500488e+00 1.689864277839660645e+00
1.063102483749389648e+00 1.690703868865966797e+00
1.064111113548278809e+00 1.702200412750244141e+00
1.065119743347167969e+00 1.725002288818359375e+00
1.066128373146057129e+00 1.760509729385375977e+00
1.067137002944946289e+00 1.751789569854736328e+00
1.068145632743835449e+00 1.760435819625854492e+00
1.069154262542724609e+00 1.707912206649780273e+00
1.070162892341613770e+00 1.704582333564758301e+00
1.071171522140502930e+00 1.703280925750732422e+00
1.072180151939392090e+00 1.708856344223022461e+00
1.073188781738281250e+00 1.738528013229370117e+00
1.074197411537170410e+00 1.712059855461120605e+00
1.075206041336059570e+00 1.703885078430175781e+00
1.076214671134948730e+00 1.670374512672424316e+00
1.077223300933837891e+00 1.632903575897216797e+00
1.078231930732727051e+00 1.658998608589172363e+00
1.079240560531616211e+00 1.728279709815979004e+00
1.080249190330505371e+00 1.707368612289428711e+00
1.081257939338684082e+00 1.685563921928405762e+00
1.082266569137573242e+00 1.747850775718688965e+00
1.083275198936462402e+00 1.726820588111877441e+00
1.084283828735351562e+00 1.771331429481506348e+00
1.085292458534240723e+00 1.764878153800964355e+00
1.086301088333129883e+00 1.779690861701965332e+00
1.087309718132019043e+00 1.701247811317443848e+00
1.088318347930908203e+00 1.752545237541198730e+00
1.089326977729797363e+00 1.806045770645141602e+00
1.090335607528686523e+00 1.749889373779296875e+00
1.091344237327575684e+00 1.762675404548645020e+00
1.092352867126464844e+00 1.746879696846008301e+00
1.093361496925354004e+00 1.724078655242919922e+00
1.094370126724243164e+00 1.749480247497558594e+00
1.095378756523132324e+00 1.631615877151489258e+00
1.096387386322021484e+00 1.708070755004882812e+00
1.097396016120910645e+00 1.757902741432189941e+00
1.098404645919799805e+00 1.767044067382812500e+00
1.099413275718688965e+00 1.793696522712707520e+00
1.100422024726867676e+00 1.790363311767578125e+00
1.101430654525756836e+00 1.828133940696716309e+00
1.102439284324645996e+00 1.786709785461425781e+00
1.103447914123535156e+00 1.730393052101135254e+00
1.104456543922424316e+00 1.818578124046325684e+00
1.105465173721313477e+00 1.788018703460693359e+00
1.106473803520202637e+00 1.816665291786193848e+00
1.107482433319091797e+00 1.796225786209106445e+00
1.108491063117980957e+00 1.703630566596984863e+00
1.109499692916870117e+00 1.700939655303955078e+00
1.110508322715759277e+00 1.775653958320617676e+00
1.111516952514648438e+00 1.798662781715393066e+00
1.112525582313537598e+00 1.726816534996032715e+00
1.113534212112426758e+00 1.734439730644226074e+00
1.114542841911315918e+00 1.733073711395263672e+00
1.115551471710205078e+00 1.797160863876342773e+00
1.116560101509094238e+00 1.705697059631347656e+00
1.117568731307983398e+00 1.805587649345397949e+00
1.118577361106872559e+00 1.771074652671813965e+00
1.119586110115051270e+00 1.746139645576477051e+00
1.120594739913940430e+00 1.801059126853942871e+00
1.121603369712829590e+00 1.783036947250366211e+00
1.122611999511718750e+00 1.818957805633544922e+00
1.123620629310607910e+00 1.845013260841369629e+00
1.124629259109497070e+00 1.852114677429199219e+00
1.125637888908386230e+00 1.823804855346679688e+00
1.126646518707275391e+00 1.846586227416992188e+00
1.127655148506164551e+00 1.923887252807617188e+00
1.128663778305053711e+00 2.001952886581420898e+00
1.129672408103942871e+00 1.846038579940795898e+00
1.130681037902832031e+00 1.794616937637329102e+00
1.131689667701721191e+00 1.866088151931762695e+00
1.132698297500610352e+00 1.780194997787475586e+00
1.133706927299499512e+00 1.800599455833435059e+00
1.134715557098388672e+00 1.823145627975463867e+00
1.135724186897277832e+00 1.771363377571105957e+00
1.136732816696166992e+00 1.844239115715026855e+00
1.137741446495056152e+00 1.918672680854797363e+00
1.138750195503234863e+00 1.922539591789245605e+00
1.139758825302124023e+00 1.819273829460144043e+00
1.140767455101013184e+00 1.861585617065429688e+00
1.141776084899902344e+00 1.832113862037658691e+00
1.142784714698791504e+00 1.840838313102722168e+00
1.143793344497680664e+00 1.870053648948669434e+00
1.144801974296569824e+00 1.890257358551025391e+00
1.145810604095458984e+00 1.953509569168090820e+00
1.146819233894348145e+00 1.943072557449340820e+00
1.147827863693237305e+00 1.874414682388305664e+00
1.148836493492126465e+00 1.819465041160583496e+00
1.149845123291015625e+00 1.789225101470947266e+00
1.150853753089904785e+00 1.808891773223876953e+00
1.151862382888793945e+00 1.863447546958923340e+00
1.152871012687683105e+00 2.008614301681518555e+00
1.153879642486572266e+00 1.956682085990905762e+00
1.154888272285461426e+00 1.831554055213928223e+00
1.155896902084350586e+00 1.891354203224182129e+00
1.156905531883239746e+00 1.906967282295227051e+00
1.157914280891418457e+00 1.817005276679992676e+00
1.158922910690307617e+00 1.908961653709411621e+00
1.159931540489196777e+00 1.985912203788757324e+00
1.160940170288085938e+00 1.877062916755676270e+00
1.161948800086975098e+00 2.014473915100097656e+00
1.162957429885864258e+00 2.002739906311035156e+00
1.163966059684753418e+00 2.032928466796875000e+00
1.164974689483642578e+00 1.956345677375793457e+00
1.165983319282531738e+00 2.027584791183471680e+00
1.166991949081420898e+00 1.993832349777221680e+00
1.168000578880310059e+00 1.976402282714843750e+00
1.169009208679199219e+00 1.900826573371887207e+00
1.170017838478088379e+00 1.813080191612243652e+00
1.171026468276977539e+00 1.974270939826965332e+00
1.172035098075866699e+00 1.951295256614685059e+00
1.173043727874755859e+00 2.022795438766479492e+00
1.174052357673645020e+00 2.006250619888305664e+00
1.175060987472534180e+00 1.920580744743347168e+00
1.176069617271423340e+00 2.105208396911621094e+00
1.177078366279602051e+00 2.091283321380615234e+00
1.178086996078491211e+00 1.770088315010070801e+00
1.179095625877380371e+00 2.065341711044311523e+00
1.180104255676269531e+00 1.816233515739440918e+00
1.181112885475158691e+00 1.833394169807434082e+00
1.182121515274047852e+00 1.997553706169128418e+00
1.183130145072937012e+00 1.863567829132080078e+00
1.184138774871826172e+00 2.000952482223510742e+00
1.185147404670715332e+00 2.055996656417846680e+00
1.186156034469604492e+00 1.932718276977539062e+00
1.187164664268493652e+00 1.988597989082336426e+00
1.188173294067382812e+00 1.972815871238708496e+00
1.189181923866271973e+00 1.827094316482543945e+00
1.190190553665161133e+00 1.962426424026489258e+00
1.191199183464050293e+00 1.982001662254333496e+00
1.192207813262939453e+00 2.160434007644653320e+00
1.193216443061828613e+00 1.828178524971008301e+00
1.194225072860717773e+00 2.044615983963012695e+00
1.195233702659606934e+00 2.086398601531982422e+00
1.196242451667785645e+00 2.028476715087890625e+00
1.197251081466674805e+00 1.844008088111877441e+00
1.198259711265563965e+00 2.141556024551391602e+00
1.199268341064453125e+00 1.968690514564514160e+00
1.200276970863342285e+00 1.899584531784057617e+00
1.201285600662231445e+00 2.350423336029052734e+00
1.202294230461120605e+00 1.848022818565368652e+00
1.203302860260009766e+00 2.106848955154418945e+00
1.204311490058898926e+00 2.182024717330932617e+00
1.205320119857788086e+00 2.285161733627319336e+00
1.206328749656677246e+00 2.015645742416381836e+00
1.207337379455566406e+00 2.190176010131835938e+00
1.208346009254455566e+00 2.257674217224121094e+00
1.209354639053344727e+00 2.211440563201904297e+00
