0.000000000000000000e+00 4.058479785919189453e+00
1.000000000000000000e+00 3.920212030410766602e+00
2.000000000000000000e+00 4.295240879058837891e+00
3.000000000000000000e+00 4.159668445587158203e+00
4.000000000000000000e+00 4.023960113525390625e+00
5.000000000000000000e+00 4.689182281494140625e+00
6.000000000000000000e+00 4.497581481933593750e+00
7.000000000000000000e+00 3.576367378234863281e+00
8.000000000000000000e+00 3.645834922790527344e+00
9.000000000000000000e+00 4.084949016571044922e+00
1.000000000000000000e+01 4.726588249206542969e+00
1.100000000000000000e+01 4.914083957672119141e+00
1.200000000000000000e+01 5.005499839782714844e+00
1.300000000000000000e+01 5.163538932800292969e+00
1.400000000000000000e+01 5.224310398101806641e+00
1.500000000000000000e+01 5.022693157196044922e+00
1.600000000000000000e+01 4.800802707672119141e+00
1.700000000000000000e+01 4.311690807342529297e+00
1.800000000000000000e+01 3.877723693847656250e+00
1.900000000000000000e+01 2.753343105316162109e+00
2.000000000000000000e+01 2.622571468353271484e+00
2.100000000000000000e+01 2.610181808471679688e+00
2.200000000000000000e+01 2.289396047592163086e+00
2.300000000000000000e+01 2.260952472686767578e+00
2.400000000000000000e+01 2.215811967849731445e+00
2.500000000000000000e+01 2.215112924575805664e+00
2.600000000000000000e+01 2.234632492065429688e+00
2.700000000000000000e+01 2.228182077407836914e+00
2.800000000000000000e+01 2.096576690673828125e+00
2.900000000000000000e+01 2.267819643020629883e+00
3.000000000000000000e+01 2.158949136734008789e+00
3.100000000000000000e+01 2.231631517410278320e+00
3.200000000000000000e+01 2.169911146163940430e+00
3.300000000000000000e+01 2.251918554306030273e+00
3.400000000000000000e+01 2.222774982452392578e+00
3.500000000000000000e+01 2.242352724075317383e+00
3.600000000000000000e+01 2.235484600067138672e+00
3.700000000000000000e+01 2.234069585800170898e+00
3.800000000000000000e+01 2.287198066711425781e+00
3.900000000000000000e+01 2.339985370635986328e+00
4.000000000000000000e+01 2.233725547790527344e+00
4.100000000000000000e+01 2.257908582687377930e+00
4.200000000000000000e+01 2.274513483047485352e+00
4.300000000000000000e+01 2.336925983428955078e+00
4.400000000000000000e+01 2.426781654357910156e+00
4.500000000000000000e+01 2.381300449371337891e+00
4.600000000000000000e+01 2.293498754501342773e+00
4.700000000000000000e+01 2.296734333038330078e+00
4.800000000000000000e+01 2.356174230575561523e+00
4.900000000000000000e+01 2.365082502365112305e+00
5.000000000000000000e+01 2.049316167831420898e+00
5.100000000000000000e+01 2.162813425064086914e+00
5.200000000000000000e+01 2.320467710494995117e+00
5.300000000000000000e+01 2.509903192520141602e+00
5.400000000000000000e+01 2.444488763809204102e+00
5.500000000000000000e+01 2.501603841781616211e+00
5.600000000000000000e+01 2.458406686782836914e+00
5.700000000000000000e+01 2.497447729110717773e+00
5.800000000000000000e+01 2.469812154769897461e+00
5.900000000000000000e+01 2.531975984573364258e+00
6.000000000000000000e+01 2.478398323059082031e+00
6.100000000000000000e+01 2.535603046417236328e+00
6.200000000000000000e+01 2.515940904617309570e+00
6.300000000000000000e+01 2.449300527572631836e+00
6.400000000000000000e+01 2.353060960769653320e+00
6.500000000000000000e+01 2.453352689743041992e+00
6.600000000000000000e+01 2.428049802780151367e+00
6.700000000000000000e+01 2.416468381881713867e+00
6.800000000000000000e+01 2.607381820678710938e+00
6.900000000000000000e+01 2.912623405456542969e+00
7.000000000000000000e+01 3.052536010742187500e+00
7.100000000000000000e+01 3.188903570175170898e+00
7.200000000000000000e+01 3.086374998092651367e+00
7.300000000000000000e+01 3.076836824417114258e+00
7.400000000000000000e+01 3.210567235946655273e+00
7.500000000000000000e+01 3.051629543304443359e+00
7.600000000000000000e+01 2.890510082244873047e+00
7.700000000000000000e+01 2.825451135635375977e+00
7.800000000000000000e+01 2.953240633010864258e+00
7.900000000000000000e+01 3.284176588058471680e+00
8.000000000000000000e+01 3.370983362197875977e+00
8.100000000000000000e+01 3.298512458801269531e+00
8.200000000000000000e+01 3.171836376190185547e+00
8.300000000000000000e+01 3.371085882186889648e+00
8.400000000000000000e+01 3.399989843368530273e+00
8.500000000000000000e+01 3.917983055114746094e+00
8.600000000000000000e+01 4.157879829406738281e+00
8.700000000000000000e+01 4.662137985229492188e+00
8.800000000000000000e+01 4.507168292999267578e+00
8.900000000000000000e+01 4.438354969024658203e+00
9.000000000000000000e+01 4.158592700958251953e+00
9.100000000000000000e+01 4.170744895935058594e+00
9.200000000000000000e+01 4.125197410583496094e+00
9.300000000000000000e+01 4.117869853973388672e+00
9.400000000000000000e+01 4.308735847473144531e+00
9.500000000000000000e+01 5.024758815765380859e+00
9.600000000000000000e+01 5.384860992431640625e+00
9.700000000000000000e+01 5.280658721923828125e+00
9.800000000000000000e+01 5.317300319671630859e+00
9.900000000000000000e+01 5.052011013031005859e+00
1.000000000000000000e+02 4.820407390594482422e+00
1.010000000000000000e+02 2.892658948898315430e+00
1.020000000000000000e+02 2.761044979095458984e+00
1.030000000000000000e+02 2.866152048110961914e+00
1.040000000000000000e+02 2.996275901794433594e+00
1.050000000000000000e+02 3.271175146102905273e+00
1.060000000000000000e+02 3.721525430679321289e+00
1.070000000000000000e+02 4.290328979492187500e+00
1.080000000000000000e+02 4.584555149078369141e+00
1.090000000000000000e+02 4.767375469207763672e+00
1.100000000000000000e+02 5.136027812957763672e+00
1.110000000000000000e+02 5.440284252166748047e+00
1.120000000000000000e+02 5.424222946166992188e+00
1.130000000000000000e+02 5.673087596893310547e+00
1.140000000000000000e+02 6.482976436614990234e+00
1.150000000000000000e+02 7.077908039093017578e+00
1.160000000000000000e+02 7.117519855499267578e+00
1.170000000000000000e+02 7.024579524993896484e+00
1.180000000000000000e+02 6.837076663970947266e+00
1.190000000000000000e+02 6.216503143310546875e+00
1.200000000000000000e+02 5.418088912963867188e+00
1.210000000000000000e+02 3.814502239227294922e+00
1.220000000000000000e+02 3.776851415634155273e+00
1.230000000000000000e+02 3.359360456466674805e+00
1.240000000000000000e+02 3.006482362747192383e+00
1.250000000000000000e+02 3.050982952117919922e+00
1.260000000000000000e+02 2.887937068939208984e+00
1.270000000000000000e+02 2.739622116088867188e+00
1.280000000000000000e+02 2.578607797622680664e+00
1.290000000000000000e+02 2.853450536727905273e+00
1.300000000000000000e+02 2.525074005126953125e+00
1.310000000000000000e+02 2.586709976196289062e+00
1.320000000000000000e+02 2.436168432235717773e+00
1.330000000000000000e+02 2.505833625793457031e+00
1.340000000000000000e+02 2.571356773376464844e+00
1.350000000000000000e+02 2.615037918090820312e+00
1.360000000000000000e+02 2.566549062728881836e+00
1.370000000000000000e+02 2.542352437973022461e+00
1.380000000000000000e+02 2.539412260055541992e+00
1.390000000000000000e+02 2.675380468368530273e+00
1.400000000000000000e+02 2.805105686187744141e+00
1.410000000000000000e+02 2.693014621734619141e+00
1.420000000000000000e+02 2.508555650711059570e+00
1.430000000000000000e+02 2.539873361587524414e+00
1.440000000000000000e+02 2.416529178619384766e+00
1.450000000000000000e+02 2.631122112274169922e+00
1.460000000000000000e+02 2.770910978317260742e+00
1.470000000000000000e+02 2.900509595870971680e+00
1.480000000000000000e+02 2.859126329421997070e+00
1.490000000000000000e+02 2.910774946212768555e+00
1.500000000000000000e+02 2.934849500656127930e+00
1.510000000000000000e+02 2.759883165359497070e+00
1.520000000000000000e+02 2.713501453399658203e+00
1.530000000000000000e+02 2.942955493927001953e+00
1.540000000000000000e+02 2.868293285369873047e+00
1.550000000000000000e+02 2.832056999206542969e+00
1.560000000000000000e+02 2.713337421417236328e+00
1.570000000000000000e+02 2.655506134033203125e+00
1.580000000000000000e+02 2.460107564926147461e+00
1.590000000000000000e+02 2.497963190078735352e+00
1.600000000000000000e+02 2.383716821670532227e+00
1.610000000000000000e+02 2.381955146789550781e+00
1.620000000000000000e+02 2.364354610443115234e+00
1.630000000000000000e+02 2.422923564910888672e+00
1.640000000000000000e+02 2.211364507675170898e+00
1.650000000000000000e+02 2.409317016601562500e+00
1.660000000000000000e+02 2.385591506958007812e+00
1.670000000000000000e+02 2.406481742858886719e+00
1.680000000000000000e+02 2.368569612503051758e+00
1.690000000000000000e+02 2.825112104415893555e+00
1.700000000000000000e+02 2.998494386672973633e+00
1.710000000000000000e+02 3.528852462768554688e+00
1.720000000000000000e+02 3.316561698913574219e+00
1.730000000000000000e+02 3.418123960494995117e+00
1.740000000000000000e+02 3.550419807434082031e+00
1.750000000000000000e+02 3.504731893539428711e+00
1.760000000000000000e+02 3.716288328170776367e+00
1.770000000000000000e+02 3.681072473526000977e+00
1.780000000000000000e+02 3.838186502456665039e+00
1.790000000000000000e+02 3.927891016006469727e+00
1.800000000000000000e+02 4.252653598785400391e+00
1.810000000000000000e+02 4.153621196746826172e+00
1.820000000000000000e+02 4.498360633850097656e+00
1.830000000000000000e+02 4.842070579528808594e+00
1.840000000000000000e+02 4.858401298522949219e+00
1.850000000000000000e+02 4.843490123748779297e+00
1.860000000000000000e+02 5.183920860290527344e+00
1.870000000000000000e+02 5.395392417907714844e+00
1.880000000000000000e+02 5.276681423187255859e+00
1.890000000000000000e+02 4.983500480651855469e+00
1.900000000000000000e+02 4.862152099609375000e+00
1.910000000000000000e+02 4.953639030456542969e+00
1.920000000000000000e+02 5.346267223358154297e+00
1.930000000000000000e+02 5.435581207275390625e+00
1.940000000000000000e+02 5.325947284698486328e+00
1.950000000000000000e+02 5.514701366424560547e+00
1.960000000000000000e+02 5.758345127105712891e+00
1.970000000000000000e+02 6.081376075744628906e+00
1.980000000000000000e+02 6.447534561157226562e+00
1.990000000000000000e+02 6.255086421966552734e+00
2.000000000000000000e+02 6.101719856262207031e+00
2.010000000000000000e+02 6.096798896789550781e+00
2.020000000000000000e+02 2.983932971954345703e+00
2.030000000000000000e+02 2.891244411468505859e+00
2.040000000000000000e+02 2.975134611129760742e+00
2.050000000000000000e+02 2.897871494293212891e+00
2.060000000000000000e+02 3.170349121093750000e+00
2.070000000000000000e+02 3.191173076629638672e+00
2.080000000000000000e+02 3.658984422683715820e+00
2.090000000000000000e+02 3.801447153091430664e+00
2.100000000000000000e+02 4.046790599822998047e+00
2.110000000000000000e+02 4.626804828643798828e+00
2.120000000000000000e+02 5.029853820800781250e+00
2.130000000000000000e+02 5.586297988891601562e+00
2.140000000000000000e+02 6.058040142059326172e+00
2.150000000000000000e+02 6.368667602539062500e+00
2.160000000000000000e+02 6.866336345672607422e+00
2.170000000000000000e+02 6.827896118164062500e+00
2.180000000000000000e+02 6.591480731964111328e+00
2.190000000000000000e+02 6.212548732757568359e+00
2.200000000000000000e+02 6.162633895874023438e+00
2.210000000000000000e+02 5.806117534637451172e+00
2.220000000000000000e+02 5.411525249481201172e+00
2.230000000000000000e+02 4.746337413787841797e+00
2.240000000000000000e+02 4.190096855163574219e+00
2.250000000000000000e+02 3.447241067886352539e+00
2.260000000000000000e+02 3.158557176589965820e+00
2.270000000000000000e+02 3.042748451232910156e+00
2.280000000000000000e+02 2.881608009338378906e+00
2.290000000000000000e+02 2.757109403610229492e+00
2.300000000000000000e+02 2.734441757202148438e+00
2.310000000000000000e+02 2.837046384811401367e+00
2.320000000000000000e+02 2.895853042602539062e+00
2.330000000000000000e+02 2.802746772766113281e+00
2.340000000000000000e+02 2.832039356231689453e+00
2.350000000000000000e+02 2.777582645416259766e+00
2.360000000000000000e+02 2.909281969070434570e+00
2.370000000000000000e+02 2.949639797210693359e+00
2.380000000000000000e+02 2.825102806091308594e+00
2.390000000000000000e+02 2.906104326248168945e+00
2.400000000000000000e+02 3.061669588088989258e+00
2.410000000000000000e+02 2.818502902984619141e+00
2.420000000000000000e+02 2.861360073089599609e+00
2.430000000000000000e+02 2.884968757629394531e+00
2.440000000000000000e+02 2.968457460403442383e+00
2.450000000000000000e+02 2.620951652526855469e+00
2.460000000000000000e+02 3.097814083099365234e+00
2.470000000000000000e+02 2.699340343475341797e+00
2.480000000000000000e+02 2.478285074234008789e+00
2.490000000000000000e+02 2.701318025588989258e+00
2.500000000000000000e+02 2.809961318969726562e+00
2.510000000000000000e+02 2.836545467376708984e+00
2.520000000000000000e+02 2.812108039855957031e+00
2.530000000000000000e+02 2.716860532760620117e+00
2.540000000000000000e+02 2.753939151763916016e+00
2.550000000000000000e+02 2.881685495376586914e+00
2.560000000000000000e+02 2.940050601959228516e+00
2.570000000000000000e+02 3.026184797286987305e+00
2.580000000000000000e+02 3.016991138458251953e+00
2.590000000000000000e+02 3.012991905212402344e+00
2.600000000000000000e+02 2.957212924957275391e+00
2.610000000000000000e+02 3.029793739318847656e+00
2.620000000000000000e+02 3.205182313919067383e+00
2.630000000000000000e+02 3.072364568710327148e+00
2.640000000000000000e+02 3.156318426132202148e+00
2.650000000000000000e+02 3.018479824066162109e+00
2.660000000000000000e+02 2.864810228347778320e+00
2.670000000000000000e+02 2.842005968093872070e+00
2.680000000000000000e+02 2.905526876449584961e+00
2.690000000000000000e+02 3.039771556854248047e+00
2.700000000000000000e+02 3.246257305145263672e+00
2.710000000000000000e+02 3.180066585540771484e+00
2.720000000000000000e+02 3.275615215301513672e+00
2.730000000000000000e+02 3.355239868164062500e+00
2.740000000000000000e+02 3.426806211471557617e+00
2.750000000000000000e+02 3.608476638793945312e+00
2.760000000000000000e+02 4.056962966918945312e+00
2.770000000000000000e+02 4.220824241638183594e+00
2.780000000000000000e+02 4.543173313140869141e+00
2.790000000000000000e+02 4.975738048553466797e+00
2.800000000000000000e+02 5.295952796936035156e+00
2.810000000000000000e+02 5.260210990905761719e+00
2.820000000000000000e+02 5.306048870086669922e+00
2.830000000000000000e+02 5.772126197814941406e+00
2.840000000000000000e+02 6.105753421783447266e+00
2.850000000000000000e+02 5.630273342132568359e+00
2.860000000000000000e+02 5.771396636962890625e+00
2.870000000000000000e+02 5.414773941040039062e+00
2.880000000000000000e+02 5.730959415435791016e+00
2.890000000000000000e+02 5.633771896362304688e+00
2.900000000000000000e+02 5.467511177062988281e+00
2.910000000000000000e+02 5.196989536285400391e+00
2.920000000000000000e+02 5.306966781616210938e+00
2.930000000000000000e+02 5.817167758941650391e+00
2.940000000000000000e+02 6.275159835815429688e+00
2.950000000000000000e+02 6.229424476623535156e+00
2.960000000000000000e+02 6.979374408721923828e+00
2.970000000000000000e+02 6.887986660003662109e+00
2.980000000000000000e+02 6.701296329498291016e+00
2.990000000000000000e+02 6.745856761932373047e+00
3.000000000000000000e+02 6.565586090087890625e+00
3.010000000000000000e+02 7.039711952209472656e+00
3.020000000000000000e+02 7.288131237030029297e+00
3.030000000000000000e+02 3.381718158721923828e+00
3.040000000000000000e+02 3.361212015151977539e+00
3.050000000000000000e+02 3.453174352645874023e+00
3.060000000000000000e+02 3.505904674530029297e+00
3.070000000000000000e+02 3.271034955978393555e+00
3.080000000000000000e+02 3.347519159317016602e+00
3.090000000000000000e+02 3.850986480712890625e+00
3.100000000000000000e+02 4.391446590423583984e+00
3.110000000000000000e+02 5.129705905914306641e+00
3.120000000000000000e+02 6.152481079101562500e+00
3.130000000000000000e+02 6.144359111785888672e+00
3.140000000000000000e+02 4.993513584136962891e+00
3.150000000000000000e+02 5.840474605560302734e+00
3.160000000000000000e+02 6.548123836517333984e+00
3.170000000000000000e+02 7.139605522155761719e+00
3.180000000000000000e+02 7.183468818664550781e+00
3.190000000000000000e+02 7.153518199920654297e+00
3.200000000000000000e+02 6.998288154602050781e+00
3.210000000000000000e+02 6.826239109039306641e+00
3.220000000000000000e+02 6.511153221130371094e+00
3.230000000000000000e+02 6.289810180664062500e+00
3.240000000000000000e+02 5.967088222503662109e+00
3.250000000000000000e+02 5.275704383850097656e+00
3.260000000000000000e+02 4.915613174438476562e+00
3.270000000000000000e+02 4.740126132965087891e+00
3.280000000000000000e+02 4.956249237060546875e+00
3.290000000000000000e+02 4.892638206481933594e+00
3.300000000000000000e+02 4.433113574981689453e+00
3.310000000000000000e+02 4.336777210235595703e+00
3.320000000000000000e+02 4.087307929992675781e+00
3.330000000000000000e+02 4.238614082336425781e+00
3.340000000000000000e+02 3.925975084304809570e+00
3.350000000000000000e+02 4.191458225250244141e+00
3.360000000000000000e+02 4.241366386413574219e+00
3.370000000000000000e+02 4.335052013397216797e+00
3.380000000000000000e+02 4.452315330505371094e+00
3.390000000000000000e+02 4.271968364715576172e+00
3.400000000000000000e+02 4.069871425628662109e+00
3.410000000000000000e+02 4.094210624694824219e+00
3.420000000000000000e+02 3.742208480834960938e+00
3.430000000000000000e+02 3.175237655639648438e+00
3.440000000000000000e+02 3.903971433639526367e+00
3.450000000000000000e+02 3.987614631652832031e+00
3.460000000000000000e+02 4.166565418243408203e+00
3.470000000000000000e+02 4.277431964874267578e+00
3.480000000000000000e+02 3.988967180252075195e+00
3.490000000000000000e+02 3.597698688507080078e+00
3.500000000000000000e+02 3.983134031295776367e+00
3.510000000000000000e+02 4.086316108703613281e+00
3.520000000000000000e+02 4.237534999847412109e+00
3.530000000000000000e+02 4.244297027587890625e+00
3.540000000000000000e+02 4.086407184600830078e+00
3.550000000000000000e+02 4.111268997192382812e+00
3.560000000000000000e+02 4.041780471801757812e+00
3.570000000000000000e+02 4.098316669464111328e+00
3.580000000000000000e+02 4.231967926025390625e+00
3.590000000000000000e+02 4.542284965515136719e+00
3.600000000000000000e+02 4.371714115142822266e+00
3.610000000000000000e+02 4.173432826995849609e+00
3.620000000000000000e+02 4.284630775451660156e+00
3.630000000000000000e+02 4.190074920654296875e+00
3.640000000000000000e+02 4.028857707977294922e+00
3.650000000000000000e+02 3.987056970596313477e+00
3.660000000000000000e+02 4.124736785888671875e+00
3.670000000000000000e+02 4.017796993255615234e+00
3.680000000000000000e+02 4.018680572509765625e+00
3.690000000000000000e+02 4.117836475372314453e+00
3.700000000000000000e+02 4.535724163055419922e+00
3.710000000000000000e+02 4.845468044281005859e+00
3.720000000000000000e+02 5.130578994750976562e+00
3.730000000000000000e+02 5.806818485260009766e+00
3.740000000000000000e+02 6.040195941925048828e+00
3.750000000000000000e+02 6.268281936645507812e+00
3.760000000000000000e+02 6.479833126068115234e+00
3.770000000000000000e+02 6.616798400878906250e+00
3.780000000000000000e+02 6.740646839141845703e+00
3.790000000000000000e+02 6.642064571380615234e+00
3.800000000000000000e+02 6.691131591796875000e+00
3.810000000000000000e+02 6.533021450042724609e+00
3.820000000000000000e+02 6.456715106964111328e+00
3.830000000000000000e+02 6.411700248718261719e+00
3.840000000000000000e+02 6.303245067596435547e+00
3.850000000000000000e+02 6.450214385986328125e+00
3.860000000000000000e+02 6.440391540527343750e+00
3.870000000000000000e+02 6.465503215789794922e+00
3.880000000000000000e+02 6.790862083435058594e+00
3.890000000000000000e+02 6.575068473815917969e+00
3.900000000000000000e+02 6.531579017639160156e+00
3.910000000000000000e+02 6.179978847503662109e+00
3.920000000000000000e+02 6.243432044982910156e+00
3.930000000000000000e+02 6.275999546051025391e+00
3.940000000000000000e+02 6.323919296264648438e+00
3.950000000000000000e+02 6.212907791137695312e+00
3.960000000000000000e+02 6.326616287231445312e+00
3.970000000000000000e+02 6.251279830932617188e+00
3.980000000000000000e+02 5.954793453216552734e+00
3.990000000000000000e+02 5.932591915130615234e+00
4.000000000000000000e+02 5.986843109130859375e+00
4.010000000000000000e+02 6.025350093841552734e+00
4.020000000000000000e+02 6.391824722290039062e+00
4.030000000000000000e+02 6.363943099975585938e+00
4.040000000000000000e+02 3.634792327880859375e+00
4.050000000000000000e+02 3.315704107284545898e+00
4.060000000000000000e+02 4.059119224548339844e+00
4.070000000000000000e+02 4.486020088195800781e+00
4.080000000000000000e+02 4.555287837982177734e+00
4.090000000000000000e+02 5.121677398681640625e+00
4.100000000000000000e+02 5.381823062896728516e+00
4.110000000000000000e+02 5.813121318817138672e+00
4.120000000000000000e+02 6.108713626861572266e+00
4.130000000000000000e+02 6.730294227600097656e+00
4.140000000000000000e+02 6.992358684539794922e+00
4.150000000000000000e+02 6.292073249816894531e+00
4.160000000000000000e+02 5.833654880523681641e+00
4.170000000000000000e+02 6.855056285858154297e+00
4.180000000000000000e+02 7.115532398223876953e+00
4.190000000000000000e+02 7.284140110015869141e+00
4.200000000000000000e+02 7.134852409362792969e+00
4.210000000000000000e+02 7.506695747375488281e+00
4.220000000000000000e+02 7.163911342620849609e+00
4.230000000000000000e+02 7.172336578369140625e+00
4.240000000000000000e+02 6.928301811218261719e+00
4.250000000000000000e+02 6.784912109375000000e+00
4.260000000000000000e+02 6.510150909423828125e+00
4.270000000000000000e+02 6.654211521148681641e+00
4.280000000000000000e+02 6.297263145446777344e+00
4.290000000000000000e+02 5.424331188201904297e+00
4.300000000000000000e+02 5.181938171386718750e+00
4.310000000000000000e+02 4.784303188323974609e+00
4.320000000000000000e+02 4.709913253784179688e+00
4.330000000000000000e+02 4.413837432861328125e+00
4.340000000000000000e+02 4.241958618164062500e+00
4.350000000000000000e+02 4.312864303588867188e+00
4.360000000000000000e+02 4.201739311218261719e+00
4.370000000000000000e+02 4.156797409057617188e+00
4.380000000000000000e+02 3.899915456771850586e+00
4.390000000000000000e+02 4.088347434997558594e+00
4.400000000000000000e+02 4.468448638916015625e+00
4.410000000000000000e+02 4.195270061492919922e+00
4.420000000000000000e+02 4.280364513397216797e+00
4.430000000000000000e+02 4.460183620452880859e+00
4.440000000000000000e+02 4.428749561309814453e+00
4.450000000000000000e+02 4.397677898406982422e+00
4.460000000000000000e+02 4.429279327392578125e+00
4.470000000000000000e+02 4.373445034027099609e+00
4.480000000000000000e+02 4.109473705291748047e+00
4.490000000000000000e+02 4.506195068359375000e+00
4.500000000000000000e+02 4.551382541656494141e+00
4.510000000000000000e+02 4.760773181915283203e+00
4.520000000000000000e+02 4.731326103210449219e+00
4.530000000000000000e+02 4.509035587310791016e+00
4.540000000000000000e+02 4.606365203857421875e+00
4.550000000000000000e+02 4.706707954406738281e+00
4.560000000000000000e+02 5.049942970275878906e+00
4.570000000000000000e+02 5.314433097839355469e+00
4.580000000000000000e+02 5.329586029052734375e+00
4.590000000000000000e+02 5.375706672668457031e+00
4.600000000000000000e+02 5.294003963470458984e+00
4.610000000000000000e+02 5.243649959564208984e+00
4.620000000000000000e+02 5.354138851165771484e+00
4.630000000000000000e+02 5.558748722076416016e+00
4.640000000000000000e+02 5.452824115753173828e+00
4.650000000000000000e+02 5.525108814239501953e+00
4.660000000000000000e+02 5.854653835296630859e+00
4.670000000000000000e+02 5.957899093627929688e+00
4.680000000000000000e+02 5.614821434020996094e+00
4.690000000000000000e+02 5.481282711029052734e+00
4.700000000000000000e+02 5.796454906463623047e+00
4.710000000000000000e+02 5.676390647888183594e+00
4.720000000000000000e+02 5.839031219482421875e+00
4.730000000000000000e+02 5.885339260101318359e+00
4.740000000000000000e+02 6.123266220092773438e+00
4.750000000000000000e+02 6.118332386016845703e+00
4.760000000000000000e+02 6.341381549835205078e+00
4.770000000000000000e+02 6.685383796691894531e+00
4.780000000000000000e+02 6.531151771545410156e+00
4.790000000000000000e+02 6.482130050659179688e+00
4.800000000000000000e+02 6.441823959350585938e+00
4.810000000000000000e+02 6.330307483673095703e+00
4.820000000000000000e+02 6.508977413177490234e+00
4.830000000000000000e+02 6.425295829772949219e+00
4.840000000000000000e+02 6.594073295593261719e+00
4.850000000000000000e+02 6.611255645751953125e+00
4.860000000000000000e+02 6.762545108795166016e+00
4.870000000000000000e+02 6.604902267456054688e+00
4.880000000000000000e+02 6.161134243011474609e+00
4.890000000000000000e+02 5.589382171630859375e+00
4.900000000000000000e+02 6.035576343536376953e+00
4.910000000000000000e+02 6.430694103240966797e+00
4.920000000000000000e+02 6.013076305389404297e+00
4.930000000000000000e+02 5.877721309661865234e+00
4.940000000000000000e+02 6.328326225280761719e+00
4.950000000000000000e+02 6.241162776947021484e+00
4.960000000000000000e+02 6.283936023712158203e+00
4.970000000000000000e+02 5.472159385681152344e+00
4.980000000000000000e+02 3.977580070495605469e+00
4.990000000000000000e+02 4.907844066619873047e+00
5.000000000000000000e+02 6.006587982177734375e+00
5.010000000000000000e+02 5.424334049224853516e+00
5.020000000000000000e+02 5.537966728210449219e+00
5.030000000000000000e+02 5.496149539947509766e+00
5.040000000000000000e+02 5.150867938995361328e+00
