0.000000000000000000e+00 1.414459228515625000e+03
1.008636085316538811e-03 1.080855346679687500e+03
2.017272170633077621e-03 7.696367187500000000e+02
3.025908255949616432e-03 5.819763183593750000e+02
4.034544341266155243e-03 4.596129455566406250e+02
5.043180659413337708e-03 3.590138244628906250e+02
6.051816511899232864e-03 2.958903503417968750e+02
7.060452364385128021e-03 2.451770477294921875e+02
8.069088682532310486e-03 2.040947265625000000e+02
9.077725000679492950e-03 1.702752075195312500e+02
1.008636131882667542e-02 1.489100494384765625e+02
1.109499670565128326e-02 1.290696105957031250e+02
1.210363302379846573e-02 1.117666549682617188e+02
1.311226934194564819e-02 9.902062988281250000e+01
1.412090472877025604e-02 8.820001220703125000e+01
1.512954104691743851e-02 7.755050659179687500e+01
1.613817736506462097e-02 6.948164367675781250e+01
1.714681275188922882e-02 6.203663635253906250e+01
1.815545000135898590e-02 5.574299621582031250e+01
1.916408538818359375e-02 5.020186996459960938e+01
2.017272263765335083e-02 4.530264663696289062e+01
2.118135802447795868e-02 4.028497695922851562e+01
2.218999341130256653e-02 3.681571197509765625e+01
2.319863066077232361e-02 3.357505798339843750e+01
2.420726604759693146e-02 3.041985893249511719e+01
2.521590143442153931e-02 2.784386825561523438e+01
2.622453868389129639e-02 2.545385932922363281e+01
2.723317407071590424e-02 2.356944847106933594e+01
2.824180945754051208e-02 2.144010162353515625e+01
2.925044670701026917e-02 1.934873962402343750e+01
3.025908209383487701e-02 1.754251098632812500e+01
3.126771748065948486e-02 1.638829231262207031e+01
3.227635473012924194e-02 1.508052349090576172e+01
3.328499197959899902e-02 1.385931968688964844e+01
3.429362550377845764e-02 1.328452587127685547e+01
3.530226275324821472e-02 1.238132190704345703e+01
3.631090000271797180e-02 1.126087093353271484e+01
3.731953352689743042e-02 1.069506454467773438e+01
3.832817077636718750e-02 9.830713272094726562e+00
3.933680802583694458e-02 9.346904754638671875e+00
4.034544527530670166e-02 8.532267570495605469e+00
4.135407879948616028e-02 7.946818828582763672e+00
4.236271604895591736e-02 7.606860160827636719e+00
4.337135329842567444e-02 7.082803249359130859e+00
4.437998682260513306e-02 6.877563953399658203e+00
4.538862407207489014e-02 6.392591953277587891e+00
4.639726132154464722e-02 6.025381565093994141e+00
4.740589484572410583e-02 5.730487346649169922e+00
4.841453209519386292e-02 5.432815074920654297e+00
4.942316934466362000e-02 5.110904693603515625e+00
5.043180286884307861e-02 4.710011482238769531e+00
5.144044011831283569e-02 4.607112407684326172e+00
5.244907736778259277e-02 4.477427482604980469e+00
5.345771089196205139e-02 4.150536537170410156e+00
5.446634814143180847e-02 4.040169715881347656e+00
5.547498539090156555e-02 3.862552404403686523e+00
5.648361891508102417e-02 3.756259918212890625e+00
5.749225616455078125e-02 3.578738927841186523e+00
5.850089341402053833e-02 3.446193695068359375e+00
5.950953066349029541e-02 3.351641654968261719e+00
6.051816418766975403e-02 3.153002262115478516e+00
6.152680143713951111e-02 3.074914693832397461e+00
6.253543496131896973e-02 3.063736915588378906e+00
6.354407221078872681e-02 2.894948244094848633e+00
6.455270946025848389e-02 2.744489908218383789e+00
6.556134670972824097e-02 2.691962957382202148e+00
6.656998395919799805e-02 2.586447477340698242e+00
6.757862120866775513e-02 2.529622316360473633e+00
6.858725100755691528e-02 2.507514715194702148e+00
6.959588825702667236e-02 2.385961771011352539e+00
7.060452550649642944e-02 2.397302627563476562e+00
7.161316275596618652e-02 2.237802982330322266e+00
7.262180000543594360e-02 2.254516363143920898e+00
7.363043725490570068e-02 2.155575990676879883e+00
7.463906705379486084e-02 2.102732658386230469e+00
7.564770430326461792e-02 2.065512180328369141e+00
7.665634155273437500e-02 1.983975529670715332e+00
7.766497880220413208e-02 1.946519494056701660e+00
7.867361605167388916e-02 2.037334680557250977e+00
7.968225330114364624e-02 1.907073736190795898e+00
8.069089055061340332e-02 1.878410220146179199e+00
8.169952034950256348e-02 1.896963119506835938e+00
8.270815759897232056e-02 1.811985611915588379e+00
8.371679484844207764e-02 1.794274091720581055e+00
8.472543209791183472e-02 1.723026037216186523e+00
8.573406934738159180e-02 1.728342890739440918e+00
8.674270659685134888e-02 1.693799495697021484e+00
8.775133639574050903e-02 1.675952076911926270e+00
8.875997364521026611e-02 1.676126122474670410e+00
8.976861089468002319e-02 1.655478835105895996e+00
9.077724814414978027e-02 1.632540583610534668e+00
9.178588539361953735e-02 1.581008553504943848e+00
9.279452264308929443e-02 1.618298768997192383e+00
9.380315244197845459e-02 1.567474961280822754e+00
9.481178969144821167e-02 1.501021027565002441e+00
9.582042694091796875e-02 1.534653902053833008e+00
9.682906419038772583e-02 1.487573266029357910e+00
9.783770143985748291e-02 1.551887154579162598e+00
9.884633868932723999e-02 1.465065598487854004e+00
9.985497593879699707e-02 1.441997289657592773e+00
1.008636057376861572e-01 1.494369745254516602e+00
1.018722429871559143e-01 1.455065727233886719e+00
1.028808802366256714e-01 1.457854986190795898e+00
1.038895174860954285e-01 1.445161938667297363e+00
1.048981547355651855e-01 1.409719109535217285e+00
1.059067919850349426e-01 1.415007948875427246e+00
1.069154217839241028e-01 1.398365497589111328e+00
1.079240590333938599e-01 1.350900053977966309e+00
1.089326962828636169e-01 1.341048359870910645e+00
1.099413335323333740e-01 1.383373260498046875e+00
1.109499707818031311e-01 1.377322554588317871e+00
1.119586080312728882e-01 1.338822364807128906e+00
1.129672378301620483e-01 1.346890568733215332e+00
1.139758750796318054e-01 1.328666687011718750e+00
1.149845123291015625e-01 1.342168092727661133e+00
1.159931495785713196e-01 1.283407807350158691e+00
1.170017868280410767e-01 1.300011277198791504e+00
1.180104240775108337e-01 1.291453123092651367e+00
1.190190613269805908e-01 1.316916108131408691e+00
1.200276911258697510e-01 1.262474179267883301e+00
1.210363283753395081e-01 1.251101613044738770e+00
1.220449656248092651e-01 1.259936332702636719e+00
1.230536028742790222e-01 1.249780178070068359e+00
1.240622401237487793e-01 1.219807386398315430e+00
1.250708699226379395e-01 1.283754706382751465e+00
1.260795146226882935e-01 1.216010570526123047e+00
1.270881444215774536e-01 1.190731167793273926e+00
1.280967891216278076e-01 1.182746291160583496e+00
1.291054189205169678e-01 1.208989143371582031e+00
1.301140487194061279e-01 1.204732656478881836e+00
1.311226934194564819e-01 1.233669757843017578e+00
1.321313232183456421e-01 1.192026495933532715e+00
1.331399679183959961e-01 1.209984540939331055e+00
1.341485977172851562e-01 1.144464969635009766e+00
1.351572424173355103e-01 1.163769125938415527e+00
1.361658722162246704e-01 1.178755640983581543e+00
1.371745020151138306e-01 1.211510777473449707e+00
1.381831467151641846e-01 1.164355278015136719e+00
1.391917765140533447e-01 1.132924199104309082e+00
1.402004212141036987e-01 1.110594272613525391e+00
1.412090510129928589e-01 1.100903511047363281e+00
1.422176808118820190e-01 1.118560194969177246e+00
1.432263255119323730e-01 1.092102646827697754e+00
1.442349553108215332e-01 1.122585654258728027e+00
1.452436000108718872e-01 1.106600284576416016e+00
1.462522298097610474e-01 1.120586752891540527e+00
1.472608745098114014e-01 1.099966168403625488e+00
1.482695043087005615e-01 1.125283002853393555e+00
1.492781341075897217e-01 1.113885283470153809e+00
1.502867788076400757e-01 1.083610773086547852e+00
1.512954086065292358e-01 1.086733937263488770e+00
1.523040533065795898e-01 1.077643394470214844e+00
1.533126831054687500e-01 1.063081860542297363e+00
1.543213278055191040e-01 1.072263836860656738e+00
1.553299576044082642e-01 1.086715340614318848e+00
1.563385874032974243e-01 1.080283880233764648e+00
1.573472321033477783e-01 1.052752614021301270e+00
1.583558619022369385e-01 1.027786850929260254e+00
1.593645066022872925e-01 1.026480317115783691e+00
1.603731364011764526e-01 9.885929822921752930e-01
1.613817811012268066e-01 1.018512964248657227e+00
1.623904109001159668e-01 1.023825764656066895e+00
1.633990406990051270e-01 1.008497714996337891e+00
1.644076853990554810e-01 1.021325945854187012e+00
1.654163151979446411e-01 1.026298999786376953e+00
1.664249598979949951e-01 1.022005200386047363e+00
1.674335896968841553e-01 9.878931045532226562e-01
1.684422194957733154e-01 1.017886281013488770e+00
1.694508641958236694e-01 1.005011439323425293e+00
1.704594939947128296e-01 1.028564691543579102e+00
1.714681386947631836e-01 9.704332351684570312e-01
1.724767684936523438e-01 9.701695442199707031e-01
1.734854131937026978e-01 9.720471501350402832e-01
1.744940429925918579e-01 9.765820503234863281e-01
1.755026727914810181e-01 9.724771380424499512e-01
1.765113174915313721e-01 9.674282073974609375e-01
1.775199472904205322e-01 9.677213430404663086e-01
1.785285919904708862e-01 9.452816247940063477e-01
1.795372217893600464e-01 9.210427403450012207e-01
1.805458664894104004e-01 9.620183110237121582e-01
1.815544962882995605e-01 9.520857334136962891e-01
1.825631260871887207e-01 9.165282249450683594e-01
1.835717707872390747e-01 9.135869741439819336e-01
1.845804005861282349e-01 9.131366610527038574e-01
1.855890452861785889e-01 8.864225149154663086e-01
1.865976750850677490e-01 9.229931235313415527e-01
1.876063048839569092e-01 9.422346949577331543e-01
1.886149495840072632e-01 9.475740194320678711e-01
1.896235793828964233e-01 9.297543168067932129e-01
1.906322240829467773e-01 9.255924820899963379e-01
1.916408538818359375e-01 9.099960923194885254e-01
1.926494985818862915e-01 8.991157412528991699e-01
1.936581283807754517e-01 9.123875498771667480e-01
1.946667581796646118e-01 8.859214782714843750e-01
1.956754028797149658e-01 8.776388764381408691e-01
1.966840326786041260e-01 8.986161351203918457e-01
1.976926773786544800e-01 9.017696380615234375e-01
1.987013071775436401e-01 9.157513976097106934e-01
1.997099518775939941e-01 8.952347636222839355e-01
2.007185816764831543e-01 8.768784999847412109e-01
2.017272114753723145e-01 8.636027574539184570e-01
2.027358561754226685e-01 8.817338347434997559e-01
2.037444859743118286e-01 8.633772730827331543e-01
2.047531306743621826e-01 9.012233614921569824e-01
2.057617604732513428e-01 8.664364218711853027e-01
2.067703902721405029e-01 8.531427979469299316e-01
2.077790349721908569e-01 8.571978807449340820e-01
2.087876647710800171e-01 8.686666488647460938e-01
2.097963094711303711e-01 8.629165291786193848e-01
2.108049392700195312e-01 8.245344758033752441e-01
2.118135839700698853e-01 8.462514281272888184e-01
2.128222137689590454e-01 8.683619499206542969e-01
2.138308435678482056e-01 8.635923862457275391e-01
2.148394882678985596e-01 8.250179290771484375e-01
2.158481180667877197e-01 8.349275588989257812e-01
2.168567627668380737e-01 8.380618691444396973e-01
2.178653925657272339e-01 8.427653312683105469e-01
2.188740372657775879e-01 8.203768730163574219e-01
2.198826670646667480e-01 8.325341939926147461e-01
2.208912968635559082e-01 8.306729197502136230e-01
2.218999415636062622e-01 8.156960010528564453e-01
2.229085713624954224e-01 8.020031452178955078e-01
2.239172160625457764e-01 8.190040588378906250e-01
2.249258458614349365e-01 8.171815276145935059e-01
2.259344756603240967e-01 7.929257154464721680e-01
2.269431203603744507e-01 8.049922585487365723e-01
2.279517501592636108e-01 8.021027445793151855e-01
2.289603948593139648e-01 8.103798031806945801e-01
2.299690246582031250e-01 8.281299471855163574e-01
2.309776693582534790e-01 7.894847989082336426e-01
2.319862991571426392e-01 7.830569744110107422e-01
2.329949289560317993e-01 7.770503163337707520e-01
2.340035736560821533e-01 7.915723919868469238e-01
2.350122034549713135e-01 7.821323275566101074e-01
2.360208481550216675e-01 7.887985706329345703e-01
2.370294779539108276e-01 7.724668383598327637e-01
2.380381226539611816e-01 7.865834832191467285e-01
2.390467524528503418e-01 7.656365036964416504e-01
2.400553822517395020e-01 7.732387781143188477e-01
2.410640269517898560e-01 7.822489738464355469e-01
2.420726567506790161e-01 8.306894898414611816e-01
2.430813014507293701e-01 9.260871410369873047e-01
2.440899312496185303e-01 7.769191265106201172e-01
2.450985759496688843e-01 8.084484934806823730e-01
2.461072057485580444e-01 7.629309296607971191e-01
2.471158355474472046e-01 7.792035341262817383e-01
2.481244802474975586e-01 7.682284712791442871e-01
2.491331100463867188e-01 7.607534527778625488e-01
2.501417398452758789e-01 7.399955987930297852e-01
2.511503994464874268e-01 7.490473985671997070e-01
2.521590292453765869e-01 7.451307177543640137e-01
2.531676590442657471e-01 7.400524616241455078e-01
2.541762888431549072e-01 7.102657556533813477e-01
2.551849186420440674e-01 7.531220316886901855e-01
2.561935782432556152e-01 7.591430544853210449e-01
2.572022080421447754e-01 7.546273469924926758e-01
2.582108378410339355e-01 7.459167838096618652e-01
2.592194676399230957e-01 7.389582395553588867e-01
2.602280974388122559e-01 7.396360039710998535e-01
2.612367570400238037e-01 7.426281571388244629e-01
2.622453868389129639e-01 7.540268898010253906e-01
2.632540166378021240e-01 7.508099079132080078e-01
2.642626464366912842e-01 7.362721562385559082e-01
2.652712762355804443e-01 7.224254608154296875e-01
2.662799358367919922e-01 7.385628223419189453e-01
2.672885656356811523e-01 7.122437357902526855e-01
2.682971954345703125e-01 7.337033748626708984e-01
2.693058252334594727e-01 7.157411575317382812e-01
2.703144848346710205e-01 7.582801580429077148e-01
2.713231146335601807e-01 7.047889828681945801e-01
2.723317444324493408e-01 7.124211192131042480e-01
2.733403742313385010e-01 7.321531176567077637e-01
2.743490040302276611e-01 7.222057580947875977e-01
2.753576636314392090e-01 7.249479293823242188e-01
2.763662934303283691e-01 7.147545218467712402e-01
2.773749232292175293e-01 7.352458834648132324e-01
2.783835530281066895e-01 7.390857934951782227e-01
2.793921828269958496e-01 7.156817913055419922e-01
2.804008424282073975e-01 7.188087105751037598e-01
2.814094722270965576e-01 7.140552401542663574e-01
2.824181020259857178e-01 7.294457554817199707e-01
2.834267318248748779e-01 7.185825109481811523e-01
2.844353616237640381e-01 7.109161019325256348e-01
2.854440212249755859e-01 7.073714733123779297e-01
2.864526510238647461e-01 7.207311987876892090e-01
2.874612808227539062e-01 7.198820710182189941e-01
2.884699106216430664e-01 7.129703164100646973e-01
2.894785702228546143e-01 7.038778066635131836e-01
2.904872000217437744e-01 7.006874084472656250e-01
2.914958298206329346e-01 7.093370556831359863e-01
2.925044596195220947e-01 7.098455429077148438e-01
2.935130894184112549e-01 6.850465536117553711e-01
2.945217490196228027e-01 6.925840377807617188e-01
2.955303788185119629e-01 6.885623335838317871e-01
2.965390086174011230e-01 7.050607204437255859e-01
2.975476384162902832e-01 7.137446999549865723e-01
2.985562682151794434e-01 7.160477638244628906e-01
2.995649278163909912e-01 7.136675119400024414e-01
3.005735576152801514e-01 7.009215950965881348e-01
3.015821874141693115e-01 6.874907016754150391e-01
3.025908172130584717e-01 7.088317275047302246e-01
3.035994470119476318e-01 6.995341777801513672e-01
3.046081066131591797e-01 6.951198577880859375e-01
3.056167364120483398e-01 6.999142169952392578e-01
3.066253662109375000e-01 6.936119794845581055e-01
3.076339960098266602e-01 7.214176654815673828e-01
3.086426556110382080e-01 7.004239559173583984e-01
3.096512854099273682e-01 6.802155971527099609e-01
3.106599152088165283e-01 7.139473557472229004e-01
3.116685450077056885e-01 7.045202851295471191e-01
3.126771748065948486e-01 6.836993098258972168e-01
3.136858344078063965e-01 7.049361467361450195e-01
3.146944642066955566e-01 7.000520825386047363e-01
3.157030940055847168e-01 6.982951164245605469e-01
3.167117238044738770e-01 6.935896873474121094e-01
3.177203536033630371e-01 7.336304187774658203e-01
3.187290132045745850e-01 7.186532616615295410e-01
3.197376430034637451e-01 7.113710045814514160e-01
3.207462728023529053e-01 7.039319276809692383e-01
3.217549026012420654e-01 6.907802224159240723e-01
3.227635622024536133e-01 6.880307793617248535e-01
3.237721920013427734e-01 6.904218792915344238e-01
3.247808218002319336e-01 6.717538237571716309e-01
3.257894515991210938e-01 6.828501820564270020e-01
3.267980813980102539e-01 6.972013115882873535e-01
3.278067409992218018e-01 6.752184033393859863e-01
3.288153707981109619e-01 6.995787620544433594e-01
3.298240005970001221e-01 6.943415403366088867e-01
3.308326303958892822e-01 6.947881579399108887e-01
3.318412601947784424e-01 6.819118857383728027e-01
3.328499197959899902e-01 7.032756209373474121e-01
3.338585495948791504e-01 7.000086903572082520e-01
3.348671793937683105e-01 6.972291469573974609e-01
3.358758091926574707e-01 6.964637041091918945e-01
3.368844389915466309e-01 6.906484365463256836e-01
3.378930985927581787e-01 6.879705786705017090e-01
3.389017283916473389e-01 6.871417164802551270e-01
3.399103581905364990e-01 6.843503713607788086e-01
3.409189879894256592e-01 6.854333877563476562e-01
3.419276475906372070e-01 6.641232371330261230e-01
3.429362773895263672e-01 6.785325407981872559e-01
3.439449071884155273e-01 6.907299160957336426e-01
3.449535369873046875e-01 6.920879483222961426e-01
3.459621667861938477e-01 6.894333362579345703e-01
3.469708263874053955e-01 6.843646764755249023e-01
3.479794561862945557e-01 6.889375448226928711e-01
3.489880859851837158e-01 6.745980381965637207e-01
3.499967157840728760e-01 6.726258993148803711e-01
3.510053455829620361e-01 6.847770214080810547e-01
3.520140051841735840e-01 6.781406402587890625e-01
3.530226349830627441e-01 6.803109049797058105e-01
3.540312647819519043e-01 6.740818023681640625e-01
3.550398945808410645e-01 6.542131900787353516e-01
3.560485243797302246e-01 6.750268936157226562e-01
3.570571839809417725e-01 6.763996481895446777e-01
3.580658137798309326e-01 6.795540452003479004e-01
3.590744435787200928e-01 6.842919588088989258e-01
3.600830733776092529e-01 6.797876358032226562e-01
3.610917329788208008e-01 6.615104079246520996e-01
3.621003627777099609e-01 6.767618656158447266e-01
3.631089925765991211e-01 6.861125230789184570e-01
3.641176223754882812e-01 6.751102209091186523e-01
3.651262521743774414e-01 6.878883838653564453e-01
3.661349117755889893e-01 6.566726565361022949e-01
3.671435415744781494e-01 6.672310829162597656e-01
3.681521713733673096e-01 6.761437654495239258e-01
3.691608011722564697e-01 6.910058259963989258e-01
3.701694309711456299e-01 6.701233983039855957e-01
3.711780905723571777e-01 6.874785423278808594e-01
3.721867203712463379e-01 6.852746605873107910e-01
3.731953501701354980e-01 6.655031442642211914e-01
3.742039799690246582e-01 6.695595979690551758e-01
3.752126097679138184e-01 6.704269647598266602e-01
3.762212693691253662e-01 6.722930669784545898e-01
3.772298991680145264e-01 6.735411882400512695e-01
3.782385289669036865e-01 6.712538599967956543e-01
3.792471587657928467e-01 6.895518898963928223e-01
3.802558183670043945e-01 6.951442360877990723e-01
3.812644481658935547e-01 6.866676211357116699e-01
3.822730779647827148e-01 6.929880976676940918e-01
3.832817077636718750e-01 6.958450078964233398e-01
3.842903375625610352e-01 6.871406435966491699e-01
3.852989971637725830e-01 6.559742093086242676e-01
3.863076269626617432e-01 6.796994805335998535e-01
3.873162567615509033e-01 6.685500741004943848e-01
3.883248865604400635e-01 6.788253784179687500e-01
3.893335163593292236e-01 6.938629150390625000e-01
3.903421759605407715e-01 6.842832565307617188e-01
3.913508057594299316e-01 6.588581800460815430e-01
3.923594355583190918e-01 6.647377014160156250e-01
3.933680653572082520e-01 6.954934000968933105e-01
3.943766951560974121e-01 6.812235713005065918e-01
3.953853547573089600e-01 6.751261353492736816e-01
3.963939845561981201e-01 6.871436238288879395e-01
3.974026143550872803e-01 6.887513995170593262e-01
3.984112441539764404e-01 6.897543072700500488e-01
3.994199037551879883e-01 6.855626106262207031e-01
4.004285335540771484e-01 6.767131090164184570e-01
4.014371633529663086e-01 6.768900156021118164e-01
4.024457931518554688e-01 6.640167236328125000e-01
4.034544229507446289e-01 6.757687330245971680e-01
4.044630825519561768e-01 6.792400479316711426e-01
4.054717123508453369e-01 6.866079568862915039e-01
4.064803421497344971e-01 6.965020895004272461e-01
4.074889719486236572e-01 6.949979662895202637e-01
4.084976017475128174e-01 6.771249771118164062e-01
4.095062613487243652e-01 6.820386052131652832e-01
4.105148911476135254e-01 6.671091914176940918e-01
4.115235209465026855e-01 6.652304530143737793e-01
4.125321507453918457e-01 6.852844357490539551e-01
4.135407805442810059e-01 6.999322772026062012e-01
4.145494401454925537e-01 6.788311004638671875e-01
4.155580699443817139e-01 6.942988038063049316e-01
4.165666997432708740e-01 6.877491474151611328e-01
4.175753295421600342e-01 6.699801087379455566e-01
4.185839891433715820e-01 6.641243696212768555e-01
4.195926189422607422e-01 6.839984059333801270e-01
4.206012487411499023e-01 6.843744516372680664e-01
4.216098785400390625e-01 6.800314784049987793e-01
4.226185083389282227e-01 6.864976286888122559e-01
4.236271679401397705e-01 6.831780076026916504e-01
4.246357977390289307e-01 6.933073401451110840e-01
4.256444275379180908e-01 6.726596951484680176e-01
4.266530573368072510e-01 6.928815841674804688e-01
4.276616871356964111e-01 6.965645551681518555e-01
4.286703467369079590e-01 6.938595771789550781e-01
4.296789765357971191e-01 6.754191517829895020e-01
4.306876063346862793e-01 6.883878707885742188e-01
4.316962361335754395e-01 6.807308197021484375e-01
4.327048659324645996e-01 6.892046332359313965e-01
4.337135255336761475e-01 6.954075694084167480e-01
4.347221553325653076e-01 6.919223070144653320e-01
4.357307851314544678e-01 6.705963611602783203e-01
4.367394149303436279e-01 6.991890072822570801e-01
4.377480745315551758e-01 6.887490153312683105e-01
4.387567043304443359e-01 6.908907294273376465e-01
4.397653341293334961e-01 6.877282261848449707e-01
4.407739639282226562e-01 6.975094079971313477e-01
4.417825937271118164e-01 6.967385411262512207e-01
4.427912533283233643e-01 6.934536695480346680e-01
4.437998831272125244e-01 6.819323897361755371e-01
4.448085129261016846e-01 6.809845566749572754e-01
4.458171427249908447e-01 6.967409253120422363e-01
4.468257725238800049e-01 6.842192411422729492e-01
4.478344321250915527e-01 6.696293950080871582e-01
4.488430619239807129e-01 6.971665024757385254e-01
4.498516917228698730e-01 6.789169907569885254e-01
4.508603215217590332e-01 6.910350322723388672e-01
4.518689513206481934e-01 6.756373643875122070e-01
4.528776109218597412e-01 6.859847307205200195e-01
4.538862407207489014e-01 6.812486052513122559e-01
4.548948705196380615e-01 6.868390440940856934e-01
4.559035003185272217e-01 7.059569358825683594e-01
4.569121599197387695e-01 6.750953197479248047e-01
4.579207897186279297e-01 6.853598952293395996e-01
4.589294195175170898e-01 6.745442748069763184e-01
4.599380493164062500e-01 6.830723881721496582e-01
4.609466791152954102e-01 6.856634020805358887e-01
4.619553387165069580e-01 6.850067973136901855e-01
4.629639685153961182e-01 6.824152469635009766e-01
4.639725983142852783e-01 6.744070649147033691e-01
4.649812281131744385e-01 6.943489909172058105e-01
4.659898579120635986e-01 6.900007724761962891e-01
4.669985175132751465e-01 6.800680756568908691e-01
4.680071473121643066e-01 6.850399971008300781e-01
4.690157771110534668e-01 6.814737319946289062e-01
4.700244069099426270e-01 6.769793629646301270e-01
4.710330665111541748e-01 6.716220378875732422e-01
4.720416963100433350e-01 6.842722892761230469e-01
4.730503261089324951e-01 6.680963039398193359e-01
4.740589559078216553e-01 6.710703969001770020e-01
4.750675857067108154e-01 6.834154725074768066e-01
4.760762453079223633e-01 6.864711046218872070e-01
4.770848751068115234e-01 6.621236205101013184e-01
4.780935049057006836e-01 6.835233569145202637e-01
4.791021347045898438e-01 6.760903000831604004e-01
4.801107645034790039e-01 6.750525236129760742e-01
4.811194241046905518e-01 6.932097077369689941e-01
4.821280539035797119e-01 6.792223453521728516e-01
4.831366837024688721e-01 6.919814348220825195e-01
4.841453135013580322e-01 6.795967817306518555e-01
4.851539433002471924e-01 6.853036284446716309e-01
4.861626029014587402e-01 6.893558502197265625e-01
4.871712327003479004e-01 6.939886212348937988e-01
4.881798624992370605e-01 6.696839332580566406e-01
4.891884922981262207e-01 6.746156215667724609e-01
4.901971518993377686e-01 6.849985122680664062e-01
4.912057816982269287e-01 6.823210716247558594e-01
4.922144114971160889e-01 6.956597566604614258e-01
4.932230412960052490e-01 6.848654747009277344e-01
4.942316710948944092e-01 6.737719774246215820e-01
4.952403306961059570e-01 6.854614019393920898e-01
4.962489604949951172e-01 6.756938695907592773e-01
4.972575902938842773e-01 6.784811019897460938e-01
4.982662200927734375e-01 6.768630743026733398e-01
4.992748498916625977e-01 6.844576001167297363e-01
5.002834796905517578e-01 6.733587384223937988e-01
5.012921094894409180e-01 6.662023067474365234e-01
5.023007988929748535e-01 6.665680408477783203e-01
5.033094286918640137e-01 6.798810958862304688e-01
5.043180584907531738e-01 7.445964813232421875e-01
5.053266882896423340e-01 7.049159407615661621e-01
5.063353180885314941e-01 6.723257899284362793e-01
5.073439478874206543e-01 6.591351032257080078e-01
5.083525776863098145e-01 6.663708090782165527e-01
5.093612074851989746e-01 6.647937297821044922e-01
5.103698372840881348e-01 6.726509332656860352e-01
5.113784670829772949e-01 6.800683140754699707e-01
5.123871564865112305e-01 6.678279638290405273e-01
5.133957862854003906e-01 6.641900539398193359e-01
5.144044160842895508e-01 6.708973050117492676e-01
5.154130458831787109e-01 6.634442806243896484e-01
5.164216756820678711e-01 6.653826236724853516e-01
5.174303054809570312e-01 6.768855452537536621e-01
5.184389352798461914e-01 6.693584322929382324e-01
5.194475650787353516e-01 6.672412157058715820e-01
5.204561948776245117e-01 6.622292995452880859e-01
5.214648842811584473e-01 6.533740162849426270e-01
5.224735140800476074e-01 6.772323846817016602e-01
5.234821438789367676e-01 6.678327322006225586e-01
5.244907736778259277e-01 6.627480983734130859e-01
5.254994034767150879e-01 6.789432168006896973e-01
5.265080332756042480e-01 6.727924942970275879e-01
5.275166630744934082e-01 6.828451752662658691e-01
5.285252928733825684e-01 6.698010563850402832e-01
5.295339226722717285e-01 6.735349297523498535e-01
5.305425524711608887e-01 6.664881110191345215e-01
5.315512418746948242e-01 6.541468501091003418e-01
5.325598716735839844e-01 6.707945466041564941e-01
5.335685014724731445e-01 6.733852624893188477e-01
5.345771312713623047e-01 6.624400019645690918e-01
5.355857610702514648e-01 6.612139344215393066e-01
5.365943908691406250e-01 6.690732836723327637e-01
5.376030206680297852e-01 6.588844060897827148e-01
5.386116504669189453e-01 6.752299070358276367e-01
5.396202802658081055e-01 6.724990010261535645e-01
5.406289696693420410e-01 6.757096648216247559e-01
5.416375994682312012e-01 6.685436367988586426e-01
5.426462292671203613e-01 6.695095300674438477e-01
5.436548590660095215e-01 6.640344858169555664e-01
5.446634888648986816e-01 6.732897162437438965e-01
5.456721186637878418e-01 6.693147420883178711e-01
5.466807484626770020e-01 6.693226695060729980e-01
5.476893782615661621e-01 6.724808216094970703e-01
5.486980080604553223e-01 6.717487573623657227e-01
5.497066378593444824e-01 6.563432812690734863e-01
5.507153272628784180e-01 6.707825660705566406e-01
5.517239570617675781e-01 6.708425283432006836e-01
5.527325868606567383e-01 6.819568872451782227e-01
5.537412166595458984e-01 6.711838841438293457e-01
5.547498464584350586e-01 6.800619959831237793e-01
5.557584762573242188e-01 6.732752323150634766e-01
5.567671060562133789e-01 6.765057444572448730e-01
5.577757358551025391e-01 6.592314243316650391e-01
5.587843656539916992e-01 6.814039945602416992e-01
5.597930550575256348e-01 6.818955540657043457e-01
5.608016848564147949e-01 6.812162995338439941e-01
5.618103146553039551e-01 6.738889813423156738e-01
5.628189444541931152e-01 6.844621896743774414e-01
5.638275742530822754e-01 6.852350234985351562e-01
5.648362040519714355e-01 6.881276369094848633e-01
5.658448338508605957e-01 6.759978532791137695e-01
5.668534636497497559e-01 6.764484047889709473e-01
5.678620934486389160e-01 6.656835079193115234e-01
5.688707232475280762e-01 6.744771599769592285e-01
5.698794126510620117e-01 6.771299242973327637e-01
5.708880424499511719e-01 6.830438971519470215e-01
5.718966722488403320e-01 6.743288636207580566e-01
5.729053020477294922e-01 6.768545508384704590e-01
5.739139318466186523e-01 6.914243698120117188e-01
5.749225616455078125e-01 6.854362487792968750e-01
5.759311914443969727e-01 6.704807281494140625e-01
5.769398212432861328e-01 6.757366061210632324e-01
5.779484510421752930e-01 6.734408736228942871e-01
5.789571404457092285e-01 6.611723899841308594e-01
5.799657702445983887e-01 6.749334931373596191e-01
5.809744000434875488e-01 6.878805756568908691e-01
5.819830298423767090e-01 6.814676523208618164e-01
5.829916596412658691e-01 6.692183017730712891e-01
5.840002894401550293e-01 6.645597815513610840e-01
5.850089192390441895e-01 6.810682415962219238e-01
5.860175490379333496e-01 6.654791831970214844e-01
5.870261788368225098e-01 6.799650192260742188e-01
5.880348086357116699e-01 6.896442770957946777e-01
5.890434980392456055e-01 6.806164383888244629e-01
5.900521278381347656e-01 6.780128479003906250e-01
5.910607576370239258e-01 6.879302263259887695e-01
5.920693874359130859e-01 6.895335316658020020e-01
5.930780172348022461e-01 6.856197118759155273e-01
5.940866470336914062e-01 6.766946315765380859e-01
5.950952768325805664e-01 6.874874830245971680e-01
5.961039066314697266e-01 6.895588636398315430e-01
5.971125364303588867e-01 6.817735433578491211e-01
5.981212258338928223e-01 6.900345683097839355e-01
5.991298556327819824e-01 6.917085647583007812e-01
6.001384854316711426e-01 6.816458702087402344e-01
6.011471152305603027e-01 6.794891357421875000e-01
6.021557450294494629e-01 6.659902334213256836e-01
6.031643748283386230e-01 6.950362920761108398e-01
6.041730046272277832e-01 6.791447401046752930e-01
6.051816344261169434e-01 6.842547655105590820e-01
6.061902642250061035e-01 6.847410202026367188e-01
6.071988940238952637e-01 6.894326806068420410e-01
6.082075834274291992e-01 6.931215524673461914e-01
6.092162132263183594e-01 6.839110851287841797e-01
6.102248430252075195e-01 6.985241174697875977e-01
6.112334728240966797e-01 6.946215033531188965e-01
6.122421026229858398e-01 7.012757658958435059e-01
6.132507324218750000e-01 6.933332085609436035e-01
6.142593622207641602e-01 6.678390502929687500e-01
6.152679920196533203e-01 6.853719353675842285e-01
6.162766218185424805e-01 6.794478893280029297e-01
6.172853112220764160e-01 6.731771230697631836e-01
6.182939410209655762e-01 6.861796975135803223e-01
6.193025708198547363e-01 6.777848601341247559e-01
6.203112006187438965e-01 6.929324269294738770e-01
6.213198304176330566e-01 6.898714303970336914e-01
6.223284602165222168e-01 6.886216402053833008e-01
6.233370900154113770e-01 6.864608526229858398e-01
6.243457198143005371e-01 6.825235486030578613e-01
6.253543496131896973e-01 6.599021553993225098e-01
6.263629794120788574e-01 6.715294122695922852e-01
6.273716688156127930e-01 6.804658770561218262e-01
6.283802986145019531e-01 6.766813397407531738e-01
6.293889284133911133e-01 7.021660804748535156e-01
6.303975582122802734e-01 6.809014678001403809e-01
6.314061880111694336e-01 6.901710033416748047e-01
6.324148178100585938e-01 6.842154860496520996e-01
6.334234476089477539e-01 6.786832809448242188e-01
6.344320774078369141e-01 6.896073222160339355e-01
6.354407072067260742e-01 7.057619690895080566e-01
6.364493966102600098e-01 6.996544599533081055e-01
6.374580264091491699e-01 6.794629693031311035e-01
6.384666562080383301e-01 6.788419485092163086e-01
6.394752860069274902e-01 7.012158036231994629e-01
6.404839158058166504e-01 6.948730945587158203e-01
6.414925456047058105e-01 6.918594837188720703e-01
6.425011754035949707e-01 6.928948760032653809e-01
6.435098052024841309e-01 6.970248222351074219e-01
6.445184350013732910e-01 6.701094508171081543e-01
6.455271244049072266e-01 6.898308396339416504e-01
6.465357542037963867e-01 6.837278604507446289e-01
6.475443840026855469e-01 6.933434605598449707e-01
6.485530138015747070e-01 6.878988146781921387e-01
6.495616436004638672e-01 6.948438286781311035e-01
6.505702733993530273e-01 6.905542016029357910e-01
6.515789031982421875e-01 6.829525828361511230e-01
6.525875329971313477e-01 6.912259459495544434e-01
6.535961627960205078e-01 6.984816193580627441e-01
6.546047925949096680e-01 6.916887760162353516e-01
6.556134819984436035e-01 6.892609596252441406e-01
6.566221117973327637e-01 6.992529630661010742e-01
6.576307415962219238e-01 6.960971355438232422e-01
6.586393713951110840e-01 6.984927058219909668e-01
6.596480011940002441e-01 7.055709362030029297e-01
6.606566309928894043e-01 6.963242292404174805e-01
6.616652607917785645e-01 6.939610838890075684e-01
6.626738905906677246e-01 6.930098533630371094e-01
6.636825203895568848e-01 7.000913023948669434e-01
6.646912097930908203e-01 6.802262067794799805e-01
6.656998395919799805e-01 6.577519178390502930e-01
6.667084693908691406e-01 7.029372453689575195e-01
6.677170991897583008e-01 6.839988827705383301e-01
6.687257289886474609e-01 6.766944527626037598e-01
6.697343587875366211e-01 6.831610202789306641e-01
6.707429885864257812e-01 6.803688406944274902e-01
6.717516183853149414e-01 6.851671934127807617e-01
6.727602481842041016e-01 6.809105873107910156e-01
6.737688779830932617e-01 7.011145353317260742e-01
6.747775673866271973e-01 7.022131681442260742e-01
6.757861971855163574e-01 6.746777892112731934e-01
6.767948269844055176e-01 7.060716152191162109e-01
6.778034567832946777e-01 6.881509423255920410e-01
6.788120865821838379e-01 6.991370320320129395e-01
6.798207163810729980e-01 6.943372488021850586e-01
6.808293461799621582e-01 7.029115557670593262e-01
6.818379759788513184e-01 6.814992427825927734e-01
6.828466057777404785e-01 6.923471689224243164e-01
6.838552951812744141e-01 6.816374063491821289e-01
6.848639249801635742e-01 6.841177344322204590e-01
6.858725547790527344e-01 6.776934266090393066e-01
6.868811845779418945e-01 6.915182471275329590e-01
6.878898143768310547e-01 6.862386465072631836e-01
6.888984441757202148e-01 6.916705369949340820e-01
6.899070739746093750e-01 6.845064163208007812e-01
6.909157037734985352e-01 6.914612650871276855e-01
6.919243335723876953e-01 7.085283994674682617e-01
6.929329633712768555e-01 6.910637617111206055e-01
6.939416527748107910e-01 6.808131933212280273e-01
6.949502825736999512e-01 6.825457811355590820e-01
6.959589123725891113e-01 6.893203854560852051e-01
6.969675421714782715e-01 7.057818174362182617e-01
6.979761719703674316e-01 6.899538636207580566e-01
6.989848017692565918e-01 6.821687221527099609e-01
6.999934315681457520e-01 6.902355551719665527e-01
7.010020613670349121e-01 6.881515979766845703e-01
7.020106911659240723e-01 6.940370798110961914e-01
7.030193805694580078e-01 7.081566452980041504e-01
7.040280103683471680e-01 6.936584711074829102e-01
7.050366401672363281e-01 6.924777030944824219e-01
7.060452699661254883e-01 6.776698231697082520e-01
7.070538997650146484e-01 6.976105570793151855e-01
7.080625295639038086e-01 6.786519289016723633e-01
7.090711593627929688e-01 7.028368711471557617e-01
7.100797891616821289e-01 6.950802803039550781e-01
7.110884189605712891e-01 6.865932345390319824e-01
7.120970487594604492e-01 7.046963572502136230e-01
7.131057381629943848e-01 6.950616240501403809e-01
7.141143679618835449e-01 6.906699538230895996e-01
7.151229977607727051e-01 7.043255567550659180e-01
7.161316275596618652e-01 7.125085592269897461e-01
7.171402573585510254e-01 6.993020176887512207e-01
7.181488871574401855e-01 7.121302485466003418e-01
7.191575169563293457e-01 6.713113188743591309e-01
7.201661467552185059e-01 6.986007690429687500e-01
7.211747765541076660e-01 6.932392716407775879e-01
7.221834659576416016e-01 6.953160166740417480e-01
7.231920957565307617e-01 6.793382167816162109e-01
7.242007255554199219e-01 7.016693949699401855e-01
7.252093553543090820e-01 7.142606973648071289e-01
7.262179851531982422e-01 6.818817257881164551e-01
7.272266149520874023e-01 6.840465068817138672e-01
7.282352447509765625e-01 6.809095144271850586e-01
7.292438745498657227e-01 6.861357092857360840e-01
7.302525043487548828e-01 6.930409073829650879e-01
7.312611341476440430e-01 7.048067450523376465e-01
7.322698235511779785e-01 6.820457577705383301e-01
7.332784533500671387e-01 6.909750103950500488e-01
7.342870831489562988e-01 6.886008977890014648e-01
7.352957129478454590e-01 6.928559541702270508e-01
7.363043427467346191e-01 6.980230808258056641e-01
7.373129725456237793e-01 6.980957984924316406e-01
7.383216023445129395e-01 6.822103261947631836e-01
7.393302321434020996e-01 6.838621497154235840e-01
7.403388619422912598e-01 6.887477636337280273e-01
7.413475513458251953e-01 6.935000419616699219e-01
7.423561811447143555e-01 6.930480599403381348e-01
7.433648109436035156e-01 7.094234228134155273e-01
7.443734407424926758e-01 6.957806944847106934e-01
7.453820705413818359e-01 6.779335737228393555e-01
7.463907003402709961e-01 6.812239885330200195e-01
7.473993301391601562e-01 7.169739007949829102e-01
7.484079599380493164e-01 6.953027248382568359e-01
7.494165897369384766e-01 6.830983161926269531e-01
7.504252195358276367e-01 6.937577128410339355e-01
7.514339089393615723e-01 6.889590620994567871e-01
7.524425387382507324e-01 7.113716602325439453e-01
7.534511685371398926e-01 7.311969995498657227e-01
7.544597983360290527e-01 7.045369744300842285e-01
7.554684281349182129e-01 7.017301917076110840e-01
7.564770579338073730e-01 6.803266406059265137e-01
7.574856877326965332e-01 6.880595088005065918e-01
7.584943175315856934e-01 6.902230381965637207e-01
7.595029473304748535e-01 6.985318064689636230e-01
7.605116367340087891e-01 6.839345097541809082e-01
7.615202665328979492e-01 7.022034525871276855e-01
7.625288963317871094e-01 6.982145309448242188e-01
7.635375261306762695e-01 6.824173927307128906e-01
7.645461559295654297e-01 6.764131188392639160e-01
7.655547857284545898e-01 6.762824058532714844e-01
7.665634155273437500e-01 7.036340832710266113e-01
7.675720453262329102e-01 7.030095458030700684e-01
7.685806751251220703e-01 6.912694573402404785e-01
7.695893049240112305e-01 7.207303047180175781e-01
7.705979943275451660e-01 7.072740793228149414e-01
7.716066241264343262e-01 6.978293657302856445e-01
7.726152539253234863e-01 6.984837651252746582e-01
7.736238837242126465e-01 7.097678780555725098e-01
7.746325135231018066e-01 7.062425017356872559e-01
7.756411433219909668e-01 6.836026906967163086e-01
7.766497731208801270e-01 6.856440901756286621e-01
7.776584029197692871e-01 6.980992555618286133e-01
7.786670327186584473e-01 6.864423155784606934e-01
7.796757221221923828e-01 6.893846392631530762e-01
7.806843519210815430e-01 6.739069223403930664e-01
7.816929817199707031e-01 6.996884942054748535e-01
7.827016115188598633e-01 6.963704824447631836e-01
7.837102413177490234e-01 6.901596188545227051e-01
7.847188711166381836e-01 6.895675659179687500e-01
7.857275009155273438e-01 7.124693989753723145e-01
7.867361307144165039e-01 6.983172297477722168e-01
7.877447605133056641e-01 6.877616047859191895e-01
7.887533903121948242e-01 6.927112340927124023e-01
7.897620797157287598e-01 7.053574323654174805e-01
7.907707095146179199e-01 7.142071723937988281e-01
7.917793393135070801e-01 6.811517477035522461e-01
7.927879691123962402e-01 6.842892169952392578e-01
7.937965989112854004e-01 6.957429647445678711e-01
7.948052287101745605e-01 6.918674707412719727e-01
7.958138585090637207e-01 7.118539810180664062e-01
7.968224883079528809e-01 7.232711911201477051e-01
7.978311181068420410e-01 7.006741762161254883e-01
7.988398075103759766e-01 6.915857791900634766e-01
7.998484373092651367e-01 7.056208848953247070e-01
8.008570671081542969e-01 6.975644826889038086e-01
8.018656969070434570e-01 7.168694138526916504e-01
8.028743267059326172e-01 7.242823839187622070e-01
8.038829565048217773e-01 7.314599156379699707e-01
8.048915863037109375e-01 7.080819606781005859e-01
8.059002161026000977e-01 7.062926888465881348e-01
8.069088459014892578e-01 6.906061172485351562e-01
8.079174757003784180e-01 6.919047236442565918e-01
8.089261651039123535e-01 7.085972428321838379e-01
8.099347949028015137e-01 7.003494501113891602e-01
8.109434247016906738e-01 7.164828181266784668e-01
8.119520545005798340e-01 7.133771181106567383e-01
8.129606842994689941e-01 7.100117206573486328e-01
8.139693140983581543e-01 7.027086019515991211e-01
8.149779438972473145e-01 7.002167701721191406e-01
8.159865736961364746e-01 7.083461880683898926e-01
8.169952034950256348e-01 7.150390148162841797e-01
8.180038928985595703e-01 7.109990715980529785e-01
8.190125226974487305e-01 6.979981064796447754e-01
8.200211524963378906e-01 6.951971650123596191e-01
8.210297822952270508e-01 7.029646039009094238e-01
8.220384120941162109e-01 7.111216783523559570e-01
8.230470418930053711e-01 7.066132426261901855e-01
8.240556716918945312e-01 7.055473923683166504e-01
8.250643014907836914e-01 7.189246416091918945e-01
8.260729312896728516e-01 6.948285698890686035e-01
8.270815610885620117e-01 7.037800550460815430e-01
8.280902504920959473e-01 7.330160140991210938e-01
8.290988802909851074e-01 7.140696048736572266e-01
8.301075100898742676e-01 7.162915468215942383e-01
8.311161398887634277e-01 7.197990417480468750e-01
8.321247696876525879e-01 7.138113379478454590e-01
8.331333994865417480e-01 7.198665738105773926e-01
8.341420292854309082e-01 7.329158186912536621e-01
8.351506590843200684e-01 7.301768660545349121e-01
8.361592888832092285e-01 7.209523320198059082e-01
8.371679782867431641e-01 7.240553498268127441e-01
8.381766080856323242e-01 6.991796493530273438e-01
8.391852378845214844e-01 7.163099646568298340e-01
8.401938676834106445e-01 7.105492353439331055e-01
8.412024974822998047e-01 7.226276397705078125e-01
8.422111272811889648e-01 7.196423411369323730e-01
8.432197570800781250e-01 7.355589866638183594e-01
8.442283868789672852e-01 7.126649618148803711e-01
8.452370166778564453e-01 7.298458218574523926e-01
8.462456464767456055e-01 7.401809096336364746e-01
8.472543358802795410e-01 7.227659821510314941e-01
8.482629656791687012e-01 7.092062830924987793e-01
8.492715954780578613e-01 7.131828069686889648e-01
8.502802252769470215e-01 7.204121351242065430e-01
8.512888550758361816e-01 7.391361594200134277e-01
8.522974848747253418e-01 7.220140099525451660e-01
8.533061146736145020e-01 7.276543378829956055e-01
8.543147444725036621e-01 7.237316370010375977e-01
8.553233742713928223e-01 7.289770841598510742e-01
8.563320636749267578e-01 7.216312289237976074e-01
8.573406934738159180e-01 7.072569727897644043e-01
8.583493232727050781e-01 7.094033956527709961e-01
8.593579530715942383e-01 7.123968601226806641e-01
8.603665828704833984e-01 7.149593830108642578e-01
8.613752126693725586e-01 7.207838892936706543e-01
8.623838424682617188e-01 7.243637442588806152e-01
8.633924722671508789e-01 7.494605183601379395e-01
8.644011020660400391e-01 7.422519922256469727e-01
8.654097318649291992e-01 7.253782153129577637e-01
8.664184212684631348e-01 7.259198427200317383e-01
8.674270510673522949e-01 7.196474671363830566e-01
8.684356808662414551e-01 7.298693060874938965e-01
8.694443106651306152e-01 7.468931674957275391e-01
8.704529404640197754e-01 7.432906627655029297e-01
8.714615702629089355e-01 7.308058738708496094e-01
8.724702000617980957e-01 7.441924810409545898e-01
8.734788298606872559e-01 7.538373470306396484e-01
8.744874596595764160e-01 7.550538778305053711e-01
8.754961490631103516e-01 7.579156756401062012e-01
8.765047788619995117e-01 7.357448935508728027e-01
8.775134086608886719e-01 7.567957043647766113e-01
8.785220384597778320e-01 7.665017843246459961e-01
8.795306682586669922e-01 7.411549091339111328e-01
8.805392980575561523e-01 7.586085796356201172e-01
8.815479278564453125e-01 7.411620616912841797e-01
8.825565576553344727e-01 7.304106354713439941e-01
8.835651874542236328e-01 7.659015655517578125e-01
8.845738172531127930e-01 7.660105824470520020e-01
8.855825066566467285e-01 7.864895462989807129e-01
8.865911364555358887e-01 7.962618470191955566e-01
8.875997662544250488e-01 7.799497246742248535e-01
8.886083960533142090e-01 7.545589804649353027e-01
8.896170258522033691e-01 7.532073855400085449e-01
8.906256556510925293e-01 7.519192099571228027e-01
8.916342854499816895e-01 7.851125597953796387e-01
8.926429152488708496e-01 7.822682857513427734e-01
8.936515450477600098e-01 7.915942072868347168e-01
8.946602344512939453e-01 7.877345085144042969e-01
8.956688642501831055e-01 8.254091143608093262e-01
8.966774940490722656e-01 7.904294729232788086e-01
8.976861238479614258e-01 7.833496928215026855e-01
8.986947536468505859e-01 7.616341114044189453e-01
8.997033834457397461e-01 7.788159847259521484e-01
9.007120132446289062e-01 8.070074915885925293e-01
9.017206430435180664e-01 7.699243426322937012e-01
9.027292728424072266e-01 7.892335653305053711e-01
9.037379026412963867e-01 8.141996264457702637e-01
9.047465920448303223e-01 8.039436936378479004e-01
9.057552218437194824e-01 8.028656840324401855e-01
9.067638516426086426e-01 7.737436890602111816e-01
9.077724814414978027e-01 7.842357158660888672e-01
9.087811112403869629e-01 7.927037477493286133e-01
9.097897410392761230e-01 7.900929450988769531e-01
9.107983708381652832e-01 8.034228682518005371e-01
9.118070006370544434e-01 8.008419871330261230e-01
9.128156304359436035e-01 8.145903944969177246e-01
9.138243198394775391e-01 8.009182214736938477e-01
9.148329496383666992e-01 8.098716735839843750e-01
9.158415794372558594e-01 7.944068908691406250e-01
9.168502092361450195e-01 7.953497171401977539e-01
9.178588390350341797e-01 8.107299804687500000e-01
9.188674688339233398e-01 8.150722384452819824e-01
9.198760986328125000e-01 8.320718407630920410e-01
9.208847284317016602e-01 8.052893877029418945e-01
9.218933582305908203e-01 8.001854419708251953e-01
9.229020476341247559e-01 8.134200572967529297e-01
9.239106774330139160e-01 7.964308261871337891e-01
9.249193072319030762e-01 7.835232019424438477e-01
9.259279370307922363e-01 8.034242987632751465e-01
9.269365668296813965e-01 8.128005266189575195e-01
9.279451966285705566e-01 8.116360306739807129e-01
9.289538264274597168e-01 8.082990646362304688e-01
9.299624562263488770e-01 8.149023056030273438e-01
9.309710860252380371e-01 8.150749206542968750e-01
9.319797158241271973e-01 8.033388257026672363e-01
9.329884052276611328e-01 8.015886545181274414e-01
9.339970350265502930e-01 8.287726640701293945e-01
9.350056648254394531e-01 8.096370100975036621e-01
9.360142946243286133e-01 8.277935385704040527e-01
9.370229244232177734e-01 7.885001897811889648e-01
9.380315542221069336e-01 8.078365325927734375e-01
9.390401840209960938e-01 8.155205845832824707e-01
9.400488138198852539e-01 8.152096867561340332e-01
9.410574436187744141e-01 8.150451183319091797e-01
9.420661330223083496e-01 8.109247088432312012e-01
9.430747628211975098e-01 8.219460248947143555e-01
9.440833926200866699e-01 8.219607472419738770e-01
9.450920224189758301e-01 8.029108643531799316e-01
9.461006522178649902e-01 8.174059391021728516e-01
9.471092820167541504e-01 8.288797140121459961e-01
9.481179118156433105e-01 8.435480594635009766e-01
9.491265416145324707e-01 8.139311075210571289e-01
9.501351714134216309e-01 8.543112874031066895e-01
9.511438012123107910e-01 8.327373862266540527e-01
9.521524906158447266e-01 8.058416843414306641e-01
9.531611204147338867e-01 8.336106538772583008e-01
9.541697502136230469e-01 8.436902165412902832e-01
9.551783800125122070e-01 8.051345348358154297e-01
9.561870098114013672e-01 8.112404942512512207e-01
9.571956396102905273e-01 8.028561472892761230e-01
9.582042694091796875e-01 8.312530517578125000e-01
9.592128992080688477e-01 8.025667071342468262e-01
9.602215290069580078e-01 8.381507992744445801e-01
9.612302184104919434e-01 8.606033921241760254e-01
9.622388482093811035e-01 8.117043972015380859e-01
9.632474780082702637e-01 7.850421667098999023e-01
9.642561078071594238e-01 7.991946339607238770e-01
9.652647376060485840e-01 8.178814053535461426e-01
9.662733674049377441e-01 8.320141434669494629e-01
9.672819972038269043e-01 8.234607577323913574e-01
9.682906270027160645e-01 8.061432242393493652e-01
9.692992568016052246e-01 8.311659097671508789e-01
9.703078866004943848e-01 8.294985890388488770e-01
9.713165760040283203e-01 8.140293359756469727e-01
9.723252058029174805e-01 8.340845704078674316e-01
9.733338356018066406e-01 7.863852977752685547e-01
9.743424654006958008e-01 8.521974086761474609e-01
9.753510951995849609e-01 8.377632498741149902e-01
9.763597249984741211e-01 8.142058253288269043e-01
9.773683547973632812e-01 7.878001332283020020e-01
9.783769845962524414e-01 8.028292655944824219e-01
9.793856143951416016e-01 7.881795167922973633e-01
9.803943037986755371e-01 8.122872710227966309e-01
9.814029335975646973e-01 7.999519109725952148e-01
9.824115633964538574e-01 7.649787664413452148e-01
9.834201931953430176e-01 7.984092235565185547e-01
9.844288229942321777e-01 8.268633484840393066e-01
9.854374527931213379e-01 7.935100793838500977e-01
9.864460825920104980e-01 8.128787875175476074e-01
9.874547123908996582e-01 8.166193962097167969e-01
9.884633421897888184e-01 8.027882575988769531e-01
9.894719719886779785e-01 8.100905418395996094e-01
9.904806613922119141e-01 8.366690874099731445e-01
9.914892911911010742e-01 7.947563529014587402e-01
9.924979209899902344e-01 8.386386036872863770e-01
9.935065507888793945e-01 8.349900841712951660e-01
9.945151805877685547e-01 8.023263216018676758e-01
9.955238103866577148e-01 7.558487653732299805e-01
9.965324401855468750e-01 8.030434250831604004e-01
9.975410699844360352e-01 7.974270582199096680e-01
9.985496997833251953e-01 8.288041949272155762e-01
9.995583891868591309e-01 8.004104495048522949e-01
1.000566959381103516e+00 8.207153081893920898e-01
1.001575589179992676e+00 8.096597194671630859e-01
1.002584218978881836e+00 7.823644876480102539e-01
1.003592848777770996e+00 7.938705086708068848e-01
1.004601597785949707e+00 8.217251896858215332e-01
1.005610227584838867e+00 7.940278649330139160e-01
1.006618857383728027e+00 8.062296509742736816e-01
1.007627487182617188e+00 7.977609634399414062e-01
1.008636116981506348e+00 8.553822636604309082e-01
1.009644746780395508e+00 8.068454265594482422e-01
1.010653376579284668e+00 7.622482180595397949e-01
1.011662006378173828e+00 7.871960997581481934e-01
1.012670636177062988e+00 7.791228294372558594e-01
1.013679265975952148e+00 8.336548805236816406e-01
1.014687895774841309e+00 8.086480498313903809e-01
1.015696525573730469e+00 7.866299748420715332e-01
1.016705155372619629e+00 7.903809547424316406e-01
1.017713785171508789e+00 7.785809636116027832e-01
1.018722414970397949e+00 7.561947107315063477e-01
1.019731044769287109e+00 7.743342518806457520e-01
1.020739674568176270e+00 8.040726780891418457e-01
1.021748304367065430e+00 8.036796450614929199e-01
1.022756934165954590e+00 7.367511987686157227e-01
1.023765683174133301e+00 7.636229991912841797e-01
1.024774312973022461e+00 7.907505035400390625e-01
1.025782942771911621e+00 7.984382510185241699e-01
1.026791572570800781e+00 8.173852562904357910e-01
1.027800202369689941e+00 7.938821315765380859e-01
1.028808832168579102e+00 7.979667186737060547e-01
1.029817461967468262e+00 7.855357527732849121e-01
1.030826091766357422e+00 8.019428253173828125e-01
1.031834721565246582e+00 7.917704582214355469e-01
1.032843351364135742e+00 8.103170990943908691e-01
1.033851981163024902e+00 7.542436718940734863e-01
1.034860610961914062e+00 7.543517947196960449e-01
1.035869240760803223e+00 7.707651257514953613e-01
1.036877870559692383e+00 8.162094950675964355e-01
1.037886500358581543e+00 8.247733116149902344e-01
1.038895130157470703e+00 7.940487265586853027e-01
1.039903759956359863e+00 7.573362588882446289e-01
1.040912389755249023e+00 7.533686161041259766e-01
1.041921019554138184e+00 7.240833044052124023e-01
1.042929768562316895e+00 7.667388916015625000e-01
1.043938398361206055e+00 7.888848781585693359e-01
1.044947028160095215e+00 7.492689490318298340e-01
1.045955657958984375e+00 7.739820480346679688e-01
1.046964287757873535e+00 7.526633143424987793e-01
1.047972917556762695e+00 7.741664052009582520e-01
1.048981547355651855e+00 7.536344528198242188e-01
1.049990177154541016e+00 7.906465530395507812e-01
1.050998806953430176e+00 7.999433279037475586e-01
1.052007436752319336e+00 7.922141551971435547e-01
1.053016066551208496e+00 7.739992737770080566e-01
1.054024696350097656e+00 7.934044003486633301e-01
1.055033326148986816e+00 7.461547255516052246e-01
1.056041955947875977e+00 7.386020421981811523e-01
1.057050585746765137e+00 7.802268266677856445e-01
1.058059215545654297e+00 8.233574032783508301e-01
1.059067845344543457e+00 8.148820996284484863e-01
1.060076475143432617e+00 7.826398611068725586e-01
1.061085104942321777e+00 7.602314949035644531e-01
1.062093853950500488e+00 7.366761565208435059e-01
1.063102483749389648e+00 7.175169587135314941e-01
1.064111113548278809e+00 7.235291004180908203e-01
1.065119743347167969e+00 7.750579714775085449e-01
1.066128373146057129e+00 7.984998226165771484e-01
1.067137002944946289e+00 7.842215895652770996e-01
1.068145632743835449e+00 7.759815454483032227e-01
1.069154262542724609e+00 7.584375739097595215e-01
1.070162892341613770e+00 7.556788921356201172e-01
1.071171522140502930e+00 7.447113394737243652e-01
1.072180151939392090e+00 7.458394169807434082e-01
1.073188781738281250e+00 7.382513880729675293e-01
1.074197411537170410e+00 7.778987288475036621e-01
1.075206041336059570e+00 7.578977942466735840e-01
1.076214671134948730e+00 7.078882455825805664e-01
1.077223300933837891e+00 7.103524804115295410e-01
1.078231930732727051e+00 7.666823863983154297e-01
1.079240560531616211e+00 7.118051052093505859e-01
1.080249190330505371e+00 7.360311150550842285e-01
1.081257939338684082e+00 7.031504511833190918e-01
1.082266569137573242e+00 7.872771620750427246e-01
1.083275198936462402e+00 7.638139724731445312e-01
1.084283828735351562e+00 7.885272502899169922e-01
1.085292458534240723e+00 7.903193235397338867e-01
1.086301088333129883e+00 7.488450407981872559e-01
1.087309718132019043e+00 7.250844836235046387e-01
1.088318347930908203e+00 7.965650558471679688e-01
1.089326977729797363e+00 7.193815112113952637e-01
1.090335607528686523e+00 7.758942246437072754e-01
1.091344237327575684e+00 7.509356141090393066e-01
1.092352867126464844e+00 7.851227521896362305e-01
1.093361496925354004e+00 7.523812651634216309e-01
1.094370126724243164e+00 6.938951015472412109e-01
1.095378756523132324e+00 7.135104537010192871e-01
1.096387386322021484e+00 7.435969114303588867e-01
1.097396016120910645e+00 7.875766158103942871e-01
1.098404645919799805e+00 7.766737937927246094e-01
1.099413275718688965e+00 7.385106086730957031e-01
1.100422024726867676e+00 7.250237464904785156e-01
1.101430654525756836e+00 7.050179839134216309e-01
1.102439284324645996e+00 7.855533361434936523e-01
1.103447914123535156e+00 7.589107751846313477e-01
1.104456543922424316e+00 7.699921131134033203e-01
1.105465173721313477e+00 7.381080389022827148e-01
1.106473803520202637e+00 7.595562338829040527e-01
1.107482433319091797e+00 8.227126598358154297e-01
1.108491063117980957e+00 7.110024690628051758e-01
1.109499692916870117e+00 7.359316349029541016e-01
1.110508322715759277e+00 7.429130673408508301e-01
1.111516952514648438e+00 7.017627358436584473e-01
1.112525582313537598e+00 7.443416118621826172e-01
1.113534212112426758e+00 7.540104389190673828e-01
1.114542841911315918e+00 7.353431582450866699e-01
1.115551471710205078e+00 7.405814528465270996e-01
1.116560101509094238e+00 7.118451595306396484e-01
1.117568731307983398e+00 7.610767483711242676e-01
1.118577361106872559e+00 7.249851226806640625e-01
1.119586110115051270e+00 7.299582362174987793e-01
1.120594739913940430e+00 7.067765593528747559e-01
1.121603369712829590e+00 6.955136060714721680e-01
1.122611999511718750e+00 7.497642636299133301e-01
1.123620629310607910e+00 7.418801188468933105e-01
1.124629259109497070e+00 7.399924397468566895e-01
1.125637888908386230e+00 7.711861133575439453e-01
1.126646518707275391e+00 7.808457612991333008e-01
1.127655148506164551e+00 7.893611192703247070e-01
1.128663778305053711e+00 8.705240488052368164e-01
1.129672408103942871e+00 8.219816088676452637e-01
1.130681037902832031e+00 7.752307057380676270e-01
1.131689667701721191e+00 7.064277529716491699e-01
1.132698297500610352e+00 7.709053754806518555e-01
1.133706927299499512e+00 6.408222913742065430e-01
1.134715557098388672e+00 7.670935988426208496e-01
1.135724186897277832e+00 7.620551586151123047e-01
1.136732816696166992e+00 7.254709005355834961e-01
1.137741446495056152e+00 7.069735527038574219e-01
1.138750195503234863e+00 6.934580206871032715e-01
1.139758825302124023e+00 6.898239850997924805e-01
1.140767455101013184e+00 7.369571328163146973e-01
1.141776084899902344e+00 7.674663066864013672e-01
1.142784714698791504e+00 7.786844372749328613e-01
1.143793344497680664e+00 7.404974699020385742e-01
1.144801974296569824e+00 7.536813020706176758e-01
1.145810604095458984e+00 6.863054633140563965e-01
1.146819233894348145e+00 7.777901887893676758e-01
1.147827863693237305e+00 7.452128529548645020e-01
1.148836493492126465e+00 7.766494154930114746e-01
1.149845123291015625e+00 7.099726796150207520e-01
1.150853753089904785e+00 7.276457548141479492e-01
1.151862382888793945e+00 7.469377517700195312e-01
1.152871012687683105e+00 8.064795732498168945e-01
1.153879642486572266e+00 7.947450876235961914e-01
1.154888272285461426e+00 7.962745428085327148e-01
1.155896902084350586e+00 7.600516676902770996e-01
1.156905531883239746e+00 7.889755964279174805e-01
1.157914280891418457e+00 8.168821930885314941e-01
1.158922910690307617e+00 8.217056989669799805e-01
1.159931540489196777e+00 6.807373762130737305e-01
1.160940170288085938e+00 7.283931970596313477e-01
1.161948800086975098e+00 7.870015501976013184e-01
1.162957429885864258e+00 7.576708793640136719e-01
1.163966059684753418e+00 7.714106440544128418e-01
1.164974689483642578e+00 7.745122909545898438e-01
1.165983319282531738e+00 7.711645364761352539e-01
1.166991949081420898e+00 8.375484943389892578e-01
1.168000578880310059e+00 7.524110674858093262e-01
1.169009208679199219e+00 6.292208433151245117e-01
1.170017838478088379e+00 8.056427240371704102e-01
1.171026468276977539e+00 6.952875852584838867e-01
1.172035098075866699e+00 7.102407217025756836e-01
1.173043727874755859e+00 7.210888266563415527e-01
1.174052357673645020e+00 8.177887201309204102e-01
1.175060987472534180e+00 7.352926135063171387e-01
1.176069617271423340e+00 6.855250597000122070e-01
1.177078366279602051e+00 6.655189394950866699e-01
1.178086996078491211e+00 7.087996602058410645e-01
1.179095625877380371e+00 7.548561096191406250e-01
1.180104255676269531e+00 7.451471090316772461e-01
1.181112885475158691e+00 8.331645131111145020e-01
1.182121515274047852e+00 7.831695079803466797e-01
1.183130145072937012e+00 8.597015142440795898e-01
1.184138774871826172e+00 9.206285476684570312e-01
1.185147404670715332e+00 8.289127349853515625e-01
1.186156034469604492e+00 8.095949292182922363e-01
1.187164664268493652e+00 7.855019569396972656e-01
1.188173294067382812e+00 8.364453911781311035e-01
1.189181923866271973e+00 8.690963983535766602e-01
1.190190553665161133e+00 7.337825894355773926e-01
1.191199183464050293e+00 7.453007102012634277e-01
1.192207813262939453e+00 7.295765280723571777e-01
1.193216443061828613e+00 7.306378483772277832e-01
1.194225072860717773e+00 6.518745422363281250e-01
1.195233702659606934e+00 7.024335861206054688e-01
1.196242451667785645e+00 7.461321353912353516e-01
1.197251081466674805e+00 8.319376111030578613e-01
1.198259711265563965e+00 9.089869856834411621e-01
1.199268341064453125e+00 8.858347535133361816e-01
1.200276970863342285e+00 7.943177819252014160e-01
1.201285600662231445e+00 9.037202000617980957e-01
1.202294230461120605e+00 6.103258728981018066e-01
1.203302860260009766e+00 5.681582093238830566e-01
1.204311490058898926e+00 9.074865579605102539e-01
1.205320119857788086e+00 1.049637317657470703e+00
1.206328749656677246e+00 1.139832854270935059e+00
1.207337379455566406e+00 1.255562305450439453e+00
1.208346009254455566e+00 8.074815273284912109e-01
1.209354639053344727e+00 6.038154363632202148e-01
