0.000000000000000000e+00 6.214177856445312500e+02
1.008636085316538811e-03 5.284443969726562500e+02
2.017272170633077621e-03 4.398113098144531250e+02
3.025908255949616432e-03 3.656227416992187500e+02
4.034544341266155243e-03 3.115108947753906250e+02
5.043180659413337708e-03 2.801541442871093750e+02
6.051816511899232864e-03 2.551091308593750000e+02
7.060452364385128021e-03 2.385358581542968750e+02
8.069088682532310486e-03 2.225619506835937500e+02
9.077725000679492950e-03 2.124465484619140625e+02
1.008636131882667542e-02 1.991236877441406250e+02
1.109499670565128326e-02 1.891908111572265625e+02
1.210363302379846573e-02 1.801431427001953125e+02
1.311226934194564819e-02 1.714049987792968750e+02
1.412090472877025604e-02 1.640926971435546875e+02
1.512954104691743851e-02 1.556410980224609375e+02
1.613817736506462097e-02 1.470982513427734375e+02
1.714681275188922882e-02 1.394431610107421875e+02
1.815545000135898590e-02 1.307742614746093750e+02
1.916408538818359375e-02 1.245871505737304688e+02
2.017272263765335083e-02 1.177616119384765625e+02
2.118135802447795868e-02 1.107567825317382812e+02
2.218999341130256653e-02 1.047059326171875000e+02
2.319863066077232361e-02 9.974182128906250000e+01
2.420726604759693146e-02 9.474129486083984375e+01
2.521590143442153931e-02 8.972457122802734375e+01
2.622453868389129639e-02 8.471122741699218750e+01
2.723317407071590424e-02 8.012648773193359375e+01
2.824180945754051208e-02 7.546115112304687500e+01
2.925044670701026917e-02 7.249295043945312500e+01
3.025908209383487701e-02 6.912319183349609375e+01
3.126771748065948486e-02 6.525917816162109375e+01
3.227635473012924194e-02 6.226525497436523438e+01
3.328499197959899902e-02 5.809773254394531250e+01
3.429362550377845764e-02 5.502558135986328125e+01
3.530226275324821472e-02 5.270548629760742188e+01
3.631090000271797180e-02 5.023472595214843750e+01
3.731953352689743042e-02 4.724214172363281250e+01
3.832817077636718750e-02 4.549305725097656250e+01
3.933680802583694458e-02 4.312961578369140625e+01
4.034544527530670166e-02 4.055535125732421875e+01
4.135407879948616028e-02 3.843632125854492188e+01
4.236271604895591736e-02 3.638636016845703125e+01
4.337135329842567444e-02 3.494162368774414062e+01
4.437998682260513306e-02 3.304216384887695312e+01
4.538862407207489014e-02 3.131894493103027344e+01
4.639726132154464722e-02 2.968632507324218750e+01
4.740589484572410583e-02 2.791732215881347656e+01
4.841453209519386292e-02 2.637600517272949219e+01
4.942316934466362000e-02 2.551247215270996094e+01
5.043180286884307861e-02 2.440193176269531250e+01
5.144044011831283569e-02 2.329969978332519531e+01
5.244907736778259277e-02 2.191605758666992188e+01
5.345771089196205139e-02 2.104547691345214844e+01
5.446634814143180847e-02 2.007816886901855469e+01
5.547498539090156555e-02 1.906361007690429688e+01
5.648361891508102417e-02 1.846601104736328125e+01
5.749225616455078125e-02 1.740142631530761719e+01
5.850089341402053833e-02 1.656873130798339844e+01
5.950953066349029541e-02 1.612268257141113281e+01
6.051816418766975403e-02 1.540281105041503906e+01
6.152680143713951111e-02 1.481202220916748047e+01
6.253543496131896973e-02 1.426376819610595703e+01
6.354407221078872681e-02 1.364674091339111328e+01
6.455270946025848389e-02 1.299075794219970703e+01
6.556134670972824097e-02 1.266712284088134766e+01
6.656998395919799805e-02 1.213892459869384766e+01
6.757862120866775513e-02 1.174095821380615234e+01
6.858725100755691528e-02 1.130344390869140625e+01
6.959588825702667236e-02 1.099344825744628906e+01
7.060452550649642944e-02 1.069105434417724609e+01
7.161316275596618652e-02 1.033532619476318359e+01
7.262180000543594360e-02 9.865882873535156250e+00
7.363043725490570068e-02 9.578266143798828125e+00
7.463906705379486084e-02 9.276146888732910156e+00
7.564770430326461792e-02 8.969347000122070312e+00
7.665634155273437500e-02 8.833999633789062500e+00
7.766497880220413208e-02 8.565906524658203125e+00
7.867361605167388916e-02 8.244031906127929688e+00
7.968225330114364624e-02 8.092893600463867188e+00
8.069089055061340332e-02 7.910097122192382812e+00
8.169952034950256348e-02 7.611682891845703125e+00
8.270815759897232056e-02 7.449613571166992188e+00
8.371679484844207764e-02 7.214027404785156250e+00
8.472543209791183472e-02 7.037173271179199219e+00
8.573406934738159180e-02 6.862236022949218750e+00
8.674270659685134888e-02 6.962107181549072266e+00
8.775133639574050903e-02 6.625076770782470703e+00
8.875997364521026611e-02 6.546745300292968750e+00
8.976861089468002319e-02 6.346358299255371094e+00
9.077724814414978027e-02 6.172665119171142578e+00
9.178588539361953735e-02 6.219540119171142578e+00
9.279452264308929443e-02 6.102571964263916016e+00
9.380315244197845459e-02 5.949960231781005859e+00
9.481178969144821167e-02 5.983464717864990234e+00
9.582042694091796875e-02 5.735383987426757812e+00
9.682906419038772583e-02 5.639384269714355469e+00
9.783770143985748291e-02 5.601787567138671875e+00
9.884633868932723999e-02 5.538599014282226562e+00
9.985497593879699707e-02 5.491133213043212891e+00
1.008636057376861572e-01 5.346749305725097656e+00
1.018722429871559143e-01 5.330807209014892578e+00
1.028808802366256714e-01 5.227549076080322266e+00
1.038895174860954285e-01 5.164190769195556641e+00
1.048981547355651855e-01 5.155825138092041016e+00
1.059067919850349426e-01 5.046250343322753906e+00
1.069154217839241028e-01 4.971687316894531250e+00
1.079240590333938599e-01 4.938667297363281250e+00
1.089326962828636169e-01 4.973683357238769531e+00
1.099413335323333740e-01 4.941135406494140625e+00
1.109499707818031311e-01 4.843558311462402344e+00
1.119586080312728882e-01 4.754081249237060547e+00
1.129672378301620483e-01 4.778173923492431641e+00
1.139758750796318054e-01 4.705325126647949219e+00
1.149845123291015625e-01 4.670568943023681641e+00
1.159931495785713196e-01 4.515338897705078125e+00
1.170017868280410767e-01 4.580303192138671875e+00
1.180104240775108337e-01 4.610650539398193359e+00
1.190190613269805908e-01 4.558699131011962891e+00
1.200276911258697510e-01 4.544119358062744141e+00
1.210363283753395081e-01 4.523969650268554688e+00
1.220449656248092651e-01 4.532163619995117188e+00
1.230536028742790222e-01 4.483354568481445312e+00
1.240622401237487793e-01 4.412069797515869141e+00
1.250708699226379395e-01 4.418578624725341797e+00
1.260795146226882935e-01 4.252793788909912109e+00
1.270881444215774536e-01 4.302237033843994141e+00
1.280967891216278076e-01 4.316099643707275391e+00
1.291054189205169678e-01 4.272034645080566406e+00
1.301140487194061279e-01 4.288848876953125000e+00
1.311226934194564819e-01 4.317947387695312500e+00
1.321313232183456421e-01 4.206021308898925781e+00
1.331399679183959961e-01 4.278885841369628906e+00
1.341485977172851562e-01 4.192809581756591797e+00
1.351572424173355103e-01 4.175265789031982422e+00
1.361658722162246704e-01 4.168697834014892578e+00
1.371745020151138306e-01 4.182241916656494141e+00
1.381831467151641846e-01 4.180233955383300781e+00
1.391917765140533447e-01 4.169827461242675781e+00
1.402004212141036987e-01 4.095108509063720703e+00
1.412090510129928589e-01 4.171276092529296875e+00
1.422176808118820190e-01 4.121843814849853516e+00
1.432263255119323730e-01 4.133512973785400391e+00
1.442349553108215332e-01 4.143301486968994141e+00
1.452436000108718872e-01 4.038485050201416016e+00
1.462522298097610474e-01 4.074177265167236328e+00
1.472608745098114014e-01 4.047169208526611328e+00
1.482695043087005615e-01 4.088206291198730469e+00
1.492781341075897217e-01 3.988525390625000000e+00
1.502867788076400757e-01 4.004761219024658203e+00
1.512954086065292358e-01 3.904281616210937500e+00
1.523040533065795898e-01 3.979938745498657227e+00
1.533126831054687500e-01 3.907194614410400391e+00
1.543213278055191040e-01 3.925479650497436523e+00
1.553299576044082642e-01 3.962575674057006836e+00
1.563385874032974243e-01 3.972802877426147461e+00
1.573472321033477783e-01 3.949914455413818359e+00
1.583558619022369385e-01 3.946892976760864258e+00
1.593645066022872925e-01 3.976418495178222656e+00
1.603731364011764526e-01 3.981246232986450195e+00
1.613817811012268066e-01 3.917230606079101562e+00
1.623904109001159668e-01 3.866380214691162109e+00
1.633990406990051270e-01 3.931084632873535156e+00
1.644076853990554810e-01 3.919646263122558594e+00
1.654163151979446411e-01 3.922952651977539062e+00
1.664249598979949951e-01 3.883994579315185547e+00
1.674335896968841553e-01 3.934723377227783203e+00
1.684422194957733154e-01 3.932497024536132812e+00
1.694508641958236694e-01 3.912297964096069336e+00
1.704594939947128296e-01 3.903357505798339844e+00
1.714681386947631836e-01 3.913599014282226562e+00
1.724767684936523438e-01 3.904238462448120117e+00
1.734854131937026978e-01 3.878496170043945312e+00
1.744940429925918579e-01 3.807024955749511719e+00
1.755026727914810181e-01 3.841182231903076172e+00
1.765113174915313721e-01 3.909100532531738281e+00
1.775199472904205322e-01 3.793935298919677734e+00
1.785285919904708862e-01 3.857766866683959961e+00
1.795372217893600464e-01 3.825110197067260742e+00
1.805458664894104004e-01 3.840622901916503906e+00
1.815544962882995605e-01 3.852528333663940430e+00
1.825631260871887207e-01 3.797595500946044922e+00
1.835717707872390747e-01 3.811141252517700195e+00
1.845804005861282349e-01 3.837502241134643555e+00
1.855890452861785889e-01 3.839574813842773438e+00
1.865976750850677490e-01 3.835257768630981445e+00
1.876063048839569092e-01 3.802945613861083984e+00
1.886149495840072632e-01 3.825035572052001953e+00
1.896235793828964233e-01 3.746200561523437500e+00
1.906322240829467773e-01 3.745913267135620117e+00
1.916408538818359375e-01 3.755444288253784180e+00
1.926494985818862915e-01 3.727344989776611328e+00
1.936581283807754517e-01 3.730623960494995117e+00
1.946667581796646118e-01 3.789300441741943359e+00
1.956754028797149658e-01 3.790350914001464844e+00
1.966840326786041260e-01 3.805936098098754883e+00
1.976926773786544800e-01 3.757997035980224609e+00
1.987013071775436401e-01 3.737901687622070312e+00
1.997099518775939941e-01 3.753835916519165039e+00
2.007185816764831543e-01 3.792831897735595703e+00
2.017272114753723145e-01 3.810970306396484375e+00
2.027358561754226685e-01 3.764347791671752930e+00
2.037444859743118286e-01 3.737495422363281250e+00
2.047531306743621826e-01 3.738130569458007812e+00
2.057617604732513428e-01 3.731232881546020508e+00
2.067703902721405029e-01 3.729423284530639648e+00
2.077790349721908569e-01 3.744773149490356445e+00
2.087876647710800171e-01 3.687750816345214844e+00
2.097963094711303711e-01 3.717436552047729492e+00
2.108049392700195312e-01 3.732606410980224609e+00
2.118135839700698853e-01 3.766227006912231445e+00
2.128222137689590454e-01 3.747501611709594727e+00
2.138308435678482056e-01 3.716607809066772461e+00
2.148394882678985596e-01 3.724043846130371094e+00
2.158481180667877197e-01 3.750286340713500977e+00
2.168567627668380737e-01 3.748833179473876953e+00
2.178653925657272339e-01 3.725101232528686523e+00
2.188740372657775879e-01 3.713546276092529297e+00
2.198826670646667480e-01 3.702827453613281250e+00
2.208912968635559082e-01 3.773894548416137695e+00
2.218999415636062622e-01 3.746814012527465820e+00
2.229085713624954224e-01 3.790810823440551758e+00
2.239172160625457764e-01 3.762201309204101562e+00
2.249258458614349365e-01 3.636580228805541992e+00
2.259344756603240967e-01 3.662794589996337891e+00
2.269431203603744507e-01 3.704546451568603516e+00
2.279517501592636108e-01 3.664780139923095703e+00
2.289603948593139648e-01 3.725311040878295898e+00
2.299690246582031250e-01 3.676160097122192383e+00
2.309776693582534790e-01 3.672816753387451172e+00
2.319862991571426392e-01 3.632686376571655273e+00
2.329949289560317993e-01 3.632312774658203125e+00
2.340035736560821533e-01 3.660470008850097656e+00
2.350122034549713135e-01 3.658336639404296875e+00
2.360208481550216675e-01 3.662431001663208008e+00
2.370294779539108276e-01 3.627228021621704102e+00
2.380381226539611816e-01 3.666538953781127930e+00
2.390467524528503418e-01 3.684231758117675781e+00
2.400553822517395020e-01 3.687174797058105469e+00
2.410640269517898560e-01 3.642814636230468750e+00
2.420726567506790161e-01 3.680718898773193359e+00
2.430813014507293701e-01 3.790869712829589844e+00
2.440899312496185303e-01 3.679378986358642578e+00
2.450985759496688843e-01 3.698141098022460938e+00
2.461072057485580444e-01 3.670544624328613281e+00
2.471158355474472046e-01 3.623713254928588867e+00
2.481244802474975586e-01 3.655730724334716797e+00
2.491331100463867188e-01 3.631433963775634766e+00
2.501417398452758789e-01 3.638621807098388672e+00
2.511503994464874268e-01 3.629922389984130859e+00
2.521590292453765869e-01 3.644528150558471680e+00
2.531676590442657471e-01 3.681310415267944336e+00
2.541762888431549072e-01 3.660090208053588867e+00
2.551849186420440674e-01 3.668275356292724609e+00
2.561935782432556152e-01 3.616681575775146484e+00
2.572022080421447754e-01 3.632403135299682617e+00
2.582108378410339355e-01 3.624857425689697266e+00
2.592194676399230957e-01 3.614518642425537109e+00
2.602280974388122559e-01 3.643146514892578125e+00
2.612367570400238037e-01 3.702207326889038086e+00
2.622453868389129639e-01 3.653930664062500000e+00
2.632540166378021240e-01 3.651405096054077148e+00
2.642626464366912842e-01 3.603145360946655273e+00
2.652712762355804443e-01 3.591519117355346680e+00
2.662799358367919922e-01 3.587085485458374023e+00
2.672885656356811523e-01 3.683611392974853516e+00
2.682971954345703125e-01 3.614235877990722656e+00
2.693058252334594727e-01 3.604505777359008789e+00
2.703144848346710205e-01 3.615261554718017578e+00
2.713231146335601807e-01 3.580589294433593750e+00
2.723317444324493408e-01 3.628558158874511719e+00
2.733403742313385010e-01 3.644390583038330078e+00
2.743490040302276611e-01 3.616522073745727539e+00
2.753576636314392090e-01 3.646579504013061523e+00
2.763662934303283691e-01 3.629853487014770508e+00
2.773749232292175293e-01 3.627618074417114258e+00
2.783835530281066895e-01 3.591405391693115234e+00
2.793921828269958496e-01 3.596071481704711914e+00
2.804008424282073975e-01 3.570718765258789062e+00
2.814094722270965576e-01 3.591786146163940430e+00
2.824181020259857178e-01 3.603637933731079102e+00
2.834267318248748779e-01 3.579689502716064453e+00
2.844353616237640381e-01 3.604041099548339844e+00
2.854440212249755859e-01 3.642501354217529297e+00
2.864526510238647461e-01 3.636845827102661133e+00
2.874612808227539062e-01 3.601510763168334961e+00
2.884699106216430664e-01 3.594520330429077148e+00
2.894785702228546143e-01 3.590769767761230469e+00
2.904872000217437744e-01 3.576706886291503906e+00
2.914958298206329346e-01 3.570020198822021484e+00
2.925044596195220947e-01 3.604547739028930664e+00
2.935130894184112549e-01 3.615262031555175781e+00
2.945217490196228027e-01 3.626427173614501953e+00
2.955303788185119629e-01 3.586079359054565430e+00
2.965390086174011230e-01 3.588185548782348633e+00
2.975476384162902832e-01 3.586540699005126953e+00
2.985562682151794434e-01 3.610927104949951172e+00
2.995649278163909912e-01 3.622515439987182617e+00
3.005735576152801514e-01 3.570933103561401367e+00
3.015821874141693115e-01 3.591221332550048828e+00
3.025908172130584717e-01 3.606059551239013672e+00
3.035994470119476318e-01 3.617167234420776367e+00
3.046081066131591797e-01 3.570261478424072266e+00
3.056167364120483398e-01 3.594605684280395508e+00
3.066253662109375000e-01 3.583744764328002930e+00
3.076339960098266602e-01 3.586052179336547852e+00
3.086426556110382080e-01 3.541943788528442383e+00
3.096512854099273682e-01 3.608740091323852539e+00
3.106599152088165283e-01 3.626709222793579102e+00
3.116685450077056885e-01 3.547778844833374023e+00
3.126771748065948486e-01 3.509729623794555664e+00
3.136858344078063965e-01 3.588853120803833008e+00
3.146944642066955566e-01 3.567503452301025391e+00
3.157030940055847168e-01 3.529825448989868164e+00
3.167117238044738770e-01 3.549954891204833984e+00
3.177203536033630371e-01 3.570854187011718750e+00
3.187290132045745850e-01 3.559174299240112305e+00
3.197376430034637451e-01 3.586948394775390625e+00
3.207462728023529053e-01 3.527558088302612305e+00
3.217549026012420654e-01 3.590518951416015625e+00
3.227635622024536133e-01 3.594463586807250977e+00
3.237721920013427734e-01 3.578153371810913086e+00
3.247808218002319336e-01 3.592868804931640625e+00
3.257894515991210938e-01 3.558108568191528320e+00
3.267980813980102539e-01 3.517762660980224609e+00
3.278067409992218018e-01 3.550075292587280273e+00
3.288153707981109619e-01 3.511254549026489258e+00
3.298240005970001221e-01 3.582957744598388672e+00
3.308326303958892822e-01 3.524439096450805664e+00
3.318412601947784424e-01 3.557312965393066406e+00
3.328499197959899902e-01 3.575458049774169922e+00
3.338585495948791504e-01 3.561092376708984375e+00
3.348671793937683105e-01 3.523733139038085938e+00
3.358758091926574707e-01 3.577900886535644531e+00
3.368844389915466309e-01 3.588999032974243164e+00
3.378930985927581787e-01 3.551949977874755859e+00
3.389017283916473389e-01 3.576441526412963867e+00
3.399103581905364990e-01 3.558183431625366211e+00
3.409189879894256592e-01 3.560427904129028320e+00
3.419276475906372070e-01 3.558296203613281250e+00
3.429362773895263672e-01 3.528026103973388672e+00
3.439449071884155273e-01 3.579384565353393555e+00
3.449535369873046875e-01 3.548140525817871094e+00
3.459621667861938477e-01 3.530009031295776367e+00
3.469708263874053955e-01 3.566894769668579102e+00
3.479794561862945557e-01 3.542377948760986328e+00
3.489880859851837158e-01 3.535896301269531250e+00
3.499967157840728760e-01 3.549825191497802734e+00
3.510053455829620361e-01 3.554180383682250977e+00
3.520140051841735840e-01 3.535805225372314453e+00
3.530226349830627441e-01 3.522119998931884766e+00
3.540312647819519043e-01 3.547795772552490234e+00
3.550398945808410645e-01 3.520724534988403320e+00
3.560485243797302246e-01 3.545578718185424805e+00
3.570571839809417725e-01 3.572508096694946289e+00
3.580658137798309326e-01 3.537777423858642578e+00
3.590744435787200928e-01 3.511772871017456055e+00
3.600830733776092529e-01 3.544122695922851562e+00
3.610917329788208008e-01 3.573552846908569336e+00
3.621003627777099609e-01 3.572821855545043945e+00
3.631089925765991211e-01 3.573141813278198242e+00
3.641176223754882812e-01 3.571274995803833008e+00
3.651262521743774414e-01 3.527657270431518555e+00
3.661349117755889893e-01 3.522007942199707031e+00
3.671435415744781494e-01 3.534441471099853516e+00
3.681521713733673096e-01 3.533364534378051758e+00
3.691608011722564697e-01 3.527701854705810547e+00
3.701694309711456299e-01 3.567967176437377930e+00
3.711780905723571777e-01 3.507611989974975586e+00
3.721867203712463379e-01 3.562808752059936523e+00
3.731953501701354980e-01 3.564609289169311523e+00
3.742039799690246582e-01 3.501954317092895508e+00
3.752126097679138184e-01 3.522806644439697266e+00
3.762212693691253662e-01 3.518541097640991211e+00
3.772298991680145264e-01 3.500135421752929688e+00
3.782385289669036865e-01 3.540603399276733398e+00
3.792471587657928467e-01 3.529422998428344727e+00
3.802558183670043945e-01 3.501689910888671875e+00
3.812644481658935547e-01 3.501978397369384766e+00
3.822730779647827148e-01 3.511233806610107422e+00
3.832817077636718750e-01 3.547418594360351562e+00
3.842903375625610352e-01 3.543247461318969727e+00
3.852989971637725830e-01 3.507038593292236328e+00
3.863076269626617432e-01 3.519001483917236328e+00
3.873162567615509033e-01 3.541558504104614258e+00
3.883248865604400635e-01 3.527128934860229492e+00
3.893335163593292236e-01 3.492370128631591797e+00
3.903421759605407715e-01 3.499764919281005859e+00
3.913508057594299316e-01 3.535344839096069336e+00
3.923594355583190918e-01 3.537625074386596680e+00
3.933680653572082520e-01 3.514155387878417969e+00
3.943766951560974121e-01 3.507451057434082031e+00
3.953853547573089600e-01 3.552351713180541992e+00
3.963939845561981201e-01 3.551160812377929688e+00
3.974026143550872803e-01 3.508042573928833008e+00
3.984112441539764404e-01 3.502000570297241211e+00
3.994199037551879883e-01 3.493424892425537109e+00
4.004285335540771484e-01 3.548750400543212891e+00
4.014371633529663086e-01 3.513185262680053711e+00
4.024457931518554688e-01 3.522574663162231445e+00
4.034544229507446289e-01 3.512761354446411133e+00
4.044630825519561768e-01 3.482097625732421875e+00
4.054717123508453369e-01 3.510323286056518555e+00
4.064803421497344971e-01 3.531126022338867188e+00
4.074889719486236572e-01 3.494173526763916016e+00
4.084976017475128174e-01 3.479866027832031250e+00
4.095062613487243652e-01 3.480011463165283203e+00
4.105148911476135254e-01 3.476408958435058594e+00
4.115235209465026855e-01 3.471605062484741211e+00
4.125321507453918457e-01 3.459395647048950195e+00
4.135407805442810059e-01 3.497564792633056641e+00
4.145494401454925537e-01 3.463118076324462891e+00
4.155580699443817139e-01 3.479033708572387695e+00
4.165666997432708740e-01 3.482913494110107422e+00
4.175753295421600342e-01 3.505606889724731445e+00
4.185839891433715820e-01 3.511424064636230469e+00
4.195926189422607422e-01 3.505303621292114258e+00
4.206012487411499023e-01 3.475362539291381836e+00
4.216098785400390625e-01 3.487286090850830078e+00
4.226185083389282227e-01 3.464971303939819336e+00
4.236271679401397705e-01 3.502593040466308594e+00
4.246357977390289307e-01 3.495681285858154297e+00
4.256444275379180908e-01 3.448274135589599609e+00
4.266530573368072510e-01 3.462661981582641602e+00
4.276616871356964111e-01 3.458489418029785156e+00
4.286703467369079590e-01 3.483767986297607422e+00
4.296789765357971191e-01 3.482588052749633789e+00
4.306876063346862793e-01 3.527899265289306641e+00
4.316962361335754395e-01 3.479531764984130859e+00
4.327048659324645996e-01 3.460487127304077148e+00
4.337135255336761475e-01 3.483983516693115234e+00
4.347221553325653076e-01 3.466296672821044922e+00
4.357307851314544678e-01 3.465576887130737305e+00
4.367394149303436279e-01 3.461894035339355469e+00
4.377480745315551758e-01 3.481655359268188477e+00
4.387567043304443359e-01 3.486446142196655273e+00
4.397653341293334961e-01 3.478183984756469727e+00
4.407739639282226562e-01 3.498346328735351562e+00
4.417825937271118164e-01 3.501965761184692383e+00
4.427912533283233643e-01 3.486777782440185547e+00
4.437998831272125244e-01 3.473845958709716797e+00
4.448085129261016846e-01 3.449140310287475586e+00
4.458171427249908447e-01 3.485634803771972656e+00
4.468257725238800049e-01 3.468991279602050781e+00
4.478344321250915527e-01 3.448960065841674805e+00
4.488430619239807129e-01 3.466791391372680664e+00
4.498516917228698730e-01 3.469314336776733398e+00
4.508603215217590332e-01 3.440696001052856445e+00
4.518689513206481934e-01 3.485259532928466797e+00
4.528776109218597412e-01 3.477720022201538086e+00
4.538862407207489014e-01 3.485336065292358398e+00
4.548948705196380615e-01 3.485457181930541992e+00
4.559035003185272217e-01 3.481784343719482422e+00
4.569121599197387695e-01 3.461386203765869141e+00
4.579207897186279297e-01 3.469596862792968750e+00
4.589294195175170898e-01 3.460128307342529297e+00
4.599380493164062500e-01 3.471493005752563477e+00
4.609466791152954102e-01 3.453439950942993164e+00
4.619553387165069580e-01 3.489427566528320312e+00
4.629639685153961182e-01 3.519541978836059570e+00
4.639725983142852783e-01 3.451998233795166016e+00
4.649812281131744385e-01 3.462338447570800781e+00
4.659898579120635986e-01 3.458334207534790039e+00
4.669985175132751465e-01 3.447768211364746094e+00
4.680071473121643066e-01 3.507829427719116211e+00
4.690157771110534668e-01 3.477787494659423828e+00
4.700244069099426270e-01 3.473325490951538086e+00
4.710330665111541748e-01 3.456403493881225586e+00
4.720416963100433350e-01 3.469962835311889648e+00
4.730503261089324951e-01 3.442537307739257812e+00
4.740589559078216553e-01 3.482025861740112305e+00
4.750675857067108154e-01 3.480969429016113281e+00
4.760762453079223633e-01 3.507781028747558594e+00
4.770848751068115234e-01 3.490516901016235352e+00
4.780935049057006836e-01 3.485113143920898438e+00
4.791021347045898438e-01 3.470018386840820312e+00
4.801107645034790039e-01 3.468819618225097656e+00
4.811194241046905518e-01 3.459606885910034180e+00
4.821280539035797119e-01 3.486235141754150391e+00
4.831366837024688721e-01 3.486470937728881836e+00
4.841453135013580322e-01 3.484964132308959961e+00
4.851539433002471924e-01 3.492445945739746094e+00
4.861626029014587402e-01 3.487405061721801758e+00
4.871712327003479004e-01 3.468320608139038086e+00
4.881798624992370605e-01 3.496216297149658203e+00
4.891884922981262207e-01 3.481182098388671875e+00
4.901971518993377686e-01 3.478097915649414062e+00
4.912057816982269287e-01 3.478813171386718750e+00
4.922144114971160889e-01 3.502103090286254883e+00
4.932230412960052490e-01 3.500236988067626953e+00
4.942316710948944092e-01 3.525508403778076172e+00
4.952403306961059570e-01 3.539680719375610352e+00
4.962489604949951172e-01 3.523811101913452148e+00
4.972575902938842773e-01 3.528391838073730469e+00
4.982662200927734375e-01 3.509590625762939453e+00
4.992748498916625977e-01 3.530727624893188477e+00
5.002834796905517578e-01 3.520626306533813477e+00
5.012921094894409180e-01 3.489580154418945312e+00
5.023007988929748535e-01 3.505287647247314453e+00
5.033094286918640137e-01 3.527990341186523438e+00
5.043180584907531738e-01 3.592802762985229492e+00
5.053266882896423340e-01 3.529464960098266602e+00
5.063353180885314941e-01 3.490753412246704102e+00
5.073439478874206543e-01 3.524366378784179688e+00
5.083525776863098145e-01 3.540373563766479492e+00
5.093612074851989746e-01 3.485282421112060547e+00
5.103698372840881348e-01 3.508574008941650391e+00
5.113784670829772949e-01 3.523440837860107422e+00
5.123871564865112305e-01 3.492292881011962891e+00
5.133957862854003906e-01 3.498301744461059570e+00
5.144044160842895508e-01 3.490720987319946289e+00
5.154130458831787109e-01 3.501510858535766602e+00
5.164216756820678711e-01 3.507822275161743164e+00
5.174303054809570312e-01 3.535309076309204102e+00
5.184389352798461914e-01 3.504583597183227539e+00
5.194475650787353516e-01 3.515865564346313477e+00
5.204561948776245117e-01 3.492533445358276367e+00
5.214648842811584473e-01 3.514918804168701172e+00
5.224735140800476074e-01 3.519379615783691406e+00
5.234821438789367676e-01 3.503357410430908203e+00
5.244907736778259277e-01 3.492595195770263672e+00
5.254994034767150879e-01 3.484479665756225586e+00
5.265080332756042480e-01 3.522580146789550781e+00
5.275166630744934082e-01 3.511616468429565430e+00
5.285252928733825684e-01 3.515707731246948242e+00
5.295339226722717285e-01 3.478064537048339844e+00
5.305425524711608887e-01 3.515015840530395508e+00
5.315512418746948242e-01 3.543001890182495117e+00
5.325598716735839844e-01 3.562226772308349609e+00
5.335685014724731445e-01 3.570238590240478516e+00
5.345771312713623047e-01 3.574246168136596680e+00
5.355857610702514648e-01 3.562034606933593750e+00
5.365943908691406250e-01 3.559967517852783203e+00
5.376030206680297852e-01 3.575045347213745117e+00
5.386116504669189453e-01 3.561170578002929688e+00
5.396202802658081055e-01 3.549904584884643555e+00
5.406289696693420410e-01 3.574435710906982422e+00
5.416375994682312012e-01 3.594521760940551758e+00
5.426462292671203613e-01 3.610889196395874023e+00
5.436548590660095215e-01 3.633751392364501953e+00
5.446634888648986816e-01 3.593228578567504883e+00
5.456721186637878418e-01 3.609152555465698242e+00
5.466807484626770020e-01 3.600943565368652344e+00
5.476893782615661621e-01 3.646399497985839844e+00
5.486980080604553223e-01 3.641575813293457031e+00
5.497066378593444824e-01 3.629215240478515625e+00
5.507153272628784180e-01 3.668229579925537109e+00
5.517239570617675781e-01 3.677989006042480469e+00
5.527325868606567383e-01 3.636318922042846680e+00
5.537412166595458984e-01 3.685953140258789062e+00
5.547498464584350586e-01 3.653784036636352539e+00
5.557584762573242188e-01 3.650155067443847656e+00
5.567671060562133789e-01 3.661666870117187500e+00
5.577757358551025391e-01 3.662245988845825195e+00
5.587843656539916992e-01 3.688489675521850586e+00
5.597930550575256348e-01 3.706494808197021484e+00
5.608016848564147949e-01 3.685681581497192383e+00
5.618103146553039551e-01 3.726478815078735352e+00
5.628189444541931152e-01 3.698280572891235352e+00
5.638275742530822754e-01 3.718173980712890625e+00
5.648362040519714355e-01 3.750184059143066406e+00
5.658448338508605957e-01 3.733447790145874023e+00
5.668534636497497559e-01 3.713720560073852539e+00
5.678620934486389160e-01 3.768638134002685547e+00
5.688707232475280762e-01 3.707043647766113281e+00
5.698794126510620117e-01 3.716537475585937500e+00
5.708880424499511719e-01 3.750560283660888672e+00
5.718966722488403320e-01 3.729799270629882812e+00
5.729053020477294922e-01 3.729521512985229492e+00
5.739139318466186523e-01 3.767106533050537109e+00
5.749225616455078125e-01 3.786770582199096680e+00
5.759311914443969727e-01 3.776434183120727539e+00
5.769398212432861328e-01 3.781718254089355469e+00
5.779484510421752930e-01 3.781196832656860352e+00
5.789571404457092285e-01 3.785797834396362305e+00
5.799657702445983887e-01 3.744626522064208984e+00
5.809744000434875488e-01 3.763422250747680664e+00
5.819830298423767090e-01 3.814867258071899414e+00
5.829916596412658691e-01 3.856585025787353516e+00
5.840002894401550293e-01 3.819261074066162109e+00
5.850089192390441895e-01 3.855948925018310547e+00
5.860175490379333496e-01 3.846791505813598633e+00
5.870261788368225098e-01 3.873309135437011719e+00
5.880348086357116699e-01 3.895051956176757812e+00
5.890434980392456055e-01 3.871281385421752930e+00
5.900521278381347656e-01 3.934904813766479492e+00
5.910607576370239258e-01 3.895351886749267578e+00
5.920693874359130859e-01 3.924064636230468750e+00
5.930780172348022461e-01 3.945610523223876953e+00
5.940866470336914062e-01 3.940017700195312500e+00
5.950952768325805664e-01 3.894018411636352539e+00
5.961039066314697266e-01 3.915707588195800781e+00
5.971125364303588867e-01 3.943099975585937500e+00
5.981212258338928223e-01 3.976524353027343750e+00
5.991298556327819824e-01 3.959192276000976562e+00
6.001384854316711426e-01 3.980745553970336914e+00
6.011471152305603027e-01 3.991287946701049805e+00
6.021557450294494629e-01 3.959597587585449219e+00
6.031643748283386230e-01 4.017444133758544922e+00
6.041730046272277832e-01 3.982458829879760742e+00
6.051816344261169434e-01 4.021539688110351562e+00
6.061902642250061035e-01 4.017364025115966797e+00
6.071988940238952637e-01 4.002429008483886719e+00
6.082075834274291992e-01 3.986480474472045898e+00
6.092162132263183594e-01 4.038645267486572266e+00
6.102248430252075195e-01 4.061825275421142578e+00
6.112334728240966797e-01 3.984749794006347656e+00
6.122421026229858398e-01 4.067575931549072266e+00
6.132507324218750000e-01 4.077765464782714844e+00
6.142593622207641602e-01 4.042946815490722656e+00
6.152679920196533203e-01 4.057128906250000000e+00
6.162766218185424805e-01 4.065396308898925781e+00
6.172853112220764160e-01 4.056022167205810547e+00
6.182939410209655762e-01 4.120105266571044922e+00
6.193025708198547363e-01 4.071218490600585938e+00
6.203112006187438965e-01 4.073166370391845703e+00
6.213198304176330566e-01 4.016867160797119141e+00
6.223284602165222168e-01 4.089840412139892578e+00
6.233370900154113770e-01 4.048139572143554688e+00
6.243457198143005371e-01 4.084618568420410156e+00
6.253543496131896973e-01 4.126035690307617188e+00
6.263629794120788574e-01 4.098348617553710938e+00
6.273716688156127930e-01 4.078146457672119141e+00
6.283802986145019531e-01 4.096939563751220703e+00
6.293889284133911133e-01 4.077543258666992188e+00
6.303975582122802734e-01 4.094813346862792969e+00
6.314061880111694336e-01 4.081055641174316406e+00
6.324148178100585938e-01 4.073125839233398438e+00
6.334234476089477539e-01 4.121475219726562500e+00
6.344320774078369141e-01 4.081548213958740234e+00
6.354407072067260742e-01 4.076363563537597656e+00
6.364493966102600098e-01 4.093060016632080078e+00
6.374580264091491699e-01 4.097467422485351562e+00
6.384666562080383301e-01 4.154371261596679688e+00
6.394752860069274902e-01 4.129398345947265625e+00
6.404839158058166504e-01 4.133733272552490234e+00
6.414925456047058105e-01 4.164342880249023438e+00
6.425011754035949707e-01 4.133335113525390625e+00
6.435098052024841309e-01 4.094428539276123047e+00
6.445184350013732910e-01 4.106494426727294922e+00
6.455271244049072266e-01 4.137656211853027344e+00
6.465357542037963867e-01 4.137326717376708984e+00
6.475443840026855469e-01 4.159848213195800781e+00
6.485530138015747070e-01 4.161207199096679688e+00
6.495616436004638672e-01 4.124022006988525391e+00
6.505702733993530273e-01 4.141689777374267578e+00
6.515789031982421875e-01 4.194422721862792969e+00
6.525875329971313477e-01 4.189357757568359375e+00
6.535961627960205078e-01 4.180377960205078125e+00
6.546047925949096680e-01 4.186337947845458984e+00
6.556134819984436035e-01 4.185063362121582031e+00
6.566221117973327637e-01 4.214336395263671875e+00
6.576307415962219238e-01 4.178194999694824219e+00
6.586393713951110840e-01 4.192195892333984375e+00
6.596480011940002441e-01 4.180960178375244141e+00
6.606566309928894043e-01 4.224746704101562500e+00
6.616652607917785645e-01 4.214283943176269531e+00
6.626738905906677246e-01 4.235224246978759766e+00
6.636825203895568848e-01 4.248022556304931641e+00
6.646912097930908203e-01 4.197291374206542969e+00
6.656998395919799805e-01 4.203911781311035156e+00
6.667084693908691406e-01 4.236007213592529297e+00
6.677170991897583008e-01 4.245601654052734375e+00
6.687257289886474609e-01 4.252218246459960938e+00
6.697343587875366211e-01 4.265644073486328125e+00
6.707429885864257812e-01 4.271025180816650391e+00
6.717516183853149414e-01 4.298184871673583984e+00
6.727602481842041016e-01 4.265706539154052734e+00
6.737688779830932617e-01 4.281394481658935547e+00
6.747775673866271973e-01 4.307329654693603516e+00
6.757861971855163574e-01 4.291616439819335938e+00
6.767948269844055176e-01 4.312243938446044922e+00
6.778034567832946777e-01 4.320508956909179688e+00
6.788120865821838379e-01 4.327947616577148438e+00
6.798207163810729980e-01 4.280382156372070312e+00
6.808293461799621582e-01 4.289035797119140625e+00
6.818379759788513184e-01 4.290319442749023438e+00
6.828466057777404785e-01 4.338397502899169922e+00
6.838552951812744141e-01 4.313609600067138672e+00
6.848639249801635742e-01 4.368364810943603516e+00
6.858725547790527344e-01 4.350674629211425781e+00
6.868811845779418945e-01 4.377955913543701172e+00
6.878898143768310547e-01 4.398593902587890625e+00
6.888984441757202148e-01 4.369544982910156250e+00
6.899070739746093750e-01 4.384496212005615234e+00
6.909157037734985352e-01 4.398310184478759766e+00
6.919243335723876953e-01 4.396792888641357422e+00
6.929329633712768555e-01 4.404622077941894531e+00
6.939416527748107910e-01 4.432189941406250000e+00
6.949502825736999512e-01 4.441783905029296875e+00
6.959589123725891113e-01 4.453067779541015625e+00
6.969675421714782715e-01 4.431188106536865234e+00
6.979761719703674316e-01 4.378993988037109375e+00
6.989848017692565918e-01 4.416633605957031250e+00
6.999934315681457520e-01 4.450165271759033203e+00
7.010020613670349121e-01 4.504893302917480469e+00
7.020106911659240723e-01 4.495592117309570312e+00
7.030193805694580078e-01 4.460219860076904297e+00
7.040280103683471680e-01 4.472064971923828125e+00
7.050366401672363281e-01 4.512567520141601562e+00
7.060452699661254883e-01 4.491382598876953125e+00
7.070538997650146484e-01 4.488432407379150391e+00
7.080625295639038086e-01 4.514051437377929688e+00
7.090711593627929688e-01 4.521621227264404297e+00
7.100797891616821289e-01 4.528048992156982422e+00
7.110884189605712891e-01 4.537433624267578125e+00
7.120970487594604492e-01 4.558820724487304688e+00
7.131057381629943848e-01 4.552920818328857422e+00
7.141143679618835449e-01 4.561184406280517578e+00
7.151229977607727051e-01 4.530870437622070312e+00
7.161316275596618652e-01 4.576814174652099609e+00
7.171402573585510254e-01 4.579143047332763672e+00
7.181488871574401855e-01 4.601541996002197266e+00
7.191575169563293457e-01 4.589303970336914062e+00
7.201661467552185059e-01 4.602676391601562500e+00
7.211747765541076660e-01 4.622725486755371094e+00
7.221834659576416016e-01 4.638395309448242188e+00
7.231920957565307617e-01 4.663783550262451172e+00
7.242007255554199219e-01 4.692925930023193359e+00
7.252093553543090820e-01 4.638771533966064453e+00
7.262179851531982422e-01 4.647302627563476562e+00
7.272266149520874023e-01 4.650940418243408203e+00
7.282352447509765625e-01 4.645714282989501953e+00
7.292438745498657227e-01 4.687616348266601562e+00
7.302525043487548828e-01 4.729207515716552734e+00
7.312611341476440430e-01 4.688221454620361328e+00
7.322698235511779785e-01 4.702099323272705078e+00
7.332784533500671387e-01 4.767990112304687500e+00
7.342870831489562988e-01 4.722602367401123047e+00
7.352957129478454590e-01 4.711056709289550781e+00
7.363043427467346191e-01 4.733226776123046875e+00
7.373129725456237793e-01 4.790941715240478516e+00
7.383216023445129395e-01 4.721064090728759766e+00
7.393302321434020996e-01 4.747046470642089844e+00
7.403388619422912598e-01 4.743656635284423828e+00
7.413475513458251953e-01 4.826496124267578125e+00
7.423561811447143555e-01 4.825054168701171875e+00
7.433648109436035156e-01 4.851112842559814453e+00
7.443734407424926758e-01 4.841008186340332031e+00
7.453820705413818359e-01 4.826351165771484375e+00
7.463907003402709961e-01 4.881482601165771484e+00
7.473993301391601562e-01 4.855403423309326172e+00
7.484079599380493164e-01 4.877641677856445312e+00
7.494165897369384766e-01 4.836972713470458984e+00
7.504252195358276367e-01 4.873381137847900391e+00
7.514339089393615723e-01 4.884540557861328125e+00
7.524425387382507324e-01 4.898504257202148438e+00
7.534511685371398926e-01 4.941046237945556641e+00
7.544597983360290527e-01 4.891862869262695312e+00
7.554684281349182129e-01 4.928163528442382812e+00
7.564770579338073730e-01 4.947291851043701172e+00
7.574856877326965332e-01 4.880286693572998047e+00
7.584943175315856934e-01 4.942004203796386719e+00
7.595029473304748535e-01 4.952273845672607422e+00
7.605116367340087891e-01 5.028873443603515625e+00
7.615202665328979492e-01 4.983680248260498047e+00
7.625288963317871094e-01 4.927716255187988281e+00
7.635375261306762695e-01 4.976653575897216797e+00
7.645461559295654297e-01 5.046531677246093750e+00
7.655547857284545898e-01 5.038884162902832031e+00
7.665634155273437500e-01 4.985316753387451172e+00
7.675720453262329102e-01 5.042167663574218750e+00
7.685806751251220703e-01 5.026682853698730469e+00
7.695893049240112305e-01 5.013579845428466797e+00
7.705979943275451660e-01 5.092482089996337891e+00
7.716066241264343262e-01 5.152846813201904297e+00
7.726152539253234863e-01 5.079076766967773438e+00
7.736238837242126465e-01 5.115661621093750000e+00
7.746325135231018066e-01 5.087905883789062500e+00
7.756411433219909668e-01 5.099399566650390625e+00
7.766497731208801270e-01 5.096425056457519531e+00
7.776584029197692871e-01 5.143332958221435547e+00
7.786670327186584473e-01 5.114983558654785156e+00
7.796757221221923828e-01 5.123298645019531250e+00
7.806843519210815430e-01 5.098134517669677734e+00
7.816929817199707031e-01 5.143572807312011719e+00
7.827016115188598633e-01 5.157207965850830078e+00
7.837102413177490234e-01 5.174020290374755859e+00
7.847188711166381836e-01 5.183901309967041016e+00
7.857275009155273438e-01 5.157991886138916016e+00
7.867361307144165039e-01 5.156417846679687500e+00
7.877447605133056641e-01 5.187017440795898438e+00
7.887533903121948242e-01 5.212432861328125000e+00
7.897620797157287598e-01 5.198028564453125000e+00
7.907707095146179199e-01 5.205325603485107422e+00
7.917793393135070801e-01 5.187164306640625000e+00
7.927879691123962402e-01 5.170647621154785156e+00
7.937965989112854004e-01 5.212679862976074219e+00
7.948052287101745605e-01 5.168006896972656250e+00
7.958138585090637207e-01 5.256854057312011719e+00
7.968224883079528809e-01 5.277411460876464844e+00
7.978311181068420410e-01 5.247232437133789062e+00
7.988398075103759766e-01 5.261239051818847656e+00
7.998484373092651367e-01 5.233129501342773438e+00
8.008570671081542969e-01 5.243648052215576172e+00
8.018656969070434570e-01 5.288844585418701172e+00
8.028743267059326172e-01 5.311814785003662109e+00
8.038829565048217773e-01 5.312168598175048828e+00
8.048915863037109375e-01 5.314519882202148438e+00
8.059002161026000977e-01 5.331315040588378906e+00
8.069088459014892578e-01 5.325294017791748047e+00
8.079174757003784180e-01 5.293495178222656250e+00
8.089261651039123535e-01 5.368961811065673828e+00
8.099347949028015137e-01 5.330018043518066406e+00
8.109434247016906738e-01 5.343669891357421875e+00
8.119520545005798340e-01 5.355878829956054688e+00
8.129606842994689941e-01 5.349350452423095703e+00
8.139693140983581543e-01 5.344667911529541016e+00
8.149779438972473145e-01 5.428940296173095703e+00
8.159865736961364746e-01 5.400519371032714844e+00
8.169952034950256348e-01 5.354290962219238281e+00
8.180038928985595703e-01 5.394377708435058594e+00
8.190125226974487305e-01 5.402752399444580078e+00
8.200211524963378906e-01 5.397215366363525391e+00
8.210297822952270508e-01 5.445079803466796875e+00
8.220384120941162109e-01 5.393315792083740234e+00
8.230470418930053711e-01 5.478819370269775391e+00
8.240556716918945312e-01 5.441225528717041016e+00
8.250643014907836914e-01 5.451134204864501953e+00
8.260729312896728516e-01 5.435850143432617188e+00
8.270815610885620117e-01 5.491174221038818359e+00
8.280902504920959473e-01 5.503719329833984375e+00
8.290988802909851074e-01 5.462014675140380859e+00
8.301075100898742676e-01 5.522876262664794922e+00
8.311161398887634277e-01 5.493331432342529297e+00
8.321247696876525879e-01 5.535029888153076172e+00
8.331333994865417480e-01 5.529055118560791016e+00
8.341420292854309082e-01 5.522209644317626953e+00
8.351506590843200684e-01 5.530734062194824219e+00
8.361592888832092285e-01 5.528280258178710938e+00
8.371679782867431641e-01 5.516022205352783203e+00
8.381766080856323242e-01 5.531606674194335938e+00
8.391852378845214844e-01 5.529342174530029297e+00
8.401938676834106445e-01 5.577469825744628906e+00
8.412024974822998047e-01 5.573885917663574219e+00
8.422111272811889648e-01 5.620285987854003906e+00
8.432197570800781250e-01 5.673221111297607422e+00
8.442283868789672852e-01 5.696187496185302734e+00
8.452370166778564453e-01 5.676305294036865234e+00
8.462456464767456055e-01 5.627618789672851562e+00
8.472543358802795410e-01 5.712890625000000000e+00
8.482629656791687012e-01 5.736715316772460938e+00
8.492715954780578613e-01 5.756219863891601562e+00
8.502802252769470215e-01 5.769155025482177734e+00
8.512888550758361816e-01 5.767424583435058594e+00
8.522974848747253418e-01 5.832595348358154297e+00
8.533061146736145020e-01 5.874441146850585938e+00
8.543147444725036621e-01 5.860033988952636719e+00
8.553233742713928223e-01 5.846999168395996094e+00
8.563320636749267578e-01 5.934631347656250000e+00
8.573406934738159180e-01 5.916453361511230469e+00
8.583493232727050781e-01 5.979775428771972656e+00
8.593579530715942383e-01 6.028731346130371094e+00
8.603665828704833984e-01 6.047727108001708984e+00
8.613752126693725586e-01 6.025595664978027344e+00
8.623838424682617188e-01 6.218368053436279297e+00
8.633924722671508789e-01 6.407999515533447266e+00
8.644011020660400391e-01 6.089171886444091797e+00
8.654097318649291992e-01 6.066032409667968750e+00
8.664184212684631348e-01 6.099716663360595703e+00
8.674270510673522949e-01 6.168610572814941406e+00
8.684356808662414551e-01 6.144490718841552734e+00
8.694443106651306152e-01 6.198694229125976562e+00
8.704529404640197754e-01 6.252538681030273438e+00
8.714615702629089355e-01 6.154080390930175781e+00
8.724702000617980957e-01 6.112615585327148438e+00
8.734788298606872559e-01 6.115653514862060547e+00
8.744874596595764160e-01 6.075787544250488281e+00
8.754961490631103516e-01 6.020175933837890625e+00
8.765047788619995117e-01 6.074953079223632812e+00
8.775134086608886719e-01 6.047177791595458984e+00
8.785220384597778320e-01 6.082983970642089844e+00
8.795306682586669922e-01 6.071038246154785156e+00
8.805392980575561523e-01 6.104669094085693359e+00
8.815479278564453125e-01 6.146317958831787109e+00
8.825565576553344727e-01 6.138100624084472656e+00
8.835651874542236328e-01 6.114459514617919922e+00
8.845738172531127930e-01 6.119361877441406250e+00
8.855825066566467285e-01 6.151339530944824219e+00
8.865911364555358887e-01 6.209877967834472656e+00
8.875997662544250488e-01 6.193258762359619141e+00
8.886083960533142090e-01 6.163179874420166016e+00
8.896170258522033691e-01 6.188842773437500000e+00
8.906256556510925293e-01 6.198375701904296875e+00
8.916342854499816895e-01 6.268826961517333984e+00
8.926429152488708496e-01 6.172532558441162109e+00
8.936515450477600098e-01 6.276895046234130859e+00
8.946602344512939453e-01 6.299926757812500000e+00
8.956688642501831055e-01 6.254588127136230469e+00
8.966774940490722656e-01 6.285668849945068359e+00
8.976861238479614258e-01 6.390678882598876953e+00
8.986947536468505859e-01 6.384239673614501953e+00
8.997033834457397461e-01 6.292525768280029297e+00
9.007120132446289062e-01 6.293697357177734375e+00
9.017206430435180664e-01 6.303847312927246094e+00
9.027292728424072266e-01 6.370936393737792969e+00
9.037379026412963867e-01 6.359084606170654297e+00
9.047465920448303223e-01 6.297285079956054688e+00
9.057552218437194824e-01 6.409064769744873047e+00
9.067638516426086426e-01 6.452203273773193359e+00
9.077724814414978027e-01 6.396485805511474609e+00
9.087811112403869629e-01 6.383646965026855469e+00
9.097897410392761230e-01 6.424582481384277344e+00
9.107983708381652832e-01 6.432532787322998047e+00
9.118070006370544434e-01 6.483930110931396484e+00
9.128156304359436035e-01 6.402402400970458984e+00
9.138243198394775391e-01 6.496429920196533203e+00
9.148329496383666992e-01 6.523703575134277344e+00
9.158415794372558594e-01 6.549190521240234375e+00
9.168502092361450195e-01 6.577653408050537109e+00
9.178588390350341797e-01 6.584367752075195312e+00
9.188674688339233398e-01 6.576723098754882812e+00
9.198760986328125000e-01 6.548655986785888672e+00
9.208847284317016602e-01 6.539839267730712891e+00
9.218933582305908203e-01 6.617533683776855469e+00
9.229020476341247559e-01 6.562530994415283203e+00
9.239106774330139160e-01 6.582664966583251953e+00
9.249193072319030762e-01 6.632464885711669922e+00
9.259279370307922363e-01 6.729240894317626953e+00
9.269365668296813965e-01 6.741251468658447266e+00
9.279451966285705566e-01 6.721597671508789062e+00
9.289538264274597168e-01 6.662938594818115234e+00
9.299624562263488770e-01 6.703264713287353516e+00
9.309710860252380371e-01 6.695637702941894531e+00
9.319797158241271973e-01 6.732294559478759766e+00
9.329884052276611328e-01 6.712372303009033203e+00
9.339970350265502930e-01 6.822444438934326172e+00
9.350056648254394531e-01 6.780316352844238281e+00
9.360142946243286133e-01 6.846271038055419922e+00
9.370229244232177734e-01 6.798014163970947266e+00
9.380315542221069336e-01 6.866679191589355469e+00
9.390401840209960938e-01 6.842215061187744141e+00
9.400488138198852539e-01 6.782179832458496094e+00
9.410574436187744141e-01 6.890493392944335938e+00
9.420661330223083496e-01 6.879521369934082031e+00
9.430747628211975098e-01 6.875470161437988281e+00
9.440833926200866699e-01 6.947160720825195312e+00
9.450920224189758301e-01 6.845407485961914062e+00
9.461006522178649902e-01 6.864601135253906250e+00
9.471092820167541504e-01 6.978171348571777344e+00
9.481179118156433105e-01 6.980670452117919922e+00
9.491265416145324707e-01 6.984570503234863281e+00
9.501351714134216309e-01 7.059867858886718750e+00
9.511438012123107910e-01 7.038273811340332031e+00
9.521524906158447266e-01 6.993991374969482422e+00
9.531611204147338867e-01 7.000656127929687500e+00
9.541697502136230469e-01 7.111955165863037109e+00
9.551783800125122070e-01 7.162118434906005859e+00
9.561870098114013672e-01 7.103351116180419922e+00
9.571956396102905273e-01 7.099101543426513672e+00
9.582042694091796875e-01 7.196694850921630859e+00
9.592128992080688477e-01 7.296248435974121094e+00
9.602215290069580078e-01 7.140088081359863281e+00
9.612302184104919434e-01 7.221322059631347656e+00
9.622388482093811035e-01 7.291479110717773438e+00
9.632474780082702637e-01 7.139674663543701172e+00
9.642561078071594238e-01 7.212468147277832031e+00
9.652647376060485840e-01 7.295486927032470703e+00
9.662733674049377441e-01 7.297531127929687500e+00
9.672819972038269043e-01 7.282110691070556641e+00
9.682906270027160645e-01 7.303221225738525391e+00
9.692992568016052246e-01 7.368235111236572266e+00
9.703078866004943848e-01 7.385715961456298828e+00
9.713165760040283203e-01 7.364335060119628906e+00
9.723252058029174805e-01 7.362761020660400391e+00
9.733338356018066406e-01 7.368727207183837891e+00
9.743424654006958008e-01 7.492576599121093750e+00
9.753510951995849609e-01 7.498074531555175781e+00
9.763597249984741211e-01 7.467072010040283203e+00
9.773683547973632812e-01 7.532289981842041016e+00
9.783769845962524414e-01 7.533078193664550781e+00
9.793856143951416016e-01 7.496442317962646484e+00
9.803943037986755371e-01 7.521577358245849609e+00
9.814029335975646973e-01 7.683704853057861328e+00
9.824115633964538574e-01 7.563431262969970703e+00
9.834201931953430176e-01 7.522358894348144531e+00
9.844288229942321777e-01 7.506565570831298828e+00
9.854374527931213379e-01 7.637723922729492188e+00
9.864460825920104980e-01 7.624910831451416016e+00
9.874547123908996582e-01 7.675451755523681641e+00
9.884633421897888184e-01 7.599701881408691406e+00
9.894719719886779785e-01 7.743369102478027344e+00
9.904806613922119141e-01 7.763413429260253906e+00
9.914892911911010742e-01 7.805809497833251953e+00
9.924979209899902344e-01 7.779951095581054688e+00
9.935065507888793945e-01 7.836865425109863281e+00
9.945151805877685547e-01 7.848541259765625000e+00
9.955238103866577148e-01 7.865221977233886719e+00
9.965324401855468750e-01 7.886634349822998047e+00
9.975410699844360352e-01 7.876593112945556641e+00
9.985496997833251953e-01 7.943324565887451172e+00
9.995583891868591309e-01 7.975423336029052734e+00
1.000566959381103516e+00 8.075724601745605469e+00
1.001575589179992676e+00 8.027343750000000000e+00
1.002584218978881836e+00 7.944862365722656250e+00
1.003592848777770996e+00 7.994504451751708984e+00
1.004601597785949707e+00 8.068699836730957031e+00
1.005610227584838867e+00 7.970952510833740234e+00
1.006618857383728027e+00 8.010583877563476562e+00
1.007627487182617188e+00 8.017005920410156250e+00
1.008636116981506348e+00 8.037241935729980469e+00
1.009644746780395508e+00 8.054759025573730469e+00
1.010653376579284668e+00 8.099734306335449219e+00
1.011662006378173828e+00 8.054026603698730469e+00
1.012670636177062988e+00 8.259676933288574219e+00
1.013679265975952148e+00 8.213919639587402344e+00
1.014687895774841309e+00 8.184987068176269531e+00
1.015696525573730469e+00 8.218656539916992188e+00
1.016705155372619629e+00 8.353266716003417969e+00
1.017713785171508789e+00 8.236655235290527344e+00
1.018722414970397949e+00 8.274066925048828125e+00
1.019731044769287109e+00 8.232628822326660156e+00
1.020739674568176270e+00 8.335389137268066406e+00
1.021748304367065430e+00 8.303221702575683594e+00
1.022756934165954590e+00 8.450034141540527344e+00
1.023765683174133301e+00 8.457103729248046875e+00
1.024774312973022461e+00 8.449860572814941406e+00
1.025782942771911621e+00 8.465712547302246094e+00
1.026791572570800781e+00 8.364862442016601562e+00
1.027800202369689941e+00 8.532099723815917969e+00
1.028808832168579102e+00 8.544036865234375000e+00
1.029817461967468262e+00 8.606842994689941406e+00
1.030826091766357422e+00 8.470005989074707031e+00
1.031834721565246582e+00 8.651772499084472656e+00
1.032843351364135742e+00 8.690829277038574219e+00
1.033851981163024902e+00 8.609497070312500000e+00
1.034860610961914062e+00 8.586500167846679688e+00
1.035869240760803223e+00 8.696375846862792969e+00
1.036877870559692383e+00 8.734692573547363281e+00
1.037886500358581543e+00 8.673670768737792969e+00
1.038895130157470703e+00 8.699225425720214844e+00
1.039903759956359863e+00 8.686011314392089844e+00
1.040912389755249023e+00 8.759570121765136719e+00
1.041921019554138184e+00 8.815942764282226562e+00
1.042929768562316895e+00 8.709101676940917969e+00
1.043938398361206055e+00 8.676656723022460938e+00
1.044947028160095215e+00 8.809158325195312500e+00
1.045955657958984375e+00 8.751371383666992188e+00
1.046964287757873535e+00 8.782106399536132812e+00
1.047972917556762695e+00 8.889646530151367188e+00
1.048981547355651855e+00 8.864012718200683594e+00
1.049990177154541016e+00 8.992340087890625000e+00
1.050998806953430176e+00 9.039758682250976562e+00
1.052007436752319336e+00 9.161306381225585938e+00
1.053016066551208496e+00 9.016367912292480469e+00
1.054024696350097656e+00 9.029488563537597656e+00
1.055033326148986816e+00 8.978897094726562500e+00
1.056041955947875977e+00 9.093576431274414062e+00
1.057050585746765137e+00 9.042567253112792969e+00
1.058059215545654297e+00 9.030690193176269531e+00
1.059067845344543457e+00 9.195968627929687500e+00
1.060076475143432617e+00 9.159922599792480469e+00
1.061085104942321777e+00 9.078539848327636719e+00
1.062093853950500488e+00 9.018549919128417969e+00
1.063102483749389648e+00 9.209547996520996094e+00
1.064111113548278809e+00 9.438840866088867188e+00
1.065119743347167969e+00 9.274424552917480469e+00
1.066128373146057129e+00 9.204788208007812500e+00
1.067137002944946289e+00 9.083992004394531250e+00
1.068145632743835449e+00 9.465663909912109375e+00
1.069154262542724609e+00 9.474159240722656250e+00
1.070162892341613770e+00 9.297092437744140625e+00
1.071171522140502930e+00 9.345362663269042969e+00
1.072180151939392090e+00 9.199622154235839844e+00
1.073188781738281250e+00 9.323348045349121094e+00
1.074197411537170410e+00 9.235919952392578125e+00
1.075206041336059570e+00 9.346560478210449219e+00
1.076214671134948730e+00 9.446631431579589844e+00
1.077223300933837891e+00 9.447832107543945312e+00
1.078231930732727051e+00 9.501546859741210938e+00
1.079240560531616211e+00 9.539611816406250000e+00
1.080249190330505371e+00 9.569650650024414062e+00
1.081257939338684082e+00 9.548349380493164062e+00
1.082266569137573242e+00 9.660977363586425781e+00
1.083275198936462402e+00 9.557003974914550781e+00
1.084283828735351562e+00 9.424638748168945312e+00
1.085292458534240723e+00 9.547508239746093750e+00
1.086301088333129883e+00 9.709021568298339844e+00
1.087309718132019043e+00 9.523779869079589844e+00
1.088318347930908203e+00 9.696476936340332031e+00
1.089326977729797363e+00 9.736221313476562500e+00
1.090335607528686523e+00 9.500627517700195312e+00
1.091344237327575684e+00 9.517330169677734375e+00
1.092352867126464844e+00 9.609642982482910156e+00
1.093361496925354004e+00 9.761053085327148438e+00
1.094370126724243164e+00 9.744965553283691406e+00
1.095378756523132324e+00 9.859061241149902344e+00
1.096387386322021484e+00 9.908965110778808594e+00
1.097396016120910645e+00 9.839200019836425781e+00
1.098404645919799805e+00 9.933031082153320312e+00
1.099413275718688965e+00 9.981115341186523438e+00
1.100422024726867676e+00 9.934652328491210938e+00
1.101430654525756836e+00 1.006618976593017578e+01
1.102439284324645996e+00 1.007963466644287109e+01
1.103447914123535156e+00 1.013032817840576172e+01
1.104456543922424316e+00 1.001927375793457031e+01
1.105465173721313477e+00 1.001889133453369141e+01
1.106473803520202637e+00 1.005744647979736328e+01
1.107482433319091797e+00 1.010612487792968750e+01
1.108491063117980957e+00 1.021606826782226562e+01
1.109499692916870117e+00 1.019129276275634766e+01
1.110508322715759277e+00 1.021425628662109375e+01
1.111516952514648438e+00 1.037490081787109375e+01
1.112525582313537598e+00 9.943974494934082031e+00
1.113534212112426758e+00 1.000871086120605469e+01
1.114542841911315918e+00 1.016481113433837891e+01
1.115551471710205078e+00 1.038249206542968750e+01
1.116560101509094238e+00 1.042755794525146484e+01
1.117568731307983398e+00 1.046536636352539062e+01
1.118577361106872559e+00 1.026062583923339844e+01
1.119586110115051270e+00 1.038245391845703125e+01
1.120594739913940430e+00 1.029536724090576172e+01
1.121603369712829590e+00 1.025676155090332031e+01
1.122611999511718750e+00 1.035590553283691406e+01
1.123620629310607910e+00 1.043928241729736328e+01
1.124629259109497070e+00 1.059126377105712891e+01
1.125637888908386230e+00 1.093343067169189453e+01
1.126646518707275391e+00 1.060494041442871094e+01
1.127655148506164551e+00 1.035612297058105469e+01
1.128663778305053711e+00 1.059771156311035156e+01
1.129672408103942871e+00 1.090354347229003906e+01
1.130681037902832031e+00 1.085367202758789062e+01
1.131689667701721191e+00 1.061331081390380859e+01
1.132698297500610352e+00 1.083367919921875000e+01
1.133706927299499512e+00 1.059472084045410156e+01
1.134715557098388672e+00 1.073897552490234375e+01
1.135724186897277832e+00 1.079308795928955078e+01
1.136732816696166992e+00 1.069956302642822266e+01
1.137741446495056152e+00 1.062025451660156250e+01
1.138750195503234863e+00 1.084170246124267578e+01
1.139758825302124023e+00 1.112682247161865234e+01
1.140767455101013184e+00 1.088697338104248047e+01
1.141776084899902344e+00 1.092396259307861328e+01
1.142784714698791504e+00 1.067390918731689453e+01
1.143793344497680664e+00 1.075753211975097656e+01
1.144801974296569824e+00 1.077020835876464844e+01
1.145810604095458984e+00 1.084044933319091797e+01
1.146819233894348145e+00 1.085473918914794922e+01
1.147827863693237305e+00 1.080867862701416016e+01
1.148836493492126465e+00 1.082079315185546875e+01
1.149845123291015625e+00 1.104328632354736328e+01
1.150853753089904785e+00 1.074503421783447266e+01
1.151862382888793945e+00 1.074537754058837891e+01
1.152871012687683105e+00 1.091296195983886719e+01
1.153879642486572266e+00 1.073580932617187500e+01
1.154888272285461426e+00 1.115528011322021484e+01
1.155896902084350586e+00 1.112505435943603516e+01
1.156905531883239746e+00 1.136497497558593750e+01
1.157914280891418457e+00 1.084961986541748047e+01
1.158922910690307617e+00 1.110604953765869141e+01
1.159931540489196777e+00 1.071477031707763672e+01
1.160940170288085938e+00 1.123962306976318359e+01
1.161948800086975098e+00 1.145962810516357422e+01
1.162957429885864258e+00 1.130456447601318359e+01
1.163966059684753418e+00 1.116698360443115234e+01
1.164974689483642578e+00 1.127422809600830078e+01
1.165983319282531738e+00 1.141536998748779297e+01
1.166991949081420898e+00 1.130329132080078125e+01
1.168000578880310059e+00 1.129694080352783203e+01
1.169009208679199219e+00 1.110653972625732422e+01
1.170017838478088379e+00 1.130654430389404297e+01
1.171026468276977539e+00 1.190913677215576172e+01
1.172035098075866699e+00 1.167857646942138672e+01
1.173043727874755859e+00 1.126112556457519531e+01
1.174052357673645020e+00 1.128493881225585938e+01
1.175060987472534180e+00 1.099529552459716797e+01
1.176069617271423340e+00 1.164350986480712891e+01
1.177078366279602051e+00 1.157695674896240234e+01
1.178086996078491211e+00 1.141400146484375000e+01
1.179095625877380371e+00 1.160171127319335938e+01
1.180104255676269531e+00 1.184649753570556641e+01
1.181112885475158691e+00 1.176302814483642578e+01
1.182121515274047852e+00 1.177759075164794922e+01
1.183130145072937012e+00 1.207515144348144531e+01
1.184138774871826172e+00 1.110650444030761719e+01
1.185147404670715332e+00 1.155615139007568359e+01
1.186156034469604492e+00 1.186525821685791016e+01
1.187164664268493652e+00 1.159483337402343750e+01
1.188173294067382812e+00 1.145366573333740234e+01
1.189181923866271973e+00 1.181267642974853516e+01
1.190190553665161133e+00 1.184950447082519531e+01
1.191199183464050293e+00 1.174289035797119141e+01
1.192207813262939453e+00 1.237562084197998047e+01
1.193216443061828613e+00 1.175175380706787109e+01
1.194225072860717773e+00 1.155902576446533203e+01
1.195233702659606934e+00 1.178230285644531250e+01
1.196242451667785645e+00 1.150592613220214844e+01
1.197251081466674805e+00 1.185263252258300781e+01
1.198259711265563965e+00 1.206614494323730469e+01
1.199268341064453125e+00 1.136152648925781250e+01
1.200276970863342285e+00 1.138430595397949219e+01
1.201285600662231445e+00 1.209967136383056641e+01
1.202294230461120605e+00 1.216751956939697266e+01
1.203302860260009766e+00 1.180098533630371094e+01
1.204311490058898926e+00 1.118122673034667969e+01
1.205320119857788086e+00 1.153105068206787109e+01
1.206328749656677246e+00 1.114369964599609375e+01
1.207337379455566406e+00 1.191077423095703125e+01
1.208346009254455566e+00 1.253084278106689453e+01
1.209354639053344727e+00 1.101571559906005859e+01
