0.000000000000000000e+00 3.779396484375000000e+03
1.008636085316538811e-03 2.600134521484375000e+03
2.017272170633077621e-03 1.769777587890625000e+03
3.025908255949616432e-03 1.324728759765625000e+03
4.034544341266155243e-03 1.013005554199218750e+03
5.043180659413337708e-03 8.048820800781250000e+02
6.051816511899232864e-03 6.379302978515625000e+02
7.060452364385128021e-03 5.047574768066406250e+02
8.069088682532310486e-03 4.019139099121093750e+02
9.077725000679492950e-03 3.322552490234375000e+02
1.008636131882667542e-02 2.806588745117187500e+02
1.109499670565128326e-02 2.376288604736328125e+02
1.210363302379846573e-02 1.994268951416015625e+02
1.311226934194564819e-02 1.705229339599609375e+02
1.412090472877025604e-02 1.480649414062500000e+02
1.512954104691743851e-02 1.297010650634765625e+02
1.613817736506462097e-02 1.131162033081054688e+02
1.714681275188922882e-02 9.917948150634765625e+01
1.815545000135898590e-02 8.560142517089843750e+01
1.916408538818359375e-02 7.658373260498046875e+01
2.017272263765335083e-02 6.823849487304687500e+01
2.118135802447795868e-02 6.131443405151367188e+01
2.218999341130256653e-02 5.492324829101562500e+01
2.319863066077232361e-02 4.940758514404296875e+01
2.420726604759693146e-02 4.492944717407226562e+01
2.521590143442153931e-02 4.120796966552734375e+01
2.622453868389129639e-02 3.771761322021484375e+01
2.723317407071590424e-02 3.405098342895507812e+01
2.824180945754051208e-02 3.133596038818359375e+01
2.925044670701026917e-02 2.819770050048828125e+01
3.025908209383487701e-02 2.572752380371093750e+01
3.126771748065948486e-02 2.406532287597656250e+01
3.227635473012924194e-02 2.209821891784667969e+01
3.328499197959899902e-02 2.027935981750488281e+01
3.429362550377845764e-02 1.898905181884765625e+01
3.530226275324821472e-02 1.784634017944335938e+01
3.631090000271797180e-02 1.660942459106445312e+01
3.731953352689743042e-02 1.528946971893310547e+01
3.832817077636718750e-02 1.442001438140869141e+01
3.933680802583694458e-02 1.337562847137451172e+01
4.034544527530670166e-02 1.263190460205078125e+01
4.135407879948616028e-02 1.177137470245361328e+01
4.236271604895591736e-02 1.130094146728515625e+01
4.337135329842567444e-02 1.072140121459960938e+01
4.437998682260513306e-02 9.994182586669921875e+00
4.538862407207489014e-02 9.475092887878417969e+00
4.639726132154464722e-02 8.778333663940429688e+00
4.740589484572410583e-02 8.176774978637695312e+00
4.841453209519386292e-02 8.118520736694335938e+00
4.942316934466362000e-02 7.895464897155761719e+00
5.043180286884307861e-02 7.294654369354248047e+00
5.144044011831283569e-02 7.010584831237792969e+00
5.244907736778259277e-02 6.609028339385986328e+00
5.345771089196205139e-02 6.340638160705566406e+00
5.446634814143180847e-02 6.009932041168212891e+00
5.547498539090156555e-02 5.707981109619140625e+00
5.648361891508102417e-02 5.386569499969482422e+00
5.749225616455078125e-02 5.309782981872558594e+00
5.850089341402053833e-02 4.937778949737548828e+00
5.950953066349029541e-02 4.792531490325927734e+00
6.051816418766975403e-02 4.582711219787597656e+00
6.152680143713951111e-02 4.490849971771240234e+00
6.253543496131896973e-02 4.349246501922607422e+00
6.354407221078872681e-02 4.126634120941162109e+00
6.455270946025848389e-02 3.946899414062500000e+00
6.556134670972824097e-02 3.868187665939331055e+00
6.656998395919799805e-02 3.687876939773559570e+00
6.757862120866775513e-02 3.568716049194335938e+00
6.858725100755691528e-02 3.361994743347167969e+00
6.959588825702667236e-02 3.296961784362792969e+00
7.060452550649642944e-02 3.184011936187744141e+00
7.161316275596618652e-02 3.062041044235229492e+00
7.262180000543594360e-02 3.000834226608276367e+00
7.363043725490570068e-02 2.877455949783325195e+00
7.463906705379486084e-02 2.688070774078369141e+00
7.564770430326461792e-02 2.696726560592651367e+00
7.665634155273437500e-02 2.645125150680541992e+00
7.766497880220413208e-02 2.495561361312866211e+00
7.867361605167388916e-02 2.403865337371826172e+00
7.968225330114364624e-02 2.328201770782470703e+00
8.069089055061340332e-02 2.252002239227294922e+00
8.169952034950256348e-02 2.199916124343872070e+00
8.270815759897232056e-02 2.179800033569335938e+00
8.371679484844207764e-02 2.113887786865234375e+00
8.472543209791183472e-02 2.058994770050048828e+00
8.573406934738159180e-02 1.974343776702880859e+00
8.674270659685134888e-02 1.985617995262145996e+00
8.775133639574050903e-02 1.919262051582336426e+00
8.875997364521026611e-02 1.824677467346191406e+00
8.976861089468002319e-02 1.798550605773925781e+00
9.077724814414978027e-02 1.774844288825988770e+00
9.178588539361953735e-02 1.747421383857727051e+00
9.279452264308929443e-02 1.699800610542297363e+00
9.380315244197845459e-02 1.718708038330078125e+00
9.481178969144821167e-02 1.649603247642517090e+00
9.582042694091796875e-02 1.574963688850402832e+00
9.682906419038772583e-02 1.573269724845886230e+00
9.783770143985748291e-02 1.550413846969604492e+00
9.884633868932723999e-02 1.495292544364929199e+00
9.985497593879699707e-02 1.448704719543457031e+00
1.008636057376861572e-01 1.442914962768554688e+00
1.018722429871559143e-01 1.389617681503295898e+00
1.028808802366256714e-01 1.357897400856018066e+00
1.038895174860954285e-01 1.361405134201049805e+00
1.048981547355651855e-01 1.321078181266784668e+00
1.059067919850349426e-01 1.223396897315979004e+00
1.069154217839241028e-01 1.288946509361267090e+00
1.079240590333938599e-01 1.267513155937194824e+00
1.089326962828636169e-01 1.290347099304199219e+00
1.099413335323333740e-01 1.185990095138549805e+00
1.109499707818031311e-01 1.210232615470886230e+00
1.119586080312728882e-01 1.187409877777099609e+00
1.129672378301620483e-01 1.168842077255249023e+00
1.139758750796318054e-01 1.159689068794250488e+00
1.149845123291015625e-01 1.127157926559448242e+00
1.159931495785713196e-01 1.165919423103332520e+00
1.170017868280410767e-01 1.115691184997558594e+00
1.180104240775108337e-01 1.095430016517639160e+00
1.190190613269805908e-01 1.075087785720825195e+00
1.200276911258697510e-01 1.079106569290161133e+00
1.210363283753395081e-01 1.039012193679809570e+00
1.220449656248092651e-01 1.053929209709167480e+00
1.230536028742790222e-01 9.952940344810485840e-01
1.240622401237487793e-01 1.023393630981445312e+00
1.250708699226379395e-01 9.936391711235046387e-01
1.260795146226882935e-01 9.616767764091491699e-01
1.270881444215774536e-01 9.651883840560913086e-01
1.280967891216278076e-01 9.463611841201782227e-01
1.291054189205169678e-01 9.198150634765625000e-01
1.301140487194061279e-01 9.069578647613525391e-01
1.311226934194564819e-01 9.523823261260986328e-01
1.321313232183456421e-01 9.595450758934020996e-01
1.331399679183959961e-01 9.240094423294067383e-01
1.341485977172851562e-01 9.233065843582153320e-01
1.351572424173355103e-01 9.056702852249145508e-01
1.361658722162246704e-01 8.986738920211791992e-01
1.371745020151138306e-01 8.822875022888183594e-01
1.381831467151641846e-01 8.870816230773925781e-01
1.391917765140533447e-01 8.584013581275939941e-01
1.402004212141036987e-01 8.696638345718383789e-01
1.412090510129928589e-01 8.636744022369384766e-01
1.422176808118820190e-01 8.301692008972167969e-01
1.432263255119323730e-01 8.119038343429565430e-01
1.442349553108215332e-01 8.445802330970764160e-01
1.452436000108718872e-01 8.316181898117065430e-01
1.462522298097610474e-01 8.705133199691772461e-01
1.472608745098114014e-01 7.960587143898010254e-01
1.482695043087005615e-01 8.300970792770385742e-01
1.492781341075897217e-01 8.083946704864501953e-01
1.502867788076400757e-01 8.118737339973449707e-01
1.512954086065292358e-01 7.830244302749633789e-01
1.523040533065795898e-01 7.769531011581420898e-01
1.533126831054687500e-01 7.695259451866149902e-01
1.543213278055191040e-01 7.804861068725585938e-01
1.553299576044082642e-01 7.575062513351440430e-01
1.563385874032974243e-01 7.397826313972473145e-01
1.573472321033477783e-01 7.542328238487243652e-01
1.583558619022369385e-01 7.333979010581970215e-01
1.593645066022872925e-01 7.187774181365966797e-01
1.603731364011764526e-01 7.029519081115722656e-01
1.613817811012268066e-01 7.336058020591735840e-01
1.623904109001159668e-01 7.334600090980529785e-01
1.633990406990051270e-01 6.865149140357971191e-01
1.644076853990554810e-01 6.978067159652709961e-01
1.654163151979446411e-01 7.230023145675659180e-01
1.664249598979949951e-01 7.351177334785461426e-01
1.674335896968841553e-01 7.524974346160888672e-01
1.684422194957733154e-01 7.058768272399902344e-01
1.694508641958236694e-01 7.000259160995483398e-01
1.704594939947128296e-01 7.202556729316711426e-01
1.714681386947631836e-01 7.263750433921813965e-01
1.724767684936523438e-01 7.100014090538024902e-01
1.734854131937026978e-01 7.004927396774291992e-01
1.744940429925918579e-01 6.912595629692077637e-01
1.755026727914810181e-01 7.002816200256347656e-01
1.765113174915313721e-01 7.099673151969909668e-01
1.775199472904205322e-01 6.876357197761535645e-01
1.785285919904708862e-01 7.129793167114257812e-01
1.795372217893600464e-01 6.681429147720336914e-01
1.805458664894104004e-01 7.003564834594726562e-01
1.815544962882995605e-01 7.127226591110229492e-01
1.825631260871887207e-01 6.866029500961303711e-01
1.835717707872390747e-01 6.725533008575439453e-01
1.845804005861282349e-01 7.031716108322143555e-01
1.855890452861785889e-01 6.810602545738220215e-01
1.865976750850677490e-01 6.796694397926330566e-01
1.876063048839569092e-01 6.860077381134033203e-01
1.886149495840072632e-01 6.737935543060302734e-01
1.896235793828964233e-01 6.786798834800720215e-01
1.906322240829467773e-01 6.779729127883911133e-01
1.916408538818359375e-01 6.509991884231567383e-01
1.926494985818862915e-01 6.576158404350280762e-01
1.936581283807754517e-01 6.795189380645751953e-01
1.946667581796646118e-01 6.737923026084899902e-01
1.956754028797149658e-01 6.708191037178039551e-01
1.966840326786041260e-01 6.715915203094482422e-01
1.976926773786544800e-01 6.583728790283203125e-01
1.987013071775436401e-01 6.913796663284301758e-01
1.997099518775939941e-01 6.758306026458740234e-01
2.007185816764831543e-01 6.656360626220703125e-01
2.017272114753723145e-01 6.618340611457824707e-01
2.027358561754226685e-01 6.496515274047851562e-01
2.037444859743118286e-01 6.381536126136779785e-01
2.047531306743621826e-01 6.430923342704772949e-01
2.057617604732513428e-01 6.548597812652587891e-01
2.067703902721405029e-01 6.496369838714599609e-01
2.077790349721908569e-01 6.595052480697631836e-01
2.087876647710800171e-01 6.743440032005310059e-01
2.097963094711303711e-01 6.384354829788208008e-01
2.108049392700195312e-01 6.541953682899475098e-01
2.118135839700698853e-01 6.488096117973327637e-01
2.128222137689590454e-01 6.342257261276245117e-01
2.138308435678482056e-01 6.508682966232299805e-01
2.148394882678985596e-01 6.284759044647216797e-01
2.158481180667877197e-01 6.161226630210876465e-01
2.168567627668380737e-01 6.420217156410217285e-01
2.178653925657272339e-01 6.509120464324951172e-01
2.188740372657775879e-01 6.384804844856262207e-01
2.198826670646667480e-01 6.414252519607543945e-01
2.208912968635559082e-01 6.486211419105529785e-01
2.218999415636062622e-01 6.526264548301696777e-01
2.229085713624954224e-01 6.159991025924682617e-01
2.239172160625457764e-01 6.374897360801696777e-01
2.249258458614349365e-01 6.356901526451110840e-01
2.259344756603240967e-01 6.338766813278198242e-01
2.269431203603744507e-01 6.444078683853149414e-01
2.279517501592636108e-01 6.198997497558593750e-01
2.289603948593139648e-01 5.742300748825073242e-01
2.299690246582031250e-01 6.104585528373718262e-01
2.309776693582534790e-01 6.064681410789489746e-01
2.319862991571426392e-01 6.192507147789001465e-01
2.329949289560317993e-01 6.186649203300476074e-01
2.340035736560821533e-01 6.012312173843383789e-01
2.350122034549713135e-01 6.222305893898010254e-01
2.360208481550216675e-01 6.257300972938537598e-01
2.370294779539108276e-01 6.127758026123046875e-01
2.380381226539611816e-01 6.018709540367126465e-01
2.390467524528503418e-01 6.069754362106323242e-01
2.400553822517395020e-01 6.082370281219482422e-01
2.410640269517898560e-01 6.140567660331726074e-01
2.420726567506790161e-01 6.345677971839904785e-01
2.430813014507293701e-01 6.985598802566528320e-01
2.440899312496185303e-01 6.129746437072753906e-01
2.450985759496688843e-01 6.161303520202636719e-01
2.461072057485580444e-01 5.902540087699890137e-01
2.471158355474472046e-01 6.237373352050781250e-01
2.481244802474975586e-01 5.999314785003662109e-01
2.491331100463867188e-01 5.995919704437255859e-01
2.501417398452758789e-01 6.129299998283386230e-01
2.511503994464874268e-01 6.039889454841613770e-01
2.521590292453765869e-01 6.008760929107666016e-01
2.531676590442657471e-01 6.005488634109497070e-01
2.541762888431549072e-01 6.076433658599853516e-01
2.551849186420440674e-01 5.977935194969177246e-01
2.561935782432556152e-01 6.018794178962707520e-01
2.572022080421447754e-01 5.752528905868530273e-01
2.582108378410339355e-01 5.696692466735839844e-01
2.592194676399230957e-01 5.808957815170288086e-01
2.602280974388122559e-01 5.840613245964050293e-01
2.612367570400238037e-01 5.876117944717407227e-01
2.622453868389129639e-01 5.809099078178405762e-01
2.632540166378021240e-01 5.812753438949584961e-01
2.642626464366912842e-01 5.848749876022338867e-01
2.652712762355804443e-01 5.974662899971008301e-01
2.662799358367919922e-01 5.974428057670593262e-01
2.672885656356811523e-01 5.974291563034057617e-01
2.682971954345703125e-01 6.062749028205871582e-01
2.693058252334594727e-01 6.146641373634338379e-01
2.703144848346710205e-01 5.799951553344726562e-01
2.713231146335601807e-01 5.628228783607482910e-01
2.723317444324493408e-01 5.680977106094360352e-01
2.733403742313385010e-01 5.640366077423095703e-01
2.743490040302276611e-01 5.783402919769287109e-01
2.753576636314392090e-01 5.705364346504211426e-01
2.763662934303283691e-01 5.594115257263183594e-01
2.773749232292175293e-01 5.775780677795410156e-01
2.783835530281066895e-01 5.780423283576965332e-01
2.793921828269958496e-01 5.838380455970764160e-01
2.804008424282073975e-01 5.735087990760803223e-01
2.814094722270965576e-01 5.502254366874694824e-01
2.824181020259857178e-01 5.642184019088745117e-01
2.834267318248748779e-01 5.722538232803344727e-01
2.844353616237640381e-01 5.542815327644348145e-01
2.854440212249755859e-01 5.625512003898620605e-01
2.864526510238647461e-01 5.470104813575744629e-01
2.874612808227539062e-01 5.767140984535217285e-01
2.884699106216430664e-01 5.830932259559631348e-01
2.894785702228546143e-01 5.645305514335632324e-01
2.904872000217437744e-01 5.741114020347595215e-01
2.914958298206329346e-01 5.765233039855957031e-01
2.925044596195220947e-01 5.653395652770996094e-01
2.935130894184112549e-01 5.692206621170043945e-01
2.945217490196228027e-01 5.708665847778320312e-01
2.955303788185119629e-01 5.711067318916320801e-01
2.965390086174011230e-01 5.682120919227600098e-01
2.975476384162902832e-01 5.587648749351501465e-01
2.985562682151794434e-01 5.707595348358154297e-01
2.995649278163909912e-01 5.951499342918395996e-01
3.005735576152801514e-01 5.623734593391418457e-01
3.015821874141693115e-01 5.655946135520935059e-01
3.025908172130584717e-01 5.717676877975463867e-01
3.035994470119476318e-01 5.607913732528686523e-01
3.046081066131591797e-01 5.695260167121887207e-01
3.056167364120483398e-01 5.572898387908935547e-01
3.066253662109375000e-01 5.681894421577453613e-01
3.076339960098266602e-01 5.751559138298034668e-01
3.086426556110382080e-01 5.624530315399169922e-01
3.096512854099273682e-01 5.624834895133972168e-01
3.106599152088165283e-01 5.436675548553466797e-01
3.116685450077056885e-01 5.444015264511108398e-01
3.126771748065948486e-01 5.632696747779846191e-01
3.136858344078063965e-01 5.537233948707580566e-01
3.146944642066955566e-01 5.730233788490295410e-01
3.157030940055847168e-01 5.595903396606445312e-01
3.167117238044738770e-01 5.439770221710205078e-01
3.177203536033630371e-01 5.435133576393127441e-01
3.187290132045745850e-01 5.422871708869934082e-01
3.197376430034637451e-01 5.408488512039184570e-01
3.207462728023529053e-01 5.595532059669494629e-01
3.217549026012420654e-01 5.489113926887512207e-01
3.227635622024536133e-01 5.668787360191345215e-01
3.237721920013427734e-01 5.537342429161071777e-01
3.247808218002319336e-01 5.701793432235717773e-01
3.257894515991210938e-01 5.359379053115844727e-01
3.267980813980102539e-01 5.543016195297241211e-01
3.278067409992218018e-01 5.534228086471557617e-01
3.288153707981109619e-01 5.617821812629699707e-01
3.298240005970001221e-01 5.496318340301513672e-01
3.308326303958892822e-01 5.550815463066101074e-01
3.318412601947784424e-01 5.612304806709289551e-01
3.328499197959899902e-01 5.337429046630859375e-01
3.338585495948791504e-01 5.354925394058227539e-01
3.348671793937683105e-01 5.609848499298095703e-01
3.358758091926574707e-01 5.532162189483642578e-01
3.368844389915466309e-01 5.594369173049926758e-01
3.378930985927581787e-01 5.429739952087402344e-01
3.389017283916473389e-01 5.512940883636474609e-01
3.399103581905364990e-01 5.504806637763977051e-01
3.409189879894256592e-01 5.447908043861389160e-01
3.419276475906372070e-01 5.411553382873535156e-01
3.429362773895263672e-01 5.479571819305419922e-01
3.439449071884155273e-01 5.261316895484924316e-01
3.449535369873046875e-01 5.295250415802001953e-01
3.459621667861938477e-01 5.525398850440979004e-01
3.469708263874053955e-01 5.532728433609008789e-01
3.479794561862945557e-01 5.562478303909301758e-01
3.489880859851837158e-01 5.446597337722778320e-01
3.499967157840728760e-01 5.385066866874694824e-01
3.510053455829620361e-01 5.454085469245910645e-01
3.520140051841735840e-01 5.460387468338012695e-01
3.530226349830627441e-01 5.644897222518920898e-01
3.540312647819519043e-01 5.297648310661315918e-01
3.550398945808410645e-01 5.424601435661315918e-01
3.560485243797302246e-01 5.561029314994812012e-01
3.570571839809417725e-01 5.322638154029846191e-01
3.580658137798309326e-01 5.331881642341613770e-01
3.590744435787200928e-01 5.309810638427734375e-01
3.600830733776092529e-01 5.329527854919433594e-01
3.610917329788208008e-01 5.430502891540527344e-01
3.621003627777099609e-01 5.434031486511230469e-01
3.631089925765991211e-01 5.375916361808776855e-01
3.641176223754882812e-01 5.345003008842468262e-01
3.651262521743774414e-01 5.531855225563049316e-01
3.661349117755889893e-01 5.456891059875488281e-01
3.671435415744781494e-01 5.288578867912292480e-01
3.681521713733673096e-01 5.470501780509948730e-01
3.691608011722564697e-01 5.293989181518554688e-01
3.701694309711456299e-01 5.431553721427917480e-01
3.711780905723571777e-01 5.288933515548706055e-01
3.721867203712463379e-01 5.480704307556152344e-01
3.731953501701354980e-01 5.310196876525878906e-01
3.742039799690246582e-01 5.355597734451293945e-01
3.752126097679138184e-01 5.480626225471496582e-01
3.762212693691253662e-01 5.349945425987243652e-01
3.772298991680145264e-01 5.383030176162719727e-01
3.782385289669036865e-01 5.365373492240905762e-01
3.792471587657928467e-01 5.498988032341003418e-01
3.802558183670043945e-01 5.507271289825439453e-01
3.812644481658935547e-01 5.351853370666503906e-01
3.822730779647827148e-01 5.378128886222839355e-01
3.832817077636718750e-01 5.495091080665588379e-01
3.842903375625610352e-01 5.503703355789184570e-01
3.852989971637725830e-01 5.444487333297729492e-01
3.863076269626617432e-01 5.462184548377990723e-01
3.873162567615509033e-01 5.233762860298156738e-01
3.883248865604400635e-01 5.245295166969299316e-01
3.893335163593292236e-01 5.330215096473693848e-01
3.903421759605407715e-01 5.274810194969177246e-01
3.913508057594299316e-01 5.286043882369995117e-01
3.923594355583190918e-01 5.406125187873840332e-01
3.933680653572082520e-01 5.354351997375488281e-01
3.943766951560974121e-01 5.359241366386413574e-01
3.953853547573089600e-01 5.437507629394531250e-01
3.963939845561981201e-01 5.301824212074279785e-01
3.974026143550872803e-01 5.303426980972290039e-01
3.984112441539764404e-01 5.276694893836975098e-01
3.994199037551879883e-01 5.251830816268920898e-01
4.004285335540771484e-01 5.229261517524719238e-01
4.014371633529663086e-01 5.383700728416442871e-01
4.024457931518554688e-01 5.417914986610412598e-01
4.034544229507446289e-01 5.322585701942443848e-01
4.044630825519561768e-01 5.324702858924865723e-01
4.054717123508453369e-01 5.383074879646301270e-01
4.064803421497344971e-01 5.465216636657714844e-01
4.074889719486236572e-01 5.423691272735595703e-01
4.084976017475128174e-01 5.199527740478515625e-01
4.095062613487243652e-01 5.218625068664550781e-01
4.105148911476135254e-01 5.325130820274353027e-01
4.115235209465026855e-01 5.267105698585510254e-01
4.125321507453918457e-01 5.463575124740600586e-01
4.135407805442810059e-01 5.222924351692199707e-01
4.145494401454925537e-01 5.189071893692016602e-01
4.155580699443817139e-01 5.232701897621154785e-01
4.165666997432708740e-01 5.275537371635437012e-01
4.175753295421600342e-01 5.206707715988159180e-01
4.185839891433715820e-01 5.263907313346862793e-01
4.195926189422607422e-01 5.170212984085083008e-01
4.206012487411499023e-01 5.289576053619384766e-01
4.216098785400390625e-01 5.294042229652404785e-01
4.226185083389282227e-01 5.303047299385070801e-01
4.236271679401397705e-01 5.272789597511291504e-01
4.246357977390289307e-01 5.196775794029235840e-01
4.256444275379180908e-01 5.264211297035217285e-01
4.266530573368072510e-01 5.255478620529174805e-01
4.276616871356964111e-01 5.254995226860046387e-01
4.286703467369079590e-01 5.203161239624023438e-01
4.296789765357971191e-01 5.256450772285461426e-01
4.306876063346862793e-01 5.436259508132934570e-01
4.316962361335754395e-01 5.285332202911376953e-01
4.327048659324645996e-01 5.285574197769165039e-01
4.337135255336761475e-01 5.305258035659790039e-01
4.347221553325653076e-01 5.225051641464233398e-01
4.357307851314544678e-01 5.225492715835571289e-01
4.367394149303436279e-01 5.126188397407531738e-01
4.377480745315551758e-01 5.239130258560180664e-01
4.387567043304443359e-01 5.039381980895996094e-01
4.397653341293334961e-01 5.236454010009765625e-01
4.407739639282226562e-01 5.335112214088439941e-01
4.417825937271118164e-01 5.101709961891174316e-01
4.427912533283233643e-01 5.177267789840698242e-01
4.437998831272125244e-01 5.116575360298156738e-01
4.448085129261016846e-01 5.310119390487670898e-01
4.458171427249908447e-01 5.187849998474121094e-01
4.468257725238800049e-01 5.309261679649353027e-01
4.478344321250915527e-01 5.243189930915832520e-01
4.488430619239807129e-01 5.210138559341430664e-01
4.498516917228698730e-01 5.276785492897033691e-01
4.508603215217590332e-01 5.244728922843933105e-01
4.518689513206481934e-01 5.214813947677612305e-01
4.528776109218597412e-01 5.071124434471130371e-01
4.538862407207489014e-01 5.114979147911071777e-01
4.548948705196380615e-01 5.202398300170898438e-01
4.559035003185272217e-01 5.236321687698364258e-01
4.569121599197387695e-01 5.164082646369934082e-01
4.579207897186279297e-01 5.156161189079284668e-01
4.589294195175170898e-01 5.086331963539123535e-01
4.599380493164062500e-01 5.165600180625915527e-01
4.609466791152954102e-01 5.234847664833068848e-01
4.619553387165069580e-01 5.149433016777038574e-01
4.629639685153961182e-01 5.132068395614624023e-01
4.639725983142852783e-01 5.039636492729187012e-01
4.649812281131744385e-01 5.172126293182373047e-01
4.659898579120635986e-01 5.256891846656799316e-01
4.669985175132751465e-01 5.116053223609924316e-01
4.680071473121643066e-01 5.123214721679687500e-01
4.690157771110534668e-01 5.101863145828247070e-01
4.700244069099426270e-01 5.127333998680114746e-01
4.710330665111541748e-01 5.268231034278869629e-01
4.720416963100433350e-01 5.174809098243713379e-01
4.730503261089324951e-01 5.110735297203063965e-01
4.740589559078216553e-01 5.268115997314453125e-01
4.750675857067108154e-01 5.220277309417724609e-01
4.760762453079223633e-01 5.136801004409790039e-01
4.770848751068115234e-01 5.119981765747070312e-01
4.780935049057006836e-01 5.200924873352050781e-01
4.791021347045898438e-01 5.154874324798583984e-01
4.801107645034790039e-01 5.098876953125000000e-01
4.811194241046905518e-01 5.086932778358459473e-01
4.821280539035797119e-01 5.172930955886840820e-01
4.831366837024688721e-01 5.154418349266052246e-01
4.841453135013580322e-01 5.076767206192016602e-01
4.851539433002471924e-01 5.170559287071228027e-01
4.861626029014587402e-01 5.247536301612854004e-01
4.871712327003479004e-01 5.089324712753295898e-01
4.881798624992370605e-01 5.149221420288085938e-01
4.891884922981262207e-01 5.181117653846740723e-01
4.901971518993377686e-01 5.211790800094604492e-01
4.912057816982269287e-01 5.078409314155578613e-01
4.922144114971160889e-01 5.034511685371398926e-01
4.932230412960052490e-01 5.096895694732666016e-01
4.942316710948944092e-01 5.218580365180969238e-01
4.952403306961059570e-01 5.149384737014770508e-01
4.962489604949951172e-01 5.047671198844909668e-01
4.972575902938842773e-01 5.120598077774047852e-01
4.982662200927734375e-01 5.042665004730224609e-01
4.992748498916625977e-01 5.192465782165527344e-01
5.002834796905517578e-01 5.081921219825744629e-01
5.012921094894409180e-01 5.082324147224426270e-01
5.023007988929748535e-01 5.178719162940979004e-01
5.033094286918640137e-01 5.282380580902099609e-01
5.043180584907531738e-01 5.371125936508178711e-01
5.053266882896423340e-01 5.126650333404541016e-01
5.063353180885314941e-01 5.080589652061462402e-01
5.073439478874206543e-01 5.257571935653686523e-01
5.083525776863098145e-01 5.187301635742187500e-01
5.093612074851989746e-01 5.046703815460205078e-01
5.103698372840881348e-01 5.010122060775756836e-01
5.113784670829772949e-01 5.153084993362426758e-01
5.123871564865112305e-01 4.960482418537139893e-01
5.133957862854003906e-01 4.951249361038208008e-01
5.144044160842895508e-01 5.032991170883178711e-01
5.154130458831787109e-01 4.907869100570678711e-01
5.164216756820678711e-01 5.186527371406555176e-01
5.174303054809570312e-01 5.181954503059387207e-01
5.184389352798461914e-01 5.129256844520568848e-01
5.194475650787353516e-01 5.135296583175659180e-01
5.204561948776245117e-01 5.126678943634033203e-01
5.214648842811584473e-01 5.210122466087341309e-01
5.224735140800476074e-01 5.176553726196289062e-01
5.234821438789367676e-01 5.045654773712158203e-01
5.244907736778259277e-01 5.069184899330139160e-01
5.254994034767150879e-01 5.068790316581726074e-01
5.265080332756042480e-01 5.140334963798522949e-01
5.275166630744934082e-01 5.111231207847595215e-01
5.285252928733825684e-01 4.996306598186492920e-01
5.295339226722717285e-01 4.850502014160156250e-01
5.305425524711608887e-01 4.851515889167785645e-01
5.315512418746948242e-01 5.038503408432006836e-01
5.325598716735839844e-01 4.918482303619384766e-01
5.335685014724731445e-01 4.994838535785675049e-01
5.345771312713623047e-01 4.943610131740570068e-01
5.355857610702514648e-01 5.180955529212951660e-01
5.365943908691406250e-01 4.927663803100585938e-01
5.376030206680297852e-01 5.049224495887756348e-01
5.386116504669189453e-01 5.144445300102233887e-01
5.396202802658081055e-01 5.075759887695312500e-01
5.406289696693420410e-01 5.069418549537658691e-01
5.416375994682312012e-01 5.102128982543945312e-01
5.426462292671203613e-01 5.128881335258483887e-01
5.436548590660095215e-01 4.991945326328277588e-01
5.446634888648986816e-01 5.055645108222961426e-01
5.456721186637878418e-01 5.095455050468444824e-01
5.466807484626770020e-01 5.057073235511779785e-01
5.476893782615661621e-01 4.934345781803131104e-01
5.486980080604553223e-01 5.073281526565551758e-01
5.497066378593444824e-01 5.201774835586547852e-01
5.507153272628784180e-01 4.921408593654632568e-01
5.517239570617675781e-01 5.108858346939086914e-01
5.527325868606567383e-01 5.177847743034362793e-01
5.537412166595458984e-01 5.079513192176818848e-01
5.547498464584350586e-01 5.086628198623657227e-01
5.557584762573242188e-01 5.298738479614257812e-01
5.567671060562133789e-01 5.235744118690490723e-01
5.577757358551025391e-01 5.092175006866455078e-01
5.587843656539916992e-01 5.105637907981872559e-01
5.597930550575256348e-01 5.327426791191101074e-01
5.608016848564147949e-01 5.204691886901855469e-01
5.618103146553039551e-01 5.176865458488464355e-01
5.628189444541931152e-01 5.133451819419860840e-01
5.638275742530822754e-01 4.976448118686676025e-01
5.648362040519714355e-01 5.103839039802551270e-01
5.658448338508605957e-01 5.041070580482482910e-01
5.668534636497497559e-01 5.156639814376831055e-01
5.678620934486389160e-01 5.055583119392395020e-01
5.688707232475280762e-01 5.161052346229553223e-01
5.698794126510620117e-01 5.151676535606384277e-01
5.708880424499511719e-01 4.977800548076629639e-01
5.718966722488403320e-01 5.100394487380981445e-01
5.729053020477294922e-01 5.092363357543945312e-01
5.739139318466186523e-01 5.054129958152770996e-01
5.749225616455078125e-01 5.073481798171997070e-01
5.759311914443969727e-01 5.102849006652832031e-01
5.769398212432861328e-01 5.075757503509521484e-01
5.779484510421752930e-01 5.112324357032775879e-01
5.789571404457092285e-01 5.113518238067626953e-01
5.799657702445983887e-01 5.129404664039611816e-01
5.809744000434875488e-01 5.064954757690429688e-01
5.819830298423767090e-01 5.246258974075317383e-01
5.829916596412658691e-01 5.114108920097351074e-01
5.840002894401550293e-01 5.211929678916931152e-01
5.850089192390441895e-01 5.155232548713684082e-01
5.860175490379333496e-01 5.030634999275207520e-01
5.870261788368225098e-01 5.134308934211730957e-01
5.880348086357116699e-01 5.116497278213500977e-01
5.890434980392456055e-01 5.010281205177307129e-01
5.900521278381347656e-01 5.075632929801940918e-01
5.910607576370239258e-01 5.247050523757934570e-01
5.920693874359130859e-01 5.166050791740417480e-01
5.930780172348022461e-01 5.212504863739013672e-01
5.940866470336914062e-01 5.082393288612365723e-01
5.950952768325805664e-01 5.122191905975341797e-01
5.961039066314697266e-01 5.167543292045593262e-01
5.971125364303588867e-01 5.187861323356628418e-01
5.981212258338928223e-01 5.165777206420898438e-01
5.991298556327819824e-01 4.975926876068115234e-01
6.001384854316711426e-01 5.045822262763977051e-01
6.011471152305603027e-01 5.146236419677734375e-01
6.021557450294494629e-01 5.025191903114318848e-01
6.031643748283386230e-01 5.116394758224487305e-01
6.041730046272277832e-01 5.013852715492248535e-01
6.051816344261169434e-01 5.225178599357604980e-01
6.061902642250061035e-01 5.054366588592529297e-01
6.071988940238952637e-01 5.076730847358703613e-01
6.082075834274291992e-01 5.155133605003356934e-01
6.092162132263183594e-01 5.122553706169128418e-01
6.102248430252075195e-01 5.138317942619323730e-01
6.112334728240966797e-01 5.164902210235595703e-01
6.122421026229858398e-01 5.220648646354675293e-01
6.132507324218750000e-01 5.215982198715209961e-01
6.142593622207641602e-01 5.252098441123962402e-01
6.152679920196533203e-01 5.281944870948791504e-01
6.162766218185424805e-01 5.172553062438964844e-01
6.172853112220764160e-01 4.992555081844329834e-01
6.182939410209655762e-01 5.065540075302124023e-01
6.193025708198547363e-01 5.091994404792785645e-01
6.203112006187438965e-01 5.188419818878173828e-01
6.213198304176330566e-01 5.182296037673950195e-01
6.223284602165222168e-01 5.160037875175476074e-01
6.233370900154113770e-01 5.280044674873352051e-01
6.243457198143005371e-01 5.412866473197937012e-01
6.253543496131896973e-01 5.240606665611267090e-01
6.263629794120788574e-01 5.084708929061889648e-01
6.273716688156127930e-01 5.195476412773132324e-01
6.283802986145019531e-01 4.973675906658172607e-01
6.293889284133911133e-01 5.054804086685180664e-01
6.303975582122802734e-01 5.143399238586425781e-01
6.314061880111694336e-01 5.075775384902954102e-01
6.324148178100585938e-01 5.171850919723510742e-01
6.334234476089477539e-01 5.258745551109313965e-01
6.344320774078369141e-01 5.149530768394470215e-01
6.354407072067260742e-01 5.067507028579711914e-01
6.364493966102600098e-01 5.061981081962585449e-01
6.374580264091491699e-01 5.178956985473632812e-01
6.384666562080383301e-01 5.213344693183898926e-01
6.394752860069274902e-01 5.068292617797851562e-01
6.404839158058166504e-01 5.000708699226379395e-01
6.414925456047058105e-01 5.145587921142578125e-01
6.425011754035949707e-01 5.264570116996765137e-01
6.435098052024841309e-01 5.184895992279052734e-01
6.445184350013732910e-01 5.090901851654052734e-01
6.455271244049072266e-01 5.137888789176940918e-01
6.465357542037963867e-01 5.122092962265014648e-01
6.475443840026855469e-01 5.182722806930541992e-01
6.485530138015747070e-01 5.040847659111022949e-01
6.495616436004638672e-01 5.058332085609436035e-01
6.505702733993530273e-01 5.119962692260742188e-01
6.515789031982421875e-01 5.058456659317016602e-01
6.525875329971313477e-01 5.110459923744201660e-01
6.535961627960205078e-01 5.367280244827270508e-01
6.546047925949096680e-01 5.280873179435729980e-01
6.556134819984436035e-01 5.243080258369445801e-01
6.566221117973327637e-01 5.052574276924133301e-01
6.576307415962219238e-01 4.875665307044982910e-01
6.586393713951110840e-01 5.051649212837219238e-01
6.596480011940002441e-01 5.231478810310363770e-01
6.606566309928894043e-01 5.211050510406494141e-01
6.616652607917785645e-01 5.130578279495239258e-01
6.626738905906677246e-01 5.059629082679748535e-01
6.636825203895568848e-01 5.081439614295959473e-01
6.646912097930908203e-01 5.113837122917175293e-01
6.656998395919799805e-01 5.050308108329772949e-01
6.667084693908691406e-01 5.006034374237060547e-01
6.677170991897583008e-01 5.143992900848388672e-01
6.687257289886474609e-01 5.241171121597290039e-01
6.697343587875366211e-01 5.123095512390136719e-01
6.707429885864257812e-01 5.194223523139953613e-01
6.717516183853149414e-01 5.185663104057312012e-01
6.727602481842041016e-01 5.183281898498535156e-01
6.737688779830932617e-01 4.976802766323089600e-01
6.747775673866271973e-01 5.092148184776306152e-01
6.757861971855163574e-01 5.257288217544555664e-01
6.767948269844055176e-01 5.247876644134521484e-01
6.778034567832946777e-01 5.135729312896728516e-01
6.788120865821838379e-01 5.096796154975891113e-01
6.798207163810729980e-01 5.144214630126953125e-01
6.808293461799621582e-01 5.033237934112548828e-01
6.818379759788513184e-01 5.069958567619323730e-01
6.828466057777404785e-01 4.951362311840057373e-01
6.838552951812744141e-01 5.247069001197814941e-01
6.848639249801635742e-01 5.159688591957092285e-01
6.858725547790527344e-01 5.182154178619384766e-01
6.868811845779418945e-01 5.234979391098022461e-01
6.878898143768310547e-01 5.211450457572937012e-01
6.888984441757202148e-01 5.167338252067565918e-01
6.899070739746093750e-01 5.182203054428100586e-01
6.909157037734985352e-01 5.197057127952575684e-01
6.919243335723876953e-01 5.146400928497314453e-01
6.929329633712768555e-01 5.035457611083984375e-01
6.939416527748107910e-01 5.089858770370483398e-01
6.949502825736999512e-01 5.155366063117980957e-01
6.959589123725891113e-01 5.087939500808715820e-01
6.969675421714782715e-01 5.088701844215393066e-01
6.979761719703674316e-01 5.107100009918212891e-01
6.989848017692565918e-01 4.994977712631225586e-01
6.999934315681457520e-01 5.137410163879394531e-01
7.010020613670349121e-01 5.063349008560180664e-01
7.020106911659240723e-01 4.969839155673980713e-01
7.030193805694580078e-01 5.031437277793884277e-01
7.040280103683471680e-01 5.226027369499206543e-01
7.050366401672363281e-01 5.106861591339111328e-01
7.060452699661254883e-01 5.097117424011230469e-01
7.070538997650146484e-01 5.178114771842956543e-01
7.080625295639038086e-01 5.203425288200378418e-01
7.090711593627929688e-01 4.942314624786376953e-01
7.100797891616821289e-01 5.223454236984252930e-01
7.110884189605712891e-01 5.281523466110229492e-01
7.120970487594604492e-01 5.243462324142456055e-01
7.131057381629943848e-01 5.264567732810974121e-01
7.141143679618835449e-01 5.218368768692016602e-01
7.151229977607727051e-01 5.236771702766418457e-01
7.161316275596618652e-01 5.128494501113891602e-01
7.171402573585510254e-01 5.186445713043212891e-01
7.181488871574401855e-01 5.132089257240295410e-01
7.191575169563293457e-01 5.213670730590820312e-01
7.201661467552185059e-01 5.212379097938537598e-01
7.211747765541076660e-01 5.285272598266601562e-01
7.221834659576416016e-01 5.187761783599853516e-01
7.231920957565307617e-01 5.061599612236022949e-01
7.242007255554199219e-01 5.179283022880554199e-01
7.252093553543090820e-01 5.145268440246582031e-01
7.262179851531982422e-01 5.311610698699951172e-01
7.272266149520874023e-01 5.154848098754882812e-01
7.282352447509765625e-01 4.984884262084960938e-01
7.292438745498657227e-01 4.982711970806121826e-01
7.302525043487548828e-01 5.311217308044433594e-01
7.312611341476440430e-01 5.354006886482238770e-01
7.322698235511779785e-01 5.325706005096435547e-01
7.332784533500671387e-01 5.171675086021423340e-01
7.342870831489562988e-01 5.283835530281066895e-01
7.352957129478454590e-01 5.136969685554504395e-01
7.363043427467346191e-01 5.127068161964416504e-01
7.373129725456237793e-01 5.198805928230285645e-01
7.383216023445129395e-01 5.265275835990905762e-01
7.393302321434020996e-01 5.116143226623535156e-01
7.403388619422912598e-01 5.176842808723449707e-01
7.413475513458251953e-01 5.300112962722778320e-01
7.423561811447143555e-01 5.075827836990356445e-01
7.433648109436035156e-01 5.128997564315795898e-01
7.443734407424926758e-01 5.198669433593750000e-01
7.453820705413818359e-01 5.117143392562866211e-01
7.463907003402709961e-01 5.189635157585144043e-01
7.473993301391601562e-01 5.303354859352111816e-01
7.484079599380493164e-01 5.077257156372070312e-01
7.494165897369384766e-01 5.158853530883789062e-01
7.504252195358276367e-01 5.022334456443786621e-01
7.514339089393615723e-01 5.336334109306335449e-01
7.524425387382507324e-01 5.404821038246154785e-01
7.534511685371398926e-01 5.401959419250488281e-01
7.544597983360290527e-01 5.164676308631896973e-01
7.554684281349182129e-01 5.194731950759887695e-01
7.564770579338073730e-01 5.331388115882873535e-01
7.574856877326965332e-01 5.197802782058715820e-01
7.584943175315856934e-01 5.283424258232116699e-01
7.595029473304748535e-01 5.243180394172668457e-01
7.605116367340087891e-01 5.286386013031005859e-01
7.615202665328979492e-01 5.186830163002014160e-01
7.625288963317871094e-01 5.219399929046630859e-01
7.635375261306762695e-01 5.147880315780639648e-01
7.645461559295654297e-01 4.939329922199249268e-01
7.655547857284545898e-01 4.993993639945983887e-01
7.665634155273437500e-01 5.057917833328247070e-01
7.675720453262329102e-01 5.162197947502136230e-01
7.685806751251220703e-01 5.043589472770690918e-01
7.695893049240112305e-01 5.153191089630126953e-01
7.705979943275451660e-01 5.202561616897583008e-01
7.716066241264343262e-01 5.074882507324218750e-01
7.726152539253234863e-01 5.212001204490661621e-01
7.736238837242126465e-01 5.102597475051879883e-01
7.746325135231018066e-01 5.110865831375122070e-01
7.756411433219909668e-01 5.003417134284973145e-01
7.766497731208801270e-01 5.086542963981628418e-01
7.776584029197692871e-01 5.121818780899047852e-01
7.786670327186584473e-01 5.109288096427917480e-01
7.796757221221923828e-01 5.053830742835998535e-01
7.806843519210815430e-01 5.197022557258605957e-01
7.816929817199707031e-01 5.311427712440490723e-01
7.827016115188598633e-01 5.107948184013366699e-01
7.837102413177490234e-01 5.185755491256713867e-01
7.847188711166381836e-01 5.129352807998657227e-01
7.857275009155273438e-01 5.083035826683044434e-01
7.867361307144165039e-01 5.132782459259033203e-01
7.877447605133056641e-01 5.189477205276489258e-01
7.887533903121948242e-01 5.155933499336242676e-01
7.897620797157287598e-01 5.345292091369628906e-01
7.907707095146179199e-01 5.064353346824645996e-01
7.917793393135070801e-01 4.968781173229217529e-01
7.927879691123962402e-01 5.108703374862670898e-01
7.937965989112854004e-01 5.106692910194396973e-01
7.948052287101745605e-01 5.183390974998474121e-01
7.958138585090637207e-01 5.040476918220520020e-01
7.968224883079528809e-01 5.150448679924011230e-01
7.978311181068420410e-01 5.108472108840942383e-01
7.988398075103759766e-01 5.100249648094177246e-01
7.998484373092651367e-01 5.113403797149658203e-01
8.008570671081542969e-01 5.121941566467285156e-01
8.018656969070434570e-01 5.110987424850463867e-01
8.028743267059326172e-01 5.018411874771118164e-01
8.038829565048217773e-01 5.169329047203063965e-01
8.048915863037109375e-01 5.085448026657104492e-01
8.059002161026000977e-01 5.049675703048706055e-01
8.069088459014892578e-01 5.068224668502807617e-01
8.079174757003784180e-01 5.265086889266967773e-01
8.089261651039123535e-01 5.154082179069519043e-01
8.099347949028015137e-01 5.174431800842285156e-01
8.109434247016906738e-01 5.129354596138000488e-01
8.119520545005798340e-01 5.117788314819335938e-01
8.129606842994689941e-01 4.984465539455413818e-01
8.139693140983581543e-01 5.160358548164367676e-01
8.149779438972473145e-01 5.092678070068359375e-01
8.159865736961364746e-01 5.097739696502685547e-01
8.169952034950256348e-01 4.961072802543640137e-01
8.180038928985595703e-01 5.219772458076477051e-01
8.190125226974487305e-01 5.301516056060791016e-01
8.200211524963378906e-01 5.218850374221801758e-01
8.210297822952270508e-01 5.050266981124877930e-01
8.220384120941162109e-01 4.986780881881713867e-01
8.230470418930053711e-01 5.093529820442199707e-01
8.240556716918945312e-01 5.058346390724182129e-01
8.250643014907836914e-01 5.081835389137268066e-01
8.260729312896728516e-01 5.163594484329223633e-01
8.270815610885620117e-01 5.044601559638977051e-01
8.280902504920959473e-01 5.099018812179565430e-01
8.290988802909851074e-01 5.277228951454162598e-01
8.301075100898742676e-01 5.132498741149902344e-01
8.311161398887634277e-01 5.125132203102111816e-01
8.321247696876525879e-01 5.128962993621826172e-01
8.331333994865417480e-01 5.108270645141601562e-01
8.341420292854309082e-01 5.080399513244628906e-01
8.351506590843200684e-01 5.180190205574035645e-01
8.361592888832092285e-01 5.021798610687255859e-01
8.371679782867431641e-01 5.063658356666564941e-01
8.381766080856323242e-01 5.235899686813354492e-01
8.391852378845214844e-01 5.260909795761108398e-01
8.401938676834106445e-01 5.315915346145629883e-01
8.412024974822998047e-01 5.074219703674316406e-01
8.422111272811889648e-01 5.039806962013244629e-01
8.432197570800781250e-01 5.124723315238952637e-01
8.442283868789672852e-01 5.036535263061523438e-01
8.452370166778564453e-01 5.000793933868408203e-01
8.462456464767456055e-01 5.150271058082580566e-01
8.472543358802795410e-01 5.420345067977905273e-01
8.482629656791687012e-01 5.274303555488586426e-01
8.492715954780578613e-01 5.097724199295043945e-01
8.502802252769470215e-01 5.053950548171997070e-01
8.512888550758361816e-01 5.343976616859436035e-01
8.522974848747253418e-01 5.137004256248474121e-01
8.533061146736145020e-01 5.137719511985778809e-01
8.543147444725036621e-01 5.183759927749633789e-01
8.553233742713928223e-01 5.356640815734863281e-01
8.563320636749267578e-01 5.194359421730041504e-01
8.573406934738159180e-01 5.288223028182983398e-01
8.583493232727050781e-01 5.144622325897216797e-01
8.593579530715942383e-01 5.066246390342712402e-01
8.603665828704833984e-01 5.104021430015563965e-01
8.613752126693725586e-01 5.139688253402709961e-01
8.623838424682617188e-01 5.621399283409118652e-01
8.633924722671508789e-01 6.595070362091064453e-01
8.644011020660400391e-01 5.373387932777404785e-01
8.654097318649291992e-01 5.123767852783203125e-01
8.664184212684631348e-01 5.305750966072082520e-01
8.674270510673522949e-01 5.218359827995300293e-01
8.684356808662414551e-01 5.287963151931762695e-01
8.694443106651306152e-01 5.328615903854370117e-01
8.704529404640197754e-01 5.254004001617431641e-01
8.714615702629089355e-01 5.243560671806335449e-01
8.724702000617980957e-01 5.147947669029235840e-01
8.734788298606872559e-01 5.079861879348754883e-01
8.744874596595764160e-01 5.197005271911621094e-01
8.754961490631103516e-01 5.287609100341796875e-01
8.765047788619995117e-01 5.204610228538513184e-01
8.775134086608886719e-01 5.235279202461242676e-01
8.785220384597778320e-01 5.272170901298522949e-01
8.795306682586669922e-01 5.105327367782592773e-01
8.805392980575561523e-01 4.995089769363403320e-01
8.815479278564453125e-01 5.110397934913635254e-01
8.825565576553344727e-01 5.270045399665832520e-01
8.835651874542236328e-01 5.230681896209716797e-01
8.845738172531127930e-01 5.172341465950012207e-01
8.855825066566467285e-01 5.114728808403015137e-01
8.865911364555358887e-01 5.188957452774047852e-01
8.875997662544250488e-01 5.252215862274169922e-01
8.886083960533142090e-01 5.088697671890258789e-01
8.896170258522033691e-01 4.932605326175689697e-01
8.906256556510925293e-01 5.050779581069946289e-01
8.916342854499816895e-01 5.109769701957702637e-01
8.926429152488708496e-01 5.090418457984924316e-01
8.936515450477600098e-01 5.151697993278503418e-01
8.946602344512939453e-01 5.114932656288146973e-01
8.956688642501831055e-01 5.125271081924438477e-01
8.966774940490722656e-01 5.124738216400146484e-01
8.976861238479614258e-01 4.897491037845611572e-01
8.986947536468505859e-01 5.197374224662780762e-01
8.997033834457397461e-01 5.329034924507141113e-01
9.007120132446289062e-01 5.020845532417297363e-01
9.017206430435180664e-01 5.099969506263732910e-01
9.027292728424072266e-01 5.160887241363525391e-01
9.037379026412963867e-01 5.139581561088562012e-01
9.047465920448303223e-01 4.992690086364746094e-01
9.057552218437194824e-01 5.071622133255004883e-01
9.067638516426086426e-01 5.166568160057067871e-01
9.077724814414978027e-01 5.022681355476379395e-01
9.087811112403869629e-01 5.163299441337585449e-01
9.097897410392761230e-01 5.108850598335266113e-01
9.107983708381652832e-01 5.304539203643798828e-01
9.118070006370544434e-01 5.305938720703125000e-01
9.128156304359436035e-01 5.128383636474609375e-01
9.138243198394775391e-01 4.880849123001098633e-01
9.148329496383666992e-01 4.954185187816619873e-01
9.158415794372558594e-01 4.934766292572021484e-01
9.168502092361450195e-01 4.955591261386871338e-01
9.178588390350341797e-01 5.314240455627441406e-01
9.188674688339233398e-01 5.168777704238891602e-01
9.198760986328125000e-01 5.211206674575805664e-01
9.208847284317016602e-01 5.077672600746154785e-01
9.218933582305908203e-01 4.981875419616699219e-01
9.229020476341247559e-01 5.225561857223510742e-01
9.239106774330139160e-01 5.131086111068725586e-01
9.249193072319030762e-01 5.304067134857177734e-01
9.259279370307922363e-01 5.284386277198791504e-01
9.269365668296813965e-01 5.055335760116577148e-01
9.279451966285705566e-01 4.920876622200012207e-01
9.289538264274597168e-01 5.057344436645507812e-01
9.299624562263488770e-01 5.013188719749450684e-01
9.309710860252380371e-01 5.113931298255920410e-01
9.319797158241271973e-01 5.191180109977722168e-01
9.329884052276611328e-01 5.232357382774353027e-01
9.339970350265502930e-01 5.010391473770141602e-01
9.350056648254394531e-01 4.846134483814239502e-01
9.360142946243286133e-01 4.927977323532104492e-01
9.370229244232177734e-01 5.037820935249328613e-01
9.380315542221069336e-01 5.070374011993408203e-01
9.390401840209960938e-01 5.274826288223266602e-01
9.400488138198852539e-01 5.238589048385620117e-01
9.410574436187744141e-01 5.115150809288024902e-01
9.420661330223083496e-01 5.060257315635681152e-01
9.430747628211975098e-01 4.974901974201202393e-01
9.440833926200866699e-01 5.186325907707214355e-01
9.450920224189758301e-01 5.248514413833618164e-01
9.461006522178649902e-01 5.263228416442871094e-01
9.471092820167541504e-01 5.117909908294677734e-01
9.481179118156433105e-01 5.091457962989807129e-01
9.491265416145324707e-01 5.141632556915283203e-01
9.501351714134216309e-01 5.018634200096130371e-01
9.511438012123107910e-01 5.096700191497802734e-01
9.521524906158447266e-01 5.141784548759460449e-01
9.531611204147338867e-01 5.218876004219055176e-01
9.541697502136230469e-01 5.084530711174011230e-01
9.551783800125122070e-01 4.969710409641265869e-01
9.561870098114013672e-01 4.991143345832824707e-01
9.571956396102905273e-01 5.183732509613037109e-01
9.582042694091796875e-01 5.145598053932189941e-01
9.592128992080688477e-01 4.913643002510070801e-01
9.602215290069580078e-01 5.045074224472045898e-01
9.612302184104919434e-01 5.203053355216979980e-01
9.622388482093811035e-01 4.866316318511962891e-01
9.632474780082702637e-01 5.043065547943115234e-01
9.642561078071594238e-01 5.239016413688659668e-01
9.652647376060485840e-01 5.146661996841430664e-01
9.662733674049377441e-01 5.072695016860961914e-01
9.672819972038269043e-01 5.084919333457946777e-01
9.682906270027160645e-01 5.150699019432067871e-01
9.692992568016052246e-01 5.316419005393981934e-01
9.703078866004943848e-01 4.884610474109649658e-01
9.713165760040283203e-01 5.131163597106933594e-01
9.723252058029174805e-01 5.092819333076477051e-01
9.733338356018066406e-01 5.384750366210937500e-01
9.743424654006958008e-01 5.070861577987670898e-01
9.753510951995849609e-01 5.065706372261047363e-01
9.763597249984741211e-01 5.187138915061950684e-01
9.773683547973632812e-01 4.969016909599304199e-01
9.783769845962524414e-01 5.263164639472961426e-01
9.793856143951416016e-01 5.140134096145629883e-01
9.803943037986755371e-01 5.129517912864685059e-01
9.814029335975646973e-01 5.302385091781616211e-01
9.824115633964538574e-01 4.990513920783996582e-01
9.834201931953430176e-01 4.940998852252960205e-01
9.844288229942321777e-01 5.029007196426391602e-01
9.854374527931213379e-01 4.980076551437377930e-01
9.864460825920104980e-01 5.044453740119934082e-01
9.874547123908996582e-01 4.702954292297363281e-01
9.884633421897888184e-01 4.855762720108032227e-01
9.894719719886779785e-01 4.921726882457733154e-01
9.904806613922119141e-01 5.058890581130981445e-01
9.914892911911010742e-01 5.011852979660034180e-01
9.924979209899902344e-01 4.850919544696807861e-01
9.935065507888793945e-01 4.697206318378448486e-01
9.945151805877685547e-01 4.875565767288208008e-01
9.955238103866577148e-01 5.021702051162719727e-01
9.965324401855468750e-01 5.067629218101501465e-01
9.975410699844360352e-01 5.107365846633911133e-01
9.985496997833251953e-01 5.099626779556274414e-01
9.995583891868591309e-01 5.287181138992309570e-01
1.000566959381103516e+00 5.419490933418273926e-01
1.001575589179992676e+00 5.072631239891052246e-01
1.002584218978881836e+00 4.799375236034393311e-01
1.003592848777770996e+00 4.836610853672027588e-01
1.004601597785949707e+00 5.046936869621276855e-01
1.005610227584838867e+00 5.071533918380737305e-01
1.006618857383728027e+00 4.978785812854766846e-01
1.007627487182617188e+00 4.990209341049194336e-01
1.008636116981506348e+00 4.854213893413543701e-01
1.009644746780395508e+00 4.918431639671325684e-01
1.010653376579284668e+00 4.726708233356475830e-01
1.011662006378173828e+00 5.142419338226318359e-01
1.012670636177062988e+00 4.991849064826965332e-01
1.013679265975952148e+00 5.218689441680908203e-01
1.014687895774841309e+00 4.832992851734161377e-01
1.015696525573730469e+00 4.821030199527740479e-01
1.016705155372619629e+00 5.092815756797790527e-01
1.017713785171508789e+00 4.981125891208648682e-01
1.018722414970397949e+00 5.037111639976501465e-01
1.019731044769287109e+00 4.989926815032958984e-01
1.020739674568176270e+00 4.610120058059692383e-01
1.021748304367065430e+00 5.031180977821350098e-01
1.022756934165954590e+00 4.915696382522583008e-01
1.023765683174133301e+00 4.857675433158874512e-01
1.024774312973022461e+00 5.098915100097656250e-01
1.025782942771911621e+00 4.852537810802459717e-01
1.026791572570800781e+00 5.219857692718505859e-01
1.027800202369689941e+00 5.053033828735351562e-01
1.028808832168579102e+00 5.012084841728210449e-01
1.029817461967468262e+00 5.314955711364746094e-01
1.030826091766357422e+00 4.733341634273529053e-01
1.031834721565246582e+00 5.135430693626403809e-01
1.032843351364135742e+00 4.957346916198730469e-01
1.033851981163024902e+00 4.997405409812927246e-01
1.034860610961914062e+00 4.929997026920318604e-01
1.035869240760803223e+00 4.863820075988769531e-01
1.036877870559692383e+00 5.021721124649047852e-01
1.037886500358581543e+00 5.199638009071350098e-01
1.038895130157470703e+00 4.763788878917694092e-01
1.039903759956359863e+00 4.596205651760101318e-01
1.040912389755249023e+00 4.913375675678253174e-01
1.041921019554138184e+00 4.974626898765563965e-01
1.042929768562316895e+00 4.784468114376068115e-01
1.043938398361206055e+00 5.275347232818603516e-01
1.044947028160095215e+00 4.928139448165893555e-01
1.045955657958984375e+00 5.207003951072692871e-01
1.046964287757873535e+00 4.661392271518707275e-01
1.047972917556762695e+00 4.784997105598449707e-01
1.048981547355651855e+00 5.339159965515136719e-01
1.049990177154541016e+00 5.427250862121582031e-01
1.050998806953430176e+00 5.075330734252929688e-01
1.052007436752319336e+00 5.179060697555541992e-01
1.053016066551208496e+00 5.275044441223144531e-01
1.054024696350097656e+00 5.025495886802673340e-01
1.055033326148986816e+00 5.121483802795410156e-01
1.056041955947875977e+00 5.368935465812683105e-01
1.057050585746765137e+00 5.074639916419982910e-01
1.058059215545654297e+00 5.138642191886901855e-01
1.059067845344543457e+00 4.813615083694458008e-01
1.060076475143432617e+00 5.233070254325866699e-01
1.061085104942321777e+00 5.195279717445373535e-01
1.062093853950500488e+00 5.194690823554992676e-01
1.063102483749389648e+00 5.040831565856933594e-01
1.064111113548278809e+00 5.139603018760681152e-01
1.065119743347167969e+00 5.442832708358764648e-01
1.066128373146057129e+00 4.928715527057647705e-01
1.067137002944946289e+00 5.125834345817565918e-01
1.068145632743835449e+00 5.190950036048889160e-01
1.069154262542724609e+00 4.863997399806976318e-01
1.070162892341613770e+00 4.536682963371276855e-01
1.071171522140502930e+00 5.005375146865844727e-01
1.072180151939392090e+00 5.122568607330322266e-01
1.073188781738281250e+00 5.067040324211120605e-01
1.074197411537170410e+00 5.110133290290832520e-01
1.075206041336059570e+00 4.772658348083496094e-01
1.076214671134948730e+00 4.924344122409820557e-01
1.077223300933837891e+00 4.728541970252990723e-01
1.078231930732727051e+00 4.810230135917663574e-01
1.079240560531616211e+00 4.745001196861267090e-01
1.080249190330505371e+00 5.051510334014892578e-01
1.081257939338684082e+00 5.035194754600524902e-01
1.082266569137573242e+00 4.901856184005737305e-01
1.083275198936462402e+00 4.944710135459899902e-01
1.084283828735351562e+00 5.203734636306762695e-01
1.085292458534240723e+00 4.885658919811248779e-01
1.086301088333129883e+00 5.024638175964355469e-01
1.087309718132019043e+00 4.915851652622222900e-01
1.088318347930908203e+00 4.795547723770141602e-01
1.089326977729797363e+00 5.329240560531616211e-01
1.090335607528686523e+00 5.271167755126953125e-01
1.091344237327575684e+00 5.020685791969299316e-01
1.092352867126464844e+00 5.318579077720642090e-01
1.093361496925354004e+00 5.113100409507751465e-01
1.094370126724243164e+00 5.600721836090087891e-01
1.095378756523132324e+00 4.856105148792266846e-01
1.096387386322021484e+00 5.133144855499267578e-01
1.097396016120910645e+00 4.905904233455657959e-01
1.098404645919799805e+00 5.079161524772644043e-01
1.099413275718688965e+00 4.955257475376129150e-01
1.100422024726867676e+00 4.645422995090484619e-01
1.101430654525756836e+00 4.478261768817901611e-01
1.102439284324645996e+00 4.811835587024688721e-01
1.103447914123535156e+00 5.396381616592407227e-01
1.104456543922424316e+00 5.176500082015991211e-01
1.105465173721313477e+00 5.147927999496459961e-01
1.106473803520202637e+00 5.005437135696411133e-01
1.107482433319091797e+00 5.204719901084899902e-01
1.108491063117980957e+00 5.056839585304260254e-01
1.109499692916870117e+00 5.119403004646301270e-01
1.110508322715759277e+00 4.778730273246765137e-01
1.111516952514648438e+00 5.450404286384582520e-01
1.112525582313537598e+00 5.240923762321472168e-01
1.113534212112426758e+00 5.082989931106567383e-01
1.114542841911315918e+00 4.528649449348449707e-01
1.115551471710205078e+00 4.817266166210174561e-01
1.116560101509094238e+00 5.049507617950439453e-01
1.117568731307983398e+00 4.791012406349182129e-01
1.118577361106872559e+00 5.051158070564270020e-01
1.119586110115051270e+00 5.118085741996765137e-01
1.120594739913940430e+00 4.927782714366912842e-01
1.121603369712829590e+00 5.014422535896301270e-01
1.122611999511718750e+00 5.104056000709533691e-01
1.123620629310607910e+00 5.261452794075012207e-01
1.124629259109497070e+00 5.185979604721069336e-01
1.125637888908386230e+00 5.132967233657836914e-01
1.126646518707275391e+00 4.830516874790191650e-01
1.127655148506164551e+00 4.934822618961334229e-01
1.128663778305053711e+00 4.703575968742370605e-01
1.129672408103942871e+00 4.978313744068145752e-01
1.130681037902832031e+00 5.245107412338256836e-01
1.131689667701721191e+00 4.819570183753967285e-01
1.132698297500610352e+00 5.209274888038635254e-01
1.133706927299499512e+00 4.756945073604583740e-01
1.134715557098388672e+00 5.199133157730102539e-01
1.135724186897277832e+00 4.759727716445922852e-01
1.136732816696166992e+00 4.807313382625579834e-01
1.137741446495056152e+00 4.929800331592559814e-01
1.138750195503234863e+00 5.125228166580200195e-01
1.139758825302124023e+00 4.629496634006500244e-01
1.140767455101013184e+00 4.728913903236389160e-01
1.141776084899902344e+00 5.679100155830383301e-01
1.142784714698791504e+00 4.555402696132659912e-01
1.143793344497680664e+00 4.616945385932922363e-01
1.144801974296569824e+00 5.243802070617675781e-01
1.145810604095458984e+00 5.375122427940368652e-01
1.146819233894348145e+00 5.085074901580810547e-01
1.147827863693237305e+00 5.727437734603881836e-01
1.148836493492126465e+00 5.101648569107055664e-01
1.149845123291015625e+00 4.357888102531433105e-01
1.150853753089904785e+00 5.701646804809570312e-01
1.151862382888793945e+00 5.138793587684631348e-01
1.152871012687683105e+00 4.837346673011779785e-01
1.153879642486572266e+00 5.488417148590087891e-01
1.154888272285461426e+00 5.224819779396057129e-01
1.155896902084350586e+00 5.323154926300048828e-01
1.156905531883239746e+00 5.037708878517150879e-01
1.157914280891418457e+00 5.194714069366455078e-01
1.158922910690307617e+00 4.597666263580322266e-01
1.159931540489196777e+00 5.015905499458312988e-01
1.160940170288085938e+00 5.121084451675415039e-01
1.161948800086975098e+00 5.557256340980529785e-01
1.162957429885864258e+00 5.415847897529602051e-01
1.163966059684753418e+00 5.013078451156616211e-01
1.164974689483642578e+00 5.469526052474975586e-01
1.165983319282531738e+00 5.137694478034973145e-01
1.166991949081420898e+00 5.951715111732482910e-01
1.168000578880310059e+00 5.233315229415893555e-01
1.169009208679199219e+00 5.264264941215515137e-01
1.170017838478088379e+00 5.394441485404968262e-01
1.171026468276977539e+00 5.168628692626953125e-01
1.172035098075866699e+00 5.286515355110168457e-01
1.173043727874755859e+00 5.378640294075012207e-01
1.174052357673645020e+00 5.277002453804016113e-01
1.175060987472534180e+00 4.870237708091735840e-01
1.176069617271423340e+00 5.042970180511474609e-01
1.177078366279602051e+00 5.314283370971679688e-01
1.178086996078491211e+00 5.974726080894470215e-01
1.179095625877380371e+00 5.192391872406005859e-01
1.180104255676269531e+00 4.444737136363983154e-01
1.181112885475158691e+00 5.015471577644348145e-01
1.182121515274047852e+00 5.281923413276672363e-01
1.183130145072937012e+00 4.293330609798431396e-01
1.184138774871826172e+00 4.638373851776123047e-01
1.185147404670715332e+00 4.141796231269836426e-01
1.186156034469604492e+00 4.673455953598022461e-01
1.187164664268493652e+00 5.360961556434631348e-01
1.188173294067382812e+00 5.074420571327209473e-01
1.189181923866271973e+00 4.049845337867736816e-01
1.190190553665161133e+00 5.992448329925537109e-01
1.191199183464050293e+00 5.966979861259460449e-01
1.192207813262939453e+00 5.137891173362731934e-01
1.193216443061828613e+00 4.740297794342041016e-01
1.194225072860717773e+00 4.443545639514923096e-01
1.195233702659606934e+00 5.648024082183837891e-01
1.196242451667785645e+00 4.507740437984466553e-01
1.197251081466674805e+00 5.501460433006286621e-01
1.198259711265563965e+00 6.665109992027282715e-01
1.199268341064453125e+00 5.726761221885681152e-01
1.200276970863342285e+00 5.372599363327026367e-01
1.201285600662231445e+00 4.338034391403198242e-01
1.202294230461120605e+00 5.291843414306640625e-01
1.203302860260009766e+00 4.713743627071380615e-01
1.204311490058898926e+00 4.793073534965515137e-01
1.205320119857788086e+00 7.388682365417480469e-01
1.206328749656677246e+00 5.123848319053649902e-01
1.207337379455566406e+00 6.258643865585327148e-01
1.208346009254455566e+00 9.086174368858337402e-01
1.209354639053344727e+00 4.157482385635375977e-01
