0.000000000000000000e+00 4.692684936523437500e+01
1.008636085316538811e-03 3.248571777343750000e+01
2.017272170633077621e-03 2.379456329345703125e+01
3.025908255949616432e-03 1.912685394287109375e+01
4.034544341266155243e-03 1.434938621520996094e+01
5.043180659413337708e-03 1.044117259979248047e+01
6.051816511899232864e-03 8.441881179809570312e+00
7.060452364385128021e-03 6.816005229949951172e+00
8.069088682532310486e-03 5.361720085144042969e+00
9.077725000679492950e-03 4.312454700469970703e+00
1.008636131882667542e-02 4.117832660675048828e+00
1.109499670565128326e-02 3.488677740097045898e+00
1.210363302379846573e-02 2.821864366531372070e+00
1.311226934194564819e-02 2.484796047210693359e+00
1.412090472877025604e-02 2.206965684890747070e+00
1.512954104691743851e-02 2.044491529464721680e+00
1.613817736506462097e-02 1.796776771545410156e+00
1.714681275188922882e-02 1.560566186904907227e+00
1.815545000135898590e-02 1.428441047668457031e+00
1.916408538818359375e-02 1.338047504425048828e+00
2.017272263765335083e-02 1.280172824859619141e+00
2.118135802447795868e-02 1.258605480194091797e+00
2.218999341130256653e-02 1.166751265525817871e+00
2.319863066077232361e-02 1.119778633117675781e+00
2.420726604759693146e-02 1.029002904891967773e+00
2.521590143442153931e-02 1.049451112747192383e+00
2.622453868389129639e-02 9.658424258232116699e-01
2.723317407071590424e-02 9.613260030746459961e-01
2.824180945754051208e-02 9.876850247383117676e-01
2.925044670701026917e-02 9.338154196739196777e-01
3.025908209383487701e-02 9.645744562149047852e-01
3.126771748065948486e-02 8.778823018074035645e-01
3.227635473012924194e-02 7.999204993247985840e-01
3.328499197959899902e-02 8.095213770866394043e-01
3.429362550377845764e-02 8.480861783027648926e-01
3.530226275324821472e-02 8.095408082008361816e-01
3.631090000271797180e-02 8.099297881126403809e-01
3.731953352689743042e-02 8.088313937187194824e-01
3.832817077636718750e-02 8.139208555221557617e-01
3.933680802583694458e-02 7.925877571105957031e-01
4.034544527530670166e-02 8.024447560310363770e-01
4.135407879948616028e-02 7.879877686500549316e-01
4.236271604895591736e-02 8.108952641487121582e-01
4.337135329842567444e-02 7.521342635154724121e-01
4.437998682260513306e-02 8.307491540908813477e-01
4.538862407207489014e-02 8.096912503242492676e-01
4.639726132154464722e-02 7.645613551139831543e-01
4.740589484572410583e-02 7.475876212120056152e-01
4.841453209519386292e-02 7.544969320297241211e-01
4.942316934466362000e-02 6.942262649536132812e-01
5.043180286884307861e-02 7.097726464271545410e-01
5.144044011831283569e-02 7.311722636222839355e-01
5.244907736778259277e-02 7.244148850440979004e-01
5.345771089196205139e-02 7.356086969375610352e-01
5.446634814143180847e-02 7.746239304542541504e-01
5.547498539090156555e-02 7.675352096557617188e-01
5.648361891508102417e-02 7.480300664901733398e-01
5.749225616455078125e-02 7.391430139541625977e-01
5.850089341402053833e-02 7.176401019096374512e-01
5.950953066349029541e-02 7.184766530990600586e-01
6.051816418766975403e-02 7.161388397216796875e-01
6.152680143713951111e-02 6.690149307250976562e-01
6.253543496131896973e-02 7.214328646659851074e-01
6.354407221078872681e-02 7.047345638275146484e-01
6.455270946025848389e-02 7.512733340263366699e-01
6.556134670972824097e-02 7.477366328239440918e-01
6.656998395919799805e-02 7.005653381347656250e-01
6.757862120866775513e-02 6.834070086479187012e-01
6.858725100755691528e-02 7.252343297004699707e-01
6.959588825702667236e-02 6.829855442047119141e-01
7.060452550649642944e-02 6.828020811080932617e-01
7.161316275596618652e-02 7.016434669494628906e-01
7.262180000543594360e-02 7.081730365753173828e-01
7.363043725490570068e-02 7.534669637680053711e-01
7.463906705379486084e-02 7.261176109313964844e-01
7.564770430326461792e-02 7.099822163581848145e-01
7.665634155273437500e-02 7.249311804771423340e-01
7.766497880220413208e-02 7.276108860969543457e-01
7.867361605167388916e-02 7.034988403320312500e-01
7.968225330114364624e-02 7.145847082138061523e-01
8.069089055061340332e-02 7.035757899284362793e-01
8.169952034950256348e-02 7.472428679466247559e-01
8.270815759897232056e-02 7.157035470008850098e-01
8.371679484844207764e-02 7.172795534133911133e-01
8.472543209791183472e-02 7.323893308639526367e-01
8.573406934738159180e-02 6.895831823348999023e-01
8.674270659685134888e-02 6.928551197052001953e-01
8.775133639574050903e-02 7.059909701347351074e-01
8.875997364521026611e-02 7.028656601905822754e-01
8.976861089468002319e-02 6.998628973960876465e-01
9.077724814414978027e-02 6.950904726982116699e-01
9.178588539361953735e-02 7.296020388603210449e-01
9.279452264308929443e-02 7.194352746009826660e-01
9.380315244197845459e-02 6.961843371391296387e-01
9.481178969144821167e-02 7.137768268585205078e-01
9.582042694091796875e-02 7.094678878784179688e-01
9.682906419038772583e-02 7.030001282691955566e-01
9.783770143985748291e-02 7.229771614074707031e-01
9.884633868932723999e-02 6.854967474937438965e-01
9.985497593879699707e-02 6.887497901916503906e-01
1.008636057376861572e-01 7.027339339256286621e-01
1.018722429871559143e-01 7.326524853706359863e-01
1.028808802366256714e-01 6.872640848159790039e-01
1.038895174860954285e-01 6.651352047920227051e-01
1.048981547355651855e-01 7.231293320655822754e-01
1.059067919850349426e-01 7.054047584533691406e-01
1.069154217839241028e-01 7.007926702499389648e-01
1.079240590333938599e-01 7.369388341903686523e-01
1.089326962828636169e-01 7.203285694122314453e-01
1.099413335323333740e-01 7.278555035591125488e-01
1.109499707818031311e-01 7.144802212715148926e-01
1.119586080312728882e-01 7.026209235191345215e-01
1.129672378301620483e-01 7.346675992012023926e-01
1.139758750796318054e-01 7.320739626884460449e-01
1.149845123291015625e-01 7.228050231933593750e-01
1.159931495785713196e-01 7.446851134300231934e-01
1.170017868280410767e-01 7.253103852272033691e-01
1.180104240775108337e-01 7.453708648681640625e-01
1.190190613269805908e-01 7.202908992767333984e-01
1.200276911258697510e-01 7.299811840057373047e-01
1.210363283753395081e-01 6.837502717971801758e-01
1.220449656248092651e-01 7.362257242202758789e-01
1.230536028742790222e-01 7.020893692970275879e-01
1.240622401237487793e-01 7.062811255455017090e-01
1.250708699226379395e-01 7.087808847427368164e-01
1.260795146226882935e-01 7.199353575706481934e-01
1.270881444215774536e-01 7.207911610603332520e-01
1.280967891216278076e-01 6.934820413589477539e-01
1.291054189205169678e-01 7.154000997543334961e-01
1.301140487194061279e-01 7.271777391433715820e-01
1.311226934194564819e-01 7.215995192527770996e-01
1.321313232183456421e-01 7.285517454147338867e-01
1.331399679183959961e-01 6.988601088523864746e-01
1.341485977172851562e-01 7.020500302314758301e-01
1.351572424173355103e-01 6.868380904197692871e-01
1.361658722162246704e-01 7.259792089462280273e-01
1.371745020151138306e-01 6.911094188690185547e-01
1.381831467151641846e-01 7.014734745025634766e-01
1.391917765140533447e-01 7.086631059646606445e-01
1.402004212141036987e-01 6.772121191024780273e-01
1.412090510129928589e-01 7.086348533630371094e-01
1.422176808118820190e-01 7.319343090057373047e-01
1.432263255119323730e-01 7.004829645156860352e-01
1.442349553108215332e-01 6.964436173439025879e-01
1.452436000108718872e-01 7.015125751495361328e-01
1.462522298097610474e-01 6.731012463569641113e-01
1.472608745098114014e-01 6.851540207862854004e-01
1.482695043087005615e-01 7.380096316337585449e-01
1.492781341075897217e-01 7.181846499443054199e-01
1.502867788076400757e-01 6.752875447273254395e-01
1.512954086065292358e-01 7.004894614219665527e-01
1.523040533065795898e-01 7.217358946800231934e-01
1.533126831054687500e-01 7.208412885665893555e-01
1.543213278055191040e-01 7.225061058998107910e-01
1.553299576044082642e-01 7.095853090286254883e-01
1.563385874032974243e-01 7.180059552192687988e-01
1.573472321033477783e-01 7.052093744277954102e-01
1.583558619022369385e-01 7.177783250808715820e-01
1.593645066022872925e-01 7.295376062393188477e-01
1.603731364011764526e-01 7.394306063652038574e-01
1.613817811012268066e-01 6.881343722343444824e-01
1.623904109001159668e-01 6.966045498847961426e-01
1.633990406990051270e-01 6.942010521888732910e-01
1.644076853990554810e-01 7.190098762512207031e-01
1.654163151979446411e-01 7.025570273399353027e-01
1.664249598979949951e-01 7.092669010162353516e-01
1.674335896968841553e-01 7.216053605079650879e-01
1.684422194957733154e-01 7.359521389007568359e-01
1.694508641958236694e-01 7.243957519531250000e-01
1.704594939947128296e-01 7.061037421226501465e-01
1.714681386947631836e-01 7.156280875205993652e-01
1.724767684936523438e-01 7.056224346160888672e-01
1.734854131937026978e-01 7.199482917785644531e-01
1.744940429925918579e-01 7.131272554397583008e-01
1.755026727914810181e-01 6.902598142623901367e-01
1.765113174915313721e-01 7.126677036285400391e-01
1.775199472904205322e-01 7.429173588752746582e-01
1.785285919904708862e-01 7.321945428848266602e-01
1.795372217893600464e-01 7.306352853775024414e-01
1.805458664894104004e-01 7.205116152763366699e-01
1.815544962882995605e-01 6.964561343193054199e-01
1.825631260871887207e-01 7.096783518791198730e-01
1.835717707872390747e-01 7.095678448677062988e-01
1.845804005861282349e-01 7.165798544883728027e-01
1.855890452861785889e-01 7.062472701072692871e-01
1.865976750850677490e-01 6.921236515045166016e-01
1.876063048839569092e-01 7.239690423011779785e-01
1.886149495840072632e-01 7.146875262260437012e-01
1.896235793828964233e-01 7.361959815025329590e-01
1.906322240829467773e-01 6.927171945571899414e-01
1.916408538818359375e-01 7.106340527534484863e-01
1.926494985818862915e-01 7.080249190330505371e-01
1.936581283807754517e-01 7.038678526878356934e-01
1.946667581796646118e-01 7.024187445640563965e-01
1.956754028797149658e-01 7.138119339942932129e-01
1.966840326786041260e-01 6.872789859771728516e-01
1.976926773786544800e-01 7.205467224121093750e-01
1.987013071775436401e-01 7.182750701904296875e-01
1.997099518775939941e-01 7.416489720344543457e-01
2.007185816764831543e-01 7.169842123985290527e-01
2.017272114753723145e-01 7.264174818992614746e-01
2.027358561754226685e-01 7.041074633598327637e-01
2.037444859743118286e-01 7.256524562835693359e-01
2.047531306743621826e-01 7.341144084930419922e-01
2.057617604732513428e-01 7.112419605255126953e-01
2.067703902721405029e-01 7.139044404029846191e-01
2.077790349721908569e-01 7.289651632308959961e-01
2.087876647710800171e-01 7.191360592842102051e-01
2.097963094711303711e-01 7.166702151298522949e-01
2.108049392700195312e-01 7.161945104598999023e-01
2.118135839700698853e-01 7.298428416252136230e-01
2.128222137689590454e-01 7.126181721687316895e-01
2.138308435678482056e-01 7.334266901016235352e-01
2.148394882678985596e-01 6.987925171852111816e-01
2.158481180667877197e-01 7.162602543830871582e-01
2.168567627668380737e-01 7.085082530975341797e-01
2.178653925657272339e-01 7.284451723098754883e-01
2.188740372657775879e-01 7.187644839286804199e-01
2.198826670646667480e-01 6.987869739532470703e-01
2.208912968635559082e-01 7.164144515991210938e-01
2.218999415636062622e-01 7.286999225616455078e-01
2.229085713624954224e-01 7.122761607170104980e-01
2.239172160625457764e-01 7.152932882308959961e-01
2.249258458614349365e-01 7.056089639663696289e-01
2.259344756603240967e-01 6.920955181121826172e-01
2.269431203603744507e-01 7.161966562271118164e-01
2.279517501592636108e-01 6.954863667488098145e-01
2.289603948593139648e-01 6.866667270660400391e-01
2.299690246582031250e-01 7.247254252433776855e-01
2.309776693582534790e-01 7.173004150390625000e-01
2.319862991571426392e-01 7.115492224693298340e-01
2.329949289560317993e-01 7.101106643676757812e-01
2.340035736560821533e-01 7.058568596839904785e-01
2.350122034549713135e-01 7.123418450355529785e-01
2.360208481550216675e-01 7.016099691390991211e-01
2.370294779539108276e-01 7.176930904388427734e-01
2.380381226539611816e-01 7.032795548439025879e-01
2.390467524528503418e-01 6.947451233863830566e-01
2.400553822517395020e-01 7.141432762145996094e-01
2.410640269517898560e-01 6.935399174690246582e-01
2.420726567506790161e-01 7.479040026664733887e-01
2.430813014507293701e-01 8.615506887435913086e-01
2.440899312496185303e-01 7.360089421272277832e-01
2.450985759496688843e-01 7.077749967575073242e-01
2.461072057485580444e-01 7.116364836692810059e-01
2.471158355474472046e-01 6.971116065979003906e-01
2.481244802474975586e-01 7.174953222274780273e-01
2.491331100463867188e-01 7.150558829307556152e-01
2.501417398452758789e-01 6.798787713050842285e-01
2.511503994464874268e-01 6.943838596343994141e-01
2.521590292453765869e-01 6.957596540451049805e-01
2.531676590442657471e-01 7.075023651123046875e-01
2.541762888431549072e-01 7.202834486961364746e-01
2.551849186420440674e-01 7.058905363082885742e-01
2.561935782432556152e-01 6.945596337318420410e-01
2.572022080421447754e-01 7.082117795944213867e-01
2.582108378410339355e-01 7.200793623924255371e-01
2.592194676399230957e-01 7.148587107658386230e-01
2.602280974388122559e-01 7.149401903152465820e-01
2.612367570400238037e-01 7.060880661010742188e-01
2.622453868389129639e-01 7.228760719299316406e-01
2.632540166378021240e-01 6.936665773391723633e-01
2.642626464366912842e-01 7.005539536476135254e-01
2.652712762355804443e-01 7.070429921150207520e-01
2.662799358367919922e-01 7.151392698287963867e-01
2.672885656356811523e-01 7.157346010208129883e-01
2.682971954345703125e-01 7.148664593696594238e-01
2.693058252334594727e-01 7.316082119941711426e-01
2.703144848346710205e-01 6.953616738319396973e-01
2.713231146335601807e-01 7.019584774971008301e-01
2.723317444324493408e-01 7.065542340278625488e-01
2.733403742313385010e-01 6.831685304641723633e-01
2.743490040302276611e-01 6.976405978202819824e-01
2.753576636314392090e-01 6.840751767158508301e-01
2.763662934303283691e-01 6.926845908164978027e-01
2.773749232292175293e-01 6.985894441604614258e-01
2.783835530281066895e-01 7.063747048377990723e-01
2.793921828269958496e-01 7.214723825454711914e-01
2.804008424282073975e-01 7.220811843872070312e-01
2.814094722270965576e-01 6.988359093666076660e-01
2.824181020259857178e-01 7.102785110473632812e-01
2.834267318248748779e-01 7.010251283645629883e-01
2.844353616237640381e-01 7.091473937034606934e-01
2.854440212249755859e-01 6.986960768699645996e-01
2.864526510238647461e-01 6.899622082710266113e-01
2.874612808227539062e-01 6.839413642883300781e-01
2.884699106216430664e-01 6.973464488983154297e-01
2.894785702228546143e-01 7.107723355293273926e-01
2.904872000217437744e-01 6.999529600143432617e-01
2.914958298206329346e-01 7.023917436599731445e-01
2.925044596195220947e-01 6.950672268867492676e-01
2.935130894184112549e-01 7.157406806945800781e-01
2.945217490196228027e-01 6.944682598114013672e-01
2.955303788185119629e-01 6.891886591911315918e-01
2.965390086174011230e-01 6.891183257102966309e-01
2.975476384162902832e-01 6.995747089385986328e-01
2.985562682151794434e-01 7.177253961563110352e-01
2.995649278163909912e-01 6.945823431015014648e-01
3.005735576152801514e-01 6.822882890701293945e-01
3.015821874141693115e-01 6.840291023254394531e-01
3.025908172130584717e-01 6.869670748710632324e-01
3.035994470119476318e-01 6.816816329956054688e-01
3.046081066131591797e-01 6.830838322639465332e-01
3.056167364120483398e-01 6.804233789443969727e-01
3.066253662109375000e-01 7.060702443122863770e-01
3.076339960098266602e-01 6.898526549339294434e-01
3.086426556110382080e-01 7.013503909111022949e-01
3.096512854099273682e-01 6.945980191230773926e-01
3.106599152088165283e-01 6.888411641120910645e-01
3.116685450077056885e-01 6.863291859626770020e-01
3.126771748065948486e-01 6.866651177406311035e-01
3.136858344078063965e-01 6.899582147598266602e-01
3.146944642066955566e-01 6.985347270965576172e-01
3.157030940055847168e-01 6.981199383735656738e-01
3.167117238044738770e-01 6.935796141624450684e-01
3.177203536033630371e-01 7.129562497138977051e-01
3.187290132045745850e-01 7.182773947715759277e-01
3.197376430034637451e-01 7.008988857269287109e-01
3.207462728023529053e-01 7.028028368949890137e-01
3.217549026012420654e-01 6.952065825462341309e-01
3.227635622024536133e-01 6.818683743476867676e-01
3.237721920013427734e-01 6.826323270797729492e-01
3.247808218002319336e-01 6.913724541664123535e-01
3.257894515991210938e-01 6.916104555130004883e-01
3.267980813980102539e-01 6.947510242462158203e-01
3.278067409992218018e-01 6.919426321983337402e-01
3.288153707981109619e-01 7.054292559623718262e-01
3.298240005970001221e-01 6.808310747146606445e-01
3.308326303958892822e-01 6.817974448204040527e-01
3.318412601947784424e-01 6.864594221115112305e-01
3.328499197959899902e-01 6.911182999610900879e-01
3.338585495948791504e-01 6.911879181861877441e-01
3.348671793937683105e-01 7.020596861839294434e-01
3.358758091926574707e-01 6.872402429580688477e-01
3.368844389915466309e-01 6.790420413017272949e-01
3.378930985927581787e-01 6.869117617607116699e-01
3.389017283916473389e-01 7.057960629463195801e-01
3.399103581905364990e-01 6.937888264656066895e-01
3.409189879894256592e-01 7.040292620658874512e-01
3.419276475906372070e-01 6.829732656478881836e-01
3.429362773895263672e-01 6.938467025756835938e-01
3.439449071884155273e-01 7.005903124809265137e-01
3.449535369873046875e-01 6.893379092216491699e-01
3.459621667861938477e-01 6.759707927703857422e-01
3.469708263874053955e-01 6.913734078407287598e-01
3.479794561862945557e-01 6.761729121208190918e-01
3.489880859851837158e-01 7.073252201080322266e-01
3.499967157840728760e-01 6.837154030799865723e-01
3.510053455829620361e-01 6.854872107505798340e-01
3.520140051841735840e-01 6.784097552299499512e-01
3.530226349830627441e-01 6.927604675292968750e-01
3.540312647819519043e-01 6.980421543121337891e-01
3.550398945808410645e-01 6.833561062812805176e-01
3.560485243797302246e-01 6.786460280418395996e-01
3.570571839809417725e-01 6.902931928634643555e-01
3.580658137798309326e-01 6.960285305976867676e-01
3.590744435787200928e-01 6.816635131835937500e-01
3.600830733776092529e-01 6.858844757080078125e-01
3.610917329788208008e-01 6.844449639320373535e-01
3.621003627777099609e-01 7.038188576698303223e-01
3.631089925765991211e-01 6.866185069084167480e-01
3.641176223754882812e-01 6.976845860481262207e-01
3.651262521743774414e-01 6.887960433959960938e-01
3.661349117755889893e-01 6.858640909194946289e-01
3.671435415744781494e-01 6.836574673652648926e-01
3.681521713733673096e-01 6.828297972679138184e-01
3.691608011722564697e-01 7.009893059730529785e-01
3.701694309711456299e-01 6.802201271057128906e-01
3.711780905723571777e-01 6.936709880828857422e-01
3.721867203712463379e-01 6.907324194908142090e-01
3.731953501701354980e-01 6.993420720100402832e-01
3.742039799690246582e-01 6.760348081588745117e-01
3.752126097679138184e-01 6.854708790779113770e-01
3.762212693691253662e-01 7.003890872001647949e-01
3.772298991680145264e-01 6.940181255340576172e-01
3.782385289669036865e-01 6.777939796447753906e-01
3.792471587657928467e-01 6.770707368850708008e-01
3.802558183670043945e-01 6.873692870140075684e-01
3.812644481658935547e-01 6.874403357505798340e-01
3.822730779647827148e-01 6.649326086044311523e-01
3.832817077636718750e-01 6.651660799980163574e-01
3.842903375625610352e-01 6.858023405075073242e-01
3.852989971637725830e-01 6.807796359062194824e-01
3.863076269626617432e-01 6.856279373168945312e-01
3.873162567615509033e-01 6.711769700050354004e-01
3.883248865604400635e-01 6.827675104141235352e-01
3.893335163593292236e-01 7.031532526016235352e-01
3.903421759605407715e-01 6.783907413482666016e-01
3.913508057594299316e-01 6.919915080070495605e-01
3.923594355583190918e-01 6.856989264488220215e-01
3.933680653572082520e-01 6.778414845466613770e-01
3.943766951560974121e-01 6.668100357055664062e-01
3.953853547573089600e-01 6.819452643394470215e-01
3.963939845561981201e-01 6.848765015602111816e-01
3.974026143550872803e-01 6.737270355224609375e-01
3.984112441539764404e-01 6.796196103096008301e-01
3.994199037551879883e-01 6.764314770698547363e-01
4.004285335540771484e-01 6.785086393356323242e-01
4.014371633529663086e-01 6.713163256645202637e-01
4.024457931518554688e-01 6.693403124809265137e-01
4.034544229507446289e-01 6.807801723480224609e-01
4.044630825519561768e-01 6.945673823356628418e-01
4.054717123508453369e-01 6.965101361274719238e-01
4.064803421497344971e-01 6.838292479515075684e-01
4.074889719486236572e-01 6.734808683395385742e-01
4.084976017475128174e-01 6.698997020721435547e-01
4.095062613487243652e-01 6.853740811347961426e-01
4.105148911476135254e-01 6.723473072052001953e-01
4.115235209465026855e-01 6.671728491783142090e-01
4.125321507453918457e-01 6.772825717926025391e-01
4.135407805442810059e-01 6.850292682647705078e-01
4.145494401454925537e-01 6.911950707435607910e-01
4.155580699443817139e-01 6.698653697967529297e-01
4.165666997432708740e-01 6.918718218803405762e-01
4.175753295421600342e-01 6.979177594184875488e-01
4.185839891433715820e-01 6.782071590423583984e-01
4.195926189422607422e-01 6.825114488601684570e-01
4.206012487411499023e-01 6.894331574440002441e-01
4.216098785400390625e-01 6.900068521499633789e-01
4.226185083389282227e-01 6.816411614418029785e-01
4.236271679401397705e-01 6.871878504753112793e-01
4.246357977390289307e-01 6.823624968528747559e-01
4.256444275379180908e-01 6.956505179405212402e-01
4.266530573368072510e-01 6.847132444381713867e-01
4.276616871356964111e-01 6.793147325515747070e-01
4.286703467369079590e-01 6.784287095069885254e-01
4.296789765357971191e-01 6.895627975463867188e-01
4.306876063346862793e-01 6.824392080307006836e-01
4.316962361335754395e-01 6.718736290931701660e-01
4.327048659324645996e-01 7.000527977943420410e-01
4.337135255336761475e-01 6.783937811851501465e-01
4.347221553325653076e-01 6.839012503623962402e-01
4.357307851314544678e-01 6.788965463638305664e-01
4.367394149303436279e-01 6.828240156173706055e-01
4.377480745315551758e-01 6.874331235885620117e-01
4.387567043304443359e-01 6.861767768859863281e-01
4.397653341293334961e-01 6.758323907852172852e-01
4.407739639282226562e-01 6.692503094673156738e-01
4.417825937271118164e-01 6.837714314460754395e-01
4.427912533283233643e-01 6.831872463226318359e-01
4.437998831272125244e-01 6.952852010726928711e-01
4.448085129261016846e-01 7.011728286743164062e-01
4.458171427249908447e-01 6.690700650215148926e-01
4.468257725238800049e-01 6.843625307083129883e-01
4.478344321250915527e-01 6.702754497528076172e-01
4.488430619239807129e-01 6.928756833076477051e-01
4.498516917228698730e-01 6.840636134147644043e-01
4.508603215217590332e-01 6.733487248420715332e-01
4.518689513206481934e-01 6.644584536552429199e-01
4.528776109218597412e-01 6.685665845870971680e-01
4.538862407207489014e-01 6.755282878875732422e-01
4.548948705196380615e-01 6.856194734573364258e-01
4.559035003185272217e-01 6.665635108947753906e-01
4.569121599197387695e-01 6.595024466514587402e-01
4.579207897186279297e-01 6.826479434967041016e-01
4.589294195175170898e-01 6.581445336341857910e-01
4.599380493164062500e-01 6.881770491600036621e-01
4.609466791152954102e-01 6.579783558845520020e-01
4.619553387165069580e-01 6.589467525482177734e-01
4.629639685153961182e-01 6.708046793937683105e-01
4.639725983142852783e-01 6.843047738075256348e-01
4.649812281131744385e-01 6.783614754676818848e-01
4.659898579120635986e-01 6.840654015541076660e-01
4.669985175132751465e-01 6.874766945838928223e-01
4.680071473121643066e-01 6.887096166610717773e-01
4.690157771110534668e-01 6.790485978126525879e-01
4.700244069099426270e-01 6.904296875000000000e-01
4.710330665111541748e-01 6.708136796951293945e-01
4.720416963100433350e-01 6.648067235946655273e-01
4.730503261089324951e-01 6.553221344947814941e-01
4.740589559078216553e-01 6.857585906982421875e-01
4.750675857067108154e-01 6.751149296760559082e-01
4.760762453079223633e-01 6.653349995613098145e-01
4.770848751068115234e-01 6.594958901405334473e-01
4.780935049057006836e-01 6.814503073692321777e-01
4.791021347045898438e-01 6.659029722213745117e-01
4.801107645034790039e-01 6.881079673767089844e-01
4.811194241046905518e-01 6.782986521720886230e-01
4.821280539035797119e-01 6.738061308860778809e-01
4.831366837024688721e-01 6.837548613548278809e-01
4.841453135013580322e-01 7.016303539276123047e-01
4.851539433002471924e-01 6.806539893150329590e-01
4.861626029014587402e-01 6.583226323127746582e-01
4.871712327003479004e-01 6.725509762763977051e-01
4.881798624992370605e-01 6.688109636306762695e-01
4.891884922981262207e-01 6.711931824684143066e-01
4.901971518993377686e-01 6.858280897140502930e-01
4.912057816982269287e-01 6.627478599548339844e-01
4.922144114971160889e-01 6.617202162742614746e-01
4.932230412960052490e-01 6.726180315017700195e-01
4.942316710948944092e-01 6.696913242340087891e-01
4.952403306961059570e-01 6.718026995658874512e-01
4.962489604949951172e-01 6.635736227035522461e-01
4.972575902938842773e-01 6.784916520118713379e-01
4.982662200927734375e-01 6.765745282173156738e-01
4.992748498916625977e-01 6.531817317008972168e-01
5.002834796905517578e-01 6.849033236503601074e-01
5.012921094894409180e-01 6.703606247901916504e-01
5.023007988929748535e-01 6.763188242912292480e-01
5.033094286918640137e-01 6.635908484458923340e-01
5.043180584907531738e-01 7.198402285575866699e-01
5.053266882896423340e-01 7.033395171165466309e-01
5.063353180885314941e-01 6.824580430984497070e-01
5.073439478874206543e-01 6.806092858314514160e-01
5.083525776863098145e-01 6.802189946174621582e-01
5.093612074851989746e-01 6.808106899261474609e-01
5.103698372840881348e-01 6.742893457412719727e-01
5.113784670829772949e-01 6.809863448143005371e-01
5.123871564865112305e-01 6.736288070678710938e-01
5.133957862854003906e-01 6.529805660247802734e-01
5.144044160842895508e-01 6.695581078529357910e-01
5.154130458831787109e-01 6.664928197860717773e-01
5.164216756820678711e-01 6.739000082015991211e-01
5.174303054809570312e-01 6.937004327774047852e-01
5.184389352798461914e-01 6.684314608573913574e-01
5.194475650787353516e-01 6.558917760848999023e-01
5.204561948776245117e-01 6.758821606636047363e-01
5.214648842811584473e-01 6.716568470001220703e-01
5.224735140800476074e-01 6.674853563308715820e-01
5.234821438789367676e-01 6.744142770767211914e-01
5.244907736778259277e-01 6.597937941551208496e-01
5.254994034767150879e-01 6.711080074310302734e-01
5.265080332756042480e-01 6.696395874023437500e-01
5.275166630744934082e-01 6.846697926521301270e-01
5.285252928733825684e-01 6.512954831123352051e-01
5.295339226722717285e-01 6.611946225166320801e-01
5.305425524711608887e-01 6.593161225318908691e-01
5.315512418746948242e-01 6.618922948837280273e-01
5.325598716735839844e-01 6.694927811622619629e-01
5.335685014724731445e-01 6.801465749740600586e-01
5.345771312713623047e-01 6.624489426612854004e-01
5.355857610702514648e-01 6.649385094642639160e-01
5.365943908691406250e-01 6.691192984580993652e-01
5.376030206680297852e-01 6.712164282798767090e-01
5.386116504669189453e-01 6.666288375854492188e-01
5.396202802658081055e-01 6.725550293922424316e-01
5.406289696693420410e-01 6.709955930709838867e-01
5.416375994682312012e-01 6.611064672470092773e-01
5.426462292671203613e-01 6.703036427497863770e-01
5.436548590660095215e-01 6.565538644790649414e-01
5.446634888648986816e-01 6.695295572280883789e-01
5.456721186637878418e-01 6.713790297508239746e-01
5.466807484626770020e-01 6.650695800781250000e-01
5.476893782615661621e-01 6.883805394172668457e-01
5.486980080604553223e-01 6.867528557777404785e-01
5.497066378593444824e-01 6.812792420387268066e-01
5.507153272628784180e-01 6.771672964096069336e-01
5.517239570617675781e-01 6.833219528198242188e-01
5.527325868606567383e-01 6.819644570350646973e-01
5.537412166595458984e-01 6.797477602958679199e-01
5.547498464584350586e-01 6.800993084907531738e-01
5.557584762573242188e-01 6.824376583099365234e-01
5.567671060562133789e-01 6.715987324714660645e-01
5.577757358551025391e-01 6.617314815521240234e-01
5.587843656539916992e-01 6.812328100204467773e-01
5.597930550575256348e-01 6.789622902870178223e-01
5.608016848564147949e-01 6.658170223236083984e-01
5.618103146553039551e-01 6.718540787696838379e-01
5.628189444541931152e-01 6.756480932235717773e-01
5.638275742530822754e-01 6.815662980079650879e-01
5.648362040519714355e-01 6.781080365180969238e-01
5.658448338508605957e-01 6.788454055786132812e-01
5.668534636497497559e-01 6.726427078247070312e-01
5.678620934486389160e-01 6.700863838195800781e-01
5.688707232475280762e-01 6.694650053977966309e-01
5.698794126510620117e-01 6.552960276603698730e-01
5.708880424499511719e-01 6.736133098602294922e-01
5.718966722488403320e-01 6.605459451675415039e-01
5.729053020477294922e-01 6.719569563865661621e-01
5.739139318466186523e-01 6.657364368438720703e-01
5.749225616455078125e-01 6.606566905975341797e-01
5.759311914443969727e-01 6.587251424789428711e-01
5.769398212432861328e-01 6.655270457267761230e-01
5.779484510421752930e-01 6.629894971847534180e-01
5.789571404457092285e-01 6.760807633399963379e-01
5.799657702445983887e-01 6.775001287460327148e-01
5.809744000434875488e-01 6.756492853164672852e-01
5.819830298423767090e-01 6.833651661872863770e-01
5.829916596412658691e-01 6.809571385383605957e-01
5.840002894401550293e-01 6.703835725784301758e-01
5.850089192390441895e-01 6.659790277481079102e-01
5.860175490379333496e-01 6.694617271423339844e-01
5.870261788368225098e-01 6.676563024520874023e-01
5.880348086357116699e-01 6.642329692840576172e-01
5.890434980392456055e-01 6.672497391700744629e-01
5.900521278381347656e-01 6.704807281494140625e-01
5.910607576370239258e-01 6.731097102165222168e-01
5.920693874359130859e-01 6.712024807929992676e-01
5.930780172348022461e-01 6.700151562690734863e-01
5.940866470336914062e-01 6.625266075134277344e-01
5.950952768325805664e-01 6.683067679405212402e-01
5.961039066314697266e-01 6.700267791748046875e-01
5.971125364303588867e-01 6.540298461914062500e-01
5.981212258338928223e-01 6.726033091545104980e-01
5.991298556327819824e-01 6.714259982109069824e-01
6.001384854316711426e-01 6.817061901092529297e-01
6.011471152305603027e-01 6.684001684188842773e-01
6.021557450294494629e-01 6.734860539436340332e-01
6.031643748283386230e-01 6.674672961235046387e-01
6.041730046272277832e-01 6.633831858634948730e-01
6.051816344261169434e-01 6.702694892883300781e-01
6.061902642250061035e-01 6.652269959449768066e-01
6.071988940238952637e-01 6.653490662574768066e-01
6.082075834274291992e-01 6.799320578575134277e-01
6.092162132263183594e-01 6.626705527305603027e-01
6.102248430252075195e-01 6.653512716293334961e-01
6.112334728240966797e-01 6.655685305595397949e-01
6.122421026229858398e-01 6.701554059982299805e-01
6.132507324218750000e-01 6.869659423828125000e-01
6.142593622207641602e-01 6.798299551010131836e-01
6.152679920196533203e-01 6.715236902236938477e-01
6.162766218185424805e-01 6.769157052040100098e-01
6.172853112220764160e-01 6.795611977577209473e-01
6.182939410209655762e-01 6.745809316635131836e-01
6.193025708198547363e-01 6.842980384826660156e-01
6.203112006187438965e-01 6.775658726692199707e-01
6.213198304176330566e-01 6.788150072097778320e-01
6.223284602165222168e-01 6.837316155433654785e-01
6.233370900154113770e-01 6.590175032615661621e-01
6.243457198143005371e-01 6.692282557487487793e-01
6.253543496131896973e-01 6.636503338813781738e-01
6.263629794120788574e-01 6.687144041061401367e-01
6.273716688156127930e-01 6.720592975616455078e-01
6.283802986145019531e-01 6.743504405021667480e-01
6.293889284133911133e-01 6.716673374176025391e-01
6.303975582122802734e-01 6.638442873954772949e-01
6.314061880111694336e-01 6.772906780242919922e-01
6.324148178100585938e-01 6.669411659240722656e-01
6.334234476089477539e-01 6.700769662857055664e-01
6.344320774078369141e-01 6.759077906608581543e-01
6.354407072067260742e-01 6.899696588516235352e-01
6.364493966102600098e-01 6.654949784278869629e-01
6.374580264091491699e-01 6.761266589164733887e-01
6.384666562080383301e-01 6.733665466308593750e-01
6.394752860069274902e-01 6.724144816398620605e-01
6.404839158058166504e-01 6.718176007270812988e-01
6.414925456047058105e-01 6.748880147933959961e-01
6.425011754035949707e-01 6.833472847938537598e-01
6.435098052024841309e-01 6.658961772918701172e-01
6.445184350013732910e-01 6.764439940452575684e-01
6.455271244049072266e-01 6.817358732223510742e-01
6.465357542037963867e-01 6.844586730003356934e-01
6.475443840026855469e-01 6.671549677848815918e-01
6.485530138015747070e-01 6.605578660964965820e-01
6.495616436004638672e-01 6.494888067245483398e-01
6.505702733993530273e-01 6.563068628311157227e-01
6.515789031982421875e-01 6.553148031234741211e-01
6.525875329971313477e-01 6.813690066337585449e-01
6.535961627960205078e-01 6.737594604492187500e-01
6.546047925949096680e-01 6.780532002449035645e-01
6.556134819984436035e-01 6.725065112113952637e-01
6.566221117973327637e-01 6.592044830322265625e-01
6.576307415962219238e-01 6.832782030105590820e-01
6.586393713951110840e-01 6.645795106887817383e-01
6.596480011940002441e-01 6.749680042266845703e-01
6.606566309928894043e-01 6.610861420631408691e-01
6.616652607917785645e-01 6.701891422271728516e-01
6.626738905906677246e-01 6.749256253242492676e-01
6.636825203895568848e-01 6.765550374984741211e-01
6.646912097930908203e-01 6.701530218124389648e-01
6.656998395919799805e-01 6.782025098800659180e-01
6.667084693908691406e-01 6.608082056045532227e-01
6.677170991897583008e-01 6.720826625823974609e-01
6.687257289886474609e-01 6.579111814498901367e-01
6.697343587875366211e-01 6.652801036834716797e-01
6.707429885864257812e-01 6.687821745872497559e-01
6.717516183853149414e-01 6.617578864097595215e-01
6.727602481842041016e-01 6.624261736869812012e-01
6.737688779830932617e-01 6.879386305809020996e-01
6.747775673866271973e-01 6.904010772705078125e-01
6.757861971855163574e-01 6.730561256408691406e-01
6.767948269844055176e-01 6.692616343498229980e-01
6.778034567832946777e-01 6.687311530113220215e-01
6.788120865821838379e-01 6.846561431884765625e-01
6.798207163810729980e-01 6.844781637191772461e-01
6.808293461799621582e-01 6.590460538864135742e-01
6.818379759788513184e-01 6.679394245147705078e-01
6.828466057777404785e-01 6.701157093048095703e-01
6.838552951812744141e-01 6.671576499938964844e-01
6.848639249801635742e-01 6.612450480461120605e-01
6.858725547790527344e-01 6.793639063835144043e-01
6.868811845779418945e-01 6.724288463592529297e-01
6.878898143768310547e-01 6.686495542526245117e-01
6.888984441757202148e-01 6.723452210426330566e-01
6.899070739746093750e-01 6.560279130935668945e-01
6.909157037734985352e-01 6.580740213394165039e-01
6.919243335723876953e-01 6.725239157676696777e-01
6.929329633712768555e-01 6.742107868194580078e-01
6.939416527748107910e-01 6.867290139198303223e-01
6.949502825736999512e-01 6.872108578681945801e-01
6.959589123725891113e-01 6.810648441314697266e-01
6.969675421714782715e-01 6.627899408340454102e-01
6.979761719703674316e-01 6.858352422714233398e-01
6.989848017692565918e-01 6.689517498016357422e-01
6.999934315681457520e-01 6.691638231277465820e-01
7.010020613670349121e-01 6.784206628799438477e-01
7.020106911659240723e-01 7.002295255661010742e-01
7.030193805694580078e-01 6.764171719551086426e-01
7.040280103683471680e-01 6.707951426506042480e-01
7.050366401672363281e-01 6.817753911018371582e-01
7.060452699661254883e-01 6.818220019340515137e-01
7.070538997650146484e-01 6.714177131652832031e-01
7.080625295639038086e-01 6.879871487617492676e-01
7.090711593627929688e-01 6.786400675773620605e-01
7.100797891616821289e-01 6.746411919593811035e-01
7.110884189605712891e-01 6.746909618377685547e-01
7.120970487594604492e-01 6.803964376449584961e-01
7.131057381629943848e-01 6.805838942527770996e-01
7.141143679618835449e-01 6.901778578758239746e-01
7.151229977607727051e-01 6.730511784553527832e-01
7.161316275596618652e-01 6.741979122161865234e-01
7.171402573585510254e-01 6.763194799423217773e-01
7.181488871574401855e-01 6.771488189697265625e-01
7.191575169563293457e-01 6.716125607490539551e-01
7.201661467552185059e-01 6.697586178779602051e-01
7.211747765541076660e-01 6.656587123870849609e-01
7.221834659576416016e-01 6.849538087844848633e-01
7.231920957565307617e-01 6.852570176124572754e-01
7.242007255554199219e-01 6.977028846740722656e-01
7.252093553543090820e-01 6.777905821800231934e-01
7.262179851531982422e-01 7.020248770713806152e-01
7.272266149520874023e-01 6.938854455947875977e-01
7.282352447509765625e-01 6.679898500442504883e-01
7.292438745498657227e-01 6.574128866195678711e-01
7.302525043487548828e-01 6.802486777305603027e-01
7.312611341476440430e-01 6.905732154846191406e-01
7.322698235511779785e-01 6.754321455955505371e-01
7.332784533500671387e-01 6.700015068054199219e-01
7.342870831489562988e-01 6.834161877632141113e-01
7.352957129478454590e-01 6.816595196723937988e-01
7.363043427467346191e-01 6.882109642028808594e-01
7.373129725456237793e-01 6.985507607460021973e-01
7.383216023445129395e-01 6.846092343330383301e-01
7.393302321434020996e-01 6.794250011444091797e-01
7.403388619422912598e-01 6.937105059623718262e-01
7.413475513458251953e-01 6.717143654823303223e-01
7.423561811447143555e-01 6.850837469100952148e-01
7.433648109436035156e-01 6.833273172378540039e-01
7.443734407424926758e-01 6.770095825195312500e-01
7.453820705413818359e-01 6.800040602684020996e-01
7.463907003402709961e-01 6.922695040702819824e-01
7.473993301391601562e-01 6.960598826408386230e-01
7.484079599380493164e-01 6.863546967506408691e-01
7.494165897369384766e-01 6.773813366889953613e-01
7.504252195358276367e-01 6.948692202568054199e-01
7.514339089393615723e-01 6.964620947837829590e-01
7.524425387382507324e-01 7.331709265708923340e-01
7.534511685371398926e-01 7.310395240783691406e-01
7.544597983360290527e-01 6.982988119125366211e-01
7.554684281349182129e-01 6.813958287239074707e-01
7.564770579338073730e-01 6.881564259529113770e-01
7.574856877326965332e-01 6.732313036918640137e-01
7.584943175315856934e-01 7.022448778152465820e-01
7.595029473304748535e-01 7.083353996276855469e-01
7.605116367340087891e-01 7.050046920776367188e-01
7.615202665328979492e-01 6.960849165916442871e-01
7.625288963317871094e-01 6.902998685836791992e-01
7.635375261306762695e-01 6.803512573242187500e-01
7.645461559295654297e-01 6.925754547119140625e-01
7.655547857284545898e-01 6.764354109764099121e-01
7.665634155273437500e-01 6.980658173561096191e-01
7.675720453262329102e-01 6.926380395889282227e-01
7.685806751251220703e-01 6.997745633125305176e-01
7.695893049240112305e-01 6.945186853408813477e-01
7.705979943275451660e-01 6.891047358512878418e-01
7.716066241264343262e-01 6.965786218643188477e-01
7.726152539253234863e-01 6.828883290290832520e-01
7.736238837242126465e-01 6.916170120239257812e-01
7.746325135231018066e-01 7.062421441078186035e-01
7.756411433219909668e-01 7.029613852500915527e-01
7.766497731208801270e-01 6.969724893569946289e-01
7.776584029197692871e-01 6.852748990058898926e-01
7.786670327186584473e-01 7.146472334861755371e-01
7.796757221221923828e-01 6.936073303222656250e-01
7.806843519210815430e-01 7.020885944366455078e-01
7.816929817199707031e-01 6.923633217811584473e-01
7.827016115188598633e-01 7.015294432640075684e-01
7.837102413177490234e-01 7.119551301002502441e-01
7.847188711166381836e-01 7.097673416137695312e-01
7.857275009155273438e-01 7.073369026184082031e-01
7.867361307144165039e-01 7.043193578720092773e-01
7.877447605133056641e-01 7.021175622940063477e-01
7.887533903121948242e-01 7.033129930496215820e-01
7.897620797157287598e-01 7.042188644409179688e-01
7.907707095146179199e-01 7.057014107704162598e-01
7.917793393135070801e-01 7.010840773582458496e-01
7.927879691123962402e-01 7.133975028991699219e-01
7.937965989112854004e-01 7.075771093368530273e-01
7.948052287101745605e-01 7.036117911338806152e-01
7.958138585090637207e-01 6.872687935829162598e-01
7.968224883079528809e-01 7.021962404251098633e-01
7.978311181068420410e-01 6.981924772262573242e-01
7.988398075103759766e-01 7.100645303726196289e-01
7.998484373092651367e-01 7.327361702919006348e-01
8.008570671081542969e-01 7.015620470046997070e-01
8.018656969070434570e-01 6.977335810661315918e-01
8.028743267059326172e-01 7.014288306236267090e-01
8.038829565048217773e-01 7.077051997184753418e-01
8.048915863037109375e-01 7.045102119445800781e-01
8.059002161026000977e-01 7.100679874420166016e-01
8.069088459014892578e-01 7.048642635345458984e-01
8.079174757003784180e-01 7.141803503036499023e-01
8.089261651039123535e-01 7.164143323898315430e-01
8.099347949028015137e-01 7.135589718818664551e-01
8.109434247016906738e-01 7.161048054695129395e-01
8.119520545005798340e-01 7.290796041488647461e-01
8.129606842994689941e-01 7.104359269142150879e-01
8.139693140983581543e-01 7.113721370697021484e-01
8.149779438972473145e-01 7.210010886192321777e-01
8.159865736961364746e-01 7.124630808830261230e-01
8.169952034950256348e-01 7.252437472343444824e-01
8.180038928985595703e-01 7.059492468833923340e-01
8.190125226974487305e-01 7.134066820144653320e-01
8.200211524963378906e-01 7.098842263221740723e-01
8.210297822952270508e-01 7.162810564041137695e-01
8.220384120941162109e-01 7.131280899047851562e-01
8.230470418930053711e-01 7.090820670127868652e-01
8.240556716918945312e-01 7.240929007530212402e-01
8.250643014907836914e-01 7.352717518806457520e-01
8.260729312896728516e-01 7.299315929412841797e-01
8.270815610885620117e-01 7.252990007400512695e-01
8.280902504920959473e-01 7.268938422203063965e-01
8.290988802909851074e-01 7.123965024948120117e-01
8.301075100898742676e-01 7.327408194541931152e-01
8.311161398887634277e-01 7.273488044738769531e-01
8.321247696876525879e-01 7.286155223846435547e-01
8.331333994865417480e-01 7.203450798988342285e-01
8.341420292854309082e-01 7.195419669151306152e-01
8.351506590843200684e-01 7.121894955635070801e-01
8.361592888832092285e-01 7.159597873687744141e-01
8.371679782867431641e-01 7.278817296028137207e-01
8.381766080856323242e-01 7.382304072380065918e-01
8.391852378845214844e-01 7.454115748405456543e-01
8.401938676834106445e-01 7.401800155639648438e-01
8.412024974822998047e-01 7.277455925941467285e-01
8.422111272811889648e-01 7.384898662567138672e-01
8.432197570800781250e-01 7.360447645187377930e-01
8.442283868789672852e-01 7.303705811500549316e-01
8.452370166778564453e-01 7.440373301506042480e-01
8.462456464767456055e-01 7.545996904373168945e-01
8.472543358802795410e-01 7.336828112602233887e-01
8.482629656791687012e-01 7.556150555610656738e-01
8.492715954780578613e-01 7.439655065536499023e-01
8.502802252769470215e-01 7.376734614372253418e-01
8.512888550758361816e-01 7.442179322242736816e-01
8.522974848747253418e-01 7.266961932182312012e-01
8.533061146736145020e-01 7.261450290679931641e-01
8.543147444725036621e-01 7.275002598762512207e-01
8.553233742713928223e-01 7.321637868881225586e-01
8.563320636749267578e-01 7.371619939804077148e-01
8.573406934738159180e-01 7.283287048339843750e-01
8.583493232727050781e-01 7.448889613151550293e-01
8.593579530715942383e-01 7.417008876800537109e-01
8.603665828704833984e-01 7.422205209732055664e-01
8.613752126693725586e-01 7.620664834976196289e-01
8.623838424682617188e-01 8.511563539505004883e-01
8.633924722671508789e-01 1.076185107231140137e+00
8.644011020660400391e-01 7.513194084167480469e-01
8.654097318649291992e-01 7.616606950759887695e-01
8.664184212684631348e-01 7.547532320022583008e-01
8.674270510673522949e-01 7.596454024314880371e-01
8.684356808662414551e-01 7.515542507171630859e-01
8.694443106651306152e-01 7.523456811904907227e-01
8.704529404640197754e-01 7.622562050819396973e-01
8.714615702629089355e-01 7.533023953437805176e-01
8.724702000617980957e-01 7.529062032699584961e-01
8.734788298606872559e-01 7.525315880775451660e-01
8.744874596595764160e-01 7.479462027549743652e-01
8.754961490631103516e-01 7.492669820785522461e-01
8.765047788619995117e-01 7.637818455696105957e-01
8.775134086608886719e-01 7.492564320564270020e-01
8.785220384597778320e-01 7.540123462677001953e-01
8.795306682586669922e-01 7.571519017219543457e-01
8.805392980575561523e-01 7.513653635978698730e-01
8.815479278564453125e-01 7.634963989257812500e-01
8.825565576553344727e-01 7.574180364608764648e-01
8.835651874542236328e-01 7.503490447998046875e-01
8.845738172531127930e-01 7.627306580543518066e-01
8.855825066566467285e-01 7.656295895576477051e-01
8.865911364555358887e-01 7.641834616661071777e-01
8.875997662544250488e-01 7.531458139419555664e-01
8.886083960533142090e-01 7.610320448875427246e-01
8.896170258522033691e-01 7.464969754219055176e-01
8.906256556510925293e-01 7.497679591178894043e-01
8.916342854499816895e-01 7.659147977828979492e-01
8.926429152488708496e-01 7.711667418479919434e-01
8.936515450477600098e-01 7.499076724052429199e-01
8.946602344512939453e-01 7.917580008506774902e-01
8.956688642501831055e-01 7.861662507057189941e-01
8.966774940490722656e-01 7.812517285346984863e-01
8.976861238479614258e-01 7.519027590751647949e-01
8.986947536468505859e-01 7.653869986534118652e-01
8.997033834457397461e-01 7.527180314064025879e-01
9.007120132446289062e-01 7.898700237274169922e-01
9.017206430435180664e-01 7.719969749450683594e-01
9.027292728424072266e-01 7.818408012390136719e-01
9.037379026412963867e-01 7.755799889564514160e-01
9.047465920448303223e-01 7.827005386352539062e-01
9.057552218437194824e-01 7.597079277038574219e-01
9.067638516426086426e-01 8.058057427406311035e-01
9.077724814414978027e-01 7.771048545837402344e-01
9.087811112403869629e-01 7.750444412231445312e-01
9.097897410392761230e-01 7.661090493202209473e-01
9.107983708381652832e-01 7.681849598884582520e-01
9.118070006370544434e-01 7.588732838630676270e-01
9.128156304359436035e-01 7.791604995727539062e-01
9.138243198394775391e-01 8.028955459594726562e-01
9.148329496383666992e-01 7.972515821456909180e-01
9.158415794372558594e-01 7.915493845939636230e-01
9.168502092361450195e-01 7.869098186492919922e-01
9.178588390350341797e-01 7.977052927017211914e-01
9.188674688339233398e-01 7.876319289207458496e-01
9.198760986328125000e-01 8.260866999626159668e-01
9.208847284317016602e-01 7.815048694610595703e-01
9.218933582305908203e-01 7.569258809089660645e-01
9.229020476341247559e-01 7.696932554244995117e-01
9.239106774330139160e-01 7.883485555648803711e-01
9.249193072319030762e-01 7.917182445526123047e-01
9.259279370307922363e-01 8.246910572052001953e-01
9.269365668296813965e-01 7.882151603698730469e-01
9.279451966285705566e-01 7.780012488365173340e-01
9.289538264274597168e-01 7.993329167366027832e-01
9.299624562263488770e-01 7.960094809532165527e-01
9.309710860252380371e-01 7.868724465370178223e-01
9.319797158241271973e-01 7.858145236968994141e-01
9.329884052276611328e-01 7.950701117515563965e-01
9.339970350265502930e-01 7.916740179061889648e-01
9.350056648254394531e-01 7.915852069854736328e-01
9.360142946243286133e-01 8.117811679840087891e-01
9.370229244232177734e-01 8.191186785697937012e-01
9.380315542221069336e-01 8.126779198646545410e-01
9.390401840209960938e-01 8.502449393272399902e-01
9.400488138198852539e-01 8.214010596275329590e-01
9.410574436187744141e-01 7.646676898002624512e-01
9.420661330223083496e-01 8.199309706687927246e-01
9.430747628211975098e-01 8.221117258071899414e-01
9.440833926200866699e-01 8.328078985214233398e-01
9.450920224189758301e-01 8.092102408409118652e-01
9.461006522178649902e-01 8.009831905364990234e-01
9.471092820167541504e-01 7.969515919685363770e-01
9.481179118156433105e-01 8.060842156410217285e-01
9.491265416145324707e-01 7.831194996833801270e-01
9.501351714134216309e-01 8.114191293716430664e-01
9.511438012123107910e-01 8.544537425041198730e-01
9.521524906158447266e-01 8.371532559394836426e-01
9.531611204147338867e-01 8.125331401824951172e-01
9.541697502136230469e-01 8.559156060218811035e-01
9.551783800125122070e-01 8.479480743408203125e-01
9.561870098114013672e-01 8.298159241676330566e-01
9.571956396102905273e-01 8.827012181282043457e-01
9.582042694091796875e-01 8.422203063964843750e-01
9.592128992080688477e-01 8.093130588531494141e-01
9.602215290069580078e-01 8.185253143310546875e-01
9.612302184104919434e-01 8.331549167633056641e-01
9.622388482093811035e-01 8.243876695632934570e-01
9.632474780082702637e-01 8.155537247657775879e-01
9.642561078071594238e-01 8.415367007255554199e-01
9.652647376060485840e-01 8.296012282371520996e-01
9.662733674049377441e-01 8.291336297988891602e-01
9.672819972038269043e-01 8.528400063514709473e-01
9.682906270027160645e-01 8.300107121467590332e-01
9.692992568016052246e-01 8.458158373832702637e-01
9.703078866004943848e-01 8.891689777374267578e-01
9.713165760040283203e-01 8.419287204742431641e-01
9.723252058029174805e-01 8.468524813652038574e-01
9.733338356018066406e-01 8.223839998245239258e-01
9.743424654006958008e-01 8.333254456520080566e-01
9.753510951995849609e-01 8.251717090606689453e-01
9.763597249984741211e-01 8.504386544227600098e-01
9.773683547973632812e-01 8.490444421768188477e-01
9.783769845962524414e-01 8.615568280220031738e-01
9.793856143951416016e-01 8.249493837356567383e-01
9.803943037986755371e-01 8.226960301399230957e-01
9.814029335975646973e-01 8.131000995635986328e-01
9.824115633964538574e-01 8.819200992584228516e-01
9.834201931953430176e-01 8.950320482254028320e-01
9.844288229942321777e-01 8.617032766342163086e-01
9.854374527931213379e-01 8.105393052101135254e-01
9.864460825920104980e-01 8.504756689071655273e-01
9.874547123908996582e-01 8.805313110351562500e-01
9.884633421897888184e-01 9.008150100708007812e-01
9.894719719886779785e-01 8.940926790237426758e-01
9.904806613922119141e-01 8.872343301773071289e-01
9.914892911911010742e-01 8.439133763313293457e-01
9.924979209899902344e-01 8.917509913444519043e-01
9.935065507888793945e-01 8.846983909606933594e-01
9.945151805877685547e-01 8.561769723892211914e-01
9.955238103866577148e-01 8.584399819374084473e-01
9.965324401855468750e-01 8.872529864311218262e-01
9.975410699844360352e-01 8.760157823562622070e-01
9.985496997833251953e-01 8.752632737159729004e-01
9.995583891868591309e-01 8.862970471382141113e-01
1.000566959381103516e+00 8.997670412063598633e-01
1.001575589179992676e+00 8.585801124572753906e-01
1.002584218978881836e+00 9.192783236503601074e-01
1.003592848777770996e+00 9.104678034782409668e-01
1.004601597785949707e+00 8.352746963500976562e-01
1.005610227584838867e+00 8.691874742507934570e-01
1.006618857383728027e+00 8.900692462921142578e-01
1.007627487182617188e+00 8.752237558364868164e-01
1.008636116981506348e+00 8.945829868316650391e-01
1.009644746780395508e+00 8.713721632957458496e-01
1.010653376579284668e+00 8.543984293937683105e-01
1.011662006378173828e+00 8.988861441612243652e-01
1.012670636177062988e+00 8.788990974426269531e-01
1.013679265975952148e+00 8.778238892555236816e-01
1.014687895774841309e+00 8.801957964897155762e-01
1.015696525573730469e+00 8.884092569351196289e-01
1.016705155372619629e+00 8.955984115600585938e-01
1.017713785171508789e+00 9.008422493934631348e-01
1.018722414970397949e+00 8.646005392074584961e-01
1.019731044769287109e+00 8.776511549949645996e-01
1.020739674568176270e+00 9.369452595710754395e-01
1.021748304367065430e+00 9.321020245552062988e-01
1.022756934165954590e+00 9.308109283447265625e-01
1.023765683174133301e+00 8.665366172790527344e-01
1.024774312973022461e+00 8.769084215164184570e-01
1.025782942771911621e+00 9.227639436721801758e-01
1.026791572570800781e+00 8.972417712211608887e-01
1.027800202369689941e+00 9.278292059898376465e-01
1.028808832168579102e+00 9.286783933639526367e-01
1.029817461967468262e+00 9.057692289352416992e-01
1.030826091766357422e+00 8.544022440910339355e-01
1.031834721565246582e+00 9.448211789131164551e-01
1.032843351364135742e+00 9.113774895668029785e-01
1.033851981163024902e+00 8.788017630577087402e-01
1.034860610961914062e+00 9.198246002197265625e-01
1.035869240760803223e+00 9.617949128150939941e-01
1.036877870559692383e+00 9.257526993751525879e-01
1.037886500358581543e+00 9.100006818771362305e-01
1.038895130157470703e+00 9.604502916336059570e-01
1.039903759956359863e+00 8.971808552742004395e-01
1.040912389755249023e+00 8.739924430847167969e-01
1.041921019554138184e+00 8.913951516151428223e-01
1.042929768562316895e+00 9.262936711311340332e-01
1.043938398361206055e+00 9.199723005294799805e-01
1.044947028160095215e+00 9.435928463935852051e-01
1.045955657958984375e+00 9.233703613281250000e-01
1.046964287757873535e+00 9.147201180458068848e-01
1.047972917556762695e+00 9.592316746711730957e-01
1.048981547355651855e+00 9.863002300262451172e-01
1.049990177154541016e+00 9.493261575698852539e-01
1.050998806953430176e+00 9.459492564201354980e-01
1.052007436752319336e+00 9.483062624931335449e-01
1.053016066551208496e+00 9.816752076148986816e-01
1.054024696350097656e+00 9.797394871711730957e-01
1.055033326148986816e+00 9.386893510818481445e-01
1.056041955947875977e+00 9.901467561721801758e-01
1.057050585746765137e+00 9.549944996833801270e-01
1.058059215545654297e+00 9.903975725173950195e-01
1.059067845344543457e+00 9.584931135177612305e-01
1.060076475143432617e+00 9.576886892318725586e-01
1.061085104942321777e+00 9.733938574790954590e-01
1.062093853950500488e+00 1.009180426597595215e+00
1.063102483749389648e+00 1.026655673980712891e+00
1.064111113548278809e+00 1.057376623153686523e+00
1.065119743347167969e+00 1.003204941749572754e+00
1.066128373146057129e+00 9.721918106079101562e-01
1.067137002944946289e+00 9.698558449745178223e-01
1.068145632743835449e+00 9.724652767181396484e-01
1.069154262542724609e+00 9.712495207786560059e-01
1.070162892341613770e+00 9.849588274955749512e-01
1.071171522140502930e+00 1.025584101676940918e+00
1.072180151939392090e+00 9.968448281288146973e-01
1.073188781738281250e+00 9.779871106147766113e-01
1.074197411537170410e+00 9.524135589599609375e-01
1.075206041336059570e+00 1.002866864204406738e+00
1.076214671134948730e+00 9.864924550056457520e-01
1.077223300933837891e+00 9.706624150276184082e-01
1.078231930732727051e+00 1.010991573333740234e+00
1.079240560531616211e+00 1.014442920684814453e+00
1.080249190330505371e+00 9.945381283760070801e-01
1.081257939338684082e+00 1.007717728614807129e+00
1.082266569137573242e+00 1.013532996177673340e+00
1.083275198936462402e+00 1.027028441429138184e+00
1.084283828735351562e+00 9.772637486457824707e-01
1.085292458534240723e+00 1.015764117240905762e+00
1.086301088333129883e+00 9.578279256820678711e-01
1.087309718132019043e+00 1.052446007728576660e+00
1.088318347930908203e+00 1.021843910217285156e+00
1.089326977729797363e+00 9.516150355339050293e-01
1.090335607528686523e+00 9.389107227325439453e-01
1.091344237327575684e+00 9.323033690452575684e-01
1.092352867126464844e+00 9.914507269859313965e-01
1.093361496925354004e+00 1.030446529388427734e+00
1.094370126724243164e+00 9.678404331207275391e-01
1.095378756523132324e+00 1.006862759590148926e+00
1.096387386322021484e+00 1.019784688949584961e+00
1.097396016120910645e+00 1.067491650581359863e+00
1.098404645919799805e+00 9.903805255889892578e-01
1.099413275718688965e+00 9.889049530029296875e-01
1.100422024726867676e+00 1.035141348838806152e+00
1.101430654525756836e+00 1.006089806556701660e+00
1.102439284324645996e+00 1.043689966201782227e+00
1.103447914123535156e+00 1.030725359916687012e+00
1.104456543922424316e+00 9.822336435317993164e-01
1.105465173721313477e+00 9.966298341751098633e-01
1.106473803520202637e+00 1.046441912651062012e+00
1.107482433319091797e+00 1.084392905235290527e+00
1.108491063117980957e+00 1.062530040740966797e+00
1.109499692916870117e+00 1.043653011322021484e+00
1.110508322715759277e+00 1.042301893234252930e+00
1.111516952514648438e+00 1.037589073181152344e+00
1.112525582313537598e+00 1.072665572166442871e+00
1.113534212112426758e+00 1.060995817184448242e+00
1.114542841911315918e+00 1.125408649444580078e+00
1.115551471710205078e+00 1.080323576927185059e+00
1.116560101509094238e+00 1.092758774757385254e+00
1.117568731307983398e+00 1.030293345451354980e+00
1.118577361106872559e+00 1.035896062850952148e+00
1.119586110115051270e+00 1.042493820190429688e+00
1.120594739913940430e+00 1.028814435005187988e+00
1.121603369712829590e+00 1.052156448364257812e+00
1.122611999511718750e+00 1.076367020606994629e+00
1.123620629310607910e+00 1.105879545211791992e+00
1.124629259109497070e+00 1.088029384613037109e+00
1.125637888908386230e+00 1.035896301269531250e+00
1.126646518707275391e+00 1.064097762107849121e+00
1.127655148506164551e+00 1.137136220932006836e+00
1.128663778305053711e+00 1.102584958076477051e+00
1.129672408103942871e+00 1.040792465209960938e+00
1.130681037902832031e+00 1.020432114601135254e+00
1.131689667701721191e+00 1.071235299110412598e+00
1.132698297500610352e+00 1.126028895378112793e+00
1.133706927299499512e+00 1.172114729881286621e+00
1.134715557098388672e+00 1.110421538352966309e+00
1.135724186897277832e+00 9.959024190902709961e-01
1.136732816696166992e+00 1.070401191711425781e+00
1.137741446495056152e+00 1.112183928489685059e+00
1.138750195503234863e+00 1.057395339012145996e+00
1.139758825302124023e+00 1.141629219055175781e+00
1.140767455101013184e+00 1.119818329811096191e+00
1.141776084899902344e+00 1.137296676635742188e+00
1.142784714698791504e+00 1.161078929901123047e+00
1.143793344497680664e+00 1.043889522552490234e+00
1.144801974296569824e+00 1.075495958328247070e+00
1.145810604095458984e+00 1.147376179695129395e+00
1.146819233894348145e+00 1.012042641639709473e+00
1.147827863693237305e+00 1.083615183830261230e+00
1.148836493492126465e+00 1.087428450584411621e+00
1.149845123291015625e+00 1.064084053039550781e+00
1.150853753089904785e+00 1.057246685028076172e+00
1.151862382888793945e+00 1.181022763252258301e+00
1.152871012687683105e+00 1.055142998695373535e+00
1.153879642486572266e+00 1.024470210075378418e+00
1.154888272285461426e+00 1.102213501930236816e+00
1.155896902084350586e+00 1.196768164634704590e+00
1.156905531883239746e+00 1.009030461311340332e+00
1.157914280891418457e+00 1.177011609077453613e+00
1.158922910690307617e+00 1.140769958496093750e+00
1.159931540489196777e+00 1.128008008003234863e+00
1.160940170288085938e+00 1.111029148101806641e+00
1.161948800086975098e+00 1.190610289573669434e+00
1.162957429885864258e+00 1.138706445693969727e+00
1.163966059684753418e+00 1.124249696731567383e+00
1.164974689483642578e+00 1.087561964988708496e+00
1.165983319282531738e+00 1.168448328971862793e+00
1.166991949081420898e+00 1.279888391494750977e+00
1.168000578880310059e+00 1.131599545478820801e+00
1.169009208679199219e+00 1.154234409332275391e+00
1.170017838478088379e+00 1.197273612022399902e+00
1.171026468276977539e+00 1.226497411727905273e+00
1.172035098075866699e+00 1.118151664733886719e+00
1.173043727874755859e+00 1.186505556106567383e+00
1.174052357673645020e+00 1.238834977149963379e+00
1.175060987472534180e+00 1.169754266738891602e+00
1.176069617271423340e+00 1.099958777427673340e+00
1.177078366279602051e+00 1.079584836959838867e+00
1.178086996078491211e+00 1.162754535675048828e+00
1.179095625877380371e+00 1.165303111076354980e+00
1.180104255676269531e+00 1.062782645225524902e+00
1.181112885475158691e+00 1.215453624725341797e+00
1.182121515274047852e+00 1.109405875205993652e+00
1.183130145072937012e+00 1.191330432891845703e+00
1.184138774871826172e+00 1.171781539916992188e+00
1.185147404670715332e+00 1.215439438819885254e+00
1.186156034469604492e+00 1.094535112380981445e+00
1.187164664268493652e+00 1.130498886108398438e+00
1.188173294067382812e+00 1.272691607475280762e+00
1.189181923866271973e+00 1.274922251701354980e+00
1.190190553665161133e+00 1.287354469299316406e+00
1.191199183464050293e+00 1.274186253547668457e+00
1.192207813262939453e+00 1.180249810218811035e+00
1.193216443061828613e+00 1.148190140724182129e+00
1.194225072860717773e+00 1.205300927162170410e+00
1.195233702659606934e+00 1.062718749046325684e+00
1.196242451667785645e+00 1.273045182228088379e+00
1.197251081466674805e+00 1.344627857208251953e+00
1.198259711265563965e+00 1.246472358703613281e+00
1.199268341064453125e+00 1.092479586601257324e+00
1.200276970863342285e+00 1.108258485794067383e+00
1.201285600662231445e+00 1.165486454963684082e+00
1.202294230461120605e+00 1.204966545104980469e+00
1.203302860260009766e+00 1.470184564590454102e+00
1.204311490058898926e+00 1.174704432487487793e+00
1.205320119857788086e+00 1.327798843383789062e+00
1.206328749656677246e+00 1.129179716110229492e+00
1.207337379455566406e+00 1.092768907546997070e+00
1.208346009254455566e+00 1.378446459770202637e+00
1.209354639053344727e+00 7.072353959083557129e-01
