0.000000000000000000e+00 3.567960937500000000e+03
1.008636085316538811e-03 2.542583984375000000e+03
2.017272170633077621e-03 1.885619018554687500e+03
3.025908255949616432e-03 1.402850097656250000e+03
4.034544341266155243e-03 1.065267211914062500e+03
5.043180659413337708e-03 8.814194946289062500e+02
6.051816511899232864e-03 6.861259765625000000e+02
7.060452364385128021e-03 5.307957153320312500e+02
8.069088682532310486e-03 4.396438598632812500e+02
9.077725000679492950e-03 3.597562561035156250e+02
1.008636131882667542e-02 2.982875671386718750e+02
1.109499670565128326e-02 2.453190612792968750e+02
1.210363302379846573e-02 2.150134735107421875e+02
1.311226934194564819e-02 1.914600219726562500e+02
1.412090472877025604e-02 1.643957214355468750e+02
1.512954104691743851e-02 1.398446807861328125e+02
1.613817736506462097e-02 1.228910903930664062e+02
1.714681275188922882e-02 1.095861968994140625e+02
1.815545000135898590e-02 9.535520935058593750e+01
1.916408538818359375e-02 8.163548278808593750e+01
2.017272263765335083e-02 7.301783752441406250e+01
2.118135802447795868e-02 6.536706542968750000e+01
2.218999341130256653e-02 5.859680175781250000e+01
2.319863066077232361e-02 5.338091278076171875e+01
2.420726604759693146e-02 4.864920425415039062e+01
2.521590143442153931e-02 4.361292266845703125e+01
2.622453868389129639e-02 4.004644393920898438e+01
2.723317407071590424e-02 3.624804687500000000e+01
2.824180945754051208e-02 3.375682067871093750e+01
2.925044670701026917e-02 3.032550621032714844e+01
3.025908209383487701e-02 2.805744171142578125e+01
3.126771748065948486e-02 2.625323104858398438e+01
3.227635473012924194e-02 2.437201881408691406e+01
3.328499197959899902e-02 2.229565048217773438e+01
3.429362550377845764e-02 2.088650512695312500e+01
3.530226275324821472e-02 1.949576187133789062e+01
3.631090000271797180e-02 1.800334739685058594e+01
3.731953352689743042e-02 1.669632720947265625e+01
3.832817077636718750e-02 1.562665462493896484e+01
3.933680802583694458e-02 1.465062618255615234e+01
4.034544527530670166e-02 1.419498348236083984e+01
4.135407879948616028e-02 1.307573032379150391e+01
4.236271604895591736e-02 1.225971698760986328e+01
4.337135329842567444e-02 1.168004226684570312e+01
4.437998682260513306e-02 1.098029994964599609e+01
4.538862407207489014e-02 1.049783706665039062e+01
4.639726132154464722e-02 9.892533302307128906e+00
4.740589484572410583e-02 9.348130226135253906e+00
4.841453209519386292e-02 8.941539764404296875e+00
4.942316934466362000e-02 8.574454307556152344e+00
5.043180286884307861e-02 7.988887786865234375e+00
5.144044011831283569e-02 7.482809543609619141e+00
5.244907736778259277e-02 7.227197170257568359e+00
5.345771089196205139e-02 7.064165115356445312e+00
5.446634814143180847e-02 6.716993331909179688e+00
5.547498539090156555e-02 6.436549663543701172e+00
5.648361891508102417e-02 6.236523628234863281e+00
5.749225616455078125e-02 5.844126224517822266e+00
5.850089341402053833e-02 5.589306831359863281e+00
5.950953066349029541e-02 5.485432147979736328e+00
6.051816418766975403e-02 5.161058425903320312e+00
6.152680143713951111e-02 5.015608787536621094e+00
6.253543496131896973e-02 4.714074134826660156e+00
6.354407221078872681e-02 4.643992424011230469e+00
6.455270946025848389e-02 4.543957710266113281e+00
6.556134670972824097e-02 4.286875724792480469e+00
6.656998395919799805e-02 4.173931598663330078e+00
6.757862120866775513e-02 3.999300479888916016e+00
6.858725100755691528e-02 3.910319328308105469e+00
6.959588825702667236e-02 3.830694437026977539e+00
7.060452550649642944e-02 3.640012264251708984e+00
7.161316275596618652e-02 3.563304424285888672e+00
7.262180000543594360e-02 3.350597620010375977e+00
7.363043725490570068e-02 3.301761865615844727e+00
7.463906705379486084e-02 3.220647573471069336e+00
7.564770430326461792e-02 3.170103788375854492e+00
7.665634155273437500e-02 3.047993659973144531e+00
7.766497880220413208e-02 3.027299404144287109e+00
7.867361605167388916e-02 2.924026727676391602e+00
7.968225330114364624e-02 2.790598869323730469e+00
8.069089055061340332e-02 2.733425855636596680e+00
8.169952034950256348e-02 2.745635032653808594e+00
8.270815759897232056e-02 2.661844253540039062e+00
8.371679484844207764e-02 2.548671722412109375e+00
8.472543209791183472e-02 2.389117717742919922e+00
8.573406934738159180e-02 2.387208700180053711e+00
8.674270659685134888e-02 2.366802215576171875e+00
8.775133639574050903e-02 2.283112764358520508e+00
8.875997364521026611e-02 2.199371337890625000e+00
8.976861089468002319e-02 2.175580739974975586e+00
9.077724814414978027e-02 2.199266910552978516e+00
9.178588539361953735e-02 2.145731687545776367e+00
9.279452264308929443e-02 2.075374841690063477e+00
9.380315244197845459e-02 1.999515175819396973e+00
9.481178969144821167e-02 1.992718100547790527e+00
9.582042694091796875e-02 1.957860708236694336e+00
9.682906419038772583e-02 1.919163823127746582e+00
9.783770143985748291e-02 1.839972138404846191e+00
9.884633868932723999e-02 1.866504669189453125e+00
9.985497593879699707e-02 1.852588653564453125e+00
1.008636057376861572e-01 1.752550363540649414e+00
1.018722429871559143e-01 1.766055107116699219e+00
1.028808802366256714e-01 1.712684988975524902e+00
1.038895174860954285e-01 1.667287707328796387e+00
1.048981547355651855e-01 1.649191260337829590e+00
1.059067919850349426e-01 1.627512693405151367e+00
1.069154217839241028e-01 1.636517405509948730e+00
1.079240590333938599e-01 1.619838476181030273e+00
1.089326962828636169e-01 1.546912670135498047e+00
1.099413335323333740e-01 1.516048431396484375e+00
1.109499707818031311e-01 1.550240635871887207e+00
1.119586080312728882e-01 1.505345702171325684e+00
1.129672378301620483e-01 1.440589308738708496e+00
1.139758750796318054e-01 1.465390920639038086e+00
1.149845123291015625e-01 1.446380734443664551e+00
1.159931495785713196e-01 1.425046086311340332e+00
1.170017868280410767e-01 1.382379412651062012e+00
1.180104240775108337e-01 1.375957369804382324e+00
1.190190613269805908e-01 1.400035977363586426e+00
1.200276911258697510e-01 1.372521519660949707e+00
1.210363283753395081e-01 1.347156882286071777e+00
1.220449656248092651e-01 1.317343235015869141e+00
1.230536028742790222e-01 1.312899470329284668e+00
1.240622401237487793e-01 1.298882961273193359e+00
1.250708699226379395e-01 1.285500645637512207e+00
1.260795146226882935e-01 1.278939366340637207e+00
1.270881444215774536e-01 1.248669743537902832e+00
1.280967891216278076e-01 1.246644377708435059e+00
1.291054189205169678e-01 1.256756782531738281e+00
1.301140487194061279e-01 1.211299896240234375e+00
1.311226934194564819e-01 1.246277451515197754e+00
1.321313232183456421e-01 1.205316781997680664e+00
1.331399679183959961e-01 1.233278632164001465e+00
1.341485977172851562e-01 1.189461588859558105e+00
1.351572424173355103e-01 1.224465727806091309e+00
1.361658722162246704e-01 1.202305912971496582e+00
1.371745020151138306e-01 1.164216041564941406e+00
1.381831467151641846e-01 1.152453422546386719e+00
1.391917765140533447e-01 1.165049791336059570e+00
1.402004212141036987e-01 1.163551807403564453e+00
1.412090510129928589e-01 1.145888328552246094e+00
1.422176808118820190e-01 1.150139093399047852e+00
1.432263255119323730e-01 1.117460966110229492e+00
1.442349553108215332e-01 1.068603992462158203e+00
1.452436000108718872e-01 1.060499906539916992e+00
1.462522298097610474e-01 1.085940599441528320e+00
1.472608745098114014e-01 1.093925118446350098e+00
1.482695043087005615e-01 1.079207301139831543e+00
1.492781341075897217e-01 1.050572633743286133e+00
1.502867788076400757e-01 1.049414992332458496e+00
1.512954086065292358e-01 1.089617609977722168e+00
1.523040533065795898e-01 1.033661961555480957e+00
1.533126831054687500e-01 1.043182730674743652e+00
1.543213278055191040e-01 1.029099106788635254e+00
1.553299576044082642e-01 1.042968034744262695e+00
1.563385874032974243e-01 1.035237908363342285e+00
1.573472321033477783e-01 1.016253829002380371e+00
1.583558619022369385e-01 1.022161245346069336e+00
1.593645066022872925e-01 9.807241559028625488e-01
1.603731364011764526e-01 9.753499627113342285e-01
1.613817811012268066e-01 1.003971576690673828e+00
1.623904109001159668e-01 1.009223580360412598e+00
1.633990406990051270e-01 9.900967478752136230e-01
1.644076853990554810e-01 1.013820886611938477e+00
1.654163151979446411e-01 9.971861839294433594e-01
1.664249598979949951e-01 9.833889603614807129e-01
1.674335896968841553e-01 9.681312441825866699e-01
1.684422194957733154e-01 9.852902293205261230e-01
1.694508641958236694e-01 1.008118152618408203e+00
1.704594939947128296e-01 9.947319030761718750e-01
1.714681386947631836e-01 9.847379922866821289e-01
1.724767684936523438e-01 1.002691626548767090e+00
1.734854131937026978e-01 9.779434204101562500e-01
1.744940429925918579e-01 9.985114336013793945e-01
1.755026727914810181e-01 9.584513902664184570e-01
1.765113174915313721e-01 9.622957706451416016e-01
1.775199472904205322e-01 9.620990157127380371e-01
1.785285919904708862e-01 9.704206585884094238e-01
1.795372217893600464e-01 9.593331813812255859e-01
1.805458664894104004e-01 9.640763401985168457e-01
1.815544962882995605e-01 9.657027125358581543e-01
1.825631260871887207e-01 9.405050873756408691e-01
1.835717707872390747e-01 9.407742023468017578e-01
1.845804005861282349e-01 9.729267954826354980e-01
1.855890452861785889e-01 9.522714614868164062e-01
1.865976750850677490e-01 9.215139150619506836e-01
1.876063048839569092e-01 9.394100308418273926e-01
1.886149495840072632e-01 9.555817842483520508e-01
1.896235793828964233e-01 9.017228484153747559e-01
1.906322240829467773e-01 8.970131278038024902e-01
1.916408538818359375e-01 9.328376054763793945e-01
1.926494985818862915e-01 8.999959230422973633e-01
1.936581283807754517e-01 9.449667334556579590e-01
1.946667581796646118e-01 9.320399761199951172e-01
1.956754028797149658e-01 9.327467083930969238e-01
1.966840326786041260e-01 9.084571599960327148e-01
1.976926773786544800e-01 9.188538193702697754e-01
1.987013071775436401e-01 9.057899713516235352e-01
1.997099518775939941e-01 9.296223521232604980e-01
2.007185816764831543e-01 9.216317534446716309e-01
2.017272114753723145e-01 9.469072222709655762e-01
2.027358561754226685e-01 9.168170690536499023e-01
2.037444859743118286e-01 8.965589404106140137e-01
2.047531306743621826e-01 8.917135596275329590e-01
2.057617604732513428e-01 8.739516735076904297e-01
2.067703902721405029e-01 8.772860169410705566e-01
2.077790349721908569e-01 9.214457869529724121e-01
2.087876647710800171e-01 8.909591436386108398e-01
2.097963094711303711e-01 9.239923357963562012e-01
2.108049392700195312e-01 8.836862444877624512e-01
2.118135839700698853e-01 8.784756660461425781e-01
2.128222137689590454e-01 8.784856796264648438e-01
2.138308435678482056e-01 8.787438869476318359e-01
2.148394882678985596e-01 8.800568580627441406e-01
2.158481180667877197e-01 8.500438928604125977e-01
2.168567627668380737e-01 8.722934722900390625e-01
2.178653925657272339e-01 9.102771282196044922e-01
2.188740372657775879e-01 8.896200060844421387e-01
2.198826670646667480e-01 8.791039586067199707e-01
2.208912968635559082e-01 9.051613807678222656e-01
2.218999415636062622e-01 8.774495720863342285e-01
2.229085713624954224e-01 8.683891892433166504e-01
2.239172160625457764e-01 8.749152421951293945e-01
2.249258458614349365e-01 8.629255890846252441e-01
2.259344756603240967e-01 8.665181398391723633e-01
2.269431203603744507e-01 8.950997591018676758e-01
2.279517501592636108e-01 8.909594416618347168e-01
2.289603948593139648e-01 8.611677289009094238e-01
2.299690246582031250e-01 8.657340407371520996e-01
2.309776693582534790e-01 8.871886730194091797e-01
2.319862991571426392e-01 8.788910508155822754e-01
2.329949289560317993e-01 8.580601215362548828e-01
2.340035736560821533e-01 8.668248057365417480e-01
2.350122034549713135e-01 8.538156747817993164e-01
2.360208481550216675e-01 8.605558276176452637e-01
2.370294779539108276e-01 8.714012503623962402e-01
2.380381226539611816e-01 8.496874570846557617e-01
2.390467524528503418e-01 8.712399005889892578e-01
2.400553822517395020e-01 8.347517848014831543e-01
2.410640269517898560e-01 8.250843286514282227e-01
2.420726567506790161e-01 8.692899346351623535e-01
2.430813014507293701e-01 9.214265942573547363e-01
2.440899312496185303e-01 8.658539652824401855e-01
2.450985759496688843e-01 8.485546708106994629e-01
2.461072057485580444e-01 8.320251703262329102e-01
2.471158355474472046e-01 8.361005783081054688e-01
2.481244802474975586e-01 8.668321967124938965e-01
2.491331100463867188e-01 8.576149940490722656e-01
2.501417398452758789e-01 8.559951186180114746e-01
2.511503994464874268e-01 8.534609079360961914e-01
2.521590292453765869e-01 8.492943644523620605e-01
2.531676590442657471e-01 8.360828161239624023e-01
2.541762888431549072e-01 8.543773293495178223e-01
2.551849186420440674e-01 8.349361419677734375e-01
2.561935782432556152e-01 8.188062906265258789e-01
2.572022080421447754e-01 8.211612105369567871e-01
2.582108378410339355e-01 8.482741713523864746e-01
2.592194676399230957e-01 8.431807160377502441e-01
2.602280974388122559e-01 8.146677613258361816e-01
2.612367570400238037e-01 8.240264654159545898e-01
2.622453868389129639e-01 8.168742060661315918e-01
2.632540166378021240e-01 8.299636840820312500e-01
2.642626464366912842e-01 8.345901966094970703e-01
2.652712762355804443e-01 8.468850851058959961e-01
2.662799358367919922e-01 8.465263843536376953e-01
2.672885656356811523e-01 8.227398991584777832e-01
2.682971954345703125e-01 8.085544109344482422e-01
2.693058252334594727e-01 8.395068049430847168e-01
2.703144848346710205e-01 8.480570912361145020e-01
2.713231146335601807e-01 8.430072069168090820e-01
2.723317444324493408e-01 8.243394494056701660e-01
2.733403742313385010e-01 8.186923265457153320e-01
2.743490040302276611e-01 8.219357728958129883e-01
2.753576636314392090e-01 7.967072725296020508e-01
2.763662934303283691e-01 8.013072013854980469e-01
2.773749232292175293e-01 8.180031180381774902e-01
2.783835530281066895e-01 8.282344937324523926e-01
2.793921828269958496e-01 8.104794621467590332e-01
2.804008424282073975e-01 8.218469619750976562e-01
2.814094722270965576e-01 8.096678256988525391e-01
2.824181020259857178e-01 8.146412372589111328e-01
2.834267318248748779e-01 8.090476989746093750e-01
2.844353616237640381e-01 8.150960206985473633e-01
2.854440212249755859e-01 8.134319186210632324e-01
2.864526510238647461e-01 8.044946789741516113e-01
2.874612808227539062e-01 8.136473298072814941e-01
2.884699106216430664e-01 8.213948607444763184e-01
2.894785702228546143e-01 8.181254863739013672e-01
2.904872000217437744e-01 8.099024295806884766e-01
2.914958298206329346e-01 8.206117749214172363e-01
2.925044596195220947e-01 8.407523632049560547e-01
2.935130894184112549e-01 8.120307922363281250e-01
2.945217490196228027e-01 7.798166871070861816e-01
2.955303788185119629e-01 7.954129576683044434e-01
2.965390086174011230e-01 8.085751533508300781e-01
2.975476384162902832e-01 8.331605792045593262e-01
2.985562682151794434e-01 7.992981672286987305e-01
2.995649278163909912e-01 8.100187778472900391e-01
3.005735576152801514e-01 8.273015022277832031e-01
3.015821874141693115e-01 8.318626284599304199e-01
3.025908172130584717e-01 8.131278753280639648e-01
3.035994470119476318e-01 8.178433179855346680e-01
3.046081066131591797e-01 7.968475818634033203e-01
3.056167364120483398e-01 8.133252263069152832e-01
3.066253662109375000e-01 8.126047849655151367e-01
3.076339960098266602e-01 8.180104494094848633e-01
3.086426556110382080e-01 7.993959188461303711e-01
3.096512854099273682e-01 7.904529571533203125e-01
3.106599152088165283e-01 8.121513724327087402e-01
3.116685450077056885e-01 7.937781214714050293e-01
3.126771748065948486e-01 8.141165375709533691e-01
3.136858344078063965e-01 8.112840652465820312e-01
3.146944642066955566e-01 8.060528039932250977e-01
3.157030940055847168e-01 8.002539873123168945e-01
3.167117238044738770e-01 8.004836440086364746e-01
3.177203536033630371e-01 8.047912120819091797e-01
3.187290132045745850e-01 7.857575416564941406e-01
3.197376430034637451e-01 7.955283522605895996e-01
3.207462728023529053e-01 8.064866662025451660e-01
3.217549026012420654e-01 8.097950220108032227e-01
3.227635622024536133e-01 7.881810069084167480e-01
3.237721920013427734e-01 8.014109134674072266e-01
3.247808218002319336e-01 8.029517531394958496e-01
3.257894515991210938e-01 8.093201518058776855e-01
3.267980813980102539e-01 8.074622154235839844e-01
3.278067409992218018e-01 7.799927592277526855e-01
3.288153707981109619e-01 7.971827983856201172e-01
3.298240005970001221e-01 7.986858487129211426e-01
3.308326303958892822e-01 7.987657189369201660e-01
3.318412601947784424e-01 7.861676216125488281e-01
3.328499197959899902e-01 7.862617969512939453e-01
3.338585495948791504e-01 7.973599433898925781e-01
3.348671793937683105e-01 7.944273948669433594e-01
3.358758091926574707e-01 8.001424074172973633e-01
3.368844389915466309e-01 7.968567609786987305e-01
3.378930985927581787e-01 8.022723197937011719e-01
3.389017283916473389e-01 8.005797863006591797e-01
3.399103581905364990e-01 8.173158764839172363e-01
3.409189879894256592e-01 7.975988984107971191e-01
3.419276475906372070e-01 8.165810108184814453e-01
3.429362773895263672e-01 7.861241102218627930e-01
3.439449071884155273e-01 7.890133857727050781e-01
3.449535369873046875e-01 7.794908881187438965e-01
3.459621667861938477e-01 7.777522802352905273e-01
3.469708263874053955e-01 7.829557657241821289e-01
3.479794561862945557e-01 7.857207059860229492e-01
3.489880859851837158e-01 7.879669070243835449e-01
3.499967157840728760e-01 7.690244913101196289e-01
3.510053455829620361e-01 7.935544252395629883e-01
3.520140051841735840e-01 7.946354746818542480e-01
3.530226349830627441e-01 7.916564345359802246e-01
3.540312647819519043e-01 7.972404956817626953e-01
3.550398945808410645e-01 8.082314729690551758e-01
3.560485243797302246e-01 7.945910096168518066e-01
3.570571839809417725e-01 7.871678471565246582e-01
3.580658137798309326e-01 7.753177285194396973e-01
3.590744435787200928e-01 7.877392768859863281e-01
3.600830733776092529e-01 7.918716669082641602e-01
3.610917329788208008e-01 7.918481826782226562e-01
3.621003627777099609e-01 7.854651212692260742e-01
3.631089925765991211e-01 7.837865352630615234e-01
3.641176223754882812e-01 7.971630096435546875e-01
3.651262521743774414e-01 7.783413529396057129e-01
3.661349117755889893e-01 7.954596877098083496e-01
3.671435415744781494e-01 7.974762916564941406e-01
3.681521713733673096e-01 8.062113523483276367e-01
3.691608011722564697e-01 8.007216453552246094e-01
3.701694309711456299e-01 7.702598571777343750e-01
3.711780905723571777e-01 7.821114063262939453e-01
3.721867203712463379e-01 7.741982340812683105e-01
3.731953501701354980e-01 7.985714077949523926e-01
3.742039799690246582e-01 7.946612834930419922e-01
3.752126097679138184e-01 7.871501445770263672e-01
3.762212693691253662e-01 7.840445637702941895e-01
3.772298991680145264e-01 7.942756414413452148e-01
3.782385289669036865e-01 7.634158134460449219e-01
3.792471587657928467e-01 7.684275507926940918e-01
3.802558183670043945e-01 7.924410700798034668e-01
3.812644481658935547e-01 7.865011096000671387e-01
3.822730779647827148e-01 7.943221330642700195e-01
3.832817077636718750e-01 7.817160487174987793e-01
3.842903375625610352e-01 7.711949348449707031e-01
3.852989971637725830e-01 7.858517169952392578e-01
3.863076269626617432e-01 7.958627343177795410e-01
3.873162567615509033e-01 7.781531810760498047e-01
3.883248865604400635e-01 7.903301715850830078e-01
3.893335163593292236e-01 7.847195267677307129e-01
3.903421759605407715e-01 7.637864947319030762e-01
3.913508057594299316e-01 7.762650251388549805e-01
3.923594355583190918e-01 7.996248006820678711e-01
3.933680653572082520e-01 7.845199108123779297e-01
3.943766951560974121e-01 7.716445326805114746e-01
3.953853547573089600e-01 7.853084206581115723e-01
3.963939845561981201e-01 7.846157550811767578e-01
3.974026143550872803e-01 7.784414291381835938e-01
3.984112441539764404e-01 7.742514610290527344e-01
3.994199037551879883e-01 7.802107334136962891e-01
4.004285335540771484e-01 7.752214670181274414e-01
4.014371633529663086e-01 7.657054662704467773e-01
4.024457931518554688e-01 7.861548066139221191e-01
4.034544229507446289e-01 7.703813314437866211e-01
4.044630825519561768e-01 7.758221030235290527e-01
4.054717123508453369e-01 7.803225517272949219e-01
4.064803421497344971e-01 7.773473262786865234e-01
4.074889719486236572e-01 7.766812443733215332e-01
4.084976017475128174e-01 7.854143381118774414e-01
4.095062613487243652e-01 7.855547070503234863e-01
4.105148911476135254e-01 7.656148076057434082e-01
4.115235209465026855e-01 7.979187369346618652e-01
4.125321507453918457e-01 7.684696912765502930e-01
4.135407805442810059e-01 7.806463241577148438e-01
4.145494401454925537e-01 7.749786972999572754e-01
4.155580699443817139e-01 7.630378007888793945e-01
4.165666997432708740e-01 7.879301905632019043e-01
4.175753295421600342e-01 7.717361450195312500e-01
4.185839891433715820e-01 7.708977460861206055e-01
4.195926189422607422e-01 7.940992712974548340e-01
4.206012487411499023e-01 7.708578705787658691e-01
4.216098785400390625e-01 7.585887908935546875e-01
4.226185083389282227e-01 7.975339293479919434e-01
4.236271679401397705e-01 7.664920687675476074e-01
4.246357977390289307e-01 7.936691641807556152e-01
4.256444275379180908e-01 7.704698443412780762e-01
4.266530573368072510e-01 7.750697731971740723e-01
4.276616871356964111e-01 7.781462073326110840e-01
4.286703467369079590e-01 7.701832056045532227e-01
4.296789765357971191e-01 7.906708121299743652e-01
4.306876063346862793e-01 7.710979580879211426e-01
4.316962361335754395e-01 7.796474695205688477e-01
4.327048659324645996e-01 7.839242815971374512e-01
4.337135255336761475e-01 7.729578614234924316e-01
4.347221553325653076e-01 7.692632675170898438e-01
4.357307851314544678e-01 7.742961049079895020e-01
4.367394149303436279e-01 7.707301378250122070e-01
4.377480745315551758e-01 7.658241987228393555e-01
4.387567043304443359e-01 7.783619761466979980e-01
4.397653341293334961e-01 7.672166824340820312e-01
4.407739639282226562e-01 7.603579163551330566e-01
4.417825937271118164e-01 7.695398926734924316e-01
4.427912533283233643e-01 7.807807922363281250e-01
4.437998831272125244e-01 7.782734036445617676e-01
4.448085129261016846e-01 7.756749391555786133e-01
4.458171427249908447e-01 7.736780643463134766e-01
4.468257725238800049e-01 7.685554027557373047e-01
4.478344321250915527e-01 7.751683592796325684e-01
4.488430619239807129e-01 7.747433781623840332e-01
4.498516917228698730e-01 7.730901837348937988e-01
4.508603215217590332e-01 7.520909905433654785e-01
4.518689513206481934e-01 7.695358991622924805e-01
4.528776109218597412e-01 7.788822054862976074e-01
4.538862407207489014e-01 7.747769951820373535e-01
4.548948705196380615e-01 7.751268744468688965e-01
4.559035003185272217e-01 7.757713198661804199e-01
4.569121599197387695e-01 7.786771059036254883e-01
4.579207897186279297e-01 7.707846760749816895e-01
4.589294195175170898e-01 7.739869952201843262e-01
4.599380493164062500e-01 7.578666806221008301e-01
4.609466791152954102e-01 7.883981466293334961e-01
4.619553387165069580e-01 7.784339189529418945e-01
4.629639685153961182e-01 7.623290419578552246e-01
4.639725983142852783e-01 7.493678927421569824e-01
4.649812281131744385e-01 7.720325589179992676e-01
4.659898579120635986e-01 7.693587541580200195e-01
4.669985175132751465e-01 7.577741742134094238e-01
4.680071473121643066e-01 7.603567838668823242e-01
4.690157771110534668e-01 7.712743878364562988e-01
4.700244069099426270e-01 7.688925266265869141e-01
4.710330665111541748e-01 7.651566863059997559e-01
4.720416963100433350e-01 7.665550708770751953e-01
4.730503261089324951e-01 7.737060189247131348e-01
4.740589559078216553e-01 7.802354097366333008e-01
4.750675857067108154e-01 7.735976576805114746e-01
4.760762453079223633e-01 7.791755199432373047e-01
4.770848751068115234e-01 7.862459421157836914e-01
4.780935049057006836e-01 7.738617658615112305e-01
4.791021347045898438e-01 7.634159326553344727e-01
4.801107645034790039e-01 7.632394433021545410e-01
4.811194241046905518e-01 7.549647688865661621e-01
4.821280539035797119e-01 7.645679712295532227e-01
4.831366837024688721e-01 7.720709443092346191e-01
4.841453135013580322e-01 7.611466646194458008e-01
4.851539433002471924e-01 7.571063041687011719e-01
4.861626029014587402e-01 7.704648375511169434e-01
4.871712327003479004e-01 7.765219807624816895e-01
4.881798624992370605e-01 7.813611626625061035e-01
4.891884922981262207e-01 7.678840160369873047e-01
4.901971518993377686e-01 7.754178643226623535e-01
4.912057816982269287e-01 7.834556102752685547e-01
4.922144114971160889e-01 7.711544632911682129e-01
4.932230412960052490e-01 7.567907571792602539e-01
4.942316710948944092e-01 7.621513009071350098e-01
4.952403306961059570e-01 7.638399600982666016e-01
4.962489604949951172e-01 7.636314034461975098e-01
4.972575902938842773e-01 7.750943899154663086e-01
4.982662200927734375e-01 7.632492780685424805e-01
4.992748498916625977e-01 7.677241563796997070e-01
5.002834796905517578e-01 7.665644288063049316e-01
5.012921094894409180e-01 7.652827501296997070e-01
5.023007988929748535e-01 7.598686218261718750e-01
5.033094286918640137e-01 7.642487883567810059e-01
5.043180584907531738e-01 7.942925095558166504e-01
5.053266882896423340e-01 8.106231689453125000e-01
5.063353180885314941e-01 7.751296758651733398e-01
5.073439478874206543e-01 7.652541399002075195e-01
5.083525776863098145e-01 7.736617922782897949e-01
5.093612074851989746e-01 7.800531387329101562e-01
5.103698372840881348e-01 7.555676698684692383e-01
5.113784670829772949e-01 7.612651586532592773e-01
5.123871564865112305e-01 7.776772975921630859e-01
5.133957862854003906e-01 7.676718235015869141e-01
5.144044160842895508e-01 7.627621889114379883e-01
5.154130458831787109e-01 7.647799849510192871e-01
5.164216756820678711e-01 7.526084184646606445e-01
5.174303054809570312e-01 7.520927190780639648e-01
5.184389352798461914e-01 7.597720623016357422e-01
5.194475650787353516e-01 7.606485486030578613e-01
5.204561948776245117e-01 7.580611705780029297e-01
5.214648842811584473e-01 7.637574672698974609e-01
5.224735140800476074e-01 7.581747770309448242e-01
5.234821438789367676e-01 7.577437162399291992e-01
5.244907736778259277e-01 7.548122406005859375e-01
5.254994034767150879e-01 7.643048167228698730e-01
5.265080332756042480e-01 7.640148997306823730e-01
5.275166630744934082e-01 7.727996706962585449e-01
5.285252928733825684e-01 7.706011533737182617e-01
5.295339226722717285e-01 7.580087780952453613e-01
5.305425524711608887e-01 7.645665407180786133e-01
5.315512418746948242e-01 7.829002737998962402e-01
5.325598716735839844e-01 7.919113039970397949e-01
5.335685014724731445e-01 7.762923240661621094e-01
5.345771312713623047e-01 7.829498648643493652e-01
5.355857610702514648e-01 7.671941518783569336e-01
5.365943908691406250e-01 7.723794579505920410e-01
5.376030206680297852e-01 7.659327983856201172e-01
5.386116504669189453e-01 7.707505226135253906e-01
5.396202802658081055e-01 7.685949802398681641e-01
5.406289696693420410e-01 7.763167023658752441e-01
5.416375994682312012e-01 7.818655371665954590e-01
5.426462292671203613e-01 7.762224674224853516e-01
5.436548590660095215e-01 7.733432054519653320e-01
5.446634888648986816e-01 7.743679881095886230e-01
5.456721186637878418e-01 7.673975825309753418e-01
5.466807484626770020e-01 7.803957462310791016e-01
5.476893782615661621e-01 7.879233360290527344e-01
5.486980080604553223e-01 7.913300991058349609e-01
5.497066378593444824e-01 7.930850982666015625e-01
5.507153272628784180e-01 7.748925089836120605e-01
5.517239570617675781e-01 7.856520414352416992e-01
5.527325868606567383e-01 7.901851534843444824e-01
5.537412166595458984e-01 7.805277705192565918e-01
5.547498464584350586e-01 7.693741917610168457e-01
5.557584762573242188e-01 7.867022752761840820e-01
5.567671060562133789e-01 7.812410593032836914e-01
5.577757358551025391e-01 7.812454700469970703e-01
5.587843656539916992e-01 7.808622121810913086e-01
5.597930550575256348e-01 7.981000542640686035e-01
5.608016848564147949e-01 7.612170577049255371e-01
5.618103146553039551e-01 7.873929738998413086e-01
5.628189444541931152e-01 7.870435714721679688e-01
5.638275742530822754e-01 7.783136367797851562e-01
5.648362040519714355e-01 7.561888098716735840e-01
5.658448338508605957e-01 7.766088247299194336e-01
5.668534636497497559e-01 7.801912426948547363e-01
5.678620934486389160e-01 7.762401103973388672e-01
5.688707232475280762e-01 7.769517302513122559e-01
5.698794126510620117e-01 7.799505591392517090e-01
5.708880424499511719e-01 7.704857587814331055e-01
5.718966722488403320e-01 7.892085909843444824e-01
5.729053020477294922e-01 7.746917009353637695e-01
5.739139318466186523e-01 7.724992036819458008e-01
5.749225616455078125e-01 7.839381694793701172e-01
5.759311914443969727e-01 7.690442800521850586e-01
5.769398212432861328e-01 7.711675763130187988e-01
5.779484510421752930e-01 7.708709836006164551e-01
5.789571404457092285e-01 7.522556185722351074e-01
5.799657702445983887e-01 7.671620249748229980e-01
5.809744000434875488e-01 7.702397108078002930e-01
5.819830298423767090e-01 7.771950960159301758e-01
5.829916596412658691e-01 7.909259200096130371e-01
5.840002894401550293e-01 7.823681235313415527e-01
5.850089192390441895e-01 7.816849946975708008e-01
5.860175490379333496e-01 7.971816658973693848e-01
5.870261788368225098e-01 7.863632440567016602e-01
5.880348086357116699e-01 7.908257246017456055e-01
5.890434980392456055e-01 7.777450680732727051e-01
5.900521278381347656e-01 7.781075239181518555e-01
5.910607576370239258e-01 7.539646029472351074e-01
5.920693874359130859e-01 7.686359882354736328e-01
5.930780172348022461e-01 7.831709384918212891e-01
5.940866470336914062e-01 7.805095314979553223e-01
5.950952768325805664e-01 7.635962367057800293e-01
5.961039066314697266e-01 7.707539796829223633e-01
5.971125364303588867e-01 7.971078157424926758e-01
5.981212258338928223e-01 7.828562259674072266e-01
5.991298556327819824e-01 7.959247231483459473e-01
6.001384854316711426e-01 7.756199836730957031e-01
6.011471152305603027e-01 7.793573737144470215e-01
6.021557450294494629e-01 7.775352001190185547e-01
6.031643748283386230e-01 7.708469033241271973e-01
6.041730046272277832e-01 7.638405561447143555e-01
6.051816344261169434e-01 7.846256494522094727e-01
6.061902642250061035e-01 7.858343124389648438e-01
6.071988940238952637e-01 7.795559763908386230e-01
6.082075834274291992e-01 7.686722874641418457e-01
6.092162132263183594e-01 7.969429492950439453e-01
6.102248430252075195e-01 7.728492021560668945e-01
6.112334728240966797e-01 7.933108806610107422e-01
6.122421026229858398e-01 8.058466315269470215e-01
6.132507324218750000e-01 7.923666238784790039e-01
6.142593622207641602e-01 7.885110378265380859e-01
6.152679920196533203e-01 7.811231613159179688e-01
6.162766218185424805e-01 7.862533926963806152e-01
6.172853112220764160e-01 7.625846862792968750e-01
6.182939410209655762e-01 7.773927450180053711e-01
6.193025708198547363e-01 7.760704755783081055e-01
6.203112006187438965e-01 7.860605716705322266e-01
6.213198304176330566e-01 7.786841392517089844e-01
6.223284602165222168e-01 7.936872839927673340e-01
6.233370900154113770e-01 7.830235958099365234e-01
6.243457198143005371e-01 7.935394644737243652e-01
6.253543496131896973e-01 7.829025983810424805e-01
6.263629794120788574e-01 7.811489701271057129e-01
6.273716688156127930e-01 7.803993821144104004e-01
6.283802986145019531e-01 7.700996994972229004e-01
6.293889284133911133e-01 7.957132458686828613e-01
6.303975582122802734e-01 7.669970989227294922e-01
6.314061880111694336e-01 7.720063328742980957e-01
6.324148178100585938e-01 7.729663848876953125e-01
6.334234476089477539e-01 7.876479029655456543e-01
6.344320774078369141e-01 7.829125523567199707e-01
6.354407072067260742e-01 7.998325228691101074e-01
6.364493966102600098e-01 7.784959673881530762e-01
6.374580264091491699e-01 7.916906476020812988e-01
6.384666562080383301e-01 7.834674715995788574e-01
6.394752860069274902e-01 7.759135961532592773e-01
6.404839158058166504e-01 7.910762429237365723e-01
6.414925456047058105e-01 7.810063362121582031e-01
6.425011754035949707e-01 7.839145660400390625e-01
6.435098052024841309e-01 7.770162820816040039e-01
6.445184350013732910e-01 7.586627006530761719e-01
6.455271244049072266e-01 7.745963931083679199e-01
6.465357542037963867e-01 7.765693068504333496e-01
6.475443840026855469e-01 7.794518470764160156e-01
6.485530138015747070e-01 7.913624048233032227e-01
6.495616436004638672e-01 7.836997509002685547e-01
6.505702733993530273e-01 7.904099822044372559e-01
6.515789031982421875e-01 7.827852368354797363e-01
6.525875329971313477e-01 8.029950857162475586e-01
6.535961627960205078e-01 7.809006571769714355e-01
6.546047925949096680e-01 7.750189900398254395e-01
6.556134819984436035e-01 7.821005582809448242e-01
6.566221117973327637e-01 7.820333838462829590e-01
6.576307415962219238e-01 7.750727534294128418e-01
6.586393713951110840e-01 7.884051799774169922e-01
6.596480011940002441e-01 7.981280088424682617e-01
6.606566309928894043e-01 7.977435588836669922e-01
6.616652607917785645e-01 8.043626546859741211e-01
6.626738905906677246e-01 7.891456484794616699e-01
6.636825203895568848e-01 7.917154431343078613e-01
6.646912097930908203e-01 7.756525874137878418e-01
6.656998395919799805e-01 7.945143580436706543e-01
6.667084693908691406e-01 7.816696763038635254e-01
6.677170991897583008e-01 7.878529429435729980e-01
6.687257289886474609e-01 7.868703603744506836e-01
6.697343587875366211e-01 8.025345206260681152e-01
6.707429885864257812e-01 8.008149862289428711e-01
6.717516183853149414e-01 7.699311375617980957e-01
6.727602481842041016e-01 7.848156094551086426e-01
6.737688779830932617e-01 7.901654243469238281e-01
6.747775673866271973e-01 7.795808911323547363e-01
6.757861971855163574e-01 8.024867773056030273e-01
6.767948269844055176e-01 7.968787550926208496e-01
6.778034567832946777e-01 8.051312565803527832e-01
6.788120865821838379e-01 8.075750470161437988e-01
6.798207163810729980e-01 7.965405583381652832e-01
6.808293461799621582e-01 8.070331215858459473e-01
6.818379759788513184e-01 7.889830470085144043e-01
6.828466057777404785e-01 7.875158786773681641e-01
6.838552951812744141e-01 7.854504585266113281e-01
6.848639249801635742e-01 7.796625494956970215e-01
6.858725547790527344e-01 7.852473855018615723e-01
6.868811845779418945e-01 8.066914677619934082e-01
6.878898143768310547e-01 7.867053151130676270e-01
6.888984441757202148e-01 8.042708039283752441e-01
6.899070739746093750e-01 7.879868745803833008e-01
6.909157037734985352e-01 7.799915671348571777e-01
6.919243335723876953e-01 7.839196324348449707e-01
6.929329633712768555e-01 7.982836365699768066e-01
6.939416527748107910e-01 8.117715716361999512e-01
6.949502825736999512e-01 7.900469899177551270e-01
6.959589123725891113e-01 7.940171957015991211e-01
6.969675421714782715e-01 7.797651290893554688e-01
6.979761719703674316e-01 7.697675824165344238e-01
6.989848017692565918e-01 7.767980694770812988e-01
6.999934315681457520e-01 7.791173458099365234e-01
7.010020613670349121e-01 7.863469123840332031e-01
7.020106911659240723e-01 7.824150323867797852e-01
7.030193805694580078e-01 8.014644384384155273e-01
7.040280103683471680e-01 8.028593659400939941e-01
7.050366401672363281e-01 7.805401086807250977e-01
7.060452699661254883e-01 7.857302427291870117e-01
7.070538997650146484e-01 8.041102886199951172e-01
7.080625295639038086e-01 7.729008793830871582e-01
7.090711593627929688e-01 7.787326574325561523e-01
7.100797891616821289e-01 7.969282865524291992e-01
7.110884189605712891e-01 8.053705692291259766e-01
7.120970487594604492e-01 7.914723157882690430e-01
7.131057381629943848e-01 8.037026524543762207e-01
7.141143679618835449e-01 7.860959768295288086e-01
7.151229977607727051e-01 7.970549464225769043e-01
7.161316275596618652e-01 7.804296612739562988e-01
7.171402573585510254e-01 7.817131876945495605e-01
7.181488871574401855e-01 7.891356348991394043e-01
7.191575169563293457e-01 8.055250644683837891e-01
7.201661467552185059e-01 8.049179911613464355e-01
7.211747765541076660e-01 7.830420136451721191e-01
7.221834659576416016e-01 7.869263887405395508e-01
7.231920957565307617e-01 7.865684032440185547e-01
7.242007255554199219e-01 7.855509519577026367e-01
7.252093553543090820e-01 7.957848310470581055e-01
7.262179851531982422e-01 7.979367971420288086e-01
7.272266149520874023e-01 7.929365038871765137e-01
7.282352447509765625e-01 7.868659496307373047e-01
7.292438745498657227e-01 7.884888052940368652e-01
7.302525043487548828e-01 7.918405532836914062e-01
7.312611341476440430e-01 8.094983696937561035e-01
7.322698235511779785e-01 8.016344308853149414e-01
7.332784533500671387e-01 7.835373282432556152e-01
7.342870831489562988e-01 8.073005080223083496e-01
7.352957129478454590e-01 7.924687862396240234e-01
7.363043427467346191e-01 7.846601605415344238e-01
7.373129725456237793e-01 7.967842817306518555e-01
7.383216023445129395e-01 7.869242429733276367e-01
7.393302321434020996e-01 7.700573801994323730e-01
7.403388619422912598e-01 7.848842740058898926e-01
7.413475513458251953e-01 7.871652841567993164e-01
7.423561811447143555e-01 8.003271222114562988e-01
7.433648109436035156e-01 7.755109071731567383e-01
7.443734407424926758e-01 7.928121685981750488e-01
7.453820705413818359e-01 7.992140054702758789e-01
7.463907003402709961e-01 8.238536715507507324e-01
7.473993301391601562e-01 7.858650088310241699e-01
7.484079599380493164e-01 7.810281515121459961e-01
7.494165897369384766e-01 7.876840829849243164e-01
7.504252195358276367e-01 7.922169566154479980e-01
7.514339089393615723e-01 7.903684973716735840e-01
7.524425387382507324e-01 8.014605045318603516e-01
7.534511685371398926e-01 8.056049942970275879e-01
7.544597983360290527e-01 7.944250106811523438e-01
7.554684281349182129e-01 8.000184893608093262e-01
7.564770579338073730e-01 8.098007440567016602e-01
7.574856877326965332e-01 7.878245115280151367e-01
7.584943175315856934e-01 7.928893566131591797e-01
7.595029473304748535e-01 7.733924984931945801e-01
7.605116367340087891e-01 7.761100530624389648e-01
7.615202665328979492e-01 7.910474538803100586e-01
7.625288963317871094e-01 8.024855852127075195e-01
7.635375261306762695e-01 7.942337989807128906e-01
7.645461559295654297e-01 7.936993241310119629e-01
7.655547857284545898e-01 7.961318492889404297e-01
7.665634155273437500e-01 8.196994066238403320e-01
7.675720453262329102e-01 7.922074198722839355e-01
7.685806751251220703e-01 7.944384217262268066e-01
7.695893049240112305e-01 7.674781680107116699e-01
7.705979943275451660e-01 7.822718024253845215e-01
7.716066241264343262e-01 8.129700422286987305e-01
7.726152539253234863e-01 8.025964498519897461e-01
7.736238837242126465e-01 7.964642643928527832e-01
7.746325135231018066e-01 7.779887914657592773e-01
7.756411433219909668e-01 7.769017815589904785e-01
7.766497731208801270e-01 7.901243567466735840e-01
7.776584029197692871e-01 7.864929437637329102e-01
7.786670327186584473e-01 7.897260189056396484e-01
7.796757221221923828e-01 7.980443239212036133e-01
7.806843519210815430e-01 7.928963899612426758e-01
7.816929817199707031e-01 7.894359827041625977e-01
7.827016115188598633e-01 7.733554840087890625e-01
7.837102413177490234e-01 8.165364265441894531e-01
7.847188711166381836e-01 8.058885931968688965e-01
7.857275009155273438e-01 7.930257916450500488e-01
7.867361307144165039e-01 7.828620076179504395e-01
7.877447605133056641e-01 7.952397465705871582e-01
7.887533903121948242e-01 7.784032821655273438e-01
7.897620797157287598e-01 7.806312441825866699e-01
7.907707095146179199e-01 7.861568331718444824e-01
7.917793393135070801e-01 7.796413898468017578e-01
7.927879691123962402e-01 7.905028462409973145e-01
7.937965989112854004e-01 7.900618910789489746e-01
7.948052287101745605e-01 7.927113771438598633e-01
7.958138585090637207e-01 7.720595002174377441e-01
7.968224883079528809e-01 7.755435109138488770e-01
7.978311181068420410e-01 8.023290038108825684e-01
7.988398075103759766e-01 7.940928936004638672e-01
7.998484373092651367e-01 7.915956377983093262e-01
8.008570671081542969e-01 8.034830689430236816e-01
8.018656969070434570e-01 8.028998374938964844e-01
8.028743267059326172e-01 7.887083888053894043e-01
8.038829565048217773e-01 7.890257239341735840e-01
8.048915863037109375e-01 7.845630049705505371e-01
8.059002161026000977e-01 7.963691353797912598e-01
8.069088459014892578e-01 7.956885099411010742e-01
8.079174757003784180e-01 8.087792992591857910e-01
8.089261651039123535e-01 7.906599044799804688e-01
8.099347949028015137e-01 7.972408533096313477e-01
8.109434247016906738e-01 7.950645685195922852e-01
8.119520545005798340e-01 7.901524901390075684e-01
8.129606842994689941e-01 7.864040732383728027e-01
8.139693140983581543e-01 7.850371003150939941e-01
8.149779438972473145e-01 7.933731079101562500e-01
8.159865736961364746e-01 7.779508233070373535e-01
8.169952034950256348e-01 7.812930941581726074e-01
8.180038928985595703e-01 8.036501407623291016e-01
8.190125226974487305e-01 7.771029472351074219e-01
8.200211524963378906e-01 7.920384407043457031e-01
8.210297822952270508e-01 7.902131676673889160e-01
8.220384120941162109e-01 7.840479016304016113e-01
8.230470418930053711e-01 7.816844582557678223e-01
8.240556716918945312e-01 8.129694461822509766e-01
8.250643014907836914e-01 7.893357276916503906e-01
8.260729312896728516e-01 7.805476784706115723e-01
8.270815610885620117e-01 8.049867749214172363e-01
8.280902504920959473e-01 7.973698973655700684e-01
8.290988802909851074e-01 8.156464099884033203e-01
8.301075100898742676e-01 8.039138913154602051e-01
8.311161398887634277e-01 8.124514818191528320e-01
8.321247696876525879e-01 7.901279926300048828e-01
8.331333994865417480e-01 7.843274474143981934e-01
8.341420292854309082e-01 7.854037284851074219e-01
8.351506590843200684e-01 7.905625104904174805e-01
8.361592888832092285e-01 8.033028244972229004e-01
8.371679782867431641e-01 7.835723757743835449e-01
8.381766080856323242e-01 7.828310728073120117e-01
8.391852378845214844e-01 7.912313342094421387e-01
8.401938676834106445e-01 7.939131259918212891e-01
8.412024974822998047e-01 8.036381006240844727e-01
8.422111272811889648e-01 8.046310544013977051e-01
8.432197570800781250e-01 7.894094586372375488e-01
8.442283868789672852e-01 8.167945742607116699e-01
8.452370166778564453e-01 8.159204721450805664e-01
8.462456464767456055e-01 8.159781098365783691e-01
8.472543358802795410e-01 7.873616814613342285e-01
8.482629656791687012e-01 8.051111698150634766e-01
8.492715954780578613e-01 8.032239079475402832e-01
8.502802252769470215e-01 8.002236485481262207e-01
8.512888550758361816e-01 7.908665537834167480e-01
8.522974848747253418e-01 8.072786927223205566e-01
8.533061146736145020e-01 8.152692914009094238e-01
8.543147444725036621e-01 7.898775339126586914e-01
8.553233742713928223e-01 8.131197690963745117e-01
8.563320636749267578e-01 8.234853744506835938e-01
8.573406934738159180e-01 8.129973411560058594e-01
8.583493232727050781e-01 8.099743127822875977e-01
8.593579530715942383e-01 8.028593659400939941e-01
8.603665828704833984e-01 8.069266080856323242e-01
8.613752126693725586e-01 7.805430293083190918e-01
8.623838424682617188e-01 8.375950455665588379e-01
8.633924722671508789e-01 9.181600809097290039e-01
8.644011020660400391e-01 8.085771203041076660e-01
8.654097318649291992e-01 8.239502906799316406e-01
8.664184212684631348e-01 8.080564141273498535e-01
8.674270510673522949e-01 8.411098122596740723e-01
8.684356808662414551e-01 8.126313686370849609e-01
8.694443106651306152e-01 8.333271741867065430e-01
8.704529404640197754e-01 8.022884726524353027e-01
8.714615702629089355e-01 7.950286269187927246e-01
8.724702000617980957e-01 8.090893626213073730e-01
8.734788298606872559e-01 7.924730181694030762e-01
8.744874596595764160e-01 8.062930107116699219e-01
8.754961490631103516e-01 7.867639660835266113e-01
8.765047788619995117e-01 7.738082408905029297e-01
8.775134086608886719e-01 8.189301490783691406e-01
8.785220384597778320e-01 8.052817583084106445e-01
8.795306682586669922e-01 8.044051527976989746e-01
8.805392980575561523e-01 7.918280363082885742e-01
8.815479278564453125e-01 7.720786333084106445e-01
8.825565576553344727e-01 7.550970315933227539e-01
8.835651874542236328e-01 7.914378046989440918e-01
8.845738172531127930e-01 7.705232501029968262e-01
8.855825066566467285e-01 7.599748969078063965e-01
8.865911364555358887e-01 7.643586993217468262e-01
8.875997662544250488e-01 7.874630689620971680e-01
8.886083960533142090e-01 7.690164446830749512e-01
8.896170258522033691e-01 7.918084263801574707e-01
8.906256556510925293e-01 7.706443667411804199e-01
8.916342854499816895e-01 7.717633843421936035e-01
8.926429152488708496e-01 7.826653122901916504e-01
8.936515450477600098e-01 7.878040075302124023e-01
8.946602344512939453e-01 7.912826538085937500e-01
8.956688642501831055e-01 7.994641661643981934e-01
8.966774940490722656e-01 7.863571047782897949e-01
8.976861238479614258e-01 7.645661234855651855e-01
8.986947536468505859e-01 7.913939356803894043e-01
8.997033834457397461e-01 7.880957126617431641e-01
9.007120132446289062e-01 7.500843405723571777e-01
9.017206430435180664e-01 7.653606534004211426e-01
9.027292728424072266e-01 7.662178874015808105e-01
9.037379026412963867e-01 7.820192575454711914e-01
9.047465920448303223e-01 7.702204585075378418e-01
9.057552218437194824e-01 7.681767344474792480e-01
9.067638516426086426e-01 7.600104808807373047e-01
9.077724814414978027e-01 7.694426774978637695e-01
9.087811112403869629e-01 7.683672308921813965e-01
9.097897410392761230e-01 8.105660080909729004e-01
9.107983708381652832e-01 8.146948814392089844e-01
9.118070006370544434e-01 7.846675515174865723e-01
9.128156304359436035e-01 7.845754623413085938e-01
9.138243198394775391e-01 7.709774374961853027e-01
9.148329496383666992e-01 7.684680223464965820e-01
9.158415794372558594e-01 7.637220025062561035e-01
9.168502092361450195e-01 7.687614560127258301e-01
9.178588390350341797e-01 7.868410944938659668e-01
9.188674688339233398e-01 7.990873456001281738e-01
9.198760986328125000e-01 7.674773931503295898e-01
9.208847284317016602e-01 7.889978885650634766e-01
9.218933582305908203e-01 7.846103310585021973e-01
9.229020476341247559e-01 7.653084397315979004e-01
9.239106774330139160e-01 7.538434267044067383e-01
9.249193072319030762e-01 7.741407155990600586e-01
9.259279370307922363e-01 7.652571201324462891e-01
9.269365668296813965e-01 7.510747313499450684e-01
9.279451966285705566e-01 7.864305377006530762e-01
9.289538264274597168e-01 7.825575470924377441e-01
9.299624562263488770e-01 7.842781543731689453e-01
9.309710860252380371e-01 7.596382498741149902e-01
9.319797158241271973e-01 8.021301627159118652e-01
9.329884052276611328e-01 7.758947610855102539e-01
9.339970350265502930e-01 7.949835062026977539e-01
9.350056648254394531e-01 7.579321265220642090e-01
9.360142946243286133e-01 7.573103904724121094e-01
9.370229244232177734e-01 7.427039146423339844e-01
9.380315542221069336e-01 7.434917092323303223e-01
9.390401840209960938e-01 7.542592287063598633e-01
9.400488138198852539e-01 7.531070113182067871e-01
9.410574436187744141e-01 7.902234196662902832e-01
9.420661330223083496e-01 7.692772746086120605e-01
9.430747628211975098e-01 7.675638794898986816e-01
9.440833926200866699e-01 7.599177956581115723e-01
9.450920224189758301e-01 7.850401997566223145e-01
9.461006522178649902e-01 7.989507913589477539e-01
9.471092820167541504e-01 7.783079743385314941e-01
9.481179118156433105e-01 7.912168502807617188e-01
9.491265416145324707e-01 7.778357267379760742e-01
9.501351714134216309e-01 7.294955849647521973e-01
9.511438012123107910e-01 7.731444835662841797e-01
9.521524906158447266e-01 7.477542161941528320e-01
9.531611204147338867e-01 7.640549540519714355e-01
9.541697502136230469e-01 7.906605601310729980e-01
9.551783800125122070e-01 7.771955132484436035e-01
9.561870098114013672e-01 7.773770689964294434e-01
9.571956396102905273e-01 7.427379488945007324e-01
9.582042694091796875e-01 7.522212266921997070e-01
9.592128992080688477e-01 7.700920701026916504e-01
9.602215290069580078e-01 7.541177868843078613e-01
9.612302184104919434e-01 7.740190625190734863e-01
9.622388482093811035e-01 7.517282366752624512e-01
9.632474780082702637e-01 7.623742818832397461e-01
9.642561078071594238e-01 7.860238552093505859e-01
9.652647376060485840e-01 7.918748855590820312e-01
9.662733674049377441e-01 7.649403214454650879e-01
9.672819972038269043e-01 7.771658897399902344e-01
9.682906270027160645e-01 7.611580491065979004e-01
9.692992568016052246e-01 7.694360613822937012e-01
9.703078866004943848e-01 7.937282323837280273e-01
9.713165760040283203e-01 7.541365027427673340e-01
9.723252058029174805e-01 7.588382959365844727e-01
9.733338356018066406e-01 7.417834401130676270e-01
9.743424654006958008e-01 7.318864464759826660e-01
9.753510951995849609e-01 7.783157825469970703e-01
9.763597249984741211e-01 7.629153132438659668e-01
9.773683547973632812e-01 7.459329962730407715e-01
9.783769845962524414e-01 7.600198388099670410e-01
9.793856143951416016e-01 7.726199030876159668e-01
9.803943037986755371e-01 7.571729421615600586e-01
9.814029335975646973e-01 7.691876292228698730e-01
9.824115633964538574e-01 7.632418274879455566e-01
9.834201931953430176e-01 7.683491110801696777e-01
9.844288229942321777e-01 7.637427449226379395e-01
9.854374527931213379e-01 7.331374883651733398e-01
9.864460825920104980e-01 7.499724030494689941e-01
9.874547123908996582e-01 7.616950869560241699e-01
9.884633421897888184e-01 7.564606070518493652e-01
9.894719719886779785e-01 7.553857564926147461e-01
9.904806613922119141e-01 7.829814553260803223e-01
9.914892911911010742e-01 7.649207711219787598e-01
9.924979209899902344e-01 7.428603172302246094e-01
9.935065507888793945e-01 7.593438029289245605e-01
9.945151805877685547e-01 7.675210237503051758e-01
9.955238103866577148e-01 7.836998701095581055e-01
9.965324401855468750e-01 7.659901380538940430e-01
9.975410699844360352e-01 7.471702694892883301e-01
9.985496997833251953e-01 7.387034893035888672e-01
9.995583891868591309e-01 8.038468360900878906e-01
1.000566959381103516e+00 7.475075721740722656e-01
1.001575589179992676e+00 7.599614262580871582e-01
1.002584218978881836e+00 7.438719868659973145e-01
1.003592848777770996e+00 7.592434287071228027e-01
1.004601597785949707e+00 7.045238614082336426e-01
1.005610227584838867e+00 7.401842474937438965e-01
1.006618857383728027e+00 7.239901423454284668e-01
1.007627487182617188e+00 7.417696714401245117e-01
1.008636116981506348e+00 7.249456644058227539e-01
1.009644746780395508e+00 7.386810183525085449e-01
1.010653376579284668e+00 7.831352353096008301e-01
1.011662006378173828e+00 7.628263235092163086e-01
1.012670636177062988e+00 7.471408843994140625e-01
1.013679265975952148e+00 7.329884767532348633e-01
1.014687895774841309e+00 7.519949674606323242e-01
1.015696525573730469e+00 7.131805419921875000e-01
1.016705155372619629e+00 7.610413432121276855e-01
1.017713785171508789e+00 7.661449313163757324e-01
1.018722414970397949e+00 7.259446978569030762e-01
1.019731044769287109e+00 7.638391852378845215e-01
1.020739674568176270e+00 7.394522428512573242e-01
1.021748304367065430e+00 7.373954653739929199e-01
1.022756934165954590e+00 7.448219656944274902e-01
1.023765683174133301e+00 7.374227046966552734e-01
1.024774312973022461e+00 7.435083985328674316e-01
1.025782942771911621e+00 7.734525203704833984e-01
1.026791572570800781e+00 7.841287255287170410e-01
1.027800202369689941e+00 7.719967961311340332e-01
1.028808832168579102e+00 7.100278139114379883e-01
1.029817461967468262e+00 7.658736705780029297e-01
1.030826091766357422e+00 7.307040095329284668e-01
1.031834721565246582e+00 7.438816428184509277e-01
1.032843351364135742e+00 7.476253509521484375e-01
1.033851981163024902e+00 7.510926127433776855e-01
1.034860610961914062e+00 7.293937206268310547e-01
1.035869240760803223e+00 7.554958462715148926e-01
1.036877870559692383e+00 7.341259717941284180e-01
1.037886500358581543e+00 7.386541962623596191e-01
1.038895130157470703e+00 7.591565847396850586e-01
1.039903759956359863e+00 7.305641174316406250e-01
1.040912389755249023e+00 7.337167263031005859e-01
1.041921019554138184e+00 7.014542818069458008e-01
1.042929768562316895e+00 7.641414999961853027e-01
1.043938398361206055e+00 7.633556127548217773e-01
1.044947028160095215e+00 7.766177058219909668e-01
1.045955657958984375e+00 7.350394725799560547e-01
1.046964287757873535e+00 7.626386880874633789e-01
1.047972917556762695e+00 7.484706640243530273e-01
1.048981547355651855e+00 7.090686559677124023e-01
1.049990177154541016e+00 7.073878049850463867e-01
1.050998806953430176e+00 7.091653943061828613e-01
1.052007436752319336e+00 7.508177757263183594e-01
1.053016066551208496e+00 7.444220185279846191e-01
1.054024696350097656e+00 6.853556036949157715e-01
1.055033326148986816e+00 6.918146014213562012e-01
1.056041955947875977e+00 7.193427085876464844e-01
1.057050585746765137e+00 7.078527212142944336e-01
1.058059215545654297e+00 7.281661629676818848e-01
1.059067845344543457e+00 7.454655766487121582e-01
1.060076475143432617e+00 7.100205421447753906e-01
1.061085104942321777e+00 7.213068604469299316e-01
1.062093853950500488e+00 7.320975065231323242e-01
1.063102483749389648e+00 7.248852252960205078e-01
1.064111113548278809e+00 7.636376023292541504e-01
1.065119743347167969e+00 7.770326137542724609e-01
1.066128373146057129e+00 7.207193970680236816e-01
1.067137002944946289e+00 6.893764734268188477e-01
1.068145632743835449e+00 7.043831944465637207e-01
1.069154262542724609e+00 7.407175898551940918e-01
1.070162892341613770e+00 7.465045452117919922e-01
1.071171522140502930e+00 7.470788359642028809e-01
1.072180151939392090e+00 7.924106717109680176e-01
1.073188781738281250e+00 7.453135848045349121e-01
1.074197411537170410e+00 6.879006624221801758e-01
1.075206041336059570e+00 7.054064273834228516e-01
1.076214671134948730e+00 7.379521727561950684e-01
1.077223300933837891e+00 7.540823221206665039e-01
1.078231930732727051e+00 6.678186058998107910e-01
1.079240560531616211e+00 7.465749979019165039e-01
1.080249190330505371e+00 7.791121006011962891e-01
1.081257939338684082e+00 7.616123557090759277e-01
1.082266569137573242e+00 7.727033495903015137e-01
1.083275198936462402e+00 7.226862907409667969e-01
1.084283828735351562e+00 7.365043759346008301e-01
1.085292458534240723e+00 7.156783342361450195e-01
1.086301088333129883e+00 7.209985852241516113e-01
1.087309718132019043e+00 7.187129855155944824e-01
1.088318347930908203e+00 7.279927730560302734e-01
1.089326977729797363e+00 7.326602935791015625e-01
1.090335607528686523e+00 7.291475534439086914e-01
1.091344237327575684e+00 7.596859335899353027e-01
1.092352867126464844e+00 7.574572563171386719e-01
1.093361496925354004e+00 7.432234287261962891e-01
1.094370126724243164e+00 7.350906133651733398e-01
1.095378756523132324e+00 6.716899871826171875e-01
1.096387386322021484e+00 7.223082184791564941e-01
1.097396016120910645e+00 7.325813174247741699e-01
1.098404645919799805e+00 7.283866405487060547e-01
1.099413275718688965e+00 7.868245244026184082e-01
1.100422024726867676e+00 7.414292097091674805e-01
1.101430654525756836e+00 7.333079576492309570e-01
1.102439284324645996e+00 6.784921884536743164e-01
1.103447914123535156e+00 7.204331159591674805e-01
1.104456543922424316e+00 7.427230477333068848e-01
1.105465173721313477e+00 7.529088258743286133e-01
1.106473803520202637e+00 7.206186056137084961e-01
1.107482433319091797e+00 7.571656107902526855e-01
1.108491063117980957e+00 7.347665429115295410e-01
1.109499692916870117e+00 6.922307014465332031e-01
1.110508322715759277e+00 7.474400997161865234e-01
1.111516952514648438e+00 6.925258040428161621e-01
1.112525582313537598e+00 6.854976415634155273e-01
1.113534212112426758e+00 6.993799209594726562e-01
1.114542841911315918e+00 6.797369718551635742e-01
1.115551471710205078e+00 7.571915984153747559e-01
1.116560101509094238e+00 7.687442302703857422e-01
1.117568731307983398e+00 8.170226216316223145e-01
1.118577361106872559e+00 7.247697114944458008e-01
1.119586110115051270e+00 7.366565465927124023e-01
1.120594739913940430e+00 7.737802267074584961e-01
1.121603369712829590e+00 7.377893328666687012e-01
1.122611999511718750e+00 7.406954765319824219e-01
1.123620629310607910e+00 7.455232143402099609e-01
1.124629259109497070e+00 6.601030230522155762e-01
1.125637888908386230e+00 7.090615630149841309e-01
1.126646518707275391e+00 7.504113912582397461e-01
1.127655148506164551e+00 7.646292448043823242e-01
1.128663778305053711e+00 7.473151683807373047e-01
1.129672408103942871e+00 7.201519012451171875e-01
1.130681037902832031e+00 7.283498644828796387e-01
1.131689667701721191e+00 7.239364981651306152e-01
1.132698297500610352e+00 7.387808561325073242e-01
1.133706927299499512e+00 7.247962951660156250e-01
1.134715557098388672e+00 6.902037858963012695e-01
1.135724186897277832e+00 7.131173610687255859e-01
1.136732816696166992e+00 7.466753125190734863e-01
1.137741446495056152e+00 7.462685108184814453e-01
1.138750195503234863e+00 7.076972723007202148e-01
1.139758825302124023e+00 7.256703972816467285e-01
1.140767455101013184e+00 7.423984408378601074e-01
1.141776084899902344e+00 6.926774978637695312e-01
1.142784714698791504e+00 7.185419797897338867e-01
1.143793344497680664e+00 7.604432106018066406e-01
1.144801974296569824e+00 7.389812469482421875e-01
1.145810604095458984e+00 7.548642158508300781e-01
1.146819233894348145e+00 7.505849599838256836e-01
1.147827863693237305e+00 6.992573142051696777e-01
1.148836493492126465e+00 7.195621132850646973e-01
1.149845123291015625e+00 7.633727192878723145e-01
1.150853753089904785e+00 7.402594089508056641e-01
1.151862382888793945e+00 7.442761063575744629e-01
1.152871012687683105e+00 7.064689397811889648e-01
1.153879642486572266e+00 6.798220872879028320e-01
1.154888272285461426e+00 7.371924519538879395e-01
1.155896902084350586e+00 6.792815923690795898e-01
1.156905531883239746e+00 7.304788231849670410e-01
1.157914280891418457e+00 7.337577939033508301e-01
1.158922910690307617e+00 7.813251018524169922e-01
1.159931540489196777e+00 7.440037131309509277e-01
1.160940170288085938e+00 8.132327795028686523e-01
1.161948800086975098e+00 7.338443398475646973e-01
1.162957429885864258e+00 7.556418776512145996e-01
1.163966059684753418e+00 7.541479468345642090e-01
1.164974689483642578e+00 7.102927565574645996e-01
1.165983319282531738e+00 6.902967691421508789e-01
1.166991949081420898e+00 8.084808588027954102e-01
1.168000578880310059e+00 7.873365879058837891e-01
1.169009208679199219e+00 7.365307807922363281e-01
1.170017838478088379e+00 6.564573645591735840e-01
1.171026468276977539e+00 7.540927529335021973e-01
1.172035098075866699e+00 7.832759022712707520e-01
1.173043727874755859e+00 8.864473700523376465e-01
1.174052357673645020e+00 8.603186607360839844e-01
1.175060987472534180e+00 7.978744506835937500e-01
1.176069617271423340e+00 7.720857262611389160e-01
1.177078366279602051e+00 7.169365286827087402e-01
1.178086996078491211e+00 6.426909565925598145e-01
1.179095625877380371e+00 6.811194419860839844e-01
1.180104255676269531e+00 7.088710665702819824e-01
1.181112885475158691e+00 7.565311789512634277e-01
1.182121515274047852e+00 6.987566947937011719e-01
1.183130145072937012e+00 7.824470400810241699e-01
1.184138774871826172e+00 6.730149388313293457e-01
1.185147404670715332e+00 8.210034966468811035e-01
1.186156034469604492e+00 7.368924617767333984e-01
1.187164664268493652e+00 6.295381784439086914e-01
1.188173294067382812e+00 7.299652099609375000e-01
1.189181923866271973e+00 7.039107084274291992e-01
1.190190553665161133e+00 6.751854419708251953e-01
1.191199183464050293e+00 8.882604837417602539e-01
1.192207813262939453e+00 8.126277923583984375e-01
1.193216443061828613e+00 7.483571171760559082e-01
1.194225072860717773e+00 6.491378545761108398e-01
1.195233702659606934e+00 8.271371126174926758e-01
1.196242451667785645e+00 6.941913366317749023e-01
1.197251081466674805e+00 6.581052541732788086e-01
1.198259711265563965e+00 8.629112839698791504e-01
1.199268341064453125e+00 6.709629297256469727e-01
1.200276970863342285e+00 7.213703393936157227e-01
1.201285600662231445e+00 6.565246582031250000e-01
1.202294230461120605e+00 6.948659420013427734e-01
1.203302860260009766e+00 6.511921286582946777e-01
1.204311490058898926e+00 9.344608783721923828e-01
1.205320119857788086e+00 7.833940982818603516e-01
1.206328749656677246e+00 7.043732404708862305e-01
1.207337379455566406e+00 7.312986850738525391e-01
1.208346009254455566e+00 4.447992444038391113e-01
1.209354639053344727e+00 7.748097181320190430e-01
