0.000000000000000000e+00 6.482513427734375000e+02
1.008636085316538811e-03 5.383332519531250000e+02
2.017272170633077621e-03 4.441953125000000000e+02
3.025908255949616432e-03 3.763643188476562500e+02
4.034544341266155243e-03 3.233297424316406250e+02
5.043180659413337708e-03 2.898962097167968750e+02
6.051816511899232864e-03 2.668291015625000000e+02
7.060452364385128021e-03 2.467906188964843750e+02
8.069088682532310486e-03 2.335054473876953125e+02
9.077725000679492950e-03 2.209863433837890625e+02
1.008636131882667542e-02 2.049874725341796875e+02
1.109499670565128326e-02 1.935352783203125000e+02
1.210363302379846573e-02 1.872956848144531250e+02
1.311226934194564819e-02 1.780152130126953125e+02
1.412090472877025604e-02 1.679843292236328125e+02
1.512954104691743851e-02 1.588624725341796875e+02
1.613817736506462097e-02 1.505693359375000000e+02
1.714681275188922882e-02 1.422488708496093750e+02
1.815545000135898590e-02 1.338946685791015625e+02
1.916408538818359375e-02 1.270296173095703125e+02
2.017272263765335083e-02 1.188573226928710938e+02
2.118135802447795868e-02 1.125058364868164062e+02
2.218999341130256653e-02 1.075911560058593750e+02
2.319863066077232361e-02 1.007205734252929688e+02
2.420726604759693146e-02 9.589612579345703125e+01
2.521590143442153931e-02 9.045767974853515625e+01
2.622453868389129639e-02 8.578025054931640625e+01
2.723317407071590424e-02 8.100840759277343750e+01
2.824180945754051208e-02 7.723547363281250000e+01
2.925044670701026917e-02 7.300955200195312500e+01
3.025908209383487701e-02 6.915531921386718750e+01
3.126771748065948486e-02 6.493136596679687500e+01
3.227635473012924194e-02 6.162438201904296875e+01
3.328499197959899902e-02 5.856196594238281250e+01
3.429362550377845764e-02 5.563904190063476562e+01
3.530226275324821472e-02 5.249279403686523438e+01
3.631090000271797180e-02 4.953354263305664062e+01
3.731953352689743042e-02 4.734678268432617188e+01
3.832817077636718750e-02 4.440715026855468750e+01
3.933680802583694458e-02 4.229822540283203125e+01
4.034544527530670166e-02 4.003849029541015625e+01
4.135407879948616028e-02 3.772072601318359375e+01
4.236271604895591736e-02 3.580923080444335938e+01
4.337135329842567444e-02 3.415516281127929688e+01
4.437998682260513306e-02 3.217517471313476562e+01
4.538862407207489014e-02 3.056647491455078125e+01
4.639726132154464722e-02 2.897880744934082031e+01
4.740589484572410583e-02 2.780915451049804688e+01
4.841453209519386292e-02 2.633469009399414062e+01
4.942316934466362000e-02 2.502501106262207031e+01
5.043180286884307861e-02 2.381826400756835938e+01
5.144044011831283569e-02 2.282291793823242188e+01
5.244907736778259277e-02 2.153794479370117188e+01
5.345771089196205139e-02 2.071375274658203125e+01
5.446634814143180847e-02 2.012444305419921875e+01
5.547498539090156555e-02 1.878021812438964844e+01
5.648361891508102417e-02 1.786235237121582031e+01
5.749225616455078125e-02 1.725323677062988281e+01
5.850089341402053833e-02 1.660568237304687500e+01
5.950953066349029541e-02 1.582214164733886719e+01
6.051816418766975403e-02 1.500835704803466797e+01
6.152680143713951111e-02 1.440082740783691406e+01
6.253543496131896973e-02 1.378590393066406250e+01
6.354407221078872681e-02 1.334889507293701172e+01
6.455270946025848389e-02 1.295207691192626953e+01
6.556134670972824097e-02 1.233244895935058594e+01
6.656998395919799805e-02 1.199096775054931641e+01
6.757862120866775513e-02 1.137360000610351562e+01
6.858725100755691528e-02 1.096244812011718750e+01
6.959588825702667236e-02 1.059756278991699219e+01
7.060452550649642944e-02 1.031556129455566406e+01
7.161316275596618652e-02 1.006348609924316406e+01
7.262180000543594360e-02 9.787111282348632812e+00
7.363043725490570068e-02 9.385046005249023438e+00
7.463906705379486084e-02 9.064611434936523438e+00
7.564770430326461792e-02 8.959875106811523438e+00
7.665634155273437500e-02 8.614987373352050781e+00
7.766497880220413208e-02 8.289234161376953125e+00
7.867361605167388916e-02 8.215725898742675781e+00
7.968225330114364624e-02 8.012047767639160156e+00
8.069089055061340332e-02 7.760948181152343750e+00
8.169952034950256348e-02 7.522369384765625000e+00
8.270815759897232056e-02 7.358549594879150391e+00
8.371679484844207764e-02 7.044493198394775391e+00
8.472543209791183472e-02 7.067680358886718750e+00
8.573406934738159180e-02 6.891376018524169922e+00
8.674270659685134888e-02 6.695980072021484375e+00
8.775133639574050903e-02 6.632317543029785156e+00
8.875997364521026611e-02 6.501471519470214844e+00
8.976861089468002319e-02 6.323002815246582031e+00
9.077724814414978027e-02 6.233581542968750000e+00
9.178588539361953735e-02 6.128916263580322266e+00
9.279452264308929443e-02 6.023794174194335938e+00
9.380315244197845459e-02 5.917008876800537109e+00
9.481178969144821167e-02 5.720117092132568359e+00
9.582042694091796875e-02 5.709598064422607422e+00
9.682906419038772583e-02 5.596630573272705078e+00
9.783770143985748291e-02 5.585957050323486328e+00
9.884633868932723999e-02 5.543226242065429688e+00
9.985497593879699707e-02 5.372953414916992188e+00
1.008636057376861572e-01 5.321990013122558594e+00
1.018722429871559143e-01 5.197700023651123047e+00
1.028808802366256714e-01 5.088428497314453125e+00
1.038895174860954285e-01 5.038480281829833984e+00
1.048981547355651855e-01 5.090581417083740234e+00
1.059067919850349426e-01 5.045255184173583984e+00
1.069154217839241028e-01 4.912024021148681641e+00
1.079240590333938599e-01 4.882561206817626953e+00
1.089326962828636169e-01 4.879219055175781250e+00
1.099413335323333740e-01 4.906627178192138672e+00
1.109499707818031311e-01 4.792492389678955078e+00
1.119586080312728882e-01 4.788793087005615234e+00
1.129672378301620483e-01 4.648234367370605469e+00
1.139758750796318054e-01 4.584227085113525391e+00
1.149845123291015625e-01 4.591582298278808594e+00
1.159931495785713196e-01 4.676298141479492188e+00
1.170017868280410767e-01 4.652205944061279297e+00
1.180104240775108337e-01 4.534847736358642578e+00
1.190190613269805908e-01 4.462404251098632812e+00
1.200276911258697510e-01 4.409416198730468750e+00
1.210363283753395081e-01 4.431804180145263672e+00
1.220449656248092651e-01 4.379610538482666016e+00
1.230536028742790222e-01 4.431875228881835938e+00
1.240622401237487793e-01 4.286149501800537109e+00
1.250708699226379395e-01 4.423184394836425781e+00
1.260795146226882935e-01 4.301442146301269531e+00
1.270881444215774536e-01 4.312342166900634766e+00
1.280967891216278076e-01 4.289863586425781250e+00
1.291054189205169678e-01 4.256760120391845703e+00
1.301140487194061279e-01 4.257399082183837891e+00
1.311226934194564819e-01 4.238699436187744141e+00
1.321313232183456421e-01 4.163064002990722656e+00
1.331399679183959961e-01 4.182991027832031250e+00
1.341485977172851562e-01 4.194208145141601562e+00
1.351572424173355103e-01 4.111177921295166016e+00
1.361658722162246704e-01 4.117486953735351562e+00
1.371745020151138306e-01 4.101549148559570312e+00
1.381831467151641846e-01 4.148800849914550781e+00
1.391917765140533447e-01 4.009308815002441406e+00
1.402004212141036987e-01 4.114060878753662109e+00
1.412090510129928589e-01 4.077281951904296875e+00
1.422176808118820190e-01 4.033838272094726562e+00
1.432263255119323730e-01 3.989597797393798828e+00
1.442349553108215332e-01 4.008146762847900391e+00
1.452436000108718872e-01 4.098144531250000000e+00
1.462522298097610474e-01 3.994253873825073242e+00
1.472608745098114014e-01 4.052845954895019531e+00
1.482695043087005615e-01 3.967445850372314453e+00
1.492781341075897217e-01 4.021341800689697266e+00
1.502867788076400757e-01 4.004105567932128906e+00
1.512954086065292358e-01 3.953312635421752930e+00
1.523040533065795898e-01 3.978549242019653320e+00
1.533126831054687500e-01 3.951583623886108398e+00
1.543213278055191040e-01 3.977316856384277344e+00
1.553299576044082642e-01 3.919551849365234375e+00
1.563385874032974243e-01 3.943906307220458984e+00
1.573472321033477783e-01 3.971778154373168945e+00
1.583558619022369385e-01 3.912077426910400391e+00
1.593645066022872925e-01 3.889885425567626953e+00
1.603731364011764526e-01 3.919204711914062500e+00
1.613817811012268066e-01 3.853850603103637695e+00
1.623904109001159668e-01 3.889429807662963867e+00
1.633990406990051270e-01 3.866345882415771484e+00
1.644076853990554810e-01 3.903055667877197266e+00
1.654163151979446411e-01 3.878629684448242188e+00
1.664249598979949951e-01 3.860881567001342773e+00
1.674335896968841553e-01 3.893156051635742188e+00
1.684422194957733154e-01 3.906165838241577148e+00
1.694508641958236694e-01 3.870709657669067383e+00
1.704594939947128296e-01 3.869800806045532227e+00
1.714681386947631836e-01 3.824124336242675781e+00
1.724767684936523438e-01 3.821195125579833984e+00
1.734854131937026978e-01 3.873658418655395508e+00
1.744940429925918579e-01 3.789238452911376953e+00
1.755026727914810181e-01 3.743373155593872070e+00
1.765113174915313721e-01 3.787732124328613281e+00
1.775199472904205322e-01 3.811987638473510742e+00
1.785285919904708862e-01 3.819529056549072266e+00
1.795372217893600464e-01 3.853694677352905273e+00
1.805458664894104004e-01 3.802044391632080078e+00
1.815544962882995605e-01 3.785836935043334961e+00
1.825631260871887207e-01 3.813031673431396484e+00
1.835717707872390747e-01 3.764682054519653320e+00
1.845804005861282349e-01 3.800917387008666992e+00
1.855890452861785889e-01 3.814516067504882812e+00
1.865976750850677490e-01 3.802552938461303711e+00
1.876063048839569092e-01 3.721916675567626953e+00
1.886149495840072632e-01 3.779801368713378906e+00
1.896235793828964233e-01 3.774762630462646484e+00
1.906322240829467773e-01 3.753774166107177734e+00
1.916408538818359375e-01 3.764005899429321289e+00
1.926494985818862915e-01 3.824133157730102539e+00
1.936581283807754517e-01 3.771487712860107422e+00
1.946667581796646118e-01 3.724984884262084961e+00
1.956754028797149658e-01 3.781810045242309570e+00
1.966840326786041260e-01 3.849359035491943359e+00
1.976926773786544800e-01 3.882020473480224609e+00
1.987013071775436401e-01 3.740927457809448242e+00
1.997099518775939941e-01 3.675354003906250000e+00
2.007185816764831543e-01 3.764808416366577148e+00
2.017272114753723145e-01 3.818306446075439453e+00
2.027358561754226685e-01 3.766496419906616211e+00
2.037444859743118286e-01 3.756916284561157227e+00
2.047531306743621826e-01 3.786553144454956055e+00
2.057617604732513428e-01 3.761753082275390625e+00
2.067703902721405029e-01 3.683898925781250000e+00
2.077790349721908569e-01 3.703926563262939453e+00
2.087876647710800171e-01 3.737199068069458008e+00
2.097963094711303711e-01 3.714564085006713867e+00
2.108049392700195312e-01 3.683541059494018555e+00
2.118135839700698853e-01 3.707669019699096680e+00
2.128222137689590454e-01 3.841860055923461914e+00
2.138308435678482056e-01 3.670520544052124023e+00
2.148394882678985596e-01 3.701999425888061523e+00
2.158481180667877197e-01 3.713641643524169922e+00
2.168567627668380737e-01 3.652932882308959961e+00
2.178653925657272339e-01 3.665084123611450195e+00
2.188740372657775879e-01 3.679766893386840820e+00
2.198826670646667480e-01 3.659281969070434570e+00
2.208912968635559082e-01 3.693817377090454102e+00
2.218999415636062622e-01 3.661896705627441406e+00
2.229085713624954224e-01 3.657159566879272461e+00
2.239172160625457764e-01 3.644795417785644531e+00
2.249258458614349365e-01 3.685564756393432617e+00
2.259344756603240967e-01 3.629755735397338867e+00
2.269431203603744507e-01 3.644326448440551758e+00
2.279517501592636108e-01 3.680630683898925781e+00
2.289603948593139648e-01 3.625500679016113281e+00
2.299690246582031250e-01 3.640898942947387695e+00
2.309776693582534790e-01 3.670903921127319336e+00
2.319862991571426392e-01 3.607971429824829102e+00
2.329949289560317993e-01 3.640261650085449219e+00
2.340035736560821533e-01 3.685426235198974609e+00
2.350122034549713135e-01 3.640934228897094727e+00
2.360208481550216675e-01 3.619801521301269531e+00
2.370294779539108276e-01 3.683644771575927734e+00
2.380381226539611816e-01 3.645400047302246094e+00
2.390467524528503418e-01 3.594457387924194336e+00
2.400553822517395020e-01 3.714782953262329102e+00
2.410640269517898560e-01 3.640576601028442383e+00
2.420726567506790161e-01 3.669650316238403320e+00
2.430813014507293701e-01 3.787202835083007812e+00
2.440899312496185303e-01 3.680915832519531250e+00
2.450985759496688843e-01 3.658146619796752930e+00
2.461072057485580444e-01 3.635977983474731445e+00
2.471158355474472046e-01 3.592906951904296875e+00
2.481244802474975586e-01 3.651263236999511719e+00
2.491331100463867188e-01 3.637142181396484375e+00
2.501417398452758789e-01 3.614663600921630859e+00
2.511503994464874268e-01 3.608367919921875000e+00
2.521590292453765869e-01 3.594318151473999023e+00
2.531676590442657471e-01 3.593012809753417969e+00
2.541762888431549072e-01 3.611482143402099609e+00
2.551849186420440674e-01 3.561635494232177734e+00
2.561935782432556152e-01 3.586521863937377930e+00
2.572022080421447754e-01 3.618097543716430664e+00
2.582108378410339355e-01 3.541534900665283203e+00
2.592194676399230957e-01 3.573144912719726562e+00
2.602280974388122559e-01 3.581740379333496094e+00
2.612367570400238037e-01 3.560954570770263672e+00
2.622453868389129639e-01 3.587937831878662109e+00
2.632540166378021240e-01 3.567332267761230469e+00
2.642626464366912842e-01 3.609173774719238281e+00
2.652712762355804443e-01 3.606857776641845703e+00
2.662799358367919922e-01 3.575656652450561523e+00
2.672885656356811523e-01 3.563351154327392578e+00
2.682971954345703125e-01 3.571978807449340820e+00
2.693058252334594727e-01 3.551275730133056641e+00
2.703144848346710205e-01 3.596677780151367188e+00
2.713231146335601807e-01 3.578755378723144531e+00
2.723317444324493408e-01 3.594833612442016602e+00
2.733403742313385010e-01 3.625582456588745117e+00
2.743490040302276611e-01 3.564747333526611328e+00
2.753576636314392090e-01 3.537284374237060547e+00
2.763662934303283691e-01 3.576904535293579102e+00
2.773749232292175293e-01 3.588451862335205078e+00
2.783835530281066895e-01 3.603622436523437500e+00
2.793921828269958496e-01 3.579612731933593750e+00
2.804008424282073975e-01 3.581074237823486328e+00
2.814094722270965576e-01 3.572562932968139648e+00
2.824181020259857178e-01 3.561207532882690430e+00
2.834267318248748779e-01 3.555685520172119141e+00
2.844353616237640381e-01 3.565680742263793945e+00
2.854440212249755859e-01 3.525423049926757812e+00
2.864526510238647461e-01 3.503377437591552734e+00
2.874612808227539062e-01 3.591589927673339844e+00
2.884699106216430664e-01 3.546150207519531250e+00
2.894785702228546143e-01 3.533387660980224609e+00
2.904872000217437744e-01 3.579685688018798828e+00
2.914958298206329346e-01 3.624400615692138672e+00
2.925044596195220947e-01 3.574874162673950195e+00
2.935130894184112549e-01 3.549912214279174805e+00
2.945217490196228027e-01 3.593609571456909180e+00
2.955303788185119629e-01 3.558028936386108398e+00
2.965390086174011230e-01 3.531415224075317383e+00
2.975476384162902832e-01 3.582951307296752930e+00
2.985562682151794434e-01 3.563733577728271484e+00
2.995649278163909912e-01 3.554412603378295898e+00
3.005735576152801514e-01 3.542349815368652344e+00
3.015821874141693115e-01 3.550165653228759766e+00
3.025908172130584717e-01 3.548010826110839844e+00
3.035994470119476318e-01 3.535165786743164062e+00
3.046081066131591797e-01 3.525779008865356445e+00
3.056167364120483398e-01 3.549360036849975586e+00
3.066253662109375000e-01 3.544623613357543945e+00
3.076339960098266602e-01 3.536738395690917969e+00
3.086426556110382080e-01 3.522017478942871094e+00
3.096512854099273682e-01 3.553848743438720703e+00
3.106599152088165283e-01 3.584111690521240234e+00
3.116685450077056885e-01 3.546828031539916992e+00
3.126771748065948486e-01 3.568544626235961914e+00
3.136858344078063965e-01 3.596073150634765625e+00
3.146944642066955566e-01 3.593823194503784180e+00
3.157030940055847168e-01 3.520375013351440430e+00
3.167117238044738770e-01 3.575982093811035156e+00
3.177203536033630371e-01 3.501222372055053711e+00
3.187290132045745850e-01 3.535057544708251953e+00
3.197376430034637451e-01 3.492330074310302734e+00
3.207462728023529053e-01 3.556307554244995117e+00
3.217549026012420654e-01 3.511671543121337891e+00
3.227635622024536133e-01 3.527225732803344727e+00
3.237721920013427734e-01 3.578037023544311523e+00
3.247808218002319336e-01 3.551571846008300781e+00
3.257894515991210938e-01 3.575496673583984375e+00
3.267980813980102539e-01 3.542835235595703125e+00
3.278067409992218018e-01 3.534260511398315430e+00
3.288153707981109619e-01 3.522992849349975586e+00
3.298240005970001221e-01 3.495602130889892578e+00
3.308326303958892822e-01 3.529109239578247070e+00
3.318412601947784424e-01 3.558919191360473633e+00
3.328499197959899902e-01 3.527944803237915039e+00
3.338585495948791504e-01 3.491518735885620117e+00
3.348671793937683105e-01 3.536277055740356445e+00
3.358758091926574707e-01 3.561930656433105469e+00
3.368844389915466309e-01 3.536349534988403320e+00
3.378930985927581787e-01 3.501841783523559570e+00
3.389017283916473389e-01 3.532402515411376953e+00
3.399103581905364990e-01 3.526165246963500977e+00
3.409189879894256592e-01 3.557335138320922852e+00
3.419276475906372070e-01 3.505648136138916016e+00
3.429362773895263672e-01 3.528459072113037109e+00
3.439449071884155273e-01 3.541290760040283203e+00
3.449535369873046875e-01 3.539818525314331055e+00
3.459621667861938477e-01 3.515431404113769531e+00
3.469708263874053955e-01 3.556386947631835938e+00
3.479794561862945557e-01 3.569142103195190430e+00
3.489880859851837158e-01 3.524981260299682617e+00
3.499967157840728760e-01 3.516522884368896484e+00
3.510053455829620361e-01 3.521972894668579102e+00
3.520140051841735840e-01 3.556444168090820312e+00
3.530226349830627441e-01 3.524127483367919922e+00
3.540312647819519043e-01 3.524257659912109375e+00
3.550398945808410645e-01 3.499010801315307617e+00
3.560485243797302246e-01 3.529907226562500000e+00
3.570571839809417725e-01 3.523879051208496094e+00
3.580658137798309326e-01 3.506258726119995117e+00
3.590744435787200928e-01 3.522547006607055664e+00
3.600830733776092529e-01 3.538832664489746094e+00
3.610917329788208008e-01 3.535834074020385742e+00
3.621003627777099609e-01 3.490116834640502930e+00
3.631089925765991211e-01 3.486760139465332031e+00
3.641176223754882812e-01 3.510616064071655273e+00
3.651262521743774414e-01 3.560549974441528320e+00
3.661349117755889893e-01 3.515104055404663086e+00
3.671435415744781494e-01 3.512323141098022461e+00
3.681521713733673096e-01 3.488046407699584961e+00
3.691608011722564697e-01 3.471781015396118164e+00
3.701694309711456299e-01 3.463096141815185547e+00
3.711780905723571777e-01 3.493277072906494141e+00
3.721867203712463379e-01 3.532721757888793945e+00
3.731953501701354980e-01 3.513806581497192383e+00
3.742039799690246582e-01 3.502977848052978516e+00
3.752126097679138184e-01 3.477002382278442383e+00
3.762212693691253662e-01 3.471931219100952148e+00
3.772298991680145264e-01 3.505468845367431641e+00
3.782385289669036865e-01 3.478160858154296875e+00
3.792471587657928467e-01 3.457877635955810547e+00
3.802558183670043945e-01 3.493193149566650391e+00
3.812644481658935547e-01 3.535128593444824219e+00
3.822730779647827148e-01 3.509366750717163086e+00
3.832817077636718750e-01 3.451369285583496094e+00
3.842903375625610352e-01 3.498186826705932617e+00
3.852989971637725830e-01 3.475708961486816406e+00
3.863076269626617432e-01 3.506084918975830078e+00
3.873162567615509033e-01 3.463719367980957031e+00
3.883248865604400635e-01 3.472544431686401367e+00
3.893335163593292236e-01 3.460176944732666016e+00
3.903421759605407715e-01 3.498462438583374023e+00
3.913508057594299316e-01 3.517702579498291016e+00
3.923594355583190918e-01 3.490109205245971680e+00
3.933680653572082520e-01 3.481637954711914062e+00
3.943766951560974121e-01 3.454338073730468750e+00
3.953853547573089600e-01 3.458266258239746094e+00
3.963939845561981201e-01 3.483749866485595703e+00
3.974026143550872803e-01 3.458843231201171875e+00
3.984112441539764404e-01 3.459835529327392578e+00
3.994199037551879883e-01 3.449897527694702148e+00
4.004285335540771484e-01 3.450004577636718750e+00
4.014371633529663086e-01 3.451873779296875000e+00
4.024457931518554688e-01 3.439206838607788086e+00
4.034544229507446289e-01 3.472501993179321289e+00
4.044630825519561768e-01 3.467481851577758789e+00
4.054717123508453369e-01 3.465658903121948242e+00
4.064803421497344971e-01 3.468919992446899414e+00
4.074889719486236572e-01 3.477211713790893555e+00
4.084976017475128174e-01 3.444717407226562500e+00
4.095062613487243652e-01 3.453927755355834961e+00
4.105148911476135254e-01 3.453986644744873047e+00
4.115235209465026855e-01 3.434849500656127930e+00
4.125321507453918457e-01 3.452659130096435547e+00
4.135407805442810059e-01 3.466846704483032227e+00
4.145494401454925537e-01 3.430488824844360352e+00
4.155580699443817139e-01 3.449227571487426758e+00
4.165666997432708740e-01 3.466288089752197266e+00
4.175753295421600342e-01 3.462568044662475586e+00
4.185839891433715820e-01 3.434469699859619141e+00
4.195926189422607422e-01 3.471523523330688477e+00
4.206012487411499023e-01 3.460178136825561523e+00
4.216098785400390625e-01 3.438464164733886719e+00
4.226185083389282227e-01 3.451259136199951172e+00
4.236271679401397705e-01 3.428377151489257812e+00
4.246357977390289307e-01 3.444066524505615234e+00
4.256444275379180908e-01 3.443403720855712891e+00
4.266530573368072510e-01 3.427039384841918945e+00
4.276616871356964111e-01 3.441433429718017578e+00
4.286703467369079590e-01 3.467526912689208984e+00
4.296789765357971191e-01 3.403735160827636719e+00
4.306876063346862793e-01 3.416307926177978516e+00
4.316962361335754395e-01 3.451759338378906250e+00
4.327048659324645996e-01 3.454187154769897461e+00
4.337135255336761475e-01 3.455930233001708984e+00
4.347221553325653076e-01 3.436947107315063477e+00
4.357307851314544678e-01 3.449903249740600586e+00
4.367394149303436279e-01 3.423023462295532227e+00
4.377480745315551758e-01 3.383649110794067383e+00
4.387567043304443359e-01 3.419676542282104492e+00
4.397653341293334961e-01 3.434146642684936523e+00
4.407739639282226562e-01 3.454949140548706055e+00
4.417825937271118164e-01 3.449397087097167969e+00
4.427912533283233643e-01 3.441577196121215820e+00
4.437998831272125244e-01 3.445761680603027344e+00
4.448085129261016846e-01 3.420921325683593750e+00
4.458171427249908447e-01 3.407994031906127930e+00
4.468257725238800049e-01 3.439645290374755859e+00
4.478344321250915527e-01 3.423280954360961914e+00
4.488430619239807129e-01 3.415247440338134766e+00
4.498516917228698730e-01 3.405148267745971680e+00
4.508603215217590332e-01 3.446522235870361328e+00
4.518689513206481934e-01 3.420003175735473633e+00
4.528776109218597412e-01 3.445268869400024414e+00
4.538862407207489014e-01 3.403937101364135742e+00
4.548948705196380615e-01 3.411335706710815430e+00
4.559035003185272217e-01 3.409327745437622070e+00
4.569121599197387695e-01 3.424657821655273438e+00
4.579207897186279297e-01 3.420033454895019531e+00
4.589294195175170898e-01 3.434714317321777344e+00
4.599380493164062500e-01 3.425952196121215820e+00
4.609466791152954102e-01 3.415141820907592773e+00
4.619553387165069580e-01 3.452615737915039062e+00
4.629639685153961182e-01 3.405140161514282227e+00
4.639725983142852783e-01 3.401132822036743164e+00
4.649812281131744385e-01 3.391093969345092773e+00
4.659898579120635986e-01 3.428951501846313477e+00
4.669985175132751465e-01 3.448404550552368164e+00
4.680071473121643066e-01 3.427305459976196289e+00
4.690157771110534668e-01 3.438883066177368164e+00
4.700244069099426270e-01 3.453857898712158203e+00
4.710330665111541748e-01 3.406438827514648438e+00
4.720416963100433350e-01 3.400801658630371094e+00
4.730503261089324951e-01 3.395274877548217773e+00
4.740589559078216553e-01 3.400500535964965820e+00
4.750675857067108154e-01 3.429887294769287109e+00
4.760762453079223633e-01 3.428414583206176758e+00
4.770848751068115234e-01 3.425691127777099609e+00
4.780935049057006836e-01 3.413475513458251953e+00
4.791021347045898438e-01 3.404368162155151367e+00
4.801107645034790039e-01 3.410760879516601562e+00
4.811194241046905518e-01 3.443748235702514648e+00
4.821280539035797119e-01 3.454879999160766602e+00
4.831366837024688721e-01 3.413395643234252930e+00
4.841453135013580322e-01 3.425201177597045898e+00
4.851539433002471924e-01 3.448018550872802734e+00
4.861626029014587402e-01 3.446909666061401367e+00
4.871712327003479004e-01 3.434507369995117188e+00
4.881798624992370605e-01 3.436023950576782227e+00
4.891884922981262207e-01 3.393797397613525391e+00
4.901971518993377686e-01 3.413152217864990234e+00
4.912057816982269287e-01 3.428414344787597656e+00
4.922144114971160889e-01 3.413415431976318359e+00
4.932230412960052490e-01 3.417489051818847656e+00
4.942316710948944092e-01 3.401557683944702148e+00
4.952403306961059570e-01 3.442510366439819336e+00
4.962489604949951172e-01 3.408199071884155273e+00
4.972575902938842773e-01 3.403457880020141602e+00
4.982662200927734375e-01 3.469854354858398438e+00
4.992748498916625977e-01 3.440528869628906250e+00
5.002834796905517578e-01 3.418515920639038086e+00
5.012921094894409180e-01 3.403024196624755859e+00
5.023007988929748535e-01 3.409456253051757812e+00
5.033094286918640137e-01 3.442009210586547852e+00
5.043180584907531738e-01 3.492207050323486328e+00
5.053266882896423340e-01 3.463358402252197266e+00
5.063353180885314941e-01 3.431538105010986328e+00
5.073439478874206543e-01 3.432396888732910156e+00
5.083525776863098145e-01 3.431943655014038086e+00
5.093612074851989746e-01 3.432094097137451172e+00
5.103698372840881348e-01 3.411787271499633789e+00
5.113784670829772949e-01 3.451200962066650391e+00
5.123871564865112305e-01 3.424068927764892578e+00
5.133957862854003906e-01 3.438129663467407227e+00
5.144044160842895508e-01 3.453276157379150391e+00
5.154130458831787109e-01 3.462991952896118164e+00
5.164216756820678711e-01 3.474635839462280273e+00
5.174303054809570312e-01 3.417695283889770508e+00
5.184389352798461914e-01 3.440696954727172852e+00
5.194475650787353516e-01 3.428544044494628906e+00
5.204561948776245117e-01 3.463705539703369141e+00
5.214648842811584473e-01 3.454314708709716797e+00
5.224735140800476074e-01 3.422433853149414062e+00
5.234821438789367676e-01 3.462980508804321289e+00
5.244907736778259277e-01 3.480219602584838867e+00
5.254994034767150879e-01 3.460553646087646484e+00
5.265080332756042480e-01 3.472242355346679688e+00
5.275166630744934082e-01 3.439932584762573242e+00
5.285252928733825684e-01 3.480593919754028320e+00
5.295339226722717285e-01 3.466389179229736328e+00
5.305425524711608887e-01 3.461190700531005859e+00
5.315512418746948242e-01 3.454512834548950195e+00
5.325598716735839844e-01 3.449012517929077148e+00
5.335685014724731445e-01 3.462343454360961914e+00
5.345771312713623047e-01 3.453650474548339844e+00
5.355857610702514648e-01 3.447541952133178711e+00
5.365943908691406250e-01 3.459274530410766602e+00
5.376030206680297852e-01 3.447181940078735352e+00
5.386116504669189453e-01 3.480669498443603516e+00
5.396202802658081055e-01 3.500718355178833008e+00
5.406289696693420410e-01 3.515672683715820312e+00
5.416375994682312012e-01 3.512706041336059570e+00
5.426462292671203613e-01 3.494615793228149414e+00
5.436548590660095215e-01 3.505702495574951172e+00
5.446634888648986816e-01 3.524420499801635742e+00
5.456721186637878418e-01 3.548483848571777344e+00
5.466807484626770020e-01 3.488381624221801758e+00
5.476893782615661621e-01 3.489787578582763672e+00
5.486980080604553223e-01 3.497054338455200195e+00
5.497066378593444824e-01 3.536979436874389648e+00
5.507153272628784180e-01 3.563332080841064453e+00
5.517239570617675781e-01 3.550183534622192383e+00
5.527325868606567383e-01 3.506229877471923828e+00
5.537412166595458984e-01 3.533653497695922852e+00
5.547498464584350586e-01 3.502895832061767578e+00
5.557584762573242188e-01 3.525505304336547852e+00
5.567671060562133789e-01 3.569879293441772461e+00
5.577757358551025391e-01 3.513628721237182617e+00
5.587843656539916992e-01 3.550084114074707031e+00
5.597930550575256348e-01 3.555207729339599609e+00
5.608016848564147949e-01 3.518325090408325195e+00
5.618103146553039551e-01 3.548406124114990234e+00
5.628189444541931152e-01 3.581998109817504883e+00
5.638275742530822754e-01 3.569427013397216797e+00
5.648362040519714355e-01 3.567714691162109375e+00
5.658448338508605957e-01 3.581780195236206055e+00
5.668534636497497559e-01 3.545760631561279297e+00
5.678620934486389160e-01 3.585341691970825195e+00
5.688707232475280762e-01 3.585048913955688477e+00
5.698794126510620117e-01 3.626686573028564453e+00
5.708880424499511719e-01 3.585455417633056641e+00
5.718966722488403320e-01 3.552447795867919922e+00
5.729053020477294922e-01 3.617762565612792969e+00
5.739139318466186523e-01 3.615873813629150391e+00
5.749225616455078125e-01 3.591776371002197266e+00
5.759311914443969727e-01 3.564385890960693359e+00
5.769398212432861328e-01 3.596997022628784180e+00
5.779484510421752930e-01 3.623577594757080078e+00
5.789571404457092285e-01 3.657542943954467773e+00
5.799657702445983887e-01 3.607049465179443359e+00
5.809744000434875488e-01 3.657939672470092773e+00
5.819830298423767090e-01 3.669995069503784180e+00
5.829916596412658691e-01 3.643164634704589844e+00
5.840002894401550293e-01 3.673239469528198242e+00
5.850089192390441895e-01 3.637079477310180664e+00
5.860175490379333496e-01 3.668788433074951172e+00
5.870261788368225098e-01 3.660662651062011719e+00
5.880348086357116699e-01 3.659356832504272461e+00
5.890434980392456055e-01 3.660006999969482422e+00
5.900521278381347656e-01 3.678112030029296875e+00
5.910607576370239258e-01 3.682843685150146484e+00
5.920693874359130859e-01 3.669379472732543945e+00
5.930780172348022461e-01 3.689629554748535156e+00
5.940866470336914062e-01 3.717946767807006836e+00
5.950952768325805664e-01 3.705573797225952148e+00
5.961039066314697266e-01 3.680920839309692383e+00
5.971125364303588867e-01 3.718934535980224609e+00
5.981212258338928223e-01 3.722735643386840820e+00
5.991298556327819824e-01 3.711970567703247070e+00
6.001384854316711426e-01 3.761020183563232422e+00
6.011471152305603027e-01 3.737904071807861328e+00
6.021557450294494629e-01 3.746980428695678711e+00
6.031643748283386230e-01 3.763127088546752930e+00
6.041730046272277832e-01 3.772433996200561523e+00
6.051816344261169434e-01 3.788810014724731445e+00
6.061902642250061035e-01 3.779714107513427734e+00
6.071988940238952637e-01 3.808526754379272461e+00
6.082075834274291992e-01 3.755089044570922852e+00
6.092162132263183594e-01 3.796003341674804688e+00
6.102248430252075195e-01 3.791970252990722656e+00
6.112334728240966797e-01 3.777460575103759766e+00
6.122421026229858398e-01 3.759747743606567383e+00
6.132507324218750000e-01 3.807881116867065430e+00
6.142593622207641602e-01 3.773159503936767578e+00
6.152679920196533203e-01 3.777225494384765625e+00
6.162766218185424805e-01 3.795129537582397461e+00
6.172853112220764160e-01 3.767346382141113281e+00
6.182939410209655762e-01 3.779965639114379883e+00
6.193025708198547363e-01 3.821491241455078125e+00
6.203112006187438965e-01 3.822165489196777344e+00
6.213198304176330566e-01 3.803538560867309570e+00
6.223284602165222168e-01 3.794688940048217773e+00
6.233370900154113770e-01 3.865756511688232422e+00
6.243457198143005371e-01 3.828785896301269531e+00
6.253543496131896973e-01 3.768493175506591797e+00
6.263629794120788574e-01 3.746685028076171875e+00
6.273716688156127930e-01 3.761139154434204102e+00
6.283802986145019531e-01 3.793105125427246094e+00
6.293889284133911133e-01 3.782778263092041016e+00
6.303975582122802734e-01 3.755755424499511719e+00
6.314061880111694336e-01 3.786008358001708984e+00
6.324148178100585938e-01 3.797686576843261719e+00
6.334234476089477539e-01 3.817909002304077148e+00
6.344320774078369141e-01 3.776424407958984375e+00
6.354407072067260742e-01 3.790524959564208984e+00
6.364493966102600098e-01 3.791702985763549805e+00
6.374580264091491699e-01 3.803685665130615234e+00
6.384666562080383301e-01 3.775763273239135742e+00
6.394752860069274902e-01 3.785268783569335938e+00
6.404839158058166504e-01 3.790688991546630859e+00
6.414925456047058105e-01 3.789546012878417969e+00
6.425011754035949707e-01 3.817357301712036133e+00
6.435098052024841309e-01 3.798887968063354492e+00
6.445184350013732910e-01 3.819909334182739258e+00
6.455271244049072266e-01 3.827942132949829102e+00
6.465357542037963867e-01 3.847922086715698242e+00
6.475443840026855469e-01 3.845617532730102539e+00
6.485530138015747070e-01 3.842738866806030273e+00
6.495616436004638672e-01 3.794463396072387695e+00
6.505702733993530273e-01 3.813761949539184570e+00
6.515789031982421875e-01 3.809749126434326172e+00
6.525875329971313477e-01 3.829087257385253906e+00
6.535961627960205078e-01 3.828946113586425781e+00
6.546047925949096680e-01 3.830667018890380859e+00
6.556134819984436035e-01 3.853153228759765625e+00
6.566221117973327637e-01 3.853789567947387695e+00
6.576307415962219238e-01 3.857542991638183594e+00
6.586393713951110840e-01 3.837737321853637695e+00
6.596480011940002441e-01 3.856463193893432617e+00
6.606566309928894043e-01 3.841819047927856445e+00
6.616652607917785645e-01 3.863022089004516602e+00
6.626738905906677246e-01 3.869894981384277344e+00
6.636825203895568848e-01 3.854292154312133789e+00
6.646912097930908203e-01 3.885384082794189453e+00
6.656998395919799805e-01 3.859919071197509766e+00
6.667084693908691406e-01 3.872060298919677734e+00
6.677170991897583008e-01 3.911631345748901367e+00
6.687257289886474609e-01 3.861754894256591797e+00
6.697343587875366211e-01 3.871394395828247070e+00
6.707429885864257812e-01 3.842776298522949219e+00
6.717516183853149414e-01 3.885312795639038086e+00
6.727602481842041016e-01 3.901612281799316406e+00
6.737688779830932617e-01 3.915451765060424805e+00
6.747775673866271973e-01 3.884196996688842773e+00
6.757861971855163574e-01 3.857124567031860352e+00
6.767948269844055176e-01 3.895128011703491211e+00
6.778034567832946777e-01 3.942396879196166992e+00
6.788120865821838379e-01 3.922487497329711914e+00
6.798207163810729980e-01 3.921582460403442383e+00
6.808293461799621582e-01 3.954490661621093750e+00
6.818379759788513184e-01 3.993092536926269531e+00
6.828466057777404785e-01 3.919037342071533203e+00
6.838552951812744141e-01 3.921709299087524414e+00
6.848639249801635742e-01 3.932026386260986328e+00
6.858725547790527344e-01 3.995806217193603516e+00
6.868811845779418945e-01 3.933148860931396484e+00
6.878898143768310547e-01 3.973419904708862305e+00
6.888984441757202148e-01 3.936831712722778320e+00
6.899070739746093750e-01 3.984415531158447266e+00
6.909157037734985352e-01 3.955123662948608398e+00
6.919243335723876953e-01 4.001843452453613281e+00
6.929329633712768555e-01 3.973593473434448242e+00
6.939416527748107910e-01 3.976905345916748047e+00
6.949502825736999512e-01 4.013224124908447266e+00
6.959589123725891113e-01 4.008402347564697266e+00
6.969675421714782715e-01 4.017520427703857422e+00
6.979761719703674316e-01 3.971469402313232422e+00
6.989848017692565918e-01 3.959074735641479492e+00
6.999934315681457520e-01 3.988142013549804688e+00
7.010020613670349121e-01 4.017244338989257812e+00
7.020106911659240723e-01 4.019373416900634766e+00
7.030193805694580078e-01 4.009103775024414062e+00
7.040280103683471680e-01 4.029812812805175781e+00
7.050366401672363281e-01 4.053144931793212891e+00
7.060452699661254883e-01 4.073951721191406250e+00
7.070538997650146484e-01 4.050350666046142578e+00
7.080625295639038086e-01 4.083860397338867188e+00
7.090711593627929688e-01 4.090063571929931641e+00
7.100797891616821289e-01 4.085257053375244141e+00
7.110884189605712891e-01 4.067231655120849609e+00
7.120970487594604492e-01 4.091789245605468750e+00
7.131057381629943848e-01 4.057322025299072266e+00
7.141143679618835449e-01 4.099289417266845703e+00
7.151229977607727051e-01 4.086738109588623047e+00
7.161316275596618652e-01 4.086447238922119141e+00
7.171402573585510254e-01 4.125888824462890625e+00
7.181488871574401855e-01 4.125236034393310547e+00
7.191575169563293457e-01 4.147104263305664062e+00
7.201661467552185059e-01 4.118707180023193359e+00
7.211747765541076660e-01 4.135505199432373047e+00
7.221834659576416016e-01 4.160665035247802734e+00
7.231920957565307617e-01 4.138164043426513672e+00
7.242007255554199219e-01 4.110749721527099609e+00
7.252093553543090820e-01 4.178131103515625000e+00
7.262179851531982422e-01 4.163598060607910156e+00
7.272266149520874023e-01 4.206766128540039062e+00
7.282352447509765625e-01 4.168657779693603516e+00
7.292438745498657227e-01 4.200813293457031250e+00
7.302525043487548828e-01 4.116038322448730469e+00
7.312611341476440430e-01 4.169546127319335938e+00
7.322698235511779785e-01 4.221626281738281250e+00
7.332784533500671387e-01 4.188992023468017578e+00
7.342870831489562988e-01 4.202626705169677734e+00
7.352957129478454590e-01 4.220545768737792969e+00
7.363043427467346191e-01 4.186329841613769531e+00
7.373129725456237793e-01 4.177566528320312500e+00
7.383216023445129395e-01 4.277117729187011719e+00
7.393302321434020996e-01 4.274721622467041016e+00
7.403388619422912598e-01 4.274020671844482422e+00
7.413475513458251953e-01 4.212495803833007812e+00
7.423561811447143555e-01 4.287384510040283203e+00
7.433648109436035156e-01 4.282479286193847656e+00
7.443734407424926758e-01 4.259143352508544922e+00
7.453820705413818359e-01 4.287258625030517578e+00
7.463907003402709961e-01 4.301000595092773438e+00
7.473993301391601562e-01 4.286931514739990234e+00
7.484079599380493164e-01 4.327420234680175781e+00
7.494165897369384766e-01 4.282390594482421875e+00
7.504252195358276367e-01 4.327459335327148438e+00
7.514339089393615723e-01 4.347352504730224609e+00
7.524425387382507324e-01 4.355089187622070312e+00
7.534511685371398926e-01 4.354462146759033203e+00
7.544597983360290527e-01 4.345274925231933594e+00
7.554684281349182129e-01 4.289485931396484375e+00
7.564770579338073730e-01 4.388041496276855469e+00
7.574856877326965332e-01 4.343622684478759766e+00
7.584943175315856934e-01 4.341860771179199219e+00
7.595029473304748535e-01 4.373886585235595703e+00
7.605116367340087891e-01 4.396834373474121094e+00
7.615202665328979492e-01 4.372087478637695312e+00
7.625288963317871094e-01 4.400795936584472656e+00
7.635375261306762695e-01 4.374569892883300781e+00
7.645461559295654297e-01 4.395389080047607422e+00
7.655547857284545898e-01 4.397659778594970703e+00
7.665634155273437500e-01 4.406849861145019531e+00
7.675720453262329102e-01 4.419638156890869141e+00
7.685806751251220703e-01 4.435423851013183594e+00
7.695893049240112305e-01 4.497437000274658203e+00
7.705979943275451660e-01 4.439816951751708984e+00
7.716066241264343262e-01 4.468629837036132812e+00
7.726152539253234863e-01 4.473836421966552734e+00
7.736238837242126465e-01 4.468383789062500000e+00
7.746325135231018066e-01 4.495949745178222656e+00
7.756411433219909668e-01 4.512690067291259766e+00
7.766497731208801270e-01 4.459499359130859375e+00
7.776584029197692871e-01 4.517216682434082031e+00
7.786670327186584473e-01 4.535656929016113281e+00
7.796757221221923828e-01 4.487441539764404297e+00
7.806843519210815430e-01 4.500422477722167969e+00
7.816929817199707031e-01 4.476266860961914062e+00
7.827016115188598633e-01 4.504241943359375000e+00
7.837102413177490234e-01 4.511220455169677734e+00
7.847188711166381836e-01 4.524911403656005859e+00
7.857275009155273438e-01 4.560169219970703125e+00
7.867361307144165039e-01 4.574135780334472656e+00
7.877447605133056641e-01 4.572007179260253906e+00
7.887533903121948242e-01 4.547842502593994141e+00
7.897620797157287598e-01 4.579013824462890625e+00
7.907707095146179199e-01 4.582656383514404297e+00
7.917793393135070801e-01 4.527982711791992188e+00
7.927879691123962402e-01 4.545996189117431641e+00
7.937965989112854004e-01 4.585092067718505859e+00
7.948052287101745605e-01 4.595969200134277344e+00
7.958138585090637207e-01 4.559087753295898438e+00
7.968224883079528809e-01 4.584003925323486328e+00
7.978311181068420410e-01 4.598110675811767578e+00
7.988398075103759766e-01 4.640257835388183594e+00
7.998484373092651367e-01 4.626008987426757812e+00
8.008570671081542969e-01 4.599249362945556641e+00
8.018656969070434570e-01 4.658782482147216797e+00
8.028743267059326172e-01 4.636097431182861328e+00
8.038829565048217773e-01 4.618293285369873047e+00
8.048915863037109375e-01 4.654119968414306641e+00
8.059002161026000977e-01 4.660262584686279297e+00
8.069088459014892578e-01 4.618946552276611328e+00
8.079174757003784180e-01 4.611214637756347656e+00
8.089261651039123535e-01 4.683275699615478516e+00
8.099347949028015137e-01 4.661648273468017578e+00
8.109434247016906738e-01 4.693898200988769531e+00
8.119520545005798340e-01 4.739796161651611328e+00
8.129606842994689941e-01 4.658253192901611328e+00
8.139693140983581543e-01 4.718456268310546875e+00
8.149779438972473145e-01 4.680455684661865234e+00
8.159865736961364746e-01 4.746726036071777344e+00
8.169952034950256348e-01 4.690667152404785156e+00
8.180038928985595703e-01 4.721908092498779297e+00
8.190125226974487305e-01 4.714169979095458984e+00
8.200211524963378906e-01 4.739503383636474609e+00
8.210297822952270508e-01 4.724392890930175781e+00
8.220384120941162109e-01 4.754951953887939453e+00
8.230470418930053711e-01 4.783432483673095703e+00
8.240556716918945312e-01 4.766212463378906250e+00
8.250643014907836914e-01 4.777520656585693359e+00
8.260729312896728516e-01 4.797589302062988281e+00
8.270815610885620117e-01 4.756253242492675781e+00
8.280902504920959473e-01 4.766659259796142578e+00
8.290988802909851074e-01 4.787065029144287109e+00
8.301075100898742676e-01 4.803681850433349609e+00
8.311161398887634277e-01 4.782084465026855469e+00
8.321247696876525879e-01 4.796385765075683594e+00
8.331333994865417480e-01 4.806510448455810547e+00
8.341420292854309082e-01 4.830472946166992188e+00
8.351506590843200684e-01 4.889945507049560547e+00
8.361592888832092285e-01 4.891630172729492188e+00
8.371679782867431641e-01 4.893030166625976562e+00
8.381766080856323242e-01 4.905785560607910156e+00
8.391852378845214844e-01 4.870384693145751953e+00
8.401938676834106445e-01 4.892834186553955078e+00
8.412024974822998047e-01 4.881595134735107422e+00
8.422111272811889648e-01 4.881466865539550781e+00
8.432197570800781250e-01 4.874889850616455078e+00
8.442283868789672852e-01 4.939487457275390625e+00
8.452370166778564453e-01 4.910510540008544922e+00
8.462456464767456055e-01 4.978408336639404297e+00
8.472543358802795410e-01 4.907677650451660156e+00
8.482629656791687012e-01 4.971984386444091797e+00
8.492715954780578613e-01 4.986795425415039062e+00
8.502802252769470215e-01 5.067797660827636719e+00
8.512888550758361816e-01 5.040741443634033203e+00
8.522974848747253418e-01 5.069478034973144531e+00
8.533061146736145020e-01 5.072035789489746094e+00
8.543147444725036621e-01 5.105921745300292969e+00
8.553233742713928223e-01 5.095844268798828125e+00
8.563320636749267578e-01 5.142405033111572266e+00
8.573406934738159180e-01 5.090685367584228516e+00
8.583493232727050781e-01 5.171941757202148438e+00
8.593579530715942383e-01 5.233172893524169922e+00
8.603665828704833984e-01 5.197938919067382812e+00
8.613752126693725586e-01 5.152377128601074219e+00
8.623838424682617188e-01 5.375165939331054688e+00
8.633924722671508789e-01 5.678845405578613281e+00
8.644011020660400391e-01 5.244906425476074219e+00
8.654097318649291992e-01 5.216485500335693359e+00
8.664184212684631348e-01 5.273220539093017578e+00
8.674270510673522949e-01 5.252246856689453125e+00
8.684356808662414551e-01 5.289894580841064453e+00
8.694443106651306152e-01 5.310173034667968750e+00
8.704529404640197754e-01 5.288882732391357422e+00
8.714615702629089355e-01 5.266551971435546875e+00
8.724702000617980957e-01 5.271079540252685547e+00
8.734788298606872559e-01 5.216600418090820312e+00
8.744874596595764160e-01 5.266310214996337891e+00
8.754961490631103516e-01 5.252923965454101562e+00
8.765047788619995117e-01 5.211110115051269531e+00
8.775134086608886719e-01 5.252397060394287109e+00
8.785220384597778320e-01 5.241579055786132812e+00
8.795306682586669922e-01 5.196710109710693359e+00
8.805392980575561523e-01 5.251240253448486328e+00
8.815479278564453125e-01 5.296581745147705078e+00
8.825565576553344727e-01 5.267849445343017578e+00
8.835651874542236328e-01 5.292407512664794922e+00
8.845738172531127930e-01 5.317671298980712891e+00
8.855825066566467285e-01 5.275042533874511719e+00
8.865911364555358887e-01 5.403257369995117188e+00
8.875997662544250488e-01 5.325019359588623047e+00
8.886083960533142090e-01 5.295477867126464844e+00
8.896170258522033691e-01 5.293803215026855469e+00
8.906256556510925293e-01 5.349008560180664062e+00
8.916342854499816895e-01 5.255620956420898438e+00
8.926429152488708496e-01 5.316572189331054688e+00
8.936515450477600098e-01 5.332438468933105469e+00
8.946602344512939453e-01 5.356383323669433594e+00
8.956688642501831055e-01 5.371071338653564453e+00
8.966774940490722656e-01 5.305054187774658203e+00
8.976861238479614258e-01 5.386138439178466797e+00
8.986947536468505859e-01 5.404038429260253906e+00
8.997033834457397461e-01 5.332563877105712891e+00
9.007120132446289062e-01 5.372128486633300781e+00
9.017206430435180664e-01 5.326452732086181641e+00
9.027292728424072266e-01 5.374442100524902344e+00
9.037379026412963867e-01 5.459640502929687500e+00
9.047465920448303223e-01 5.497058868408203125e+00
9.057552218437194824e-01 5.432561397552490234e+00
9.067638516426086426e-01 5.429774284362792969e+00
9.077724814414978027e-01 5.467694759368896484e+00
9.087811112403869629e-01 5.416912078857421875e+00
9.097897410392761230e-01 5.490710735321044922e+00
9.107983708381652832e-01 5.524270057678222656e+00
9.118070006370544434e-01 5.455803871154785156e+00
9.128156304359436035e-01 5.463571071624755859e+00
9.138243198394775391e-01 5.457077026367187500e+00
9.148329496383666992e-01 5.548323631286621094e+00
9.158415794372558594e-01 5.515622615814208984e+00
9.168502092361450195e-01 5.535917758941650391e+00
9.178588390350341797e-01 5.525355339050292969e+00
9.188674688339233398e-01 5.624642848968505859e+00
9.198760986328125000e-01 5.619894981384277344e+00
9.208847284317016602e-01 5.519591331481933594e+00
9.218933582305908203e-01 5.539902210235595703e+00
9.229020476341247559e-01 5.553771495819091797e+00
9.239106774330139160e-01 5.644596576690673828e+00
9.249193072319030762e-01 5.607667922973632812e+00
9.259279370307922363e-01 5.584530830383300781e+00
9.269365668296813965e-01 5.612849712371826172e+00
9.279451966285705566e-01 5.613176345825195312e+00
9.289538264274597168e-01 5.661161422729492188e+00
9.299624562263488770e-01 5.760233879089355469e+00
9.309710860252380371e-01 5.689503192901611328e+00
9.319797158241271973e-01 5.658762454986572266e+00
9.329884052276611328e-01 5.689800739288330078e+00
9.339970350265502930e-01 5.670349597930908203e+00
9.350056648254394531e-01 5.704747676849365234e+00
9.360142946243286133e-01 5.746021747589111328e+00
9.370229244232177734e-01 5.717895984649658203e+00
9.380315542221069336e-01 5.776001453399658203e+00
9.390401840209960938e-01 5.741235256195068359e+00
9.400488138198852539e-01 5.710802078247070312e+00
9.410574436187744141e-01 5.776190280914306641e+00
9.420661330223083496e-01 5.813271045684814453e+00
9.430747628211975098e-01 5.747605323791503906e+00
9.440833926200866699e-01 5.728104591369628906e+00
9.450920224189758301e-01 5.786324977874755859e+00
9.461006522178649902e-01 5.781749725341796875e+00
9.471092820167541504e-01 5.916414737701416016e+00
9.481179118156433105e-01 5.851173400878906250e+00
9.491265416145324707e-01 5.939122200012207031e+00
9.501351714134216309e-01 5.837959289550781250e+00
9.511438012123107910e-01 5.935258865356445312e+00
9.521524906158447266e-01 5.866153240203857422e+00
9.531611204147338867e-01 5.802693367004394531e+00
9.541697502136230469e-01 5.780849456787109375e+00
9.551783800125122070e-01 5.867952346801757812e+00
9.561870098114013672e-01 5.948035717010498047e+00
9.571956396102905273e-01 5.857205390930175781e+00
9.582042694091796875e-01 5.910176753997802734e+00
9.592128992080688477e-01 5.876853942871093750e+00
9.602215290069580078e-01 5.980932235717773438e+00
9.612302184104919434e-01 6.047982692718505859e+00
9.622388482093811035e-01 5.920457363128662109e+00
9.632474780082702637e-01 5.960486888885498047e+00
9.642561078071594238e-01 6.001516342163085938e+00
9.652647376060485840e-01 5.994082450866699219e+00
9.662733674049377441e-01 6.007754325866699219e+00
9.672819972038269043e-01 6.068766593933105469e+00
9.682906270027160645e-01 6.032995223999023438e+00
9.692992568016052246e-01 5.977593898773193359e+00
9.703078866004943848e-01 6.087147712707519531e+00
9.713165760040283203e-01 6.072871685028076172e+00
9.723252058029174805e-01 5.967074394226074219e+00
9.733338356018066406e-01 6.080011844635009766e+00
9.743424654006958008e-01 6.094183921813964844e+00
9.753510951995849609e-01 6.219885349273681641e+00
9.763597249984741211e-01 6.159456253051757812e+00
9.773683547973632812e-01 6.087956428527832031e+00
9.783769845962524414e-01 6.022727489471435547e+00
9.793856143951416016e-01 6.119418621063232422e+00
9.803943037986755371e-01 6.105506420135498047e+00
9.814029335975646973e-01 6.143497467041015625e+00
9.824115633964538574e-01 6.097527980804443359e+00
9.834201931953430176e-01 6.151595592498779297e+00
9.844288229942321777e-01 6.143585681915283203e+00
9.854374527931213379e-01 6.162996292114257812e+00
9.864460825920104980e-01 6.207807064056396484e+00
9.874547123908996582e-01 6.258943557739257812e+00
9.884633421897888184e-01 6.245145320892333984e+00
9.894719719886779785e-01 6.301188945770263672e+00
9.904806613922119141e-01 6.263214588165283203e+00
9.914892911911010742e-01 6.297866344451904297e+00
9.924979209899902344e-01 6.241075515747070312e+00
9.935065507888793945e-01 6.375098228454589844e+00
9.945151805877685547e-01 6.331674575805664062e+00
9.955238103866577148e-01 6.248160362243652344e+00
9.965324401855468750e-01 6.281673908233642578e+00
9.975410699844360352e-01 6.259217262268066406e+00
9.985496997833251953e-01 6.254153728485107422e+00
9.995583891868591309e-01 6.240599155426025391e+00
1.000566959381103516e+00 6.332996368408203125e+00
1.001575589179992676e+00 6.311612606048583984e+00
1.002584218978881836e+00 6.329962253570556641e+00
1.003592848777770996e+00 6.187061309814453125e+00
1.004601597785949707e+00 6.257921218872070312e+00
1.005610227584838867e+00 6.285460948944091797e+00
1.006618857383728027e+00 6.209605693817138672e+00
1.007627487182617188e+00 6.271066665649414062e+00
1.008636116981506348e+00 6.419199943542480469e+00
1.009644746780395508e+00 6.204623222351074219e+00
1.010653376579284668e+00 6.364780426025390625e+00
1.011662006378173828e+00 6.312290191650390625e+00
1.012670636177062988e+00 6.309988498687744141e+00
1.013679265975952148e+00 6.318058967590332031e+00
1.014687895774841309e+00 6.360316276550292969e+00
1.015696525573730469e+00 6.509679794311523438e+00
1.016705155372619629e+00 6.486876964569091797e+00
1.017713785171508789e+00 6.494146823883056641e+00
1.018722414970397949e+00 6.457626342773437500e+00
1.019731044769287109e+00 6.569438934326171875e+00
1.020739674568176270e+00 6.449807167053222656e+00
1.021748304367065430e+00 6.424946308135986328e+00
1.022756934165954590e+00 6.594913959503173828e+00
1.023765683174133301e+00 6.492458343505859375e+00
1.024774312973022461e+00 6.607919692993164062e+00
1.025782942771911621e+00 6.718244552612304688e+00
1.026791572570800781e+00 6.597190856933593750e+00
1.027800202369689941e+00 6.632930755615234375e+00
1.028808832168579102e+00 6.597818374633789062e+00
1.029817461967468262e+00 6.639518260955810547e+00
1.030826091766357422e+00 6.612706184387207031e+00
1.031834721565246582e+00 6.660662651062011719e+00
1.032843351364135742e+00 6.625754356384277344e+00
1.033851981163024902e+00 6.706921100616455078e+00
1.034860610961914062e+00 6.692254066467285156e+00
1.035869240760803223e+00 6.883053779602050781e+00
1.036877870559692383e+00 6.663879394531250000e+00
1.037886500358581543e+00 6.860516071319580078e+00
1.038895130157470703e+00 6.884933948516845703e+00
1.039903759956359863e+00 6.832634925842285156e+00
1.040912389755249023e+00 6.856438159942626953e+00
1.041921019554138184e+00 6.859003543853759766e+00
1.042929768562316895e+00 6.788358211517333984e+00
1.043938398361206055e+00 6.769558906555175781e+00
1.044947028160095215e+00 6.823637008666992188e+00
1.045955657958984375e+00 6.972242832183837891e+00
1.046964287757873535e+00 6.959521293640136719e+00
1.047972917556762695e+00 6.921864986419677734e+00
1.048981547355651855e+00 6.943066120147705078e+00
1.049990177154541016e+00 7.041095256805419922e+00
1.050998806953430176e+00 6.962755203247070312e+00
1.052007436752319336e+00 6.904482841491699219e+00
1.053016066551208496e+00 6.976913928985595703e+00
1.054024696350097656e+00 6.866818904876708984e+00
1.055033326148986816e+00 7.174146175384521484e+00
1.056041955947875977e+00 7.132067203521728516e+00
1.057050585746765137e+00 7.024568080902099609e+00
1.058059215545654297e+00 7.042469501495361328e+00
1.059067845344543457e+00 6.880357265472412109e+00
1.060076475143432617e+00 7.062992095947265625e+00
1.061085104942321777e+00 7.169023036956787109e+00
1.062093853950500488e+00 7.257807254791259766e+00
1.063102483749389648e+00 7.180232048034667969e+00
1.064111113548278809e+00 7.184520244598388672e+00
1.065119743347167969e+00 7.189476013183593750e+00
1.066128373146057129e+00 7.159393787384033203e+00
1.067137002944946289e+00 7.293383121490478516e+00
1.068145632743835449e+00 7.116705417633056641e+00
1.069154262542724609e+00 7.203721523284912109e+00
1.070162892341613770e+00 7.141490936279296875e+00
1.071171522140502930e+00 7.257994174957275391e+00
1.072180151939392090e+00 7.323197841644287109e+00
1.073188781738281250e+00 7.301185131072998047e+00
1.074197411537170410e+00 7.413659095764160156e+00
1.075206041336059570e+00 7.222604274749755859e+00
1.076214671134948730e+00 7.181309700012207031e+00
1.077223300933837891e+00 7.230998516082763672e+00
1.078231930732727051e+00 7.370783805847167969e+00
1.079240560531616211e+00 7.295172214508056641e+00
1.080249190330505371e+00 7.458146095275878906e+00
1.081257939338684082e+00 7.502792358398437500e+00
1.082266569137573242e+00 7.538872718811035156e+00
1.083275198936462402e+00 7.356434345245361328e+00
1.084283828735351562e+00 7.413265705108642578e+00
1.085292458534240723e+00 7.537644863128662109e+00
1.086301088333129883e+00 7.495589733123779297e+00
1.087309718132019043e+00 7.607381820678710938e+00
1.088318347930908203e+00 7.610929012298583984e+00
1.089326977729797363e+00 7.460881233215332031e+00
1.090335607528686523e+00 7.665036678314208984e+00
1.091344237327575684e+00 7.619343280792236328e+00
1.092352867126464844e+00 7.655824661254882812e+00
1.093361496925354004e+00 7.672578811645507812e+00
1.094370126724243164e+00 7.774760723114013672e+00
1.095378756523132324e+00 7.696393966674804688e+00
1.096387386322021484e+00 7.609430789947509766e+00
1.097396016120910645e+00 7.550238132476806641e+00
1.098404645919799805e+00 7.707355499267578125e+00
1.099413275718688965e+00 7.713835716247558594e+00
1.100422024726867676e+00 7.934364795684814453e+00
1.101430654525756836e+00 7.836493968963623047e+00
1.102439284324645996e+00 7.877696514129638672e+00
1.103447914123535156e+00 7.804170608520507812e+00
1.104456543922424316e+00 7.854279041290283203e+00
1.105465173721313477e+00 7.897190093994140625e+00
1.106473803520202637e+00 7.865676403045654297e+00
1.107482433319091797e+00 7.922627925872802734e+00
1.108491063117980957e+00 7.937692165374755859e+00
1.109499692916870117e+00 7.899294853210449219e+00
1.110508322715759277e+00 7.936602592468261719e+00
1.111516952514648438e+00 8.150770187377929688e+00
1.112525582313537598e+00 8.163104057312011719e+00
1.113534212112426758e+00 8.106924057006835938e+00
1.114542841911315918e+00 8.127275466918945312e+00
1.115551471710205078e+00 7.941951751708984375e+00
1.116560101509094238e+00 8.054370880126953125e+00
1.117568731307983398e+00 8.063668251037597656e+00
1.118577361106872559e+00 8.043348312377929688e+00
1.119586110115051270e+00 7.926835060119628906e+00
1.120594739913940430e+00 8.107418060302734375e+00
1.121603369712829590e+00 8.294857025146484375e+00
1.122611999511718750e+00 7.946983337402343750e+00
1.123620629310607910e+00 8.282343864440917969e+00
1.124629259109497070e+00 8.186693191528320312e+00
1.125637888908386230e+00 8.073645591735839844e+00
1.126646518707275391e+00 8.363804817199707031e+00
1.127655148506164551e+00 8.204862594604492188e+00
1.128663778305053711e+00 8.387768745422363281e+00
1.129672408103942871e+00 8.234146118164062500e+00
1.130681037902832031e+00 8.369478225708007812e+00
1.131689667701721191e+00 8.381777763366699219e+00
1.132698297500610352e+00 8.272500038146972656e+00
1.133706927299499512e+00 8.375669479370117188e+00
1.134715557098388672e+00 8.498790740966796875e+00
1.135724186897277832e+00 8.625417709350585938e+00
1.136732816696166992e+00 8.353034973144531250e+00
1.137741446495056152e+00 8.478186607360839844e+00
1.138750195503234863e+00 8.255228042602539062e+00
1.139758825302124023e+00 8.282876968383789062e+00
1.140767455101013184e+00 8.405384063720703125e+00
1.141776084899902344e+00 8.562432289123535156e+00
1.142784714698791504e+00 8.713352203369140625e+00
1.143793344497680664e+00 8.549195289611816406e+00
1.144801974296569824e+00 8.432637214660644531e+00
1.145810604095458984e+00 8.609550476074218750e+00
1.146819233894348145e+00 8.388225555419921875e+00
1.147827863693237305e+00 8.613142013549804688e+00
1.148836493492126465e+00 8.713685989379882812e+00
1.149845123291015625e+00 8.671523094177246094e+00
1.150853753089904785e+00 8.620732307434082031e+00
1.151862382888793945e+00 8.474056243896484375e+00
1.152871012687683105e+00 8.619583129882812500e+00
1.153879642486572266e+00 8.644351005554199219e+00
1.154888272285461426e+00 8.858855247497558594e+00
1.155896902084350586e+00 8.955766677856445312e+00
1.156905531883239746e+00 8.649143218994140625e+00
1.157914280891418457e+00 8.677507400512695312e+00
1.158922910690307617e+00 8.921472549438476562e+00
1.159931540489196777e+00 8.833594322204589844e+00
1.160940170288085938e+00 8.593464851379394531e+00
1.161948800086975098e+00 8.956461906433105469e+00
1.162957429885864258e+00 8.682145118713378906e+00
1.163966059684753418e+00 9.025042533874511719e+00
1.164974689483642578e+00 8.813797950744628906e+00
1.165983319282531738e+00 8.647122383117675781e+00
1.166991949081420898e+00 8.761639595031738281e+00
1.168000578880310059e+00 8.784997940063476562e+00
1.169009208679199219e+00 8.697247505187988281e+00
1.170017838478088379e+00 8.530758857727050781e+00
1.171026468276977539e+00 8.890679359436035156e+00
1.172035098075866699e+00 9.163730621337890625e+00
1.173043727874755859e+00 8.904489517211914062e+00
1.174052357673645020e+00 8.872535705566406250e+00
1.175060987472534180e+00 8.920358657836914062e+00
1.176069617271423340e+00 9.103159904479980469e+00
1.177078366279602051e+00 9.372550010681152344e+00
1.178086996078491211e+00 9.132231712341308594e+00
1.179095625877380371e+00 8.786766052246093750e+00
1.180104255676269531e+00 9.476133346557617188e+00
1.181112885475158691e+00 9.115028381347656250e+00
1.182121515274047852e+00 9.442946434020996094e+00
1.183130145072937012e+00 9.445688247680664062e+00
1.184138774871826172e+00 9.631063461303710938e+00
1.185147404670715332e+00 9.449164390563964844e+00
1.186156034469604492e+00 9.415657043457031250e+00
1.187164664268493652e+00 9.479383468627929688e+00
1.188173294067382812e+00 9.061038970947265625e+00
1.189181923866271973e+00 9.026243209838867188e+00
1.190190553665161133e+00 9.026827812194824219e+00
1.191199183464050293e+00 9.716614723205566406e+00
1.192207813262939453e+00 9.254426002502441406e+00
1.193216443061828613e+00 9.142939567565917969e+00
1.194225072860717773e+00 9.547180175781250000e+00
1.195233702659606934e+00 9.413685798645019531e+00
1.196242451667785645e+00 9.571957588195800781e+00
1.197251081466674805e+00 9.401458740234375000e+00
1.198259711265563965e+00 1.011787414550781250e+01
1.199268341064453125e+00 9.426902770996093750e+00
1.200276970863342285e+00 9.275663375854492188e+00
1.201285600662231445e+00 9.468834877014160156e+00
1.202294230461120605e+00 9.589110374450683594e+00
1.203302860260009766e+00 9.814910888671875000e+00
1.204311490058898926e+00 8.656631469726562500e+00
1.205320119857788086e+00 9.577219963073730469e+00
1.206328749656677246e+00 9.054482460021972656e+00
1.207337379455566406e+00 1.018580341339111328e+01
1.208346009254455566e+00 9.361822128295898438e+00
1.209354639053344727e+00 8.483819961547851562e+00
