0.000000000000000000e+00 4.546085357666015625e+01
1.008636085316538811e-03 3.334242248535156250e+01
2.017272170633077621e-03 2.460401344299316406e+01
3.025908255949616432e-03 1.964698219299316406e+01
4.034544341266155243e-03 1.464857578277587891e+01
5.043180659413337708e-03 1.081313133239746094e+01
6.051816511899232864e-03 8.207392692565917969e+00
7.060452364385128021e-03 6.743889808654785156e+00
8.069088682532310486e-03 5.582995891571044922e+00
9.077725000679492950e-03 4.545974731445312500e+00
1.008636131882667542e-02 3.632463455200195312e+00
1.109499670565128326e-02 3.053472042083740234e+00
1.210363302379846573e-02 2.837661743164062500e+00
1.311226934194564819e-02 2.416679620742797852e+00
1.412090472877025604e-02 2.236966848373413086e+00
1.512954104691743851e-02 2.041513204574584961e+00
1.613817736506462097e-02 1.839260220527648926e+00
1.714681275188922882e-02 1.624697804450988770e+00
1.815545000135898590e-02 1.513801455497741699e+00
1.916408538818359375e-02 1.376134753227233887e+00
2.017272263765335083e-02 1.327452063560485840e+00
2.118135802447795868e-02 1.266095399856567383e+00
2.218999341130256653e-02 1.136886954307556152e+00
2.319863066077232361e-02 1.154332518577575684e+00
2.420726604759693146e-02 1.138752102851867676e+00
2.521590143442153931e-02 1.022113561630249023e+00
2.622453868389129639e-02 9.914370179176330566e-01
2.723317407071590424e-02 9.637823104858398438e-01
2.824180945754051208e-02 9.652664065361022949e-01
2.925044670701026917e-02 8.588095307350158691e-01
3.025908209383487701e-02 8.879140615463256836e-01
3.126771748065948486e-02 9.087404012680053711e-01
3.227635473012924194e-02 8.969666957855224609e-01
3.328499197959899902e-02 8.415675759315490723e-01
3.429362550377845764e-02 8.005636930465698242e-01
3.530226275324821472e-02 8.139386773109436035e-01
3.631090000271797180e-02 8.977404236793518066e-01
3.731953352689743042e-02 8.327777981758117676e-01
3.832817077636718750e-02 7.627492547035217285e-01
3.933680802583694458e-02 7.880266904830932617e-01
4.034544527530670166e-02 7.432262301445007324e-01
4.135407879948616028e-02 7.756593823432922363e-01
4.236271604895591736e-02 7.551255822181701660e-01
4.337135329842567444e-02 7.696844339370727539e-01
4.437998682260513306e-02 8.102711439132690430e-01
4.538862407207489014e-02 7.857111096382141113e-01
4.639726132154464722e-02 7.146132588386535645e-01
4.740589484572410583e-02 7.603595852851867676e-01
4.841453209519386292e-02 7.597510218620300293e-01
4.942316934466362000e-02 7.579787969589233398e-01
5.043180286884307861e-02 7.480253577232360840e-01
5.144044011831283569e-02 7.596758604049682617e-01
5.244907736778259277e-02 7.666607499122619629e-01
5.345771089196205139e-02 7.058964371681213379e-01
5.446634814143180847e-02 7.446345090866088867e-01
5.547498539090156555e-02 7.442672252655029297e-01
5.648361891508102417e-02 7.732051014900207520e-01
5.749225616455078125e-02 7.096157073974609375e-01
5.850089341402053833e-02 6.906903386116027832e-01
5.950953066349029541e-02 7.374739646911621094e-01
6.051816418766975403e-02 7.474686503410339355e-01
6.152680143713951111e-02 6.928188800811767578e-01
6.253543496131896973e-02 6.854022741317749023e-01
6.354407221078872681e-02 7.012614607810974121e-01
6.455270946025848389e-02 7.069725394248962402e-01
6.556134670972824097e-02 7.250610589981079102e-01
6.656998395919799805e-02 7.064344286918640137e-01
6.757862120866775513e-02 7.473084330558776855e-01
6.858725100755691528e-02 7.297187447547912598e-01
6.959588825702667236e-02 7.308579087257385254e-01
7.060452550649642944e-02 6.901625990867614746e-01
7.161316275596618652e-02 7.258395552635192871e-01
7.262180000543594360e-02 7.144742608070373535e-01
7.363043725490570068e-02 7.239908576011657715e-01
7.463906705379486084e-02 7.091176509857177734e-01
7.564770430326461792e-02 7.220368981361389160e-01
7.665634155273437500e-02 7.274695634841918945e-01
7.766497880220413208e-02 7.416715025901794434e-01
7.867361605167388916e-02 7.323179244995117188e-01
7.968225330114364624e-02 6.491972208023071289e-01
8.069089055061340332e-02 6.919194459915161133e-01
8.169952034950256348e-02 7.286260724067687988e-01
8.270815759897232056e-02 7.399534583091735840e-01
8.371679484844207764e-02 6.895627975463867188e-01
8.472543209791183472e-02 6.875205039978027344e-01
8.573406934738159180e-02 6.900777220726013184e-01
8.674270659685134888e-02 6.595949530601501465e-01
8.775133639574050903e-02 7.013288140296936035e-01
8.875997364521026611e-02 6.615003347396850586e-01
8.976861089468002319e-02 7.218706607818603516e-01
9.077724814414978027e-02 7.081390619277954102e-01
9.178588539361953735e-02 7.030817866325378418e-01
9.279452264308929443e-02 7.405940294265747070e-01
9.380315244197845459e-02 7.100477814674377441e-01
9.481178969144821167e-02 6.972115635871887207e-01
9.582042694091796875e-02 7.251730561256408691e-01
9.682906419038772583e-02 7.338386774063110352e-01
9.783770143985748291e-02 7.363811135292053223e-01
9.884633868932723999e-02 7.338066101074218750e-01
9.985497593879699707e-02 6.897472739219665527e-01
1.008636057376861572e-01 6.733018755912780762e-01
1.018722429871559143e-01 7.013645768165588379e-01
1.028808802366256714e-01 7.354469299316406250e-01
1.038895174860954285e-01 6.865005493164062500e-01
1.048981547355651855e-01 7.363414168357849121e-01
1.059067919850349426e-01 7.262265682220458984e-01
1.069154217839241028e-01 7.040441632270812988e-01
1.079240590333938599e-01 7.138703465461730957e-01
1.089326962828636169e-01 6.976032853126525879e-01
1.099413335323333740e-01 6.599066853523254395e-01
1.109499707818031311e-01 7.294334173202514648e-01
1.119586080312728882e-01 7.258484363555908203e-01
1.129672378301620483e-01 7.183498144149780273e-01
1.139758750796318054e-01 7.118806838989257812e-01
1.149845123291015625e-01 7.388399243354797363e-01
1.159931495785713196e-01 7.021589875221252441e-01
1.170017868280410767e-01 7.017738223075866699e-01
1.180104240775108337e-01 6.865631937980651855e-01
1.190190613269805908e-01 7.149056792259216309e-01
1.200276911258697510e-01 7.382245063781738281e-01
1.210363283753395081e-01 7.154085040092468262e-01
1.220449656248092651e-01 7.011048197746276855e-01
1.230536028742790222e-01 7.112826108932495117e-01
1.240622401237487793e-01 7.480022907257080078e-01
1.250708699226379395e-01 7.112937569618225098e-01
1.260795146226882935e-01 7.135645747184753418e-01
1.270881444215774536e-01 7.085646390914916992e-01
1.280967891216278076e-01 7.255944013595581055e-01
1.291054189205169678e-01 7.040926218032836914e-01
1.301140487194061279e-01 7.309810519218444824e-01
1.311226934194564819e-01 7.420397996902465820e-01
1.321313232183456421e-01 7.388553023338317871e-01
1.331399679183959961e-01 7.430027127265930176e-01
1.341485977172851562e-01 6.977438926696777344e-01
1.351572424173355103e-01 7.395127415657043457e-01
1.361658722162246704e-01 7.142326235771179199e-01
1.371745020151138306e-01 7.247679233551025391e-01
1.381831467151641846e-01 7.127507328987121582e-01
1.391917765140533447e-01 7.057238221168518066e-01
1.402004212141036987e-01 7.032856941223144531e-01
1.412090510129928589e-01 7.114314436912536621e-01
1.422176808118820190e-01 7.089060544967651367e-01
1.432263255119323730e-01 6.852541565895080566e-01
1.442349553108215332e-01 7.193082571029663086e-01
1.452436000108718872e-01 7.217285037040710449e-01
1.462522298097610474e-01 7.076252102851867676e-01
1.472608745098114014e-01 7.116984724998474121e-01
1.482695043087005615e-01 6.862637400627136230e-01
1.492781341075897217e-01 7.177395224571228027e-01
1.502867788076400757e-01 7.168704867362976074e-01
1.512954086065292358e-01 7.103890776634216309e-01
1.523040533065795898e-01 7.013571262359619141e-01
1.533126831054687500e-01 7.173022627830505371e-01
1.543213278055191040e-01 7.147916555404663086e-01
1.553299576044082642e-01 7.090381383895874023e-01
1.563385874032974243e-01 7.157549262046813965e-01
1.573472321033477783e-01 7.082101106643676758e-01
1.583558619022369385e-01 7.025861740112304688e-01
1.593645066022872925e-01 7.367262244224548340e-01
1.603731364011764526e-01 7.272855639457702637e-01
1.613817811012268066e-01 7.377455830574035645e-01
1.623904109001159668e-01 7.263539433479309082e-01
1.633990406990051270e-01 7.164571285247802734e-01
1.644076853990554810e-01 6.919324994087219238e-01
1.654163151979446411e-01 7.228615880012512207e-01
1.664249598979949951e-01 7.407358884811401367e-01
1.674335896968841553e-01 6.928686499595642090e-01
1.684422194957733154e-01 7.122239470481872559e-01
1.694508641958236694e-01 6.941657662391662598e-01
1.704594939947128296e-01 7.368991374969482422e-01
1.714681386947631836e-01 6.850335001945495605e-01
1.724767684936523438e-01 6.941472887992858887e-01
1.734854131937026978e-01 7.139720320701599121e-01
1.744940429925918579e-01 7.486048340797424316e-01
1.755026727914810181e-01 7.098215818405151367e-01
1.765113174915313721e-01 7.352874279022216797e-01
1.775199472904205322e-01 7.055191993713378906e-01
1.785285919904708862e-01 7.050020694732666016e-01
1.795372217893600464e-01 7.344438433647155762e-01
1.805458664894104004e-01 7.267370223999023438e-01
1.815544962882995605e-01 7.149705290794372559e-01
1.825631260871887207e-01 7.327867746353149414e-01
1.835717707872390747e-01 7.086750864982604980e-01
1.845804005861282349e-01 7.074500918388366699e-01
1.855890452861785889e-01 7.019762992858886719e-01
1.865976750850677490e-01 7.071054577827453613e-01
1.876063048839569092e-01 7.301538586616516113e-01
1.886149495840072632e-01 7.274827361106872559e-01
1.896235793828964233e-01 7.361776828765869141e-01
1.906322240829467773e-01 7.329027652740478516e-01
1.916408538818359375e-01 7.184678316116333008e-01
1.926494985818862915e-01 6.779574155807495117e-01
1.936581283807754517e-01 7.157087326049804688e-01
1.946667581796646118e-01 6.977275609970092773e-01
1.956754028797149658e-01 7.147140502929687500e-01
1.966840326786041260e-01 7.155598998069763184e-01
1.976926773786544800e-01 7.252538204193115234e-01
1.987013071775436401e-01 7.156707048416137695e-01
1.997099518775939941e-01 7.522724270820617676e-01
2.007185816764831543e-01 7.161572575569152832e-01
2.017272114753723145e-01 7.004685997962951660e-01
2.027358561754226685e-01 7.043044567108154297e-01
2.037444859743118286e-01 7.226858735084533691e-01
2.047531306743621826e-01 7.088966965675354004e-01
2.057617604732513428e-01 7.100407481193542480e-01
2.067703902721405029e-01 6.698096990585327148e-01
2.077790349721908569e-01 7.130518555641174316e-01
2.087876647710800171e-01 7.068515419960021973e-01
2.097963094711303711e-01 7.303257584571838379e-01
2.108049392700195312e-01 7.337987422943115234e-01
2.118135839700698853e-01 7.169612050056457520e-01
2.128222137689590454e-01 6.972135901451110840e-01
2.138308435678482056e-01 7.181892991065979004e-01
2.148394882678985596e-01 7.427008748054504395e-01
2.158481180667877197e-01 7.099526524543762207e-01
2.168567627668380737e-01 7.207862734794616699e-01
2.178653925657272339e-01 7.060153484344482422e-01
2.188740372657775879e-01 6.882086992263793945e-01
2.198826670646667480e-01 7.094553709030151367e-01
2.208912968635559082e-01 7.184178829193115234e-01
2.218999415636062622e-01 7.029386162757873535e-01
2.229085713624954224e-01 7.139169573783874512e-01
2.239172160625457764e-01 7.093352675437927246e-01
2.249258458614349365e-01 6.887233257293701172e-01
2.259344756603240967e-01 7.164817452430725098e-01
2.269431203603744507e-01 7.073405981063842773e-01
2.279517501592636108e-01 7.359142899513244629e-01
2.289603948593139648e-01 6.968253850936889648e-01
2.299690246582031250e-01 6.962702870368957520e-01
2.309776693582534790e-01 7.140744328498840332e-01
2.319862991571426392e-01 7.124546766281127930e-01
2.329949289560317993e-01 7.147011160850524902e-01
2.340035736560821533e-01 7.265384197235107422e-01
2.350122034549713135e-01 7.164325714111328125e-01
2.360208481550216675e-01 7.179899215698242188e-01
2.370294779539108276e-01 7.008059024810791016e-01
2.380381226539611816e-01 6.987763047218322754e-01
2.390467524528503418e-01 6.926402449607849121e-01
2.400553822517395020e-01 7.029766440391540527e-01
2.410640269517898560e-01 7.155759334564208984e-01
2.420726567506790161e-01 7.551532387733459473e-01
2.430813014507293701e-01 8.877170681953430176e-01
2.440899312496185303e-01 7.006379365921020508e-01
2.450985759496688843e-01 7.140467762947082520e-01
2.461072057485580444e-01 7.034998536109924316e-01
2.471158355474472046e-01 6.979564428329467773e-01
2.481244802474975586e-01 7.064306139945983887e-01
2.491331100463867188e-01 7.181521058082580566e-01
2.501417398452758789e-01 6.934670209884643555e-01
2.511503994464874268e-01 6.920982003211975098e-01
2.521590292453765869e-01 6.937548518180847168e-01
2.531676590442657471e-01 7.037640810012817383e-01
2.541762888431549072e-01 7.155919671058654785e-01
2.551849186420440674e-01 7.252270579338073730e-01
2.561935782432556152e-01 7.230497598648071289e-01
2.572022080421447754e-01 7.190573215484619141e-01
2.582108378410339355e-01 6.993631124496459961e-01
2.592194676399230957e-01 7.006751298904418945e-01
2.602280974388122559e-01 7.204998731613159180e-01
2.612367570400238037e-01 7.034101486206054688e-01
2.622453868389129639e-01 7.017657160758972168e-01
2.632540166378021240e-01 7.041127085685729980e-01
2.642626464366912842e-01 6.798049211502075195e-01
2.652712762355804443e-01 7.023150920867919922e-01
2.662799358367919922e-01 6.886430382728576660e-01
2.672885656356811523e-01 7.206789851188659668e-01
2.682971954345703125e-01 6.994763612747192383e-01
2.693058252334594727e-01 6.758413910865783691e-01
2.703144848346710205e-01 7.083207368850708008e-01
2.713231146335601807e-01 7.035105824470520020e-01
2.723317444324493408e-01 7.218998074531555176e-01
2.733403742313385010e-01 7.003456354141235352e-01
2.743490040302276611e-01 7.009995579719543457e-01
2.753576636314392090e-01 7.194974422454833984e-01
2.763662934303283691e-01 7.181276082992553711e-01
2.773749232292175293e-01 6.770402193069458008e-01
2.783835530281066895e-01 7.083715796470642090e-01
2.793921828269958496e-01 7.220944762229919434e-01
2.804008424282073975e-01 7.181376814842224121e-01
2.814094722270965576e-01 6.977686882019042969e-01
2.824181020259857178e-01 7.096947431564331055e-01
2.834267318248748779e-01 7.119613289833068848e-01
2.844353616237640381e-01 7.155325412750244141e-01
2.854440212249755859e-01 7.123364210128784180e-01
2.864526510238647461e-01 7.003081440925598145e-01
2.874612808227539062e-01 7.174861431121826172e-01
2.884699106216430664e-01 7.239825725555419922e-01
2.894785702228546143e-01 7.021005749702453613e-01
2.904872000217437744e-01 7.142992615699768066e-01
2.914958298206329346e-01 6.935214996337890625e-01
2.925044596195220947e-01 7.091162800788879395e-01
2.935130894184112549e-01 6.969941854476928711e-01
2.945217490196228027e-01 7.040256857872009277e-01
2.955303788185119629e-01 7.112098932266235352e-01
2.965390086174011230e-01 7.013869285583496094e-01
2.975476384162902832e-01 6.841188669204711914e-01
2.985562682151794434e-01 6.785830855369567871e-01
2.995649278163909912e-01 7.072433829307556152e-01
3.005735576152801514e-01 6.868988275527954102e-01
3.015821874141693115e-01 6.908501386642456055e-01
3.025908172130584717e-01 6.945686340332031250e-01
3.035994470119476318e-01 7.048992514610290527e-01
3.046081066131591797e-01 6.928403973579406738e-01
3.056167364120483398e-01 7.154062390327453613e-01
3.066253662109375000e-01 7.043585777282714844e-01
3.076339960098266602e-01 6.940222978591918945e-01
3.086426556110382080e-01 6.814146041870117188e-01
3.096512854099273682e-01 6.863245964050292969e-01
3.106599152088165283e-01 6.786849498748779297e-01
3.116685450077056885e-01 6.865192055702209473e-01
3.126771748065948486e-01 7.084102630615234375e-01
3.136858344078063965e-01 6.952722668647766113e-01
3.146944642066955566e-01 6.916018128395080566e-01
3.157030940055847168e-01 7.067101001739501953e-01
3.167117238044738770e-01 7.146606445312500000e-01
3.177203536033630371e-01 6.927412152290344238e-01
3.187290132045745850e-01 7.067414522171020508e-01
3.197376430034637451e-01 7.045254111289978027e-01
3.207462728023529053e-01 6.947262883186340332e-01
3.217549026012420654e-01 6.812711358070373535e-01
3.227635622024536133e-01 6.969385147094726562e-01
3.237721920013427734e-01 7.070562839508056641e-01
3.247808218002319336e-01 6.969361305236816406e-01
3.257894515991210938e-01 7.096555233001708984e-01
3.267980813980102539e-01 6.841711997985839844e-01
3.278067409992218018e-01 6.933152079582214355e-01
3.288153707981109619e-01 6.877255439758300781e-01
3.298240005970001221e-01 7.005079984664916992e-01
3.308326303958892822e-01 6.822060942649841309e-01
3.318412601947784424e-01 6.921314001083374023e-01
3.328499197959899902e-01 6.885962486267089844e-01
3.338585495948791504e-01 6.830598115921020508e-01
3.348671793937683105e-01 6.900677084922790527e-01
3.358758091926574707e-01 6.927094459533691406e-01
3.368844389915466309e-01 6.889306306838989258e-01
3.378930985927581787e-01 6.702069640159606934e-01
3.389017283916473389e-01 7.093371748924255371e-01
3.399103581905364990e-01 7.039816379547119141e-01
3.409189879894256592e-01 6.926195025444030762e-01
3.419276475906372070e-01 7.010515928268432617e-01
3.429362773895263672e-01 7.156301736831665039e-01
3.439449071884155273e-01 6.962937712669372559e-01
3.449535369873046875e-01 6.932791471481323242e-01
3.459621667861938477e-01 6.910498142242431641e-01
3.469708263874053955e-01 7.203381061553955078e-01
3.479794561862945557e-01 7.012385725975036621e-01
3.489880859851837158e-01 6.924999356269836426e-01
3.499967157840728760e-01 7.141614556312561035e-01
3.510053455829620361e-01 6.931310892105102539e-01
3.520140051841735840e-01 6.830645799636840820e-01
3.530226349830627441e-01 6.798127889633178711e-01
3.540312647819519043e-01 6.988130211830139160e-01
3.550398945808410645e-01 7.010621428489685059e-01
3.560485243797302246e-01 6.945459246635437012e-01
3.570571839809417725e-01 6.768859028816223145e-01
3.580658137798309326e-01 6.929925680160522461e-01
3.590744435787200928e-01 6.892861127853393555e-01
3.600830733776092529e-01 7.012536525726318359e-01
3.610917329788208008e-01 6.975899934768676758e-01
3.621003627777099609e-01 6.945660114288330078e-01
3.631089925765991211e-01 6.966070532798767090e-01
3.641176223754882812e-01 6.886852383613586426e-01
3.651262521743774414e-01 7.003960013389587402e-01
3.661349117755889893e-01 7.016364932060241699e-01
3.671435415744781494e-01 6.976031064987182617e-01
3.681521713733673096e-01 6.813761591911315918e-01
3.691608011722564697e-01 6.878204345703125000e-01
3.701694309711456299e-01 7.136456966400146484e-01
3.711780905723571777e-01 6.740069985389709473e-01
3.721867203712463379e-01 6.905719041824340820e-01
3.731953501701354980e-01 6.985097527503967285e-01
3.742039799690246582e-01 6.911982893943786621e-01
3.752126097679138184e-01 6.871426105499267578e-01
3.762212693691253662e-01 6.988943219184875488e-01
3.772298991680145264e-01 6.840745806694030762e-01
3.782385289669036865e-01 6.891398429870605469e-01
3.792471587657928467e-01 6.845966577529907227e-01
3.802558183670043945e-01 6.694330573081970215e-01
3.812644481658935547e-01 6.745942831039428711e-01
3.822730779647827148e-01 6.722689270973205566e-01
3.832817077636718750e-01 6.921424269676208496e-01
3.842903375625610352e-01 6.822375059127807617e-01
3.852989971637725830e-01 6.769379973411560059e-01
3.863076269626617432e-01 6.699534058570861816e-01
3.873162567615509033e-01 6.763249039649963379e-01
3.883248865604400635e-01 6.943889856338500977e-01
3.893335163593292236e-01 6.890262365341186523e-01
3.903421759605407715e-01 6.821337342262268066e-01
3.913508057594299316e-01 6.957879066467285156e-01
3.923594355583190918e-01 6.910455822944641113e-01
3.933680653572082520e-01 6.905841827392578125e-01
3.943766951560974121e-01 6.873368620872497559e-01
3.953853547573089600e-01 7.014054656028747559e-01
3.963939845561981201e-01 6.821372509002685547e-01
3.974026143550872803e-01 6.836766600608825684e-01
3.984112441539764404e-01 6.844892501831054688e-01
3.994199037551879883e-01 7.065458297729492188e-01
4.004285335540771484e-01 6.860970258712768555e-01
4.014371633529663086e-01 6.876680850982666016e-01
4.024457931518554688e-01 7.057585120201110840e-01
4.034544229507446289e-01 6.926255226135253906e-01
4.044630825519561768e-01 6.799638867378234863e-01
4.054717123508453369e-01 6.760165691375732422e-01
4.064803421497344971e-01 6.633061170578002930e-01
4.074889719486236572e-01 7.030630111694335938e-01
4.084976017475128174e-01 6.926243305206298828e-01
4.095062613487243652e-01 6.852167248725891113e-01
4.105148911476135254e-01 6.734211444854736328e-01
4.115235209465026855e-01 6.753712892532348633e-01
4.125321507453918457e-01 6.833606958389282227e-01
4.135407805442810059e-01 6.815562844276428223e-01
4.145494401454925537e-01 7.003948688507080078e-01
4.155580699443817139e-01 6.924014091491699219e-01
4.165666997432708740e-01 6.862861514091491699e-01
4.175753295421600342e-01 6.923648715019226074e-01
4.185839891433715820e-01 6.931793689727783203e-01
4.195926189422607422e-01 6.965307593345642090e-01
4.206012487411499023e-01 6.839634180068969727e-01
4.216098785400390625e-01 6.697503328323364258e-01
4.226185083389282227e-01 6.748008131980895996e-01
4.236271679401397705e-01 6.740792989730834961e-01
4.246357977390289307e-01 6.748211979866027832e-01
4.256444275379180908e-01 6.883572936058044434e-01
4.266530573368072510e-01 6.903796792030334473e-01
4.276616871356964111e-01 6.676511168479919434e-01
4.286703467369079590e-01 6.584894061088562012e-01
4.296789765357971191e-01 6.774130463600158691e-01
4.306876063346862793e-01 6.766762137413024902e-01
4.316962361335754395e-01 6.767119169235229492e-01
4.327048659324645996e-01 6.786726117134094238e-01
4.337135255336761475e-01 6.904672980308532715e-01
4.347221553325653076e-01 7.048366069793701172e-01
4.357307851314544678e-01 7.047142982482910156e-01
4.367394149303436279e-01 6.906535029411315918e-01
4.377480745315551758e-01 6.798850893974304199e-01
4.387567043304443359e-01 6.848714947700500488e-01
4.397653341293334961e-01 6.904939413070678711e-01
4.407739639282226562e-01 6.771911978721618652e-01
4.417825937271118164e-01 6.933267712593078613e-01
4.427912533283233643e-01 6.901460886001586914e-01
4.437998831272125244e-01 6.987425684928894043e-01
4.448085129261016846e-01 6.722798347473144531e-01
4.458171427249908447e-01 6.709027290344238281e-01
4.468257725238800049e-01 6.785864830017089844e-01
4.478344321250915527e-01 6.975485682487487793e-01
4.488430619239807129e-01 6.823890805244445801e-01
4.498516917228698730e-01 6.929158568382263184e-01
4.508603215217590332e-01 6.687657237052917480e-01
4.518689513206481934e-01 6.756965517997741699e-01
4.528776109218597412e-01 6.759379506111145020e-01
4.538862407207489014e-01 6.843683719635009766e-01
4.548948705196380615e-01 6.810221076011657715e-01
4.559035003185272217e-01 6.878428459167480469e-01
4.569121599197387695e-01 6.805967688560485840e-01
4.579207897186279297e-01 6.877471804618835449e-01
4.589294195175170898e-01 6.885637640953063965e-01
4.599380493164062500e-01 6.783119440078735352e-01
4.609466791152954102e-01 6.819127798080444336e-01
4.619553387165069580e-01 6.781549453735351562e-01
4.629639685153961182e-01 6.845671534538269043e-01
4.639725983142852783e-01 6.769162416458129883e-01
4.649812281131744385e-01 6.663655042648315430e-01
4.659898579120635986e-01 6.675599217414855957e-01
4.669985175132751465e-01 6.643204689025878906e-01
4.680071473121643066e-01 6.647637486457824707e-01
4.690157771110534668e-01 6.794914603233337402e-01
4.700244069099426270e-01 6.828907132148742676e-01
4.710330665111541748e-01 6.732754111289978027e-01
4.720416963100433350e-01 6.681603193283081055e-01
4.730503261089324951e-01 6.713064908981323242e-01
4.740589559078216553e-01 6.727525591850280762e-01
4.750675857067108154e-01 6.707077622413635254e-01
4.760762453079223633e-01 6.749870181083679199e-01
4.770848751068115234e-01 6.834493875503540039e-01
4.780935049057006836e-01 6.587064862251281738e-01
4.791021347045898438e-01 6.728324890136718750e-01
4.801107645034790039e-01 6.653248667716979980e-01
4.811194241046905518e-01 6.573349833488464355e-01
4.821280539035797119e-01 6.681457161903381348e-01
4.831366837024688721e-01 6.643205285072326660e-01
4.841453135013580322e-01 6.691173911094665527e-01
4.851539433002471924e-01 6.756665706634521484e-01
4.861626029014587402e-01 6.659148931503295898e-01
4.871712327003479004e-01 6.601222157478332520e-01
4.881798624992370605e-01 6.684827208518981934e-01
4.891884922981262207e-01 6.826582551002502441e-01
4.901971518993377686e-01 6.839497685432434082e-01
4.912057816982269287e-01 6.690626144409179688e-01
4.922144114971160889e-01 6.674940586090087891e-01
4.932230412960052490e-01 6.854818463325500488e-01
4.942316710948944092e-01 6.770035624504089355e-01
4.952403306961059570e-01 6.666284203529357910e-01
4.962489604949951172e-01 6.700641512870788574e-01
4.972575902938842773e-01 6.754145026206970215e-01
4.982662200927734375e-01 6.670662760734558105e-01
4.992748498916625977e-01 6.883481740951538086e-01
5.002834796905517578e-01 6.714749336242675781e-01
5.012921094894409180e-01 6.676984429359436035e-01
5.023007988929748535e-01 6.544954776763916016e-01
5.033094286918640137e-01 6.699026823043823242e-01
5.043180584907531738e-01 7.315022945404052734e-01
5.053266882896423340e-01 6.977121233940124512e-01
5.063353180885314941e-01 6.634632945060729980e-01
5.073439478874206543e-01 6.701867580413818359e-01
5.083525776863098145e-01 6.698094606399536133e-01
5.093612074851989746e-01 6.754240393638610840e-01
5.103698372840881348e-01 6.728780865669250488e-01
5.113784670829772949e-01 6.874563097953796387e-01
5.123871564865112305e-01 6.610590219497680664e-01
5.133957862854003906e-01 6.660764813423156738e-01
5.144044160842895508e-01 6.724979281425476074e-01
5.154130458831787109e-01 6.738992929458618164e-01
5.164216756820678711e-01 6.675652861595153809e-01
5.174303054809570312e-01 6.555177569389343262e-01
5.184389352798461914e-01 6.698203086853027344e-01
5.194475650787353516e-01 6.835991740226745605e-01
5.204561948776245117e-01 6.688367724418640137e-01
5.214648842811584473e-01 6.664258837699890137e-01
5.224735140800476074e-01 6.598570942878723145e-01
5.234821438789367676e-01 6.749070286750793457e-01
5.244907736778259277e-01 6.739639639854431152e-01
5.254994034767150879e-01 6.581165194511413574e-01
5.265080332756042480e-01 6.904600262641906738e-01
5.275166630744934082e-01 6.763552427291870117e-01
5.285252928733825684e-01 6.833811402320861816e-01
5.295339226722717285e-01 6.723960638046264648e-01
5.305425524711608887e-01 6.739068031311035156e-01
5.315512418746948242e-01 6.739708185195922852e-01
5.325598716735839844e-01 6.730173230171203613e-01
5.335685014724731445e-01 6.697397232055664062e-01
5.345771312713623047e-01 6.659382581710815430e-01
5.355857610702514648e-01 6.624224781990051270e-01
5.365943908691406250e-01 6.824222803115844727e-01
5.376030206680297852e-01 6.615822911262512207e-01
5.386116504669189453e-01 6.765041947364807129e-01
5.396202802658081055e-01 6.886055469512939453e-01
5.406289696693420410e-01 6.646613478660583496e-01
5.416375994682312012e-01 6.735092997550964355e-01
5.426462292671203613e-01 6.778941154479980469e-01
5.436548590660095215e-01 6.756025552749633789e-01
5.446634888648986816e-01 6.717619895935058594e-01
5.456721186637878418e-01 6.810022592544555664e-01
5.466807484626770020e-01 6.728546023368835449e-01
5.476893782615661621e-01 6.691198348999023438e-01
5.486980080604553223e-01 6.674212217330932617e-01
5.497066378593444824e-01 6.690351366996765137e-01
5.507153272628784180e-01 6.671513915061950684e-01
5.517239570617675781e-01 6.703600883483886719e-01
5.527325868606567383e-01 6.892783045768737793e-01
5.537412166595458984e-01 6.800134181976318359e-01
5.547498464584350586e-01 6.838603615760803223e-01
5.557584762573242188e-01 6.897442340850830078e-01
5.567671060562133789e-01 6.639865636825561523e-01
5.577757358551025391e-01 6.759957075119018555e-01
5.587843656539916992e-01 6.636059880256652832e-01
5.597930550575256348e-01 6.786653995513916016e-01
5.608016848564147949e-01 6.772680282592773438e-01
5.618103146553039551e-01 6.656858921051025391e-01
5.628189444541931152e-01 6.860973238945007324e-01
5.638275742530822754e-01 6.748707890510559082e-01
5.648362040519714355e-01 6.772240400314331055e-01
5.658448338508605957e-01 6.941488981246948242e-01
5.668534636497497559e-01 6.786396503448486328e-01
5.678620934486389160e-01 6.735385656356811523e-01
5.688707232475280762e-01 6.675246953964233398e-01
5.698794126510620117e-01 6.744146943092346191e-01
5.708880424499511719e-01 6.700159907341003418e-01
5.718966722488403320e-01 6.776808500289916992e-01
5.729053020477294922e-01 6.648597717285156250e-01
5.739139318466186523e-01 6.771580576896667480e-01
5.749225616455078125e-01 6.768530607223510742e-01
5.759311914443969727e-01 6.682497262954711914e-01
5.769398212432861328e-01 6.915889978408813477e-01
5.779484510421752930e-01 6.682773232460021973e-01
5.789571404457092285e-01 6.839278936386108398e-01
5.799657702445983887e-01 6.692602634429931641e-01
5.809744000434875488e-01 6.715245246887207031e-01
5.819830298423767090e-01 6.611166596412658691e-01
5.829916596412658691e-01 6.732493042945861816e-01
5.840002894401550293e-01 6.708825826644897461e-01
5.850089192390441895e-01 6.658317446708679199e-01
5.860175490379333496e-01 6.682025790214538574e-01
5.870261788368225098e-01 6.716219186782836914e-01
5.880348086357116699e-01 6.674625277519226074e-01
5.890434980392456055e-01 6.724333167076110840e-01
5.900521278381347656e-01 6.995152235031127930e-01
5.910607576370239258e-01 6.721571683883666992e-01
5.920693874359130859e-01 6.665976047515869141e-01
5.930780172348022461e-01 6.590915918350219727e-01
5.940866470336914062e-01 6.696816682815551758e-01
5.950952768325805664e-01 6.696345210075378418e-01
5.961039066314697266e-01 6.659511923789978027e-01
5.971125364303588867e-01 6.615752577781677246e-01
5.981212258338928223e-01 6.772502064704895020e-01
5.991298556327819824e-01 6.706702113151550293e-01
6.001384854316711426e-01 6.658915877342224121e-01
6.011471152305603027e-01 6.724925041198730469e-01
6.021557450294494629e-01 6.652476787567138672e-01
6.031643748283386230e-01 6.675136089324951172e-01
6.041730046272277832e-01 6.680093407630920410e-01
6.051816344261169434e-01 6.631768345832824707e-01
6.061902642250061035e-01 6.698198318481445312e-01
6.071988940238952637e-01 6.712722778320312500e-01
6.082075834274291992e-01 6.912491917610168457e-01
6.092162132263183594e-01 6.760224699974060059e-01
6.102248430252075195e-01 6.732199788093566895e-01
6.112334728240966797e-01 6.721853613853454590e-01
6.122421026229858398e-01 6.677731871604919434e-01
6.132507324218750000e-01 6.571496129035949707e-01
6.142593622207641602e-01 6.717969775199890137e-01
6.152679920196533203e-01 6.726405024528503418e-01
6.162766218185424805e-01 6.883469820022583008e-01
6.172853112220764160e-01 6.661828160285949707e-01
6.182939410209655762e-01 6.915447115898132324e-01
6.193025708198547363e-01 6.894674301147460938e-01
6.203112006187438965e-01 6.850714683532714844e-01
6.213198304176330566e-01 6.745986342430114746e-01
6.223284602165222168e-01 6.641505360603332520e-01
6.233370900154113770e-01 6.810868382453918457e-01
6.243457198143005371e-01 6.581576466560363770e-01
6.253543496131896973e-01 6.623412370681762695e-01
6.263629794120788574e-01 6.858116388320922852e-01
6.273716688156127930e-01 6.726372838020324707e-01
6.283802986145019531e-01 6.713940501213073730e-01
6.293889284133911133e-01 6.647496223449707031e-01
6.303975582122802734e-01 6.784771680831909180e-01
6.314061880111694336e-01 6.768581271171569824e-01
6.324148178100585938e-01 6.728804111480712891e-01
6.334234476089477539e-01 6.747420430183410645e-01
6.344320774078369141e-01 6.789377331733703613e-01
6.354407072067260742e-01 6.913000941276550293e-01
6.364493966102600098e-01 6.695263385772705078e-01
6.374580264091491699e-01 6.811898946762084961e-01
6.384666562080383301e-01 6.830532550811767578e-01
6.394752860069274902e-01 6.702926754951477051e-01
6.404839158058166504e-01 6.672896146774291992e-01
6.414925456047058105e-01 6.731779575347900391e-01
6.425011754035949707e-01 6.759843826293945312e-01
6.435098052024841309e-01 6.725635528564453125e-01
6.445184350013732910e-01 6.683523058891296387e-01
6.455271244049072266e-01 6.764894127845764160e-01
6.465357542037963867e-01 6.778739690780639648e-01
6.475443840026855469e-01 6.825219988822937012e-01
6.485530138015747070e-01 6.665825843811035156e-01
6.495616436004638672e-01 6.654339432716369629e-01
6.505702733993530273e-01 6.744995117187500000e-01
6.515789031982421875e-01 6.810818910598754883e-01
6.525875329971313477e-01 6.645792722702026367e-01
6.535961627960205078e-01 6.834349036216735840e-01
6.546047925949096680e-01 6.852564811706542969e-01
6.556134819984436035e-01 6.833400726318359375e-01
6.566221117973327637e-01 6.777974963188171387e-01
6.576307415962219238e-01 6.762265563011169434e-01
6.586393713951110840e-01 6.702276468276977539e-01
6.596480011940002441e-01 6.675606966018676758e-01
6.606566309928894043e-01 6.773366928100585938e-01
6.616652607917785645e-01 6.622830033302307129e-01
6.626738905906677246e-01 6.746784448623657227e-01
6.636825203895568848e-01 6.784172654151916504e-01
6.646912097930908203e-01 6.717549562454223633e-01
6.656998395919799805e-01 6.628794074058532715e-01
6.667084693908691406e-01 6.642461419105529785e-01
6.677170991897583008e-01 6.766107082366943359e-01
6.687257289886474609e-01 6.736162900924682617e-01
6.697343587875366211e-01 6.749323606491088867e-01
6.707429885864257812e-01 6.663336753845214844e-01
6.717516183853149414e-01 6.614398956298828125e-01
6.727602481842041016e-01 6.798583269119262695e-01
6.737688779830932617e-01 6.734375953674316406e-01
6.747775673866271973e-01 6.801150441169738770e-01
6.757861971855163574e-01 6.711132526397705078e-01
6.767948269844055176e-01 6.798285245895385742e-01
6.778034567832946777e-01 6.725413799285888672e-01
6.788120865821838379e-01 6.723662614822387695e-01
6.798207163810729980e-01 6.648547649383544922e-01
6.808293461799621582e-01 6.676682829856872559e-01
6.818379759788513184e-01 6.685793399810791016e-01
6.828466057777404785e-01 6.608812808990478516e-01
6.838552951812744141e-01 6.673455238342285156e-01
6.848639249801635742e-01 6.672372817993164062e-01
6.858725547790527344e-01 6.731011867523193359e-01
6.868811845779418945e-01 6.775255799293518066e-01
6.878898143768310547e-01 6.930574178695678711e-01
6.888984441757202148e-01 6.798228025436401367e-01
6.899070739746093750e-01 6.753578186035156250e-01
6.909157037734985352e-01 6.872231364250183105e-01
6.919243335723876953e-01 6.944167017936706543e-01
6.929329633712768555e-01 6.677610874176025391e-01
6.939416527748107910e-01 6.642991304397583008e-01
6.949502825736999512e-01 6.780916452407836914e-01
6.959589123725891113e-01 6.863592863082885742e-01
6.969675421714782715e-01 6.755321621894836426e-01
6.979761719703674316e-01 6.696410179138183594e-01
6.989848017692565918e-01 6.911417841911315918e-01
6.999934315681457520e-01 6.772794127464294434e-01
7.010020613670349121e-01 6.922336816787719727e-01
7.020106911659240723e-01 6.905270218849182129e-01
7.030193805694580078e-01 6.806225776672363281e-01
7.040280103683471680e-01 6.789231896400451660e-01
7.050366401672363281e-01 6.798161268234252930e-01
7.060452699661254883e-01 6.881417632102966309e-01
7.070538997650146484e-01 6.654613018035888672e-01
7.080625295639038086e-01 6.662365794181823730e-01
7.090711593627929688e-01 6.648100614547729492e-01
7.100797891616821289e-01 6.802519559860229492e-01
7.110884189605712891e-01 6.821287870407104492e-01
7.120970487594604492e-01 6.885380148887634277e-01
7.131057381629943848e-01 6.946681737899780273e-01
7.141143679618835449e-01 6.979579329490661621e-01
7.151229977607727051e-01 6.864520907402038574e-01
7.161316275596618652e-01 6.940143704414367676e-01
7.171402573585510254e-01 6.916324496269226074e-01
7.181488871574401855e-01 6.796240806579589844e-01
7.191575169563293457e-01 6.833496689796447754e-01
7.201661467552185059e-01 6.726518273353576660e-01
7.211747765541076660e-01 6.898794770240783691e-01
7.221834659576416016e-01 6.979482173919677734e-01
7.231920957565307617e-01 7.063765525817871094e-01
7.242007255554199219e-01 6.618540883064270020e-01
7.252093553543090820e-01 6.748205423355102539e-01
7.262179851531982422e-01 6.870096921920776367e-01
7.272266149520874023e-01 6.814216971397399902e-01
7.282352447509765625e-01 6.774602532386779785e-01
7.292438745498657227e-01 6.833972930908203125e-01
7.302525043487548828e-01 6.675343513488769531e-01
7.312611341476440430e-01 6.961076259613037109e-01
7.322698235511779785e-01 6.857311129570007324e-01
7.332784533500671387e-01 6.798855662345886230e-01
7.342870831489562988e-01 6.821753382682800293e-01
7.352957129478454590e-01 6.724027991294860840e-01
7.363043427467346191e-01 6.803495883941650391e-01
7.373129725456237793e-01 6.898006200790405273e-01
7.383216023445129395e-01 6.818019151687622070e-01
7.393302321434020996e-01 6.980405449867248535e-01
7.403388619422912598e-01 6.801581382751464844e-01
7.413475513458251953e-01 7.040922045707702637e-01
7.423561811447143555e-01 6.690194606781005859e-01
7.433648109436035156e-01 6.684495806694030762e-01
7.443734407424926758e-01 6.890537738800048828e-01
7.453820705413818359e-01 6.899780631065368652e-01
7.463907003402709961e-01 7.082270383834838867e-01
7.473993301391601562e-01 6.815527081489562988e-01
7.484079599380493164e-01 6.768035292625427246e-01
7.494165897369384766e-01 6.990264058113098145e-01
7.504252195358276367e-01 6.861625909805297852e-01
7.514339089393615723e-01 7.053811550140380859e-01
7.524425387382507324e-01 7.458065748214721680e-01
7.534511685371398926e-01 7.535244226455688477e-01
7.544597983360290527e-01 6.794291734695434570e-01
7.554684281349182129e-01 6.921977400779724121e-01
7.564770579338073730e-01 7.132130265235900879e-01
7.574856877326965332e-01 6.917979717254638672e-01
7.584943175315856934e-01 6.786200404167175293e-01
7.595029473304748535e-01 6.786141395568847656e-01
7.605116367340087891e-01 6.966542601585388184e-01
7.615202665328979492e-01 6.977841854095458984e-01
7.625288963317871094e-01 7.129719257354736328e-01
7.635375261306762695e-01 6.961839795112609863e-01
7.645461559295654297e-01 6.985042095184326172e-01
7.655547857284545898e-01 6.783789396286010742e-01
7.665634155273437500e-01 6.957076787948608398e-01
7.675720453262329102e-01 6.929454207420349121e-01
7.685806751251220703e-01 6.957947611808776855e-01
7.695893049240112305e-01 6.991510391235351562e-01
7.705979943275451660e-01 6.990456581115722656e-01
7.716066241264343262e-01 7.034778594970703125e-01
7.726152539253234863e-01 6.941597461700439453e-01
7.736238837242126465e-01 6.951251029968261719e-01
7.746325135231018066e-01 6.846058368682861328e-01
7.756411433219909668e-01 7.023907303810119629e-01
7.766497731208801270e-01 6.960783004760742188e-01
7.776584029197692871e-01 6.914157867431640625e-01
7.786670327186584473e-01 7.254667878150939941e-01
7.796757221221923828e-01 7.090153694152832031e-01
7.806843519210815430e-01 6.877591609954833984e-01
7.816929817199707031e-01 6.957105994224548340e-01
7.827016115188598633e-01 7.008460164070129395e-01
7.837102413177490234e-01 6.882079243659973145e-01
7.847188711166381836e-01 6.784564256668090820e-01
7.857275009155273438e-01 6.893102526664733887e-01
7.867361307144165039e-01 7.113332748413085938e-01
7.877447605133056641e-01 7.153520584106445312e-01
7.887533903121948242e-01 7.045148611068725586e-01
7.897620797157287598e-01 7.195419073104858398e-01
7.907707095146179199e-01 6.944098472595214844e-01
7.917793393135070801e-01 6.940289735794067383e-01
7.927879691123962402e-01 6.827241182327270508e-01
7.937965989112854004e-01 7.135368585586547852e-01
7.948052287101745605e-01 7.118852734565734863e-01
7.958138585090637207e-01 7.110666036605834961e-01
7.968224883079528809e-01 7.069616913795471191e-01
7.978311181068420410e-01 7.275948524475097656e-01
7.988398075103759766e-01 7.184076309204101562e-01
7.998484373092651367e-01 7.153143286705017090e-01
8.008570671081542969e-01 7.247664332389831543e-01
8.018656969070434570e-01 7.076520323753356934e-01
8.028743267059326172e-01 7.051007151603698730e-01
8.038829565048217773e-01 7.005600929260253906e-01
8.048915863037109375e-01 7.319970726966857910e-01
8.059002161026000977e-01 7.186952233314514160e-01
8.069088459014892578e-01 7.305463552474975586e-01
8.079174757003784180e-01 7.166939377784729004e-01
8.089261651039123535e-01 7.122133970260620117e-01
8.099347949028015137e-01 7.097042798995971680e-01
8.109434247016906738e-01 7.121261954307556152e-01
8.119520545005798340e-01 7.276504039764404297e-01
8.129606842994689941e-01 7.407522797584533691e-01
8.139693140983581543e-01 7.227266430854797363e-01
8.149779438972473145e-01 7.186576724052429199e-01
8.159865736961364746e-01 7.132328748703002930e-01
8.169952034950256348e-01 7.172613143920898438e-01
8.180038928985595703e-01 6.975730657577514648e-01
8.190125226974487305e-01 7.128927111625671387e-01
8.200211524963378906e-01 7.221006155014038086e-01
8.210297822952270508e-01 7.242203950881958008e-01
8.220384120941162109e-01 7.031684517860412598e-01
8.230470418930053711e-01 7.168319821357727051e-01
8.240556716918945312e-01 7.378798127174377441e-01
8.250643014907836914e-01 7.395122647285461426e-01
8.260729312896728516e-01 7.185155153274536133e-01
8.270815610885620117e-01 7.209178209304809570e-01
8.280902504920959473e-01 7.289311289787292480e-01
8.290988802909851074e-01 7.192115187644958496e-01
8.301075100898742676e-01 7.196300625801086426e-01
8.311161398887634277e-01 7.275184392929077148e-01
8.321247696876525879e-01 7.338147163391113281e-01
8.331333994865417480e-01 7.244159579277038574e-01
8.341420292854309082e-01 7.153565287590026855e-01
8.351506590843200684e-01 7.286276221275329590e-01
8.361592888832092285e-01 7.316706180572509766e-01
8.371679782867431641e-01 7.226895093917846680e-01
8.381766080856323242e-01 7.294526696205139160e-01
8.391852378845214844e-01 7.289403676986694336e-01
8.401938676834106445e-01 7.305560111999511719e-01
8.412024974822998047e-01 7.337835431098937988e-01
8.422111272811889648e-01 7.419956326484680176e-01
8.432197570800781250e-01 7.389851808547973633e-01
8.442283868789672852e-01 7.391942143440246582e-01
8.452370166778564453e-01 7.518087625503540039e-01
8.462456464767456055e-01 7.490618228912353516e-01
8.472543358802795410e-01 7.345662117004394531e-01
8.482629656791687012e-01 7.467785477638244629e-01
8.492715954780578613e-01 7.535068392753601074e-01
8.502802252769470215e-01 7.461162209510803223e-01
8.512888550758361816e-01 7.314672470092773438e-01
8.522974848747253418e-01 7.240365147590637207e-01
8.533061146736145020e-01 7.442145943641662598e-01
8.543147444725036621e-01 7.438554763793945312e-01
8.553233742713928223e-01 7.544562816619873047e-01
8.563320636749267578e-01 7.489526867866516113e-01
8.573406934738159180e-01 7.583200931549072266e-01
8.583493232727050781e-01 7.473945617675781250e-01
8.593579530715942383e-01 7.249822020530700684e-01
8.603665828704833984e-01 7.265173196792602539e-01
8.613752126693725586e-01 7.356238365173339844e-01
8.623838424682617188e-01 8.652758598327636719e-01
8.633924722671508789e-01 1.065805792808532715e+00
8.644011020660400391e-01 7.513733506202697754e-01
8.654097318649291992e-01 7.549896240234375000e-01
8.664184212684631348e-01 7.401946187019348145e-01
8.674270510673522949e-01 7.580397725105285645e-01
8.684356808662414551e-01 7.427180409431457520e-01
8.694443106651306152e-01 7.793974280357360840e-01
8.704529404640197754e-01 7.802679538726806641e-01
8.714615702629089355e-01 7.574693560600280762e-01
8.724702000617980957e-01 7.676313519477844238e-01
8.734788298606872559e-01 7.517694234848022461e-01
8.744874596595764160e-01 7.499635219573974609e-01
8.754961490631103516e-01 7.441560029983520508e-01
8.765047788619995117e-01 7.553042769432067871e-01
8.775134086608886719e-01 7.704907655715942383e-01
8.785220384597778320e-01 7.573380470275878906e-01
8.795306682586669922e-01 7.540166378021240234e-01
8.805392980575561523e-01 7.611517310142517090e-01
8.815479278564453125e-01 7.555012702941894531e-01
8.825565576553344727e-01 7.772147059440612793e-01
8.835651874542236328e-01 7.583984136581420898e-01
8.845738172531127930e-01 7.682885527610778809e-01
8.855825066566467285e-01 7.774147391319274902e-01
8.865911364555358887e-01 7.851671576499938965e-01
8.875997662544250488e-01 7.600389122962951660e-01
8.886083960533142090e-01 7.627112269401550293e-01
8.896170258522033691e-01 7.734556794166564941e-01
8.906256556510925293e-01 7.810189127922058105e-01
8.916342854499816895e-01 7.943112254142761230e-01
8.926429152488708496e-01 7.899216413497924805e-01
8.936515450477600098e-01 7.694106101989746094e-01
8.946602344512939453e-01 7.734060287475585938e-01
8.956688642501831055e-01 8.078724741935729980e-01
8.966774940490722656e-01 7.737740874290466309e-01
8.976861238479614258e-01 7.829376459121704102e-01
8.986947536468505859e-01 7.643114924430847168e-01
8.997033834457397461e-01 7.741081714630126953e-01
9.007120132446289062e-01 7.759937644004821777e-01
9.017206430435180664e-01 7.719774246215820312e-01
9.027292728424072266e-01 7.560989856719970703e-01
9.037379026412963867e-01 7.677118182182312012e-01
9.047465920448303223e-01 7.892379164695739746e-01
9.057552218437194824e-01 7.859717607498168945e-01
9.067638516426086426e-01 7.612039446830749512e-01
9.077724814414978027e-01 7.660153508186340332e-01
9.087811112403869629e-01 7.777438163757324219e-01
9.097897410392761230e-01 8.218554258346557617e-01
9.107983708381652832e-01 8.106137514114379883e-01
9.118070006370544434e-01 7.971954941749572754e-01
9.128156304359436035e-01 7.878983020782470703e-01
9.138243198394775391e-01 7.690301537513732910e-01
9.148329496383666992e-01 7.794101238250732422e-01
9.158415794372558594e-01 7.888140678405761719e-01
9.168502092361450195e-01 7.762525677680969238e-01
9.178588390350341797e-01 7.641246318817138672e-01
9.188674688339233398e-01 7.866115570068359375e-01
9.198760986328125000e-01 8.176863789558410645e-01
9.208847284317016602e-01 8.222988247871398926e-01
9.218933582305908203e-01 8.212496638298034668e-01
9.229020476341247559e-01 7.879288792610168457e-01
9.239106774330139160e-01 8.016927242279052734e-01
9.249193072319030762e-01 7.881206274032592773e-01
9.259279370307922363e-01 8.137106299400329590e-01
9.269365668296813965e-01 7.824509143829345703e-01
9.279451966285705566e-01 7.843413949012756348e-01
9.289538264274597168e-01 7.963903546333312988e-01
9.299624562263488770e-01 8.016073703765869141e-01
9.309710860252380371e-01 7.888569235801696777e-01
9.319797158241271973e-01 8.150578737258911133e-01
9.329884052276611328e-01 8.030509352684020996e-01
9.339970350265502930e-01 7.986343502998352051e-01
9.350056648254394531e-01 8.090006709098815918e-01
9.360142946243286133e-01 8.105598688125610352e-01
9.370229244232177734e-01 7.849912643432617188e-01
9.380315542221069336e-01 8.088904619216918945e-01
9.390401840209960938e-01 8.108832240104675293e-01
9.400488138198852539e-01 8.141444921493530273e-01
9.410574436187744141e-01 8.273428678512573242e-01
9.420661330223083496e-01 8.147662281990051270e-01
9.430747628211975098e-01 8.243096470832824707e-01
9.440833926200866699e-01 8.062612414360046387e-01
9.450920224189758301e-01 8.052634000778198242e-01
9.461006522178649902e-01 8.096016049385070801e-01
9.471092820167541504e-01 8.013044595718383789e-01
9.481179118156433105e-01 7.885777950286865234e-01
9.491265416145324707e-01 8.182271718978881836e-01
9.501351714134216309e-01 8.264237642288208008e-01
9.511438012123107910e-01 8.149741888046264648e-01
9.521524906158447266e-01 8.010897040367126465e-01
9.531611204147338867e-01 8.205919861793518066e-01
9.541697502136230469e-01 8.017210960388183594e-01
9.551783800125122070e-01 8.089281916618347168e-01
9.561870098114013672e-01 8.204355835914611816e-01
9.571956396102905273e-01 8.372451066970825195e-01
9.582042694091796875e-01 8.224152326583862305e-01
9.592128992080688477e-01 8.464199900627136230e-01
9.602215290069580078e-01 8.414682149887084961e-01
9.612302184104919434e-01 8.182234764099121094e-01
9.622388482093811035e-01 8.203632831573486328e-01
9.632474780082702637e-01 8.380143642425537109e-01
9.642561078071594238e-01 8.573801517486572266e-01
9.652647376060485840e-01 8.523905277252197266e-01
9.662733674049377441e-01 8.348333835601806641e-01
9.672819972038269043e-01 8.662016987800598145e-01
9.682906270027160645e-01 8.398123979568481445e-01
9.692992568016052246e-01 8.407872319221496582e-01
9.703078866004943848e-01 8.389174342155456543e-01
9.713165760040283203e-01 8.049762248992919922e-01
9.723252058029174805e-01 8.650168776512145996e-01
9.733338356018066406e-01 8.186919093132019043e-01
9.743424654006958008e-01 8.241778016090393066e-01
9.753510951995849609e-01 8.402774333953857422e-01
9.763597249984741211e-01 8.319810628890991211e-01
9.773683547973632812e-01 8.644458055496215820e-01
9.783769845962524414e-01 8.487768769264221191e-01
9.793856143951416016e-01 8.781729936599731445e-01
9.803943037986755371e-01 8.517174720764160156e-01
9.814029335975646973e-01 8.521679639816284180e-01
9.824115633964538574e-01 8.821094632148742676e-01
9.834201931953430176e-01 8.802834153175354004e-01
9.844288229942321777e-01 8.669080138206481934e-01
9.854374527931213379e-01 8.634092211723327637e-01
9.864460825920104980e-01 8.115165233612060547e-01
9.874547123908996582e-01 8.475550413131713867e-01
9.884633421897888184e-01 8.942224979400634766e-01
9.894719719886779785e-01 8.810669183731079102e-01
9.904806613922119141e-01 8.678776025772094727e-01
9.914892911911010742e-01 8.447597026824951172e-01
9.924979209899902344e-01 8.259847164154052734e-01
9.935065507888793945e-01 8.876224160194396973e-01
9.945151805877685547e-01 8.630574941635131836e-01
9.955238103866577148e-01 8.072546124458312988e-01
9.965324401855468750e-01 8.718196153640747070e-01
9.975410699844360352e-01 8.881146907806396484e-01
9.985496997833251953e-01 8.478357791900634766e-01
9.995583891868591309e-01 8.692827224731445312e-01
1.000566959381103516e+00 8.863245248794555664e-01
1.001575589179992676e+00 9.036566019058227539e-01
1.002584218978881836e+00 8.800600171089172363e-01
1.003592848777770996e+00 8.922572135925292969e-01
1.004601597785949707e+00 8.474818468093872070e-01
1.005610227584838867e+00 8.714581727981567383e-01
1.006618857383728027e+00 8.515853285789489746e-01
1.007627487182617188e+00 8.415608406066894531e-01
1.008636116981506348e+00 8.973748683929443359e-01
1.009644746780395508e+00 9.060525298118591309e-01
1.010653376579284668e+00 8.618763685226440430e-01
1.011662006378173828e+00 8.628030419349670410e-01
1.012670636177062988e+00 8.828518986701965332e-01
1.013679265975952148e+00 8.999521732330322266e-01
1.014687895774841309e+00 9.088298678398132324e-01
1.015696525573730469e+00 8.884842991828918457e-01
1.016705155372619629e+00 8.807547092437744141e-01
1.017713785171508789e+00 8.342601060867309570e-01
1.018722414970397949e+00 8.767516016960144043e-01
1.019731044769287109e+00 8.918504118919372559e-01
1.020739674568176270e+00 9.018682241439819336e-01
1.021748304367065430e+00 8.836309909820556641e-01
1.022756934165954590e+00 9.040837287902832031e-01
1.023765683174133301e+00 8.954783678054809570e-01
1.024774312973022461e+00 9.086860418319702148e-01
1.025782942771911621e+00 8.797633647918701172e-01
1.026791572570800781e+00 8.882781863212585449e-01
1.027800202369689941e+00 9.101162552833557129e-01
1.028808832168579102e+00 9.292397499084472656e-01
1.029817461967468262e+00 9.064443111419677734e-01
1.030826091766357422e+00 9.290447235107421875e-01
1.031834721565246582e+00 9.115380644798278809e-01
1.032843351364135742e+00 8.916898369789123535e-01
1.033851981163024902e+00 8.877333402633666992e-01
1.034860610961914062e+00 9.214807152748107910e-01
1.035869240760803223e+00 9.111158251762390137e-01
1.036877870559692383e+00 9.062636494636535645e-01
1.037886500358581543e+00 9.029666781425476074e-01
1.038895130157470703e+00 8.891678452491760254e-01
1.039903759956359863e+00 8.679805397987365723e-01
1.040912389755249023e+00 8.995407819747924805e-01
1.041921019554138184e+00 9.207546710968017578e-01
1.042929768562316895e+00 9.671041369438171387e-01
1.043938398361206055e+00 8.912781476974487305e-01
1.044947028160095215e+00 9.120967984199523926e-01
1.045955657958984375e+00 9.314131736755371094e-01
1.046964287757873535e+00 9.351165294647216797e-01
1.047972917556762695e+00 9.604328870773315430e-01
1.048981547355651855e+00 9.465041756629943848e-01
1.049990177154541016e+00 9.530624151229858398e-01
1.050998806953430176e+00 9.410476684570312500e-01
1.052007436752319336e+00 9.346222877502441406e-01
1.053016066551208496e+00 9.254118800163269043e-01
1.054024696350097656e+00 9.548766613006591797e-01
1.055033326148986816e+00 9.314382672309875488e-01
1.056041955947875977e+00 9.317224621772766113e-01
1.057050585746765137e+00 9.832120537757873535e-01
1.058059215545654297e+00 9.482665061950683594e-01
1.059067845344543457e+00 8.889884352684020996e-01
1.060076475143432617e+00 9.493466615676879883e-01
1.061085104942321777e+00 9.537889957427978516e-01
1.062093853950500488e+00 9.245387911796569824e-01
1.063102483749389648e+00 9.041182994842529297e-01
1.064111113548278809e+00 1.065123081207275391e+00
1.065119743347167969e+00 1.026570916175842285e+00
1.066128373146057129e+00 9.931131601333618164e-01
1.067137002944946289e+00 9.924624562263488770e-01
1.068145632743835449e+00 9.025108814239501953e-01
1.069154262542724609e+00 9.551172852516174316e-01
1.070162892341613770e+00 9.588967561721801758e-01
1.071171522140502930e+00 9.269183278083801270e-01
1.072180151939392090e+00 9.091663360595703125e-01
1.073188781738281250e+00 9.887028336524963379e-01
1.074197411537170410e+00 9.745538830757141113e-01
1.075206041336059570e+00 1.004337787628173828e+00
1.076214671134948730e+00 9.941894412040710449e-01
1.077223300933837891e+00 9.196373820304870605e-01
1.078231930732727051e+00 9.575849771499633789e-01
1.079240560531616211e+00 9.708731174468994141e-01
1.080249190330505371e+00 1.028199553489685059e+00
1.081257939338684082e+00 9.908000826835632324e-01
1.082266569137573242e+00 1.020084142684936523e+00
1.083275198936462402e+00 1.017840862274169922e+00
1.084283828735351562e+00 1.002492547035217285e+00
1.085292458534240723e+00 1.049642920494079590e+00
1.086301088333129883e+00 1.026635289192199707e+00
1.087309718132019043e+00 9.556986689567565918e-01
1.088318347930908203e+00 1.019875288009643555e+00
1.089326977729797363e+00 1.001656413078308105e+00
1.090335607528686523e+00 1.038892507553100586e+00
1.091344237327575684e+00 1.013872981071472168e+00
1.092352867126464844e+00 9.944046735763549805e-01
1.093361496925354004e+00 9.981386065483093262e-01
1.094370126724243164e+00 1.055134773254394531e+00
1.095378756523132324e+00 1.041653513908386230e+00
1.096387386322021484e+00 1.006481289863586426e+00
1.097396016120910645e+00 1.024586200714111328e+00
1.098404645919799805e+00 1.037389039993286133e+00
1.099413275718688965e+00 1.024085402488708496e+00
1.100422024726867676e+00 1.040552735328674316e+00
1.101430654525756836e+00 1.076501369476318359e+00
1.102439284324645996e+00 1.015818715095520020e+00
1.103447914123535156e+00 1.014295578002929688e+00
1.104456543922424316e+00 1.053594350814819336e+00
1.105465173721313477e+00 1.068150758743286133e+00
1.106473803520202637e+00 9.940033555030822754e-01
1.107482433319091797e+00 9.474583268165588379e-01
1.108491063117980957e+00 9.655894637107849121e-01
1.109499692916870117e+00 1.049983978271484375e+00
1.110508322715759277e+00 1.079902291297912598e+00
1.111516952514648438e+00 1.040901780128479004e+00
1.112525582313537598e+00 9.935025572776794434e-01
1.113534212112426758e+00 1.081971645355224609e+00
1.114542841911315918e+00 1.074973702430725098e+00
1.115551471710205078e+00 1.021123528480529785e+00
1.116560101509094238e+00 1.011670947074890137e+00
1.117568731307983398e+00 1.037323474884033203e+00
1.118577361106872559e+00 1.091018557548522949e+00
1.119586110115051270e+00 1.092567324638366699e+00
1.120594739913940430e+00 1.037531733512878418e+00
1.121603369712829590e+00 1.046504020690917969e+00
1.122611999511718750e+00 1.044268369674682617e+00
1.123620629310607910e+00 1.079769730567932129e+00
1.124629259109497070e+00 9.959326982498168945e-01
1.125637888908386230e+00 1.131405591964721680e+00
1.126646518707275391e+00 1.131458282470703125e+00
1.127655148506164551e+00 1.141375541687011719e+00
1.128663778305053711e+00 1.055939197540283203e+00
1.129672408103942871e+00 1.122536420822143555e+00
1.130681037902832031e+00 1.068490862846374512e+00
1.131689667701721191e+00 1.099552631378173828e+00
1.132698297500610352e+00 1.086195468902587891e+00
1.133706927299499512e+00 1.000215053558349609e+00
1.134715557098388672e+00 1.042836308479309082e+00
1.135724186897277832e+00 1.183061361312866211e+00
1.136732816696166992e+00 1.144104719161987305e+00
1.137741446495056152e+00 1.091017723083496094e+00
1.138750195503234863e+00 1.087773680686950684e+00
1.139758825302124023e+00 1.121157526969909668e+00
1.140767455101013184e+00 1.058354258537292480e+00
1.141776084899902344e+00 1.112113595008850098e+00
1.142784714698791504e+00 1.041537046432495117e+00
1.143793344497680664e+00 1.061063766479492188e+00
1.144801974296569824e+00 1.136561989784240723e+00
1.145810604095458984e+00 1.103777408599853516e+00
1.146819233894348145e+00 1.139127612113952637e+00
1.147827863693237305e+00 1.165240049362182617e+00
1.148836493492126465e+00 1.076557397842407227e+00
1.149845123291015625e+00 1.128090858459472656e+00
1.150853753089904785e+00 1.120945334434509277e+00
1.151862382888793945e+00 1.209976434707641602e+00
1.152871012687683105e+00 1.062680244445800781e+00
1.153879642486572266e+00 1.131166577339172363e+00
1.154888272285461426e+00 1.063809275627136230e+00
1.155896902084350586e+00 1.035100817680358887e+00
1.156905531883239746e+00 1.174996733665466309e+00
1.157914280891418457e+00 1.154991149902343750e+00
1.158922910690307617e+00 1.161307215690612793e+00
1.159931540489196777e+00 1.206472635269165039e+00
1.160940170288085938e+00 1.094415307044982910e+00
1.161948800086975098e+00 1.200160861015319824e+00
1.162957429885864258e+00 1.199036955833435059e+00
1.163966059684753418e+00 1.173229575157165527e+00
1.164974689483642578e+00 1.082253217697143555e+00
1.165983319282531738e+00 1.120464801788330078e+00
1.166991949081420898e+00 1.187368869781494141e+00
1.168000578880310059e+00 1.195333600044250488e+00
1.169009208679199219e+00 1.271154403686523438e+00
1.170017838478088379e+00 1.108125090599060059e+00
1.171026468276977539e+00 1.231634259223937988e+00
1.172035098075866699e+00 1.214006066322326660e+00
1.173043727874755859e+00 1.100760579109191895e+00
1.174052357673645020e+00 1.166679382324218750e+00
1.175060987472534180e+00 1.128347635269165039e+00
1.176069617271423340e+00 1.024656891822814941e+00
1.177078366279602051e+00 1.116683959960937500e+00
1.178086996078491211e+00 1.238520979881286621e+00
1.179095625877380371e+00 1.273776769638061523e+00
1.180104255676269531e+00 1.252888560295104980e+00
1.181112885475158691e+00 1.114176630973815918e+00
1.182121515274047852e+00 1.205039262771606445e+00
1.183130145072937012e+00 1.176711201667785645e+00
1.184138774871826172e+00 1.129645705223083496e+00
1.185147404670715332e+00 1.303606033325195312e+00
1.186156034469604492e+00 1.259729266166687012e+00
1.187164664268493652e+00 1.137611269950866699e+00
1.188173294067382812e+00 1.305930256843566895e+00
1.189181923866271973e+00 1.325342416763305664e+00
1.190190553665161133e+00 1.314027667045593262e+00
1.191199183464050293e+00 1.250409126281738281e+00
1.192207813262939453e+00 1.224971294403076172e+00
1.193216443061828613e+00 1.181988358497619629e+00
1.194225072860717773e+00 1.352032423019409180e+00
1.195233702659606934e+00 1.257473707199096680e+00
1.196242451667785645e+00 1.170888543128967285e+00
1.197251081466674805e+00 1.115400195121765137e+00
1.198259711265563965e+00 1.107064366340637207e+00
1.199268341064453125e+00 1.046696186065673828e+00
1.200276970863342285e+00 1.156623363494873047e+00
1.201285600662231445e+00 1.013335704803466797e+00
1.202294230461120605e+00 1.210458993911743164e+00
1.203302860260009766e+00 1.350504517555236816e+00
1.204311490058898926e+00 1.373160004615783691e+00
1.205320119857788086e+00 1.268744945526123047e+00
1.206328749656677246e+00 1.154352068901062012e+00
1.207337379455566406e+00 1.016192436218261719e+00
1.208346009254455566e+00 1.195853352546691895e+00
1.209354639053344727e+00 5.254337191581726074e-01
