0.000000000000000000e+00 6.507085571289062500e+02
1.008636085316538811e-03 5.411007690429687500e+02
2.017272170633077621e-03 4.569386291503906250e+02
3.025908255949616432e-03 3.761190795898437500e+02
4.034544341266155243e-03 3.252225952148437500e+02
5.043180659413337708e-03 2.854486083984375000e+02
6.051816511899232864e-03 2.589216613769531250e+02
7.060452364385128021e-03 2.395407867431640625e+02
8.069088682532310486e-03 2.230774536132812500e+02
9.077725000679492950e-03 2.079620819091796875e+02
1.008636131882667542e-02 1.992890625000000000e+02
1.109499670565128326e-02 1.872586822509765625e+02
1.210363302379846573e-02 1.789424438476562500e+02
1.311226934194564819e-02 1.707827301025390625e+02
1.412090472877025604e-02 1.617539978027343750e+02
1.512954104691743851e-02 1.538171386718750000e+02
1.613817736506462097e-02 1.458938140869140625e+02
1.714681275188922882e-02 1.391038665771484375e+02
1.815545000135898590e-02 1.300051574707031250e+02
1.916408538818359375e-02 1.234291381835937500e+02
2.017272263765335083e-02 1.162806243896484375e+02
2.118135802447795868e-02 1.110422210693359375e+02
2.218999341130256653e-02 1.043423461914062500e+02
2.319863066077232361e-02 9.803405761718750000e+01
2.420726604759693146e-02 9.248867797851562500e+01
2.521590143442153931e-02 8.769304656982421875e+01
2.622453868389129639e-02 8.300350952148437500e+01
2.723317407071590424e-02 7.902394104003906250e+01
2.824180945754051208e-02 7.547408294677734375e+01
2.925044670701026917e-02 7.123970794677734375e+01
3.025908209383487701e-02 6.776474761962890625e+01
3.126771748065948486e-02 6.421756744384765625e+01
3.227635473012924194e-02 6.069271087646484375e+01
3.328499197959899902e-02 5.743533325195312500e+01
3.429362550377845764e-02 5.465335845947265625e+01
3.530226275324821472e-02 5.201225662231445312e+01
3.631090000271797180e-02 4.928018569946289062e+01
3.731953352689743042e-02 4.646763229370117188e+01
3.832817077636718750e-02 4.449654006958007812e+01
3.933680802583694458e-02 4.246380233764648438e+01
4.034544527530670166e-02 3.999295043945312500e+01
4.135407879948616028e-02 3.806986999511718750e+01
4.236271604895591736e-02 3.614012145996093750e+01
4.337135329842567444e-02 3.424277114868164062e+01
4.437998682260513306e-02 3.282233810424804688e+01
4.538862407207489014e-02 3.098788070678710938e+01
4.639726132154464722e-02 2.966457176208496094e+01
4.740589484572410583e-02 2.818429183959960938e+01
4.841453209519386292e-02 2.689483451843261719e+01
4.942316934466362000e-02 2.579957389831542969e+01
5.043180286884307861e-02 2.437706565856933594e+01
5.144044011831283569e-02 2.331637763977050781e+01
5.244907736778259277e-02 2.206188392639160156e+01
5.345771089196205139e-02 2.100660133361816406e+01
5.446634814143180847e-02 2.019108963012695312e+01
5.547498539090156555e-02 1.908603668212890625e+01
5.648361891508102417e-02 1.840201950073242188e+01
5.749225616455078125e-02 1.768239974975585938e+01
5.850089341402053833e-02 1.673282814025878906e+01
5.950953066349029541e-02 1.602778816223144531e+01
6.051816418766975403e-02 1.528450393676757812e+01
6.152680143713951111e-02 1.487217903137207031e+01
6.253543496131896973e-02 1.415701866149902344e+01
6.354407221078872681e-02 1.380924129486083984e+01
6.455270946025848389e-02 1.299062919616699219e+01
6.556134670972824097e-02 1.269464492797851562e+01
6.656998395919799805e-02 1.229974651336669922e+01
6.757862120866775513e-02 1.194929313659667969e+01
6.858725100755691528e-02 1.146112918853759766e+01
6.959588825702667236e-02 1.097794055938720703e+01
7.060452550649642944e-02 1.057594776153564453e+01
7.161316275596618652e-02 1.033499336242675781e+01
7.262180000543594360e-02 9.903108596801757812e+00
7.363043725490570068e-02 9.657072067260742188e+00
7.463906705379486084e-02 9.471830368041992188e+00
7.564770430326461792e-02 9.082991600036621094e+00
7.665634155273437500e-02 8.703534126281738281e+00
7.766497880220413208e-02 8.482096672058105469e+00
7.867361605167388916e-02 8.285537719726562500e+00
7.968225330114364624e-02 7.928427696228027344e+00
8.069089055061340332e-02 7.806669712066650391e+00
8.169952034950256348e-02 7.649179458618164062e+00
8.270815759897232056e-02 7.603134155273437500e+00
8.371679484844207764e-02 7.344388484954833984e+00
8.472543209791183472e-02 7.159938335418701172e+00
8.573406934738159180e-02 7.044743537902832031e+00
8.674270659685134888e-02 6.966598510742187500e+00
8.775133639574050903e-02 6.883337497711181641e+00
8.875997364521026611e-02 6.661723613739013672e+00
8.976861089468002319e-02 6.470993995666503906e+00
9.077724814414978027e-02 6.372787952423095703e+00
9.178588539361953735e-02 6.257985591888427734e+00
9.279452264308929443e-02 6.234247207641601562e+00
9.380315244197845459e-02 6.058987617492675781e+00
9.481178969144821167e-02 5.945365428924560547e+00
9.582042694091796875e-02 5.874624252319335938e+00
9.682906419038772583e-02 5.782804012298583984e+00
9.783770143985748291e-02 5.652440071105957031e+00
9.884633868932723999e-02 5.609848022460937500e+00
9.985497593879699707e-02 5.483488082885742188e+00
1.008636057376861572e-01 5.496242046356201172e+00
1.018722429871559143e-01 5.474493503570556641e+00
1.028808802366256714e-01 5.334523677825927734e+00
1.038895174860954285e-01 5.146492004394531250e+00
1.048981547355651855e-01 5.177158832550048828e+00
1.059067919850349426e-01 5.184269905090332031e+00
1.069154217839241028e-01 5.023472309112548828e+00
1.079240590333938599e-01 5.012100696563720703e+00
1.089326962828636169e-01 4.928612232208251953e+00
1.099413335323333740e-01 4.883248329162597656e+00
1.109499707818031311e-01 4.892100334167480469e+00
1.119586080312728882e-01 4.793256282806396484e+00
1.129672378301620483e-01 4.787452220916748047e+00
1.139758750796318054e-01 4.802880287170410156e+00
1.149845123291015625e-01 4.728646755218505859e+00
1.159931495785713196e-01 4.675676822662353516e+00
1.170017868280410767e-01 4.592016220092773438e+00
1.180104240775108337e-01 4.587518215179443359e+00
1.190190613269805908e-01 4.547031879425048828e+00
1.200276911258697510e-01 4.536711215972900391e+00
1.210363283753395081e-01 4.446662902832031250e+00
1.220449656248092651e-01 4.436910629272460938e+00
1.230536028742790222e-01 4.443322181701660156e+00
1.240622401237487793e-01 4.492897033691406250e+00
1.250708699226379395e-01 4.396309852600097656e+00
1.260795146226882935e-01 4.420647621154785156e+00
1.270881444215774536e-01 4.366173744201660156e+00
1.280967891216278076e-01 4.294942855834960938e+00
1.291054189205169678e-01 4.323371887207031250e+00
1.301140487194061279e-01 4.284025669097900391e+00
1.311226934194564819e-01 4.223035335540771484e+00
1.321313232183456421e-01 4.216914653778076172e+00
1.331399679183959961e-01 4.189912319183349609e+00
1.341485977172851562e-01 4.280148029327392578e+00
1.351572424173355103e-01 4.217106342315673828e+00
1.361658722162246704e-01 4.181197643280029297e+00
1.371745020151138306e-01 4.202669620513916016e+00
1.381831467151641846e-01 4.110712528228759766e+00
1.391917765140533447e-01 4.169359207153320312e+00
1.402004212141036987e-01 4.147197246551513672e+00
1.412090510129928589e-01 4.043365955352783203e+00
1.422176808118820190e-01 4.078624248504638672e+00
1.432263255119323730e-01 4.099875926971435547e+00
1.442349553108215332e-01 3.999495267868041992e+00
1.452436000108718872e-01 4.049536228179931641e+00
1.462522298097610474e-01 3.966686725616455078e+00
1.472608745098114014e-01 4.010403156280517578e+00
1.482695043087005615e-01 4.013470649719238281e+00
1.492781341075897217e-01 4.018543720245361328e+00
1.502867788076400757e-01 4.056607723236083984e+00
1.512954086065292358e-01 3.993564844131469727e+00
1.523040533065795898e-01 4.023869991302490234e+00
1.533126831054687500e-01 3.954499959945678711e+00
1.543213278055191040e-01 3.994661331176757812e+00
1.553299576044082642e-01 3.980299711227416992e+00
1.563385874032974243e-01 3.969373703002929688e+00
1.573472321033477783e-01 3.957631587982177734e+00
1.583558619022369385e-01 3.996730089187622070e+00
1.593645066022872925e-01 3.955791234970092773e+00
1.603731364011764526e-01 3.955261468887329102e+00
1.613817811012268066e-01 3.917931079864501953e+00
1.623904109001159668e-01 3.897588491439819336e+00
1.633990406990051270e-01 3.955862760543823242e+00
1.644076853990554810e-01 3.906457901000976562e+00
1.654163151979446411e-01 3.897188186645507812e+00
1.664249598979949951e-01 3.840547561645507812e+00
1.674335896968841553e-01 3.880597352981567383e+00
1.684422194957733154e-01 3.865809679031372070e+00
1.694508641958236694e-01 3.975641965866088867e+00
1.704594939947128296e-01 3.941944599151611328e+00
1.714681386947631836e-01 3.918102741241455078e+00
1.724767684936523438e-01 3.855966567993164062e+00
1.734854131937026978e-01 3.858632564544677734e+00
1.744940429925918579e-01 3.902125835418701172e+00
1.755026727914810181e-01 3.878133773803710938e+00
1.765113174915313721e-01 3.910562038421630859e+00
1.775199472904205322e-01 3.833084583282470703e+00
1.785285919904708862e-01 3.849052906036376953e+00
1.795372217893600464e-01 3.791582822799682617e+00
1.805458664894104004e-01 3.813682079315185547e+00
1.815544962882995605e-01 3.797814130783081055e+00
1.825631260871887207e-01 3.795707225799560547e+00
1.835717707872390747e-01 3.803479909896850586e+00
1.845804005861282349e-01 3.816784620285034180e+00
1.855890452861785889e-01 3.823037624359130859e+00
1.865976750850677490e-01 3.803547620773315430e+00
1.876063048839569092e-01 3.792560577392578125e+00
1.886149495840072632e-01 3.785434722900390625e+00
1.896235793828964233e-01 3.770707845687866211e+00
1.906322240829467773e-01 3.793773651123046875e+00
1.916408538818359375e-01 3.827397584915161133e+00
1.926494985818862915e-01 3.797797203063964844e+00
1.936581283807754517e-01 3.758598566055297852e+00
1.946667581796646118e-01 3.752227544784545898e+00
1.956754028797149658e-01 3.823274850845336914e+00
1.966840326786041260e-01 3.814410448074340820e+00
1.976926773786544800e-01 3.886100769042968750e+00
1.987013071775436401e-01 3.809209108352661133e+00
1.997099518775939941e-01 3.787694692611694336e+00
2.007185816764831543e-01 3.806615114212036133e+00
2.017272114753723145e-01 3.860757827758789062e+00
2.027358561754226685e-01 3.841398000717163086e+00
2.037444859743118286e-01 3.759634733200073242e+00
2.047531306743621826e-01 3.761857748031616211e+00
2.057617604732513428e-01 3.755392551422119141e+00
2.067703902721405029e-01 3.807150125503540039e+00
2.077790349721908569e-01 3.764394521713256836e+00
2.087876647710800171e-01 3.821388959884643555e+00
2.097963094711303711e-01 3.828861713409423828e+00
2.108049392700195312e-01 3.777136802673339844e+00
2.118135839700698853e-01 3.730850934982299805e+00
2.128222137689590454e-01 3.775225400924682617e+00
2.138308435678482056e-01 3.805144309997558594e+00
2.148394882678985596e-01 3.779960155487060547e+00
2.158481180667877197e-01 3.747930526733398438e+00
2.168567627668380737e-01 3.716255187988281250e+00
2.178653925657272339e-01 3.746916294097900391e+00
2.188740372657775879e-01 3.712970733642578125e+00
2.198826670646667480e-01 3.739165544509887695e+00
2.208912968635559082e-01 3.766767263412475586e+00
2.218999415636062622e-01 3.758548974990844727e+00
2.229085713624954224e-01 3.740190982818603516e+00
2.239172160625457764e-01 3.724807977676391602e+00
2.249258458614349365e-01 3.739153861999511719e+00
2.259344756603240967e-01 3.740972757339477539e+00
2.269431203603744507e-01 3.693538904190063477e+00
2.279517501592636108e-01 3.710180282592773438e+00
2.289603948593139648e-01 3.645073652267456055e+00
2.299690246582031250e-01 3.712550401687622070e+00
2.309776693582534790e-01 3.756832599639892578e+00
2.319862991571426392e-01 3.690538167953491211e+00
2.329949289560317993e-01 3.679786205291748047e+00
2.340035736560821533e-01 3.761223793029785156e+00
2.350122034549713135e-01 3.704828262329101562e+00
2.360208481550216675e-01 3.761623859405517578e+00
2.370294779539108276e-01 3.718789339065551758e+00
2.380381226539611816e-01 3.713793516159057617e+00
2.390467524528503418e-01 3.689888000488281250e+00
2.400553822517395020e-01 3.614794492721557617e+00
2.410640269517898560e-01 3.662523508071899414e+00
2.420726567506790161e-01 3.755634069442749023e+00
2.430813014507293701e-01 3.813756704330444336e+00
2.440899312496185303e-01 3.676880836486816406e+00
2.450985759496688843e-01 3.677733898162841797e+00
2.461072057485580444e-01 3.707180500030517578e+00
2.471158355474472046e-01 3.660632848739624023e+00
2.481244802474975586e-01 3.683307170867919922e+00
2.491331100463867188e-01 3.658818721771240234e+00
2.501417398452758789e-01 3.621580123901367188e+00
2.511503994464874268e-01 3.605691909790039062e+00
2.521590292453765869e-01 3.633297204971313477e+00
2.531676590442657471e-01 3.671790361404418945e+00
2.541762888431549072e-01 3.685524225234985352e+00
2.551849186420440674e-01 3.680433988571166992e+00
2.561935782432556152e-01 3.684949636459350586e+00
2.572022080421447754e-01 3.677402496337890625e+00
2.582108378410339355e-01 3.690199851989746094e+00
2.592194676399230957e-01 3.663865327835083008e+00
2.602280974388122559e-01 3.693691492080688477e+00
2.612367570400238037e-01 3.708927392959594727e+00
2.622453868389129639e-01 3.643615961074829102e+00
2.632540166378021240e-01 3.644402503967285156e+00
2.642626464366912842e-01 3.625395774841308594e+00
2.652712762355804443e-01 3.682812452316284180e+00
2.662799358367919922e-01 3.680133104324340820e+00
2.672885656356811523e-01 3.625523090362548828e+00
2.682971954345703125e-01 3.662319421768188477e+00
2.693058252334594727e-01 3.628822565078735352e+00
2.703144848346710205e-01 3.599126577377319336e+00
2.713231146335601807e-01 3.648876190185546875e+00
2.723317444324493408e-01 3.649553060531616211e+00
2.733403742313385010e-01 3.606189966201782227e+00
2.743490040302276611e-01 3.652299880981445312e+00
2.753576636314392090e-01 3.656173706054687500e+00
2.763662934303283691e-01 3.629013299942016602e+00
2.773749232292175293e-01 3.638775587081909180e+00
2.783835530281066895e-01 3.601529359817504883e+00
2.793921828269958496e-01 3.643879652023315430e+00
2.804008424282073975e-01 3.568153858184814453e+00
2.814094722270965576e-01 3.598886966705322266e+00
2.824181020259857178e-01 3.608474016189575195e+00
2.834267318248748779e-01 3.648749828338623047e+00
2.844353616237640381e-01 3.637022495269775391e+00
2.854440212249755859e-01 3.624865055084228516e+00
2.864526510238647461e-01 3.607085704803466797e+00
2.874612808227539062e-01 3.615458250045776367e+00
2.884699106216430664e-01 3.666406393051147461e+00
2.894785702228546143e-01 3.632755994796752930e+00
2.904872000217437744e-01 3.607737779617309570e+00
2.914958298206329346e-01 3.580415248870849609e+00
2.925044596195220947e-01 3.619905471801757812e+00
2.935130894184112549e-01 3.595868110656738281e+00
2.945217490196228027e-01 3.600958585739135742e+00
2.955303788185119629e-01 3.625283718109130859e+00
2.965390086174011230e-01 3.643137693405151367e+00
2.975476384162902832e-01 3.559819221496582031e+00
2.985562682151794434e-01 3.598286390304565430e+00
2.995649278163909912e-01 3.602706193923950195e+00
3.005735576152801514e-01 3.617037773132324219e+00
3.015821874141693115e-01 3.598597288131713867e+00
3.025908172130584717e-01 3.649812221527099609e+00
3.035994470119476318e-01 3.592472553253173828e+00
3.046081066131591797e-01 3.613593816757202148e+00
3.056167364120483398e-01 3.556380033493041992e+00
3.066253662109375000e-01 3.594394207000732422e+00
3.076339960098266602e-01 3.629026412963867188e+00
3.086426556110382080e-01 3.633885145187377930e+00
3.096512854099273682e-01 3.614847898483276367e+00
3.106599152088165283e-01 3.645393133163452148e+00
3.116685450077056885e-01 3.613672018051147461e+00
3.126771748065948486e-01 3.586532831192016602e+00
3.136858344078063965e-01 3.585450410842895508e+00
3.146944642066955566e-01 3.594317674636840820e+00
3.157030940055847168e-01 3.616616249084472656e+00
3.167117238044738770e-01 3.608329772949218750e+00
3.177203536033630371e-01 3.589129924774169922e+00
3.187290132045745850e-01 3.600373744964599609e+00
3.197376430034637451e-01 3.593746423721313477e+00
3.207462728023529053e-01 3.586054801940917969e+00
3.217549026012420654e-01 3.594887495040893555e+00
3.227635622024536133e-01 3.591439247131347656e+00
3.237721920013427734e-01 3.620180368423461914e+00
3.247808218002319336e-01 3.609430074691772461e+00
3.257894515991210938e-01 3.593595743179321289e+00
3.267980813980102539e-01 3.608553171157836914e+00
3.278067409992218018e-01 3.622448682785034180e+00
3.288153707981109619e-01 3.624236106872558594e+00
3.298240005970001221e-01 3.623619794845581055e+00
3.308326303958892822e-01 3.578260660171508789e+00
3.318412601947784424e-01 3.594605207443237305e+00
3.328499197959899902e-01 3.566180467605590820e+00
3.338585495948791504e-01 3.557392358779907227e+00
3.348671793937683105e-01 3.592789173126220703e+00
3.358758091926574707e-01 3.638043165206909180e+00
3.368844389915466309e-01 3.579213619232177734e+00
3.378930985927581787e-01 3.605958938598632812e+00
3.389017283916473389e-01 3.589066743850708008e+00
3.399103581905364990e-01 3.581187725067138672e+00
3.409189879894256592e-01 3.590052366256713867e+00
3.419276475906372070e-01 3.568353176116943359e+00
3.429362773895263672e-01 3.622088432312011719e+00
3.439449071884155273e-01 3.587736129760742188e+00
3.449535369873046875e-01 3.581321716308593750e+00
3.459621667861938477e-01 3.613725900650024414e+00
3.469708263874053955e-01 3.576352357864379883e+00
3.479794561862945557e-01 3.569478034973144531e+00
3.489880859851837158e-01 3.518138885498046875e+00
3.499967157840728760e-01 3.552552223205566406e+00
3.510053455829620361e-01 3.600018501281738281e+00
3.520140051841735840e-01 3.608940839767456055e+00
3.530226349830627441e-01 3.573741674423217773e+00
3.540312647819519043e-01 3.564042329788208008e+00
3.550398945808410645e-01 3.591809988021850586e+00
3.560485243797302246e-01 3.588302373886108398e+00
3.570571839809417725e-01 3.599513053894042969e+00
3.580658137798309326e-01 3.583266019821166992e+00
3.590744435787200928e-01 3.603465318679809570e+00
3.600830733776092529e-01 3.566915273666381836e+00
3.610917329788208008e-01 3.625232458114624023e+00
3.621003627777099609e-01 3.594876527786254883e+00
3.631089925765991211e-01 3.585710048675537109e+00
3.641176223754882812e-01 3.593116521835327148e+00
3.651262521743774414e-01 3.574709653854370117e+00
3.661349117755889893e-01 3.579294204711914062e+00
3.671435415744781494e-01 3.606259107589721680e+00
3.681521713733673096e-01 3.570610523223876953e+00
3.691608011722564697e-01 3.587466001510620117e+00
3.701694309711456299e-01 3.624693870544433594e+00
3.711780905723571777e-01 3.612874031066894531e+00
3.721867203712463379e-01 3.638287544250488281e+00
3.731953501701354980e-01 3.638743162155151367e+00
3.742039799690246582e-01 3.660698652267456055e+00
3.752126097679138184e-01 3.615383148193359375e+00
3.762212693691253662e-01 3.602919340133666992e+00
3.772298991680145264e-01 3.599518060684204102e+00
3.782385289669036865e-01 3.607812643051147461e+00
3.792471587657928467e-01 3.610003948211669922e+00
3.802558183670043945e-01 3.581208705902099609e+00
3.812644481658935547e-01 3.597902774810791016e+00
3.822730779647827148e-01 3.574919700622558594e+00
3.832817077636718750e-01 3.599717140197753906e+00
3.842903375625610352e-01 3.594259262084960938e+00
3.852989971637725830e-01 3.619148731231689453e+00
3.863076269626617432e-01 3.615925312042236328e+00
3.873162567615509033e-01 3.602659702301025391e+00
3.883248865604400635e-01 3.617516517639160156e+00
3.893335163593292236e-01 3.604759454727172852e+00
3.903421759605407715e-01 3.609097719192504883e+00
3.913508057594299316e-01 3.580278873443603516e+00
3.923594355583190918e-01 3.616833686828613281e+00
3.933680653572082520e-01 3.616842269897460938e+00
3.943766951560974121e-01 3.608094692230224609e+00
3.953853547573089600e-01 3.593210935592651367e+00
3.963939845561981201e-01 3.630316019058227539e+00
3.974026143550872803e-01 3.591892957687377930e+00
3.984112441539764404e-01 3.594095945358276367e+00
3.994199037551879883e-01 3.587192058563232422e+00
4.004285335540771484e-01 3.572844505310058594e+00
4.014371633529663086e-01 3.610327959060668945e+00
4.024457931518554688e-01 3.595139026641845703e+00
4.034544229507446289e-01 3.585853338241577148e+00
4.044630825519561768e-01 3.580747365951538086e+00
4.054717123508453369e-01 3.624378681182861328e+00
4.064803421497344971e-01 3.600725173950195312e+00
4.074889719486236572e-01 3.625401973724365234e+00
4.084976017475128174e-01 3.640454053878784180e+00
4.095062613487243652e-01 3.621766090393066406e+00
4.105148911476135254e-01 3.599895477294921875e+00
4.115235209465026855e-01 3.620183706283569336e+00
4.125321507453918457e-01 3.627941370010375977e+00
4.135407805442810059e-01 3.603522777557373047e+00
4.145494401454925537e-01 3.610556125640869141e+00
4.155580699443817139e-01 3.622759580612182617e+00
4.165666997432708740e-01 3.631771087646484375e+00
4.175753295421600342e-01 3.632115840911865234e+00
4.185839891433715820e-01 3.601848363876342773e+00
4.195926189422607422e-01 3.547078609466552734e+00
4.206012487411499023e-01 3.588510990142822266e+00
4.216098785400390625e-01 3.556271553039550781e+00
4.226185083389282227e-01 3.592925786972045898e+00
4.236271679401397705e-01 3.622478008270263672e+00
4.246357977390289307e-01 3.640151977539062500e+00
4.256444275379180908e-01 3.619030714035034180e+00
4.266530573368072510e-01 3.626982927322387695e+00
4.276616871356964111e-01 3.626206636428833008e+00
4.286703467369079590e-01 3.630003690719604492e+00
4.296789765357971191e-01 3.623330116271972656e+00
4.306876063346862793e-01 3.619625329971313477e+00
4.316962361335754395e-01 3.610573530197143555e+00
4.327048659324645996e-01 3.618990898132324219e+00
4.337135255336761475e-01 3.589471101760864258e+00
4.347221553325653076e-01 3.626031875610351562e+00
4.357307851314544678e-01 3.643467664718627930e+00
4.367394149303436279e-01 3.605293750762939453e+00
4.377480745315551758e-01 3.635302782058715820e+00
4.387567043304443359e-01 3.624075889587402344e+00
4.397653341293334961e-01 3.591146230697631836e+00
4.407739639282226562e-01 3.582925558090209961e+00
4.417825937271118164e-01 3.612621784210205078e+00
4.427912533283233643e-01 3.667678833007812500e+00
4.437998831272125244e-01 3.648601293563842773e+00
4.448085129261016846e-01 3.641153335571289062e+00
4.458171427249908447e-01 3.658424615859985352e+00
4.468257725238800049e-01 3.611182212829589844e+00
4.478344321250915527e-01 3.628302812576293945e+00
4.488430619239807129e-01 3.667308330535888672e+00
4.498516917228698730e-01 3.634549617767333984e+00
4.508603215217590332e-01 3.596606016159057617e+00
4.518689513206481934e-01 3.636067152023315430e+00
4.528776109218597412e-01 3.617635965347290039e+00
4.538862407207489014e-01 3.625610828399658203e+00
4.548948705196380615e-01 3.648264646530151367e+00
4.559035003185272217e-01 3.650537252426147461e+00
4.569121599197387695e-01 3.636532068252563477e+00
4.579207897186279297e-01 3.642356634140014648e+00
4.589294195175170898e-01 3.643704652786254883e+00
4.599380493164062500e-01 3.623059511184692383e+00
4.609466791152954102e-01 3.637261629104614258e+00
4.619553387165069580e-01 3.658206462860107422e+00
4.629639685153961182e-01 3.632546901702880859e+00
4.639725983142852783e-01 3.634706020355224609e+00
4.649812281131744385e-01 3.676944971084594727e+00
4.659898579120635986e-01 3.669773101806640625e+00
4.669985175132751465e-01 3.697569608688354492e+00
4.680071473121643066e-01 3.658801317214965820e+00
4.690157771110534668e-01 3.641198396682739258e+00
4.700244069099426270e-01 3.641235351562500000e+00
4.710330665111541748e-01 3.641689300537109375e+00
4.720416963100433350e-01 3.666894197463989258e+00
4.730503261089324951e-01 3.683572292327880859e+00
4.740589559078216553e-01 3.683724164962768555e+00
4.750675857067108154e-01 3.646251440048217773e+00
4.760762453079223633e-01 3.671403169631958008e+00
4.770848751068115234e-01 3.685091733932495117e+00
4.780935049057006836e-01 3.659144878387451172e+00
4.791021347045898438e-01 3.673048734664916992e+00
4.801107645034790039e-01 3.712142229080200195e+00
4.811194241046905518e-01 3.680242300033569336e+00
4.821280539035797119e-01 3.690961599349975586e+00
4.831366837024688721e-01 3.648627042770385742e+00
4.841453135013580322e-01 3.665200710296630859e+00
4.851539433002471924e-01 3.668810129165649414e+00
4.861626029014587402e-01 3.724434852600097656e+00
4.871712327003479004e-01 3.694361925125122070e+00
4.881798624992370605e-01 3.705086946487426758e+00
4.891884922981262207e-01 3.700507640838623047e+00
4.901971518993377686e-01 3.667241573333740234e+00
4.912057816982269287e-01 3.666033744812011719e+00
4.922144114971160889e-01 3.666422128677368164e+00
4.932230412960052490e-01 3.675467252731323242e+00
4.942316710948944092e-01 3.682456016540527344e+00
4.952403306961059570e-01 3.671167135238647461e+00
4.962489604949951172e-01 3.649108648300170898e+00
4.972575902938842773e-01 3.673512220382690430e+00
4.982662200927734375e-01 3.745408296585083008e+00
4.992748498916625977e-01 3.687278270721435547e+00
5.002834796905517578e-01 3.706607818603515625e+00
5.012921094894409180e-01 3.725504398345947266e+00
5.023007988929748535e-01 3.697553396224975586e+00
5.033094286918640137e-01 3.709371328353881836e+00
5.043180584907531738e-01 3.797001600265502930e+00
5.053266882896423340e-01 3.773314476013183594e+00
5.063353180885314941e-01 3.702892303466796875e+00
5.073439478874206543e-01 3.712090969085693359e+00
5.083525776863098145e-01 3.672597408294677734e+00
5.093612074851989746e-01 3.696040630340576172e+00
5.103698372840881348e-01 3.694709062576293945e+00
5.113784670829772949e-01 3.685953855514526367e+00
5.123871564865112305e-01 3.630712985992431641e+00
5.133957862854003906e-01 3.669399023056030273e+00
5.144044160842895508e-01 3.711580514907836914e+00
5.154130458831787109e-01 3.673220872879028320e+00
5.164216756820678711e-01 3.696950674057006836e+00
5.174303054809570312e-01 3.684680461883544922e+00
5.184389352798461914e-01 3.667161226272583008e+00
5.194475650787353516e-01 3.653965234756469727e+00
5.204561948776245117e-01 3.704691171646118164e+00
5.214648842811584473e-01 3.712119340896606445e+00
5.224735140800476074e-01 3.675838232040405273e+00
5.234821438789367676e-01 3.628784656524658203e+00
5.244907736778259277e-01 3.634551048278808594e+00
5.254994034767150879e-01 3.677840232849121094e+00
5.265080332756042480e-01 3.690286397933959961e+00
5.275166630744934082e-01 3.679258823394775391e+00
5.285252928733825684e-01 3.677260637283325195e+00
5.295339226722717285e-01 3.663922071456909180e+00
5.305425524711608887e-01 3.689879894256591797e+00
5.315512418746948242e-01 3.721992731094360352e+00
5.325598716735839844e-01 3.736402511596679688e+00
5.335685014724731445e-01 3.764811754226684570e+00
5.345771312713623047e-01 3.754686355590820312e+00
5.355857610702514648e-01 3.789391279220581055e+00
5.365943908691406250e-01 3.764599323272705078e+00
5.376030206680297852e-01 3.767579793930053711e+00
5.386116504669189453e-01 3.751384496688842773e+00
5.396202802658081055e-01 3.780390977859497070e+00
5.406289696693420410e-01 3.792109489440917969e+00
5.416375994682312012e-01 3.831737279891967773e+00
5.426462292671203613e-01 3.837550401687622070e+00
5.436548590660095215e-01 3.843680858612060547e+00
5.446634888648986816e-01 3.838488340377807617e+00
5.456721186637878418e-01 3.858721017837524414e+00
5.466807484626770020e-01 3.848875284194946289e+00
5.476893782615661621e-01 3.850342512130737305e+00
5.486980080604553223e-01 3.871240377426147461e+00
5.497066378593444824e-01 3.870132923126220703e+00
5.507153272628784180e-01 3.866765260696411133e+00
5.517239570617675781e-01 3.909247159957885742e+00
5.527325868606567383e-01 3.882070064544677734e+00
5.537412166595458984e-01 3.870097160339355469e+00
5.547498464584350586e-01 3.884039640426635742e+00
5.557584762573242188e-01 3.902982950210571289e+00
5.567671060562133789e-01 3.907415390014648438e+00
5.577757358551025391e-01 3.933753252029418945e+00
5.587843656539916992e-01 3.933933019638061523e+00
5.597930550575256348e-01 3.939861297607421875e+00
5.608016848564147949e-01 3.996783018112182617e+00
5.618103146553039551e-01 3.985148191452026367e+00
5.628189444541931152e-01 3.982389211654663086e+00
5.638275742530822754e-01 3.966101169586181641e+00
5.648362040519714355e-01 4.024587631225585938e+00
5.658448338508605957e-01 4.018151283264160156e+00
5.668534636497497559e-01 3.974513530731201172e+00
5.678620934486389160e-01 3.998243570327758789e+00
5.688707232475280762e-01 3.975523948669433594e+00
5.698794126510620117e-01 4.019743919372558594e+00
5.708880424499511719e-01 4.055149078369140625e+00
5.718966722488403320e-01 4.046927452087402344e+00
5.729053020477294922e-01 4.070871829986572266e+00
5.739139318466186523e-01 4.096398830413818359e+00
5.749225616455078125e-01 4.057999134063720703e+00
5.759311914443969727e-01 4.064827442169189453e+00
5.769398212432861328e-01 4.086865901947021484e+00
5.779484510421752930e-01 4.059062957763671875e+00
5.789571404457092285e-01 4.123593330383300781e+00
5.799657702445983887e-01 4.127887725830078125e+00
5.809744000434875488e-01 4.126163005828857422e+00
5.819830298423767090e-01 4.120223522186279297e+00
5.829916596412658691e-01 4.097944736480712891e+00
5.840002894401550293e-01 4.169484138488769531e+00
5.850089192390441895e-01 4.175553321838378906e+00
5.860175490379333496e-01 4.165068626403808594e+00
5.870261788368225098e-01 4.153116703033447266e+00
5.880348086357116699e-01 4.197366714477539062e+00
5.890434980392456055e-01 4.208764553070068359e+00
5.900521278381347656e-01 4.237556457519531250e+00
5.910607576370239258e-01 4.208576202392578125e+00
5.920693874359130859e-01 4.207853317260742188e+00
5.930780172348022461e-01 4.258724212646484375e+00
5.940866470336914062e-01 4.256921768188476562e+00
5.950952768325805664e-01 4.263740539550781250e+00
5.961039066314697266e-01 4.268061161041259766e+00
5.971125364303588867e-01 4.276853561401367188e+00
5.981212258338928223e-01 4.310399055480957031e+00
5.991298556327819824e-01 4.350748538970947266e+00
6.001384854316711426e-01 4.298033237457275391e+00
6.011471152305603027e-01 4.293878078460693359e+00
6.021557450294494629e-01 4.383013248443603516e+00
6.031643748283386230e-01 4.360215187072753906e+00
6.041730046272277832e-01 4.377866744995117188e+00
6.051816344261169434e-01 4.337619781494140625e+00
6.061902642250061035e-01 4.393802642822265625e+00
6.071988940238952637e-01 4.351199626922607422e+00
6.082075834274291992e-01 4.326694011688232422e+00
6.092162132263183594e-01 4.406882762908935547e+00
6.102248430252075195e-01 4.415715694427490234e+00
6.112334728240966797e-01 4.441035747528076172e+00
6.122421026229858398e-01 4.409801006317138672e+00
6.132507324218750000e-01 4.424459457397460938e+00
6.142593622207641602e-01 4.443854808807373047e+00
6.152679920196533203e-01 4.469831943511962891e+00
6.162766218185424805e-01 4.436429500579833984e+00
6.172853112220764160e-01 4.439972877502441406e+00
6.182939410209655762e-01 4.434333801269531250e+00
6.193025708198547363e-01 4.441189289093017578e+00
6.203112006187438965e-01 4.470377445220947266e+00
6.213198304176330566e-01 4.452075004577636719e+00
6.223284602165222168e-01 4.418981552124023438e+00
6.233370900154113770e-01 4.464672565460205078e+00
6.243457198143005371e-01 4.441460132598876953e+00
6.253543496131896973e-01 4.420167922973632812e+00
6.263629794120788574e-01 4.447576522827148438e+00
6.273716688156127930e-01 4.492569446563720703e+00
6.283802986145019531e-01 4.461740493774414062e+00
6.293889284133911133e-01 4.423190593719482422e+00
6.303975582122802734e-01 4.475574970245361328e+00
6.314061880111694336e-01 4.456097126007080078e+00
6.324148178100585938e-01 4.468180656433105469e+00
6.334234476089477539e-01 4.475296497344970703e+00
6.344320774078369141e-01 4.516160964965820312e+00
6.354407072067260742e-01 4.559824466705322266e+00
6.364493966102600098e-01 4.523305892944335938e+00
6.374580264091491699e-01 4.533949851989746094e+00
6.384666562080383301e-01 4.546487808227539062e+00
6.394752860069274902e-01 4.518580436706542969e+00
6.404839158058166504e-01 4.550594806671142578e+00
6.414925456047058105e-01 4.504312038421630859e+00
6.425011754035949707e-01 4.552339553833007812e+00
6.435098052024841309e-01 4.552781581878662109e+00
6.445184350013732910e-01 4.594315052032470703e+00
6.455271244049072266e-01 4.564834594726562500e+00
6.465357542037963867e-01 4.587552070617675781e+00
6.475443840026855469e-01 4.590631008148193359e+00
6.485530138015747070e-01 4.576505184173583984e+00
6.495616436004638672e-01 4.538788318634033203e+00
6.505702733993530273e-01 4.589506626129150391e+00
6.515789031982421875e-01 4.556709289550781250e+00
6.525875329971313477e-01 4.587997436523437500e+00
6.535961627960205078e-01 4.608614921569824219e+00
6.546047925949096680e-01 4.611573219299316406e+00
6.556134819984436035e-01 4.589202404022216797e+00
6.566221117973327637e-01 4.592682361602783203e+00
6.576307415962219238e-01 4.592036247253417969e+00
6.586393713951110840e-01 4.607026100158691406e+00
6.596480011940002441e-01 4.567446231842041016e+00
6.606566309928894043e-01 4.613340377807617188e+00
6.616652607917785645e-01 4.647554397583007812e+00
6.626738905906677246e-01 4.649925708770751953e+00
6.636825203895568848e-01 4.637352466583251953e+00
6.646912097930908203e-01 4.712412357330322266e+00
6.656998395919799805e-01 4.653189659118652344e+00
6.667084693908691406e-01 4.681085586547851562e+00
6.677170991897583008e-01 4.672943115234375000e+00
6.687257289886474609e-01 4.667603492736816406e+00
6.697343587875366211e-01 4.680703639984130859e+00
6.707429885864257812e-01 4.694763660430908203e+00
6.717516183853149414e-01 4.702342987060546875e+00
6.727602481842041016e-01 4.702463626861572266e+00
6.737688779830932617e-01 4.757175445556640625e+00
6.747775673866271973e-01 4.699891567230224609e+00
6.757861971855163574e-01 4.768219470977783203e+00
6.767948269844055176e-01 4.776488304138183594e+00
6.778034567832946777e-01 4.725612640380859375e+00
6.788120865821838379e-01 4.767740726470947266e+00
6.798207163810729980e-01 4.771637916564941406e+00
6.808293461799621582e-01 4.786064147949218750e+00
6.818379759788513184e-01 4.778046131134033203e+00
6.828466057777404785e-01 4.809587955474853516e+00
6.838552951812744141e-01 4.783100605010986328e+00
6.848639249801635742e-01 4.811772346496582031e+00
6.858725547790527344e-01 4.829157829284667969e+00
6.868811845779418945e-01 4.798676490783691406e+00
6.878898143768310547e-01 4.790170669555664062e+00
6.888984441757202148e-01 4.840152740478515625e+00
6.899070739746093750e-01 4.858678817749023438e+00
6.909157037734985352e-01 4.870172023773193359e+00
6.919243335723876953e-01 4.896131992340087891e+00
6.929329633712768555e-01 4.855588912963867188e+00
6.939416527748107910e-01 4.876803874969482422e+00
6.949502825736999512e-01 4.927713871002197266e+00
6.959589123725891113e-01 4.903203010559082031e+00
6.969675421714782715e-01 4.896449565887451172e+00
6.979761719703674316e-01 4.892515182495117188e+00
6.989848017692565918e-01 4.920809745788574219e+00
6.999934315681457520e-01 4.931725025177001953e+00
7.010020613670349121e-01 4.956852912902832031e+00
7.020106911659240723e-01 4.989771842956542969e+00
7.030193805694580078e-01 4.895115852355957031e+00
7.040280103683471680e-01 4.976765155792236328e+00
7.050366401672363281e-01 5.006524085998535156e+00
7.060452699661254883e-01 4.976104259490966797e+00
7.070538997650146484e-01 4.978720664978027344e+00
7.080625295639038086e-01 4.996846199035644531e+00
7.090711593627929688e-01 4.990542411804199219e+00
7.100797891616821289e-01 4.980105400085449219e+00
7.110884189605712891e-01 5.025210380554199219e+00
7.120970487594604492e-01 5.037172794342041016e+00
7.131057381629943848e-01 5.047806739807128906e+00
7.141143679618835449e-01 5.126537799835205078e+00
7.151229977607727051e-01 5.093928337097167969e+00
7.161316275596618652e-01 5.075511455535888672e+00
7.171402573585510254e-01 5.053283214569091797e+00
7.181488871574401855e-01 5.068347454071044922e+00
7.191575169563293457e-01 5.083710670471191406e+00
7.201661467552185059e-01 5.102221012115478516e+00
7.211747765541076660e-01 5.155839920043945312e+00
7.221834659576416016e-01 5.129332065582275391e+00
7.231920957565307617e-01 5.204072952270507812e+00
7.242007255554199219e-01 5.180525302886962891e+00
7.252093553543090820e-01 5.134901046752929688e+00
7.262179851531982422e-01 5.207293987274169922e+00
7.272266149520874023e-01 5.198145866394042969e+00
7.282352447509765625e-01 5.195322513580322266e+00
7.292438745498657227e-01 5.195362567901611328e+00
7.302525043487548828e-01 5.262592792510986328e+00
7.312611341476440430e-01 5.295334339141845703e+00
7.322698235511779785e-01 5.268695831298828125e+00
7.332784533500671387e-01 5.246727943420410156e+00
7.342870831489562988e-01 5.264025211334228516e+00
7.352957129478454590e-01 5.251255512237548828e+00
7.363043427467346191e-01 5.272705554962158203e+00
7.373129725456237793e-01 5.303085803985595703e+00
7.383216023445129395e-01 5.346307277679443359e+00
7.393302321434020996e-01 5.303371906280517578e+00
7.403388619422912598e-01 5.302151679992675781e+00
7.413475513458251953e-01 5.318632602691650391e+00
7.423561811447143555e-01 5.277566909790039062e+00
7.433648109436035156e-01 5.344401359558105469e+00
7.443734407424926758e-01 5.327480316162109375e+00
7.453820705413818359e-01 5.320344448089599609e+00
7.463907003402709961e-01 5.371516227722167969e+00
7.473993301391601562e-01 5.404699802398681641e+00
7.484079599380493164e-01 5.397430896759033203e+00
7.494165897369384766e-01 5.393783569335937500e+00
7.504252195358276367e-01 5.403874874114990234e+00
7.514339089393615723e-01 5.391874313354492188e+00
7.524425387382507324e-01 5.414358615875244141e+00
7.534511685371398926e-01 5.502468585968017578e+00
7.544597983360290527e-01 5.412297248840332031e+00
7.554684281349182129e-01 5.470857620239257812e+00
7.564770579338073730e-01 5.502178192138671875e+00
7.574856877326965332e-01 5.452444553375244141e+00
7.584943175315856934e-01 5.438312530517578125e+00
7.595029473304748535e-01 5.451076030731201172e+00
7.605116367340087891e-01 5.517005443572998047e+00
7.615202665328979492e-01 5.578660488128662109e+00
7.625288963317871094e-01 5.512018680572509766e+00
7.635375261306762695e-01 5.524309635162353516e+00
7.645461559295654297e-01 5.486876487731933594e+00
7.655547857284545898e-01 5.636812210083007812e+00
7.665634155273437500e-01 5.613958835601806641e+00
7.675720453262329102e-01 5.603180408477783203e+00
7.685806751251220703e-01 5.591199398040771484e+00
7.695893049240112305e-01 5.605213165283203125e+00
7.705979943275451660e-01 5.616490364074707031e+00
7.716066241264343262e-01 5.574943065643310547e+00
7.726152539253234863e-01 5.705145835876464844e+00
7.736238837242126465e-01 5.677499294281005859e+00
7.746325135231018066e-01 5.644183635711669922e+00
7.756411433219909668e-01 5.607187747955322266e+00
7.766497731208801270e-01 5.680685997009277344e+00
7.776584029197692871e-01 5.671462059020996094e+00
7.786670327186584473e-01 5.695750236511230469e+00
7.796757221221923828e-01 5.688985824584960938e+00
7.806843519210815430e-01 5.677110671997070312e+00
7.816929817199707031e-01 5.692012310028076172e+00
7.827016115188598633e-01 5.753641128540039062e+00
7.837102413177490234e-01 5.703199863433837891e+00
7.847188711166381836e-01 5.730998516082763672e+00
7.857275009155273438e-01 5.758339405059814453e+00
7.867361307144165039e-01 5.760235786437988281e+00
7.877447605133056641e-01 5.733953475952148438e+00
7.887533903121948242e-01 5.752239227294921875e+00
7.897620797157287598e-01 5.773484230041503906e+00
7.907707095146179199e-01 5.815437793731689453e+00
7.917793393135070801e-01 5.737601280212402344e+00
7.927879691123962402e-01 5.807051658630371094e+00
7.937965989112854004e-01 5.811973094940185547e+00
7.948052287101745605e-01 5.863207340240478516e+00
7.958138585090637207e-01 5.785559654235839844e+00
7.968224883079528809e-01 5.819742202758789062e+00
7.978311181068420410e-01 5.799567222595214844e+00
7.988398075103759766e-01 5.844029426574707031e+00
7.998484373092651367e-01 5.803341865539550781e+00
8.008570671081542969e-01 5.790763854980468750e+00
8.018656969070434570e-01 5.841904640197753906e+00
8.028743267059326172e-01 5.856957912445068359e+00
8.038829565048217773e-01 5.832394599914550781e+00
8.048915863037109375e-01 5.901400566101074219e+00
8.059002161026000977e-01 5.911535263061523438e+00
8.069088459014892578e-01 5.840509414672851562e+00
8.079174757003784180e-01 5.865243434906005859e+00
8.089261651039123535e-01 5.904379844665527344e+00
8.099347949028015137e-01 5.946429252624511719e+00
8.109434247016906738e-01 5.926374912261962891e+00
8.119520545005798340e-01 5.944014549255371094e+00
8.129606842994689941e-01 5.977392196655273438e+00
8.139693140983581543e-01 5.942899703979492188e+00
8.149779438972473145e-01 5.957550525665283203e+00
8.159865736961364746e-01 5.955596446990966797e+00
8.169952034950256348e-01 5.953302383422851562e+00
8.180038928985595703e-01 5.968977451324462891e+00
8.190125226974487305e-01 6.026274681091308594e+00
8.200211524963378906e-01 6.004271984100341797e+00
8.210297822952270508e-01 5.991673469543457031e+00
8.220384120941162109e-01 6.003755092620849609e+00
8.230470418930053711e-01 6.055598258972167969e+00
8.240556716918945312e-01 6.036901473999023438e+00
8.250643014907836914e-01 6.081261634826660156e+00
8.260729312896728516e-01 6.064616203308105469e+00
8.270815610885620117e-01 6.080605983734130859e+00
8.280902504920959473e-01 6.062694549560546875e+00
8.290988802909851074e-01 6.065094470977783203e+00
8.301075100898742676e-01 6.119774818420410156e+00
8.311161398887634277e-01 6.105352401733398438e+00
8.321247696876525879e-01 6.062096595764160156e+00
8.331333994865417480e-01 6.135141372680664062e+00
8.341420292854309082e-01 6.136611461639404297e+00
8.351506590843200684e-01 6.181622028350830078e+00
8.361592888832092285e-01 6.135214328765869141e+00
8.371679782867431641e-01 6.089381217956542969e+00
8.381766080856323242e-01 6.151386737823486328e+00
8.391852378845214844e-01 6.134135246276855469e+00
8.401938676834106445e-01 6.196498394012451172e+00
8.412024974822998047e-01 6.219296932220458984e+00
8.422111272811889648e-01 6.220904827117919922e+00
8.432197570800781250e-01 6.232008934020996094e+00
8.442283868789672852e-01 6.282545089721679688e+00
8.452370166778564453e-01 6.233984947204589844e+00
8.462456464767456055e-01 6.230046749114990234e+00
8.472543358802795410e-01 6.294919013977050781e+00
8.482629656791687012e-01 6.357625007629394531e+00
8.492715954780578613e-01 6.422644615173339844e+00
8.502802252769470215e-01 6.464368343353271484e+00
8.512888550758361816e-01 6.504928588867187500e+00
8.522974848747253418e-01 6.480041980743408203e+00
8.533061146736145020e-01 6.520208835601806641e+00
8.543147444725036621e-01 6.539843559265136719e+00
8.553233742713928223e-01 6.613968849182128906e+00
8.563320636749267578e-01 6.638094425201416016e+00
8.573406934738159180e-01 6.709592819213867188e+00
8.583493232727050781e-01 6.702675342559814453e+00
8.593579530715942383e-01 6.759329795837402344e+00
8.603665828704833984e-01 6.712961673736572266e+00
8.613752126693725586e-01 6.743856906890869141e+00
8.623838424682617188e-01 6.912366390228271484e+00
8.633924722671508789e-01 7.157100200653076172e+00
8.644011020660400391e-01 6.819868564605712891e+00
8.654097318649291992e-01 6.852464199066162109e+00
8.664184212684631348e-01 6.818727970123291016e+00
8.674270510673522949e-01 6.851400375366210938e+00
8.684356808662414551e-01 6.867980957031250000e+00
8.694443106651306152e-01 6.980881214141845703e+00
8.704529404640197754e-01 6.888470649719238281e+00
8.714615702629089355e-01 6.873618602752685547e+00
8.724702000617980957e-01 6.833482265472412109e+00
8.734788298606872559e-01 6.892269611358642578e+00
8.744874596595764160e-01 6.883817672729492188e+00
8.754961490631103516e-01 6.831686973571777344e+00
8.765047788619995117e-01 6.834187030792236328e+00
8.775134086608886719e-01 6.876492023468017578e+00
8.785220384597778320e-01 6.871390342712402344e+00
8.795306682586669922e-01 6.897426605224609375e+00
8.805392980575561523e-01 6.900069236755371094e+00
8.815479278564453125e-01 6.916859626770019531e+00
8.825565576553344727e-01 6.857672691345214844e+00
8.835651874542236328e-01 6.969692707061767578e+00
8.845738172531127930e-01 6.914098262786865234e+00
8.855825066566467285e-01 6.907842636108398438e+00
8.865911364555358887e-01 6.939582824707031250e+00
8.875997662544250488e-01 6.876678466796875000e+00
8.886083960533142090e-01 6.959793090820312500e+00
8.896170258522033691e-01 7.040524005889892578e+00
8.906256556510925293e-01 7.113243579864501953e+00
8.916342854499816895e-01 7.004755973815917969e+00
8.926429152488708496e-01 7.066470623016357422e+00
8.936515450477600098e-01 6.977372169494628906e+00
8.946602344512939453e-01 7.032541751861572266e+00
8.956688642501831055e-01 7.103559494018554688e+00
8.966774940490722656e-01 7.048375129699707031e+00
8.976861238479614258e-01 7.049742221832275391e+00
8.986947536468505859e-01 7.067973136901855469e+00
8.997033834457397461e-01 7.101097583770751953e+00
9.007120132446289062e-01 7.143333911895751953e+00
9.017206430435180664e-01 7.151655197143554688e+00
9.027292728424072266e-01 7.172506332397460938e+00
9.037379026412963867e-01 7.144415378570556641e+00
9.047465920448303223e-01 7.171442985534667969e+00
9.057552218437194824e-01 7.205869674682617188e+00
9.067638516426086426e-01 7.231625080108642578e+00
9.077724814414978027e-01 7.284945964813232422e+00
9.087811112403869629e-01 7.311789035797119141e+00
9.097897410392761230e-01 7.310595035552978516e+00
9.107983708381652832e-01 7.286811351776123047e+00
9.118070006370544434e-01 7.236491680145263672e+00
9.128156304359436035e-01 7.330093383789062500e+00
9.138243198394775391e-01 7.363692283630371094e+00
9.148329496383666992e-01 7.369070529937744141e+00
9.158415794372558594e-01 7.408448219299316406e+00
9.168502092361450195e-01 7.517637252807617188e+00
9.178588390350341797e-01 7.500336647033691406e+00
9.188674688339233398e-01 7.470956802368164062e+00
9.198760986328125000e-01 7.497977256774902344e+00
9.208847284317016602e-01 7.470104217529296875e+00
9.218933582305908203e-01 7.551483631134033203e+00
9.229020476341247559e-01 7.528162956237792969e+00
9.239106774330139160e-01 7.507080078125000000e+00
9.249193072319030762e-01 7.562538623809814453e+00
9.259279370307922363e-01 7.646305561065673828e+00
9.269365668296813965e-01 7.631876945495605469e+00
9.279451966285705566e-01 7.609547615051269531e+00
9.289538264274597168e-01 7.638069629669189453e+00
9.299624562263488770e-01 7.739815235137939453e+00
9.309710860252380371e-01 7.769832611083984375e+00
9.319797158241271973e-01 7.717493534088134766e+00
9.329884052276611328e-01 7.719529151916503906e+00
9.339970350265502930e-01 7.722898006439208984e+00
9.350056648254394531e-01 7.817990779876708984e+00
9.360142946243286133e-01 7.714931964874267578e+00
9.370229244232177734e-01 7.722577571868896484e+00
9.380315542221069336e-01 7.864848136901855469e+00
9.390401840209960938e-01 7.883776187896728516e+00
9.400488138198852539e-01 7.912423133850097656e+00
9.410574436187744141e-01 7.928826808929443359e+00
9.420661330223083496e-01 7.808658123016357422e+00
9.430747628211975098e-01 7.937481403350830078e+00
9.440833926200866699e-01 7.924314022064208984e+00
9.450920224189758301e-01 8.012209892272949219e+00
9.461006522178649902e-01 8.024820327758789062e+00
9.471092820167541504e-01 7.992390632629394531e+00
9.481179118156433105e-01 8.092726707458496094e+00
9.491265416145324707e-01 8.117215156555175781e+00
9.501351714134216309e-01 8.078879356384277344e+00
9.511438012123107910e-01 8.049862861633300781e+00
9.521524906158447266e-01 8.078311920166015625e+00
9.531611204147338867e-01 8.115375518798828125e+00
9.541697502136230469e-01 8.137240409851074219e+00
9.551783800125122070e-01 8.185773849487304688e+00
9.561870098114013672e-01 8.080263137817382812e+00
9.571956396102905273e-01 8.158335685729980469e+00
9.582042694091796875e-01 8.235339164733886719e+00
9.592128992080688477e-01 8.269656181335449219e+00
9.602215290069580078e-01 8.189831733703613281e+00
9.612302184104919434e-01 8.189358711242675781e+00
9.622388482093811035e-01 8.318943023681640625e+00
9.632474780082702637e-01 8.352316856384277344e+00
9.642561078071594238e-01 8.400675773620605469e+00
9.652647376060485840e-01 8.389238357543945312e+00
9.662733674049377441e-01 8.308955192565917969e+00
9.672819972038269043e-01 8.384962081909179688e+00
9.682906270027160645e-01 8.432542800903320312e+00
9.692992568016052246e-01 8.476918220520019531e+00
9.703078866004943848e-01 8.495116233825683594e+00
9.713165760040283203e-01 8.528542518615722656e+00
9.723252058029174805e-01 8.532563209533691406e+00
9.733338356018066406e-01 8.555206298828125000e+00
9.743424654006958008e-01 8.436868667602539062e+00
9.753510951995849609e-01 8.515617370605468750e+00
9.763597249984741211e-01 8.588375091552734375e+00
9.773683547973632812e-01 8.576222419738769531e+00
9.783769845962524414e-01 8.641617774963378906e+00
9.793856143951416016e-01 8.700925827026367188e+00
9.803943037986755371e-01 8.672678947448730469e+00
9.814029335975646973e-01 8.731827735900878906e+00
9.824115633964538574e-01 8.802227020263671875e+00
9.834201931953430176e-01 8.726694107055664062e+00
9.844288229942321777e-01 8.834713935852050781e+00
9.854374527931213379e-01 8.814801216125488281e+00
9.864460825920104980e-01 8.899599075317382812e+00
9.874547123908996582e-01 8.764819145202636719e+00
9.884633421897888184e-01 8.813894271850585938e+00
9.894719719886779785e-01 8.867043495178222656e+00
9.904806613922119141e-01 8.975781440734863281e+00
9.914892911911010742e-01 9.014987945556640625e+00
9.924979209899902344e-01 8.892737388610839844e+00
9.935065507888793945e-01 9.146697998046875000e+00
9.945151805877685547e-01 9.094640731811523438e+00
9.955238103866577148e-01 9.077354431152343750e+00
9.965324401855468750e-01 9.139098167419433594e+00
9.975410699844360352e-01 9.096235275268554688e+00
9.985496997833251953e-01 9.191346168518066406e+00
9.995583891868591309e-01 9.278992652893066406e+00
1.000566959381103516e+00 9.191449165344238281e+00
1.001575589179992676e+00 9.270878791809082031e+00
1.002584218978881836e+00 9.062886238098144531e+00
1.003592848777770996e+00 9.374262809753417969e+00
1.004601597785949707e+00 9.341960906982421875e+00
1.005610227584838867e+00 9.323596954345703125e+00
1.006618857383728027e+00 9.404886245727539062e+00
1.007627487182617188e+00 9.390191078186035156e+00
1.008636116981506348e+00 9.506767272949218750e+00
1.009644746780395508e+00 9.495512962341308594e+00
1.010653376579284668e+00 9.591087341308593750e+00
1.011662006378173828e+00 9.444864273071289062e+00
1.012670636177062988e+00 9.553990364074707031e+00
1.013679265975952148e+00 9.611205101013183594e+00
1.014687895774841309e+00 9.488961219787597656e+00
1.015696525573730469e+00 9.636383056640625000e+00
1.016705155372619629e+00 9.713605880737304688e+00
1.017713785171508789e+00 9.800233840942382812e+00
1.018722414970397949e+00 9.608465194702148438e+00
1.019731044769287109e+00 9.799981117248535156e+00
1.020739674568176270e+00 9.833563804626464844e+00
1.021748304367065430e+00 9.776459693908691406e+00
1.022756934165954590e+00 9.906477928161621094e+00
1.023765683174133301e+00 1.001354503631591797e+01
1.024774312973022461e+00 9.967327117919921875e+00
1.025782942771911621e+00 1.003244972229003906e+01
1.026791572570800781e+00 9.791639328002929688e+00
1.027800202369689941e+00 9.843704223632812500e+00
1.028808832168579102e+00 9.699722290039062500e+00
1.029817461967468262e+00 9.987845420837402344e+00
1.030826091766357422e+00 9.999852180480957031e+00
1.031834721565246582e+00 9.880277633666992188e+00
1.032843351364135742e+00 9.753853797912597656e+00
1.033851981163024902e+00 9.788014411926269531e+00
1.034860610961914062e+00 9.911802291870117188e+00
1.035869240760803223e+00 1.007208061218261719e+01
1.036877870559692383e+00 1.009264373779296875e+01
1.037886500358581543e+00 1.016019439697265625e+01
1.038895130157470703e+00 9.984889030456542969e+00
1.039903759956359863e+00 1.009346103668212891e+01
1.040912389755249023e+00 1.026384544372558594e+01
1.041921019554138184e+00 1.006629371643066406e+01
1.042929768562316895e+00 1.014176464080810547e+01
1.043938398361206055e+00 1.015999984741210938e+01
1.044947028160095215e+00 1.031179714202880859e+01
1.045955657958984375e+00 1.023645687103271484e+01
1.046964287757873535e+00 1.023470020294189453e+01
1.047972917556762695e+00 1.027048110961914062e+01
1.048981547355651855e+00 1.053971195220947266e+01
1.049990177154541016e+00 1.034867763519287109e+01
1.050998806953430176e+00 1.038820838928222656e+01
1.052007436752319336e+00 1.036396026611328125e+01
1.053016066551208496e+00 1.046028041839599609e+01
1.054024696350097656e+00 1.047287368774414062e+01
1.055033326148986816e+00 1.033730602264404297e+01
1.056041955947875977e+00 1.042237854003906250e+01
1.057050585746765137e+00 1.048240756988525391e+01
1.058059215545654297e+00 1.049914073944091797e+01
1.059067845344543457e+00 1.057987117767333984e+01
1.060076475143432617e+00 1.064071750640869141e+01
1.061085104942321777e+00 1.059209632873535156e+01
1.062093853950500488e+00 1.052081584930419922e+01
1.063102483749389648e+00 1.078212451934814453e+01
1.064111113548278809e+00 1.079444885253906250e+01
1.065119743347167969e+00 1.075124645233154297e+01
1.066128373146057129e+00 1.078004455566406250e+01
1.067137002944946289e+00 1.078584861755371094e+01
1.068145632743835449e+00 1.071575069427490234e+01
1.069154262542724609e+00 1.051983451843261719e+01
1.070162892341613770e+00 1.070468044281005859e+01
1.071171522140502930e+00 1.079465770721435547e+01
1.072180151939392090e+00 1.083090972900390625e+01
1.073188781738281250e+00 1.079094791412353516e+01
1.074197411537170410e+00 1.071961975097656250e+01
1.075206041336059570e+00 1.091755580902099609e+01
1.076214671134948730e+00 1.080916786193847656e+01
1.077223300933837891e+00 1.081637191772460938e+01
1.078231930732727051e+00 1.101205539703369141e+01
1.079240560531616211e+00 1.107934570312500000e+01
1.080249190330505371e+00 1.096321105957031250e+01
1.081257939338684082e+00 1.094038105010986328e+01
1.082266569137573242e+00 1.115102481842041016e+01
1.083275198936462402e+00 1.110151481628417969e+01
1.084283828735351562e+00 1.087961864471435547e+01
1.085292458534240723e+00 1.085800743103027344e+01
1.086301088333129883e+00 1.085933303833007812e+01
1.087309718132019043e+00 1.121564006805419922e+01
1.088318347930908203e+00 1.116692447662353516e+01
1.089326977729797363e+00 1.118325233459472656e+01
1.090335607528686523e+00 1.137352371215820312e+01
1.091344237327575684e+00 1.129593467712402344e+01
1.092352867126464844e+00 1.122186851501464844e+01
1.093361496925354004e+00 1.129703521728515625e+01
1.094370126724243164e+00 1.129096603393554688e+01
1.095378756523132324e+00 1.121288490295410156e+01
1.096387386322021484e+00 1.119613742828369141e+01
1.097396016120910645e+00 1.138035678863525391e+01
1.098404645919799805e+00 1.149407768249511719e+01
1.099413275718688965e+00 1.142325687408447266e+01
1.100422024726867676e+00 1.149885654449462891e+01
1.101430654525756836e+00 1.149577236175537109e+01
1.102439284324645996e+00 1.136129188537597656e+01
1.103447914123535156e+00 1.140042495727539062e+01
1.104456543922424316e+00 1.157868957519531250e+01
1.105465173721313477e+00 1.151479148864746094e+01
1.106473803520202637e+00 1.155071926116943359e+01
1.107482433319091797e+00 1.152551651000976562e+01
1.108491063117980957e+00 1.170509433746337891e+01
1.109499692916870117e+00 1.142414379119873047e+01
1.110508322715759277e+00 1.167998695373535156e+01
1.111516952514648438e+00 1.181452465057373047e+01
1.112525582313537598e+00 1.178452873229980469e+01
1.113534212112426758e+00 1.182769966125488281e+01
1.114542841911315918e+00 1.188827896118164062e+01
1.115551471710205078e+00 1.198946380615234375e+01
1.116560101509094238e+00 1.180732250213623047e+01
1.117568731307983398e+00 1.218639469146728516e+01
1.118577361106872559e+00 1.179004955291748047e+01
1.119586110115051270e+00 1.181854438781738281e+01
1.120594739913940430e+00 1.177723407745361328e+01
1.121603369712829590e+00 1.205201339721679688e+01
1.122611999511718750e+00 1.206107044219970703e+01
1.123620629310607910e+00 1.183115386962890625e+01
1.124629259109497070e+00 1.195196056365966797e+01
1.125637888908386230e+00 1.223886966705322266e+01
1.126646518707275391e+00 1.197028923034667969e+01
1.127655148506164551e+00 1.212044239044189453e+01
1.128663778305053711e+00 1.227804374694824219e+01
1.129672408103942871e+00 1.205711174011230469e+01
1.130681037902832031e+00 1.231560230255126953e+01
1.131689667701721191e+00 1.245392894744873047e+01
1.132698297500610352e+00 1.238922214508056641e+01
1.133706927299499512e+00 1.228288364410400391e+01
1.134715557098388672e+00 1.219122886657714844e+01
1.135724186897277832e+00 1.224545001983642578e+01
1.136732816696166992e+00 1.251439380645751953e+01
1.137741446495056152e+00 1.226463699340820312e+01
1.138750195503234863e+00 1.217771625518798828e+01
1.139758825302124023e+00 1.222284126281738281e+01
1.140767455101013184e+00 1.228593635559082031e+01
1.141776084899902344e+00 1.256945419311523438e+01
1.142784714698791504e+00 1.263892364501953125e+01
1.143793344497680664e+00 1.239772129058837891e+01
1.144801974296569824e+00 1.223088073730468750e+01
1.145810604095458984e+00 1.253538036346435547e+01
1.146819233894348145e+00 1.233058261871337891e+01
1.147827863693237305e+00 1.259840869903564453e+01
1.148836493492126465e+00 1.243418598175048828e+01
1.149845123291015625e+00 1.255621910095214844e+01
1.150853753089904785e+00 1.244821929931640625e+01
1.151862382888793945e+00 1.261916160583496094e+01
1.152871012687683105e+00 1.296983909606933594e+01
1.153879642486572266e+00 1.287140655517578125e+01
1.154888272285461426e+00 1.282926368713378906e+01
1.155896902084350586e+00 1.283972835540771484e+01
1.156905531883239746e+00 1.279987335205078125e+01
1.157914280891418457e+00 1.262201595306396484e+01
1.158922910690307617e+00 1.303193569183349609e+01
1.159931540489196777e+00 1.323931789398193359e+01
1.160940170288085938e+00 1.283358764648437500e+01
1.161948800086975098e+00 1.284803199768066406e+01
1.162957429885864258e+00 1.261162185668945312e+01
1.163966059684753418e+00 1.284129142761230469e+01
1.164974689483642578e+00 1.311576080322265625e+01
1.165983319282531738e+00 1.322631454467773438e+01
1.166991949081420898e+00 1.315834331512451172e+01
1.168000578880310059e+00 1.302557849884033203e+01
1.169009208679199219e+00 1.276317310333251953e+01
1.170017838478088379e+00 1.272634792327880859e+01
1.171026468276977539e+00 1.321577358245849609e+01
1.172035098075866699e+00 1.313610649108886719e+01
1.173043727874755859e+00 1.277607154846191406e+01
1.174052357673645020e+00 1.316950225830078125e+01
1.175060987472534180e+00 1.335319423675537109e+01
1.176069617271423340e+00 1.315662956237792969e+01
1.177078366279602051e+00 1.335631275177001953e+01
1.178086996078491211e+00 1.337810420989990234e+01
1.179095625877380371e+00 1.386959743499755859e+01
1.180104255676269531e+00 1.327558803558349609e+01
1.181112885475158691e+00 1.362559223175048828e+01
1.182121515274047852e+00 1.345520305633544922e+01
1.183130145072937012e+00 1.348188304901123047e+01
1.184138774871826172e+00 1.362701320648193359e+01
1.185147404670715332e+00 1.365275096893310547e+01
1.186156034469604492e+00 1.375567150115966797e+01
1.187164664268493652e+00 1.397466087341308594e+01
1.188173294067382812e+00 1.399841117858886719e+01
1.189181923866271973e+00 1.370777797698974609e+01
1.190190553665161133e+00 1.362423038482666016e+01
1.191199183464050293e+00 1.358893585205078125e+01
1.192207813262939453e+00 1.386927127838134766e+01
1.193216443061828613e+00 1.351690578460693359e+01
1.194225072860717773e+00 1.344800949096679688e+01
1.195233702659606934e+00 1.349222278594970703e+01
1.196242451667785645e+00 1.396786880493164062e+01
1.197251081466674805e+00 1.337093544006347656e+01
1.198259711265563965e+00 1.424120235443115234e+01
1.199268341064453125e+00 1.443457698822021484e+01
1.200276970863342285e+00 1.340447616577148438e+01
1.201285600662231445e+00 1.432060241699218750e+01
1.202294230461120605e+00 1.369431114196777344e+01
1.203302860260009766e+00 1.300055885314941406e+01
1.204311490058898926e+00 1.354096508026123047e+01
1.205320119857788086e+00 1.333625221252441406e+01
1.206328749656677246e+00 1.360387420654296875e+01
1.207337379455566406e+00 1.273465251922607422e+01
1.208346009254455566e+00 1.319802665710449219e+01
1.209354639053344727e+00 1.352828788757324219e+01
