0.000000000000000000e+00 3.579101074218750000e+03
1.008636085316538811e-03 2.650978515625000000e+03
2.017272170633077621e-03 1.780728637695312500e+03
3.025908255949616432e-03 1.252940551757812500e+03
4.034544341266155243e-03 9.602430419921875000e+02
5.043180659413337708e-03 7.322333984375000000e+02
6.051816511899232864e-03 5.748956909179687500e+02
7.060452364385128021e-03 4.667067565917968750e+02
8.069088682532310486e-03 3.837043762207031250e+02
9.077725000679492950e-03 3.116717224121093750e+02
1.008636131882667542e-02 2.601461791992187500e+02
1.109499670565128326e-02 2.199352874755859375e+02
1.210363302379846573e-02 1.870978240966796875e+02
1.311226934194564819e-02 1.609832916259765625e+02
1.412090472877025604e-02 1.382014160156250000e+02
1.512954104691743851e-02 1.210923919677734375e+02
1.613817736506462097e-02 1.052512207031250000e+02
1.714681275188922882e-02 9.244633483886718750e+01
1.815545000135898590e-02 8.194628143310546875e+01
1.916408538818359375e-02 7.124566650390625000e+01
2.017272263765335083e-02 6.367093658447265625e+01
2.118135802447795868e-02 5.675485229492187500e+01
2.218999341130256653e-02 5.055217742919921875e+01
2.319863066077232361e-02 4.598847961425781250e+01
2.420726604759693146e-02 4.173517990112304688e+01
2.521590143442153931e-02 3.781776428222656250e+01
2.622453868389129639e-02 3.445152664184570312e+01
2.723317407071590424e-02 3.143059539794921875e+01
2.824180945754051208e-02 2.891365242004394531e+01
2.925044670701026917e-02 2.659265518188476562e+01
3.025908209383487701e-02 2.420730018615722656e+01
3.126771748065948486e-02 2.213406944274902344e+01
3.227635473012924194e-02 2.054832458496093750e+01
3.328499197959899902e-02 1.899876785278320312e+01
3.429362550377845764e-02 1.753405380249023438e+01
3.530226275324821472e-02 1.628299522399902344e+01
3.631090000271797180e-02 1.540950202941894531e+01
3.731953352689743042e-02 1.420750999450683594e+01
3.832817077636718750e-02 1.321660614013671875e+01
3.933680802583694458e-02 1.260558605194091797e+01
4.034544527530670166e-02 1.173225688934326172e+01
4.135407879948616028e-02 1.075321674346923828e+01
4.236271604895591736e-02 1.019281959533691406e+01
4.337135329842567444e-02 9.995684623718261719e+00
4.437998682260513306e-02 9.499087333679199219e+00
4.538862407207489014e-02 8.765169143676757812e+00
4.639726132154464722e-02 8.439457893371582031e+00
4.740589484572410583e-02 7.905851364135742188e+00
4.841453209519386292e-02 7.307654857635498047e+00
4.942316934466362000e-02 7.053389549255371094e+00
5.043180286884307861e-02 6.748241424560546875e+00
5.144044011831283569e-02 6.396327495574951172e+00
5.244907736778259277e-02 6.060955047607421875e+00
5.345771089196205139e-02 5.761330127716064453e+00
5.446634814143180847e-02 5.600064754486083984e+00
5.547498539090156555e-02 5.435771942138671875e+00
5.648361891508102417e-02 5.139698982238769531e+00
5.749225616455078125e-02 4.905467033386230469e+00
5.850089341402053833e-02 4.793237686157226562e+00
5.950953066349029541e-02 4.438412189483642578e+00
6.051816418766975403e-02 4.144247055053710938e+00
6.152680143713951111e-02 3.974696874618530273e+00
6.253543496131896973e-02 3.999925851821899414e+00
6.354407221078872681e-02 3.741097450256347656e+00
6.455270946025848389e-02 3.646020650863647461e+00
6.556134670972824097e-02 3.464961528778076172e+00
6.656998395919799805e-02 3.388430118560791016e+00
6.757862120866775513e-02 3.180921554565429688e+00
6.858725100755691528e-02 3.157698869705200195e+00
6.959588825702667236e-02 3.119887828826904297e+00
7.060452550649642944e-02 2.907675981521606445e+00
7.161316275596618652e-02 2.806894540786743164e+00
7.262180000543594360e-02 2.737690687179565430e+00
7.363043725490570068e-02 2.685464382171630859e+00
7.463906705379486084e-02 2.570276021957397461e+00
7.564770430326461792e-02 2.446856260299682617e+00
7.665634155273437500e-02 2.362960577011108398e+00
7.766497880220413208e-02 2.285119295120239258e+00
7.867361605167388916e-02 2.201854944229125977e+00
7.968225330114364624e-02 2.216454982757568359e+00
8.069089055061340332e-02 2.204804897308349609e+00
8.169952034950256348e-02 2.034873485565185547e+00
8.270815759897232056e-02 2.025793552398681641e+00
8.371679484844207764e-02 1.926665425300598145e+00
8.472543209791183472e-02 1.929136753082275391e+00
8.573406934738159180e-02 1.889578580856323242e+00
8.674270659685134888e-02 1.810833096504211426e+00
8.775133639574050903e-02 1.736640214920043945e+00
8.875997364521026611e-02 1.750701904296875000e+00
8.976861089468002319e-02 1.649074077606201172e+00
9.077724814414978027e-02 1.667533636093139648e+00
9.178588539361953735e-02 1.632657408714294434e+00
9.279452264308929443e-02 1.568219065666198730e+00
9.380315244197845459e-02 1.530794739723205566e+00
9.481178969144821167e-02 1.478245735168457031e+00
9.582042694091796875e-02 1.424453496932983398e+00
9.682906419038772583e-02 1.390219449996948242e+00
9.783770143985748291e-02 1.426828503608703613e+00
9.884633868932723999e-02 1.394275426864624023e+00
9.985497593879699707e-02 1.352845430374145508e+00
1.008636057376861572e-01 1.354707956314086914e+00
1.018722429871559143e-01 1.313146829605102539e+00
1.028808802366256714e-01 1.266086459159851074e+00
1.038895174860954285e-01 1.247221708297729492e+00
1.048981547355651855e-01 1.269085884094238281e+00
1.059067919850349426e-01 1.193854451179504395e+00
1.069154217839241028e-01 1.183234810829162598e+00
1.079240590333938599e-01 1.213562846183776855e+00
1.089326962828636169e-01 1.113826751708984375e+00
1.099413335323333740e-01 1.135679960250854492e+00
1.109499707818031311e-01 1.127018094062805176e+00
1.119586080312728882e-01 1.081983566284179688e+00
1.129672378301620483e-01 1.090836882591247559e+00
1.139758750796318054e-01 1.094934344291687012e+00
1.149845123291015625e-01 1.053096175193786621e+00
1.159931495785713196e-01 1.030668973922729492e+00
1.170017868280410767e-01 9.952568411827087402e-01
1.180104240775108337e-01 9.802107214927673340e-01
1.190190613269805908e-01 1.004122138023376465e+00
1.200276911258697510e-01 9.895914793014526367e-01
1.210363283753395081e-01 9.550152420997619629e-01
1.220449656248092651e-01 9.183650016784667969e-01
1.230536028742790222e-01 9.086267948150634766e-01
1.240622401237487793e-01 9.216104745864868164e-01
1.250708699226379395e-01 9.010992646217346191e-01
1.260795146226882935e-01 9.217121601104736328e-01
1.270881444215774536e-01 9.385035634040832520e-01
1.280967891216278076e-01 9.074620604515075684e-01
1.291054189205169678e-01 8.722503185272216797e-01
1.301140487194061279e-01 8.598906397819519043e-01
1.311226934194564819e-01 8.486453890800476074e-01
1.321313232183456421e-01 8.472855091094970703e-01
1.331399679183959961e-01 8.310370445251464844e-01
1.341485977172851562e-01 8.353542685508728027e-01
1.351572424173355103e-01 8.365893959999084473e-01
1.361658722162246704e-01 7.886857986450195312e-01
1.371745020151138306e-01 8.180978894233703613e-01
1.381831467151641846e-01 7.876408696174621582e-01
1.391917765140533447e-01 8.164755702018737793e-01
1.402004212141036987e-01 7.933402657508850098e-01
1.412090510129928589e-01 7.518970370292663574e-01
1.422176808118820190e-01 7.471068501472473145e-01
1.432263255119323730e-01 7.576503157615661621e-01
1.442349553108215332e-01 7.277868390083312988e-01
1.452436000108718872e-01 7.257909774780273438e-01
1.462522298097610474e-01 7.369782924652099609e-01
1.472608745098114014e-01 7.453145980834960938e-01
1.482695043087005615e-01 7.094792127609252930e-01
1.492781341075897217e-01 7.102082371711730957e-01
1.502867788076400757e-01 7.072110176086425781e-01
1.512954086065292358e-01 7.229982614517211914e-01
1.523040533065795898e-01 7.025811076164245605e-01
1.533126831054687500e-01 7.309203147888183594e-01
1.543213278055191040e-01 7.028416991233825684e-01
1.553299576044082642e-01 7.225295901298522949e-01
1.563385874032974243e-01 7.061406373977661133e-01
1.573472321033477783e-01 6.642789244651794434e-01
1.583558619022369385e-01 6.699956655502319336e-01
1.593645066022872925e-01 6.454960107803344727e-01
1.603731364011764526e-01 6.837943792343139648e-01
1.613817811012268066e-01 6.922945380210876465e-01
1.623904109001159668e-01 6.407223343849182129e-01
1.633990406990051270e-01 6.248657107353210449e-01
1.644076853990554810e-01 6.554285287857055664e-01
1.654163151979446411e-01 6.851522922515869141e-01
1.664249598979949951e-01 6.860045790672302246e-01
1.674335896968841553e-01 6.346186995506286621e-01
1.684422194957733154e-01 6.432477831840515137e-01
1.694508641958236694e-01 6.387302279472351074e-01
1.704594939947128296e-01 6.366775035858154297e-01
1.714681386947631836e-01 6.533591151237487793e-01
1.724767684936523438e-01 6.436766386032104492e-01
1.734854131937026978e-01 6.202369928359985352e-01
1.744940429925918579e-01 6.285948753356933594e-01
1.755026727914810181e-01 6.253802180290222168e-01
1.765113174915313721e-01 6.127818822860717773e-01
1.775199472904205322e-01 6.448016166687011719e-01
1.785285919904708862e-01 6.275014877319335938e-01
1.795372217893600464e-01 6.296617388725280762e-01
1.805458664894104004e-01 6.113070249557495117e-01
1.815544962882995605e-01 6.120439767837524414e-01
1.825631260871887207e-01 6.060448884963989258e-01
1.835717707872390747e-01 5.943732261657714844e-01
1.845804005861282349e-01 5.871800184249877930e-01
1.855890452861785889e-01 5.864812135696411133e-01
1.865976750850677490e-01 6.221915483474731445e-01
1.876063048839569092e-01 5.824351310729980469e-01
1.886149495840072632e-01 6.053083539009094238e-01
1.896235793828964233e-01 6.103161573410034180e-01
1.906322240829467773e-01 6.133667826652526855e-01
1.916408538818359375e-01 5.961552858352661133e-01
1.926494985818862915e-01 6.113851070404052734e-01
1.936581283807754517e-01 6.078382730484008789e-01
1.946667581796646118e-01 5.926666259765625000e-01
1.956754028797149658e-01 5.838572382926940918e-01
1.966840326786041260e-01 5.623680353164672852e-01
1.976926773786544800e-01 5.910252928733825684e-01
1.987013071775436401e-01 6.018558740615844727e-01
1.997099518775939941e-01 6.030148267745971680e-01
2.007185816764831543e-01 5.850596427917480469e-01
2.017272114753723145e-01 5.730183720588684082e-01
2.027358561754226685e-01 5.873703956604003906e-01
2.037444859743118286e-01 5.784004926681518555e-01
2.047531306743621826e-01 5.968466401100158691e-01
2.057617604732513428e-01 6.064852476119995117e-01
2.067703902721405029e-01 5.826804041862487793e-01
2.077790349721908569e-01 5.846152305603027344e-01
2.087876647710800171e-01 5.881080627441406250e-01
2.097963094711303711e-01 5.773144364356994629e-01
2.108049392700195312e-01 5.986380577087402344e-01
2.118135839700698853e-01 5.780707597732543945e-01
2.128222137689590454e-01 5.482109785079956055e-01
2.138308435678482056e-01 5.902405977249145508e-01
2.148394882678985596e-01 5.795169472694396973e-01
2.158481180667877197e-01 5.659915208816528320e-01
2.168567627668380737e-01 5.520886182785034180e-01
2.178653925657272339e-01 5.680924654006958008e-01
2.188740372657775879e-01 5.679358243942260742e-01
2.198826670646667480e-01 5.776695609092712402e-01
2.208912968635559082e-01 5.533805489540100098e-01
2.218999415636062622e-01 5.669377446174621582e-01
2.229085713624954224e-01 5.624635219573974609e-01
2.239172160625457764e-01 5.594994425773620605e-01
2.249258458614349365e-01 5.715106725692749023e-01
2.259344756603240967e-01 5.505309104919433594e-01
2.269431203603744507e-01 5.568674802780151367e-01
2.279517501592636108e-01 5.719492435455322266e-01
2.289603948593139648e-01 5.617015957832336426e-01
2.299690246582031250e-01 5.572997927665710449e-01
2.309776693582534790e-01 5.573626756668090820e-01
2.319862991571426392e-01 5.471337437629699707e-01
2.329949289560317993e-01 5.746687054634094238e-01
2.340035736560821533e-01 5.312543511390686035e-01
2.350122034549713135e-01 5.407206416130065918e-01
2.360208481550216675e-01 5.481766462326049805e-01
2.370294779539108276e-01 5.252957940101623535e-01
2.380381226539611816e-01 5.633744001388549805e-01
2.390467524528503418e-01 5.611622333526611328e-01
2.400553822517395020e-01 5.445696711540222168e-01
2.410640269517898560e-01 5.445663928985595703e-01
2.420726567506790161e-01 5.606030821800231934e-01
2.430813014507293701e-01 6.173620223999023438e-01
2.440899312496185303e-01 5.589195489883422852e-01
2.450985759496688843e-01 5.449501872062683105e-01
2.461072057485580444e-01 5.238075852394104004e-01
2.471158355474472046e-01 5.512611269950866699e-01
2.481244802474975586e-01 5.420038700103759766e-01
2.491331100463867188e-01 5.346662998199462891e-01
2.501417398452758789e-01 5.192373991012573242e-01
2.511503994464874268e-01 5.285528302192687988e-01
2.521590292453765869e-01 5.443845987319946289e-01
2.531676590442657471e-01 5.559470653533935547e-01
2.541762888431549072e-01 5.493742227554321289e-01
2.551849186420440674e-01 5.287176966667175293e-01
2.561935782432556152e-01 5.251355171203613281e-01
2.572022080421447754e-01 5.171837210655212402e-01
2.582108378410339355e-01 5.148892998695373535e-01
2.592194676399230957e-01 5.263991951942443848e-01
2.602280974388122559e-01 5.435561537742614746e-01
2.612367570400238037e-01 5.291374921798706055e-01
2.622453868389129639e-01 5.542520880699157715e-01
2.632540166378021240e-01 5.307824015617370605e-01
2.642626464366912842e-01 5.308270454406738281e-01
2.652712762355804443e-01 5.243246555328369141e-01
2.662799358367919922e-01 5.464301705360412598e-01
2.672885656356811523e-01 5.455731749534606934e-01
2.682971954345703125e-01 5.453051924705505371e-01
2.693058252334594727e-01 5.311819314956665039e-01
2.703144848346710205e-01 5.331137776374816895e-01
2.713231146335601807e-01 5.380456447601318359e-01
2.723317444324493408e-01 5.358665585517883301e-01
2.733403742313385010e-01 5.419993996620178223e-01
2.743490040302276611e-01 5.388020277023315430e-01
2.753576636314392090e-01 5.469195842742919922e-01
2.763662934303283691e-01 5.493593215942382812e-01
2.773749232292175293e-01 5.132117271423339844e-01
2.783835530281066895e-01 5.296576023101806641e-01
2.793921828269958496e-01 5.283163785934448242e-01
2.804008424282073975e-01 5.377727150917053223e-01
2.814094722270965576e-01 5.229635834693908691e-01
2.824181020259857178e-01 5.032833218574523926e-01
2.834267318248748779e-01 5.169714689254760742e-01
2.844353616237640381e-01 5.279049277305603027e-01
2.854440212249755859e-01 5.092080831527709961e-01
2.864526510238647461e-01 5.167019963264465332e-01
2.874612808227539062e-01 5.211316347122192383e-01
2.884699106216430664e-01 5.178217887878417969e-01
2.894785702228546143e-01 5.081909894943237305e-01
2.904872000217437744e-01 5.271953940391540527e-01
2.914958298206329346e-01 5.221321582794189453e-01
2.925044596195220947e-01 5.137878656387329102e-01
2.935130894184112549e-01 5.534753203392028809e-01
2.945217490196228027e-01 5.206869244575500488e-01
2.955303788185119629e-01 5.228576660156250000e-01
2.965390086174011230e-01 5.201244950294494629e-01
2.975476384162902832e-01 5.352135300636291504e-01
2.985562682151794434e-01 5.134615302085876465e-01
2.995649278163909912e-01 5.126507878303527832e-01
3.005735576152801514e-01 5.186872482299804688e-01
3.015821874141693115e-01 5.307946205139160156e-01
3.025908172130584717e-01 5.198888182640075684e-01
3.035994470119476318e-01 5.139153003692626953e-01
3.046081066131591797e-01 5.209419131278991699e-01
3.056167364120483398e-01 5.158696174621582031e-01
3.066253662109375000e-01 5.232821702957153320e-01
3.076339960098266602e-01 5.261971950531005859e-01
3.086426556110382080e-01 5.159642100334167480e-01
3.096512854099273682e-01 5.132953524589538574e-01
3.106599152088165283e-01 5.208167433738708496e-01
3.116685450077056885e-01 5.140449404716491699e-01
3.126771748065948486e-01 5.104597806930541992e-01
3.136858344078063965e-01 5.241038203239440918e-01
3.146944642066955566e-01 4.937200844287872314e-01
3.157030940055847168e-01 5.022843480110168457e-01
3.167117238044738770e-01 5.120609998703002930e-01
3.177203536033630371e-01 5.076839327812194824e-01
3.187290132045745850e-01 5.100597739219665527e-01
3.197376430034637451e-01 5.245365500450134277e-01
3.207462728023529053e-01 5.131295919418334961e-01
3.217549026012420654e-01 5.042425394058227539e-01
3.227635622024536133e-01 5.063525438308715820e-01
3.237721920013427734e-01 5.010005235671997070e-01
3.247808218002319336e-01 5.078837871551513672e-01
3.257894515991210938e-01 5.167606472969055176e-01
3.267980813980102539e-01 5.161555409431457520e-01
3.278067409992218018e-01 5.095537900924682617e-01
3.288153707981109619e-01 5.161758065223693848e-01
3.298240005970001221e-01 5.111458301544189453e-01
3.308326303958892822e-01 5.254347920417785645e-01
3.318412601947784424e-01 5.175040960311889648e-01
3.328499197959899902e-01 5.024027824401855469e-01
3.338585495948791504e-01 5.186160206794738770e-01
3.348671793937683105e-01 5.140379071235656738e-01
3.358758091926574707e-01 5.026125311851501465e-01
3.368844389915466309e-01 5.158308148384094238e-01
3.378930985927581787e-01 5.111512541770935059e-01
3.389017283916473389e-01 5.192850232124328613e-01
3.399103581905364990e-01 5.175898671150207520e-01
3.409189879894256592e-01 5.264326333999633789e-01
3.419276475906372070e-01 5.137180685997009277e-01
3.429362773895263672e-01 5.190400481224060059e-01
3.439449071884155273e-01 5.125683546066284180e-01
3.449535369873046875e-01 5.141881704330444336e-01
3.459621667861938477e-01 5.232927203178405762e-01
3.469708263874053955e-01 5.184455513954162598e-01
3.479794561862945557e-01 5.195076465606689453e-01
3.489880859851837158e-01 5.121130347251892090e-01
3.499967157840728760e-01 5.053155422210693359e-01
3.510053455829620361e-01 5.000675320625305176e-01
3.520140051841735840e-01 4.978352189064025879e-01
3.530226349830627441e-01 5.002811551094055176e-01
3.540312647819519043e-01 5.169903039932250977e-01
3.550398945808410645e-01 5.125421881675720215e-01
3.560485243797302246e-01 5.140435099601745605e-01
3.570571839809417725e-01 4.987051188945770264e-01
3.580658137798309326e-01 4.970208704471588135e-01
3.590744435787200928e-01 5.127543210983276367e-01
3.600830733776092529e-01 5.110360980033874512e-01
3.610917329788208008e-01 5.153731107711791992e-01
3.621003627777099609e-01 4.955258071422576904e-01
3.631089925765991211e-01 4.864213466644287109e-01
3.641176223754882812e-01 5.117979049682617188e-01
3.651262521743774414e-01 5.035920143127441406e-01
3.661349117755889893e-01 5.007899403572082520e-01
3.671435415744781494e-01 5.013968944549560547e-01
3.681521713733673096e-01 5.124555826187133789e-01
3.691608011722564697e-01 5.005120635032653809e-01
3.701694309711456299e-01 5.040050745010375977e-01
3.711780905723571777e-01 5.094283223152160645e-01
3.721867203712463379e-01 4.907140433788299561e-01
3.731953501701354980e-01 5.100609064102172852e-01
3.742039799690246582e-01 5.139505267143249512e-01
3.752126097679138184e-01 5.195856094360351562e-01
3.762212693691253662e-01 5.003021955490112305e-01
3.772298991680145264e-01 4.957403540611267090e-01
3.782385289669036865e-01 5.039771795272827148e-01
3.792471587657928467e-01 5.137513875961303711e-01
3.802558183670043945e-01 4.971960186958312988e-01
3.812644481658935547e-01 5.020205378532409668e-01
3.822730779647827148e-01 4.970123171806335449e-01
3.832817077636718750e-01 5.047767162322998047e-01
3.842903375625610352e-01 4.931065142154693604e-01
3.852989971637725830e-01 5.079306960105895996e-01
3.863076269626617432e-01 5.049527883529663086e-01
3.873162567615509033e-01 5.016175508499145508e-01
3.883248865604400635e-01 4.882410764694213867e-01
3.893335163593292236e-01 5.010111331939697266e-01
3.903421759605407715e-01 5.068829655647277832e-01
3.913508057594299316e-01 5.012202262878417969e-01
3.923594355583190918e-01 4.931576550006866455e-01
3.933680653572082520e-01 5.086588859558105469e-01
3.943766951560974121e-01 5.112484097480773926e-01
3.953853547573089600e-01 5.006365776062011719e-01
3.963939845561981201e-01 4.972931742668151855e-01
3.974026143550872803e-01 4.975809752941131592e-01
3.984112441539764404e-01 5.096337795257568359e-01
3.994199037551879883e-01 4.852123856544494629e-01
4.004285335540771484e-01 4.977115094661712646e-01
4.014371633529663086e-01 5.002142786979675293e-01
4.024457931518554688e-01 4.944434165954589844e-01
4.034544229507446289e-01 4.956142902374267578e-01
4.044630825519561768e-01 4.981208443641662598e-01
4.054717123508453369e-01 4.973551928997039795e-01
4.064803421497344971e-01 5.052480101585388184e-01
4.074889719486236572e-01 4.972835183143615723e-01
4.084976017475128174e-01 5.001249909400939941e-01
4.095062613487243652e-01 4.956956207752227783e-01
4.105148911476135254e-01 4.862590730190277100e-01
4.115235209465026855e-01 4.947365224361419678e-01
4.125321507453918457e-01 4.874601364135742188e-01
4.135407805442810059e-01 4.950811564922332764e-01
4.145494401454925537e-01 4.895948469638824463e-01
4.155580699443817139e-01 4.967837035655975342e-01
4.165666997432708740e-01 4.933854043483734131e-01
4.175753295421600342e-01 5.147320032119750977e-01
4.185839891433715820e-01 5.063322782516479492e-01
4.195926189422607422e-01 5.078544020652770996e-01
4.206012487411499023e-01 4.955441057682037354e-01
4.216098785400390625e-01 4.910809397697448730e-01
4.226185083389282227e-01 5.006914734840393066e-01
4.236271679401397705e-01 5.097247362136840820e-01
4.246357977390289307e-01 5.128135681152343750e-01
4.256444275379180908e-01 4.831087887287139893e-01
4.266530573368072510e-01 4.925880730152130127e-01
4.276616871356964111e-01 4.864748418331146240e-01
4.286703467369079590e-01 4.937750399112701416e-01
4.296789765357971191e-01 4.921970069408416748e-01
4.306876063346862793e-01 4.979028403759002686e-01
4.316962361335754395e-01 4.980590641498565674e-01
4.327048659324645996e-01 4.964094758033752441e-01
4.337135255336761475e-01 4.892015159130096436e-01
4.347221553325653076e-01 4.862779974937438965e-01
4.357307851314544678e-01 4.926231205463409424e-01
4.367394149303436279e-01 4.971044957637786865e-01
4.377480745315551758e-01 4.949972927570343018e-01
4.387567043304443359e-01 4.949049055576324463e-01
4.397653341293334961e-01 4.985176026821136475e-01
4.407739639282226562e-01 5.096861720085144043e-01
4.417825937271118164e-01 4.921408891677856445e-01
4.427912533283233643e-01 4.979696273803710938e-01
4.437998831272125244e-01 5.015993714332580566e-01
4.448085129261016846e-01 4.986842274665832520e-01
4.458171427249908447e-01 5.000920295715332031e-01
4.468257725238800049e-01 4.970182180404663086e-01
4.478344321250915527e-01 4.970081150531768799e-01
4.488430619239807129e-01 5.037976503372192383e-01
4.498516917228698730e-01 4.886974096298217773e-01
4.508603215217590332e-01 5.095308423042297363e-01
4.518689513206481934e-01 4.905430078506469727e-01
4.528776109218597412e-01 5.060115456581115723e-01
4.538862407207489014e-01 5.034729838371276855e-01
4.548948705196380615e-01 5.059550404548645020e-01
4.559035003185272217e-01 5.015936493873596191e-01
4.569121599197387695e-01 4.932821989059448242e-01
4.579207897186279297e-01 4.743402600288391113e-01
4.589294195175170898e-01 4.670619070529937744e-01
4.599380493164062500e-01 4.868850409984588623e-01
4.609466791152954102e-01 4.882073104381561279e-01
4.619553387165069580e-01 4.886455535888671875e-01
4.629639685153961182e-01 4.983320832252502441e-01
4.639725983142852783e-01 4.965400695800781250e-01
4.649812281131744385e-01 4.903588593006134033e-01
4.659898579120635986e-01 4.923492074012756348e-01
4.669985175132751465e-01 5.044090747833251953e-01
4.680071473121643066e-01 4.984103441238403320e-01
4.690157771110534668e-01 4.963905811309814453e-01
4.700244069099426270e-01 5.014719367027282715e-01
4.710330665111541748e-01 4.911237955093383789e-01
4.720416963100433350e-01 5.038595199584960938e-01
4.730503261089324951e-01 4.871760010719299316e-01
4.740589559078216553e-01 4.960623979568481445e-01
4.750675857067108154e-01 4.978399872779846191e-01
4.760762453079223633e-01 4.911567270755767822e-01
4.770848751068115234e-01 4.970904588699340820e-01
4.780935049057006836e-01 5.061230659484863281e-01
4.791021347045898438e-01 5.028758645057678223e-01
4.801107645034790039e-01 4.943309128284454346e-01
4.811194241046905518e-01 4.935052096843719482e-01
4.821280539035797119e-01 5.006504654884338379e-01
4.831366837024688721e-01 4.970010221004486084e-01
4.841453135013580322e-01 4.910782873630523682e-01
4.851539433002471924e-01 5.004374384880065918e-01
4.861626029014587402e-01 4.908991158008575439e-01
4.871712327003479004e-01 5.081736445426940918e-01
4.881798624992370605e-01 4.989725053310394287e-01
4.891884922981262207e-01 4.870379269123077393e-01
4.901971518993377686e-01 4.966504573822021484e-01
4.912057816982269287e-01 4.963214695453643799e-01
4.922144114971160889e-01 4.895741045475006104e-01
4.932230412960052490e-01 5.069034695625305176e-01
4.942316710948944092e-01 5.062584280967712402e-01
4.952403306961059570e-01 4.911889135837554932e-01
4.962489604949951172e-01 4.910292923450469971e-01
4.972575902938842773e-01 4.925104677677154541e-01
4.982662200927734375e-01 4.776560068130493164e-01
4.992748498916625977e-01 4.957977533340454102e-01
5.002834796905517578e-01 4.897651076316833496e-01
5.012921094894409180e-01 4.879450500011444092e-01
5.023007988929748535e-01 5.011635422706604004e-01
5.033094286918640137e-01 4.935689270496368408e-01
5.043180584907531738e-01 5.182533860206604004e-01
5.053266882896423340e-01 5.093868970870971680e-01
5.063353180885314941e-01 5.057973861694335938e-01
5.073439478874206543e-01 5.027455091476440430e-01
5.083525776863098145e-01 4.905982017517089844e-01
5.093612074851989746e-01 4.875560104846954346e-01
5.103698372840881348e-01 4.755434393882751465e-01
5.113784670829772949e-01 4.892967343330383301e-01
5.123871564865112305e-01 4.902628958225250244e-01
5.133957862854003906e-01 4.753351211547851562e-01
5.144044160842895508e-01 4.728184640407562256e-01
5.154130458831787109e-01 4.840606153011322021e-01
5.164216756820678711e-01 4.894706606864929199e-01
5.174303054809570312e-01 4.752676486968994141e-01
5.184389352798461914e-01 4.833905100822448730e-01
5.194475650787353516e-01 4.769357740879058838e-01
5.204561948776245117e-01 4.797536134719848633e-01
5.214648842811584473e-01 4.794972836971282959e-01
5.224735140800476074e-01 4.825829863548278809e-01
5.234821438789367676e-01 4.815429151058197021e-01
5.244907736778259277e-01 4.743734002113342285e-01
5.254994034767150879e-01 4.804746508598327637e-01
5.265080332756042480e-01 4.727891385555267334e-01
5.275166630744934082e-01 4.796321392059326172e-01
5.285252928733825684e-01 4.847644865512847900e-01
5.295339226722717285e-01 4.817899763584136963e-01
5.305425524711608887e-01 4.883984327316284180e-01
5.315512418746948242e-01 4.732393622398376465e-01
5.325598716735839844e-01 4.711896479129791260e-01
5.335685014724731445e-01 4.914906024932861328e-01
5.345771312713623047e-01 4.872358739376068115e-01
5.355857610702514648e-01 5.005884170532226562e-01
5.365943908691406250e-01 4.884059429168701172e-01
5.376030206680297852e-01 4.872381091117858887e-01
5.386116504669189453e-01 4.906575977802276611e-01
5.396202802658081055e-01 4.949626326560974121e-01
5.406289696693420410e-01 5.032048821449279785e-01
5.416375994682312012e-01 4.975088834762573242e-01
5.426462292671203613e-01 4.965312480926513672e-01
5.436548590660095215e-01 4.940216839313507080e-01
5.446634888648986816e-01 4.995335638523101807e-01
5.456721186637878418e-01 4.933231770992279053e-01
5.466807484626770020e-01 4.941808283329010010e-01
5.476893782615661621e-01 4.920516610145568848e-01
5.486980080604553223e-01 4.974437057971954346e-01
5.497066378593444824e-01 5.099011063575744629e-01
5.507153272628784180e-01 5.056203603744506836e-01
5.517239570617675781e-01 5.073813199996948242e-01
5.527325868606567383e-01 5.216428041458129883e-01
5.537412166595458984e-01 5.089337229728698730e-01
5.547498464584350586e-01 5.200876593589782715e-01
5.557584762573242188e-01 5.075024962425231934e-01
5.567671060562133789e-01 5.071708559989929199e-01
5.577757358551025391e-01 5.156391263008117676e-01
5.587843656539916992e-01 5.196231007575988770e-01
5.597930550575256348e-01 5.338784456253051758e-01
5.608016848564147949e-01 5.157300233840942383e-01
5.618103146553039551e-01 5.178499221801757812e-01
5.628189444541931152e-01 5.308127999305725098e-01
5.638275742530822754e-01 5.264587402343750000e-01
5.648362040519714355e-01 5.132575631141662598e-01
5.658448338508605957e-01 5.184471011161804199e-01
5.668534636497497559e-01 5.268761515617370605e-01
5.678620934486389160e-01 5.333302021026611328e-01
5.688707232475280762e-01 5.260250568389892578e-01
5.698794126510620117e-01 5.463066697120666504e-01
5.708880424499511719e-01 5.489991903305053711e-01
5.718966722488403320e-01 5.321126580238342285e-01
5.729053020477294922e-01 5.397775769233703613e-01
5.739139318466186523e-01 5.437505245208740234e-01
5.749225616455078125e-01 5.376054644584655762e-01
5.759311914443969727e-01 5.470282435417175293e-01
5.769398212432861328e-01 5.468075275421142578e-01
5.779484510421752930e-01 5.414019823074340820e-01
5.789571404457092285e-01 5.382261276245117188e-01
5.799657702445983887e-01 5.397333502769470215e-01
5.809744000434875488e-01 5.403586030006408691e-01
5.819830298423767090e-01 5.500836968421936035e-01
5.829916596412658691e-01 5.369690656661987305e-01
5.840002894401550293e-01 5.448306798934936523e-01
5.850089192390441895e-01 5.559491515159606934e-01
5.860175490379333496e-01 5.351899266242980957e-01
5.870261788368225098e-01 5.389158725738525391e-01
5.880348086357116699e-01 5.417591929435729980e-01
5.890434980392456055e-01 5.457884669303894043e-01
5.900521278381347656e-01 5.469866394996643066e-01
5.910607576370239258e-01 5.468131303787231445e-01
5.920693874359130859e-01 5.454720854759216309e-01
5.930780172348022461e-01 5.621122717857360840e-01
5.940866470336914062e-01 5.505555272102355957e-01
5.950952768325805664e-01 5.366775989532470703e-01
5.961039066314697266e-01 5.563600063323974609e-01
5.971125364303588867e-01 5.727191567420959473e-01
5.981212258338928223e-01 5.424572229385375977e-01
5.991298556327819824e-01 5.483865737915039062e-01
6.001384854316711426e-01 5.690106153488159180e-01
6.011471152305603027e-01 5.709105134010314941e-01
6.021557450294494629e-01 5.615097880363464355e-01
6.031643748283386230e-01 5.544587373733520508e-01
6.041730046272277832e-01 5.728552341461181641e-01
6.051816344261169434e-01 5.776917934417724609e-01
6.061902642250061035e-01 5.653880834579467773e-01
6.071988940238952637e-01 5.654655694961547852e-01
6.082075834274291992e-01 5.725345611572265625e-01
6.092162132263183594e-01 5.674748420715332031e-01
6.102248430252075195e-01 5.656485557556152344e-01
6.112334728240966797e-01 5.659322142601013184e-01
6.122421026229858398e-01 5.664587616920471191e-01
6.132507324218750000e-01 5.884301662445068359e-01
6.142593622207641602e-01 5.909902453422546387e-01
6.152679920196533203e-01 5.899392366409301758e-01
6.162766218185424805e-01 5.811104774475097656e-01
6.172853112220764160e-01 5.660273432731628418e-01
6.182939410209655762e-01 5.881397128105163574e-01
6.193025708198547363e-01 5.648616552352905273e-01
6.203112006187438965e-01 5.772156715393066406e-01
6.213198304176330566e-01 5.843095779418945312e-01
6.223284602165222168e-01 5.841847658157348633e-01
6.233370900154113770e-01 5.533563494682312012e-01
6.243457198143005371e-01 5.827615857124328613e-01
6.253543496131896973e-01 5.742917060852050781e-01
6.263629794120788574e-01 5.790545940399169922e-01
6.273716688156127930e-01 5.911688804626464844e-01
6.283802986145019531e-01 5.890598297119140625e-01
6.293889284133911133e-01 5.946699380874633789e-01
6.303975582122802734e-01 6.015474796295166016e-01
6.314061880111694336e-01 6.040334701538085938e-01
6.324148178100585938e-01 5.775308609008789062e-01
6.334234476089477539e-01 5.738666057586669922e-01
6.344320774078369141e-01 5.879371762275695801e-01
6.354407072067260742e-01 5.884413123130798340e-01
6.364493966102600098e-01 5.895312428474426270e-01
6.374580264091491699e-01 5.923671126365661621e-01
6.384666562080383301e-01 5.939522981643676758e-01
6.394752860069274902e-01 5.722244381904602051e-01
6.404839158058166504e-01 6.034971475601196289e-01
6.414925456047058105e-01 5.859539508819580078e-01
6.425011754035949707e-01 5.937122106552124023e-01
6.435098052024841309e-01 5.961142182350158691e-01
6.445184350013732910e-01 5.899568796157836914e-01
6.455271244049072266e-01 5.875002145767211914e-01
6.465357542037963867e-01 5.988279581069946289e-01
6.475443840026855469e-01 5.924700498580932617e-01
6.485530138015747070e-01 6.023393273353576660e-01
6.495616436004638672e-01 5.862330198287963867e-01
6.505702733993530273e-01 6.051343679428100586e-01
6.515789031982421875e-01 6.084424257278442383e-01
6.525875329971313477e-01 5.995267033576965332e-01
6.535961627960205078e-01 5.725779533386230469e-01
6.546047925949096680e-01 6.127727031707763672e-01
6.556134819984436035e-01 6.047298908233642578e-01
6.566221117973327637e-01 5.973144173622131348e-01
6.576307415962219238e-01 6.116788983345031738e-01
6.586393713951110840e-01 5.818594694137573242e-01
6.596480011940002441e-01 5.868457555770874023e-01
6.606566309928894043e-01 6.115757822990417480e-01
6.616652607917785645e-01 6.061494946479797363e-01
6.626738905906677246e-01 5.929988026618957520e-01
6.636825203895568848e-01 5.956529378890991211e-01
6.646912097930908203e-01 6.010248661041259766e-01
6.656998395919799805e-01 6.154425740242004395e-01
6.667084693908691406e-01 6.072153449058532715e-01
6.677170991897583008e-01 5.985921025276184082e-01
6.687257289886474609e-01 6.083443760871887207e-01
6.697343587875366211e-01 6.153579950332641602e-01
6.707429885864257812e-01 6.087942123413085938e-01
6.717516183853149414e-01 6.124415397644042969e-01
6.727602481842041016e-01 5.987249016761779785e-01
6.737688779830932617e-01 5.982785820960998535e-01
6.747775673866271973e-01 6.084640622138977051e-01
6.757861971855163574e-01 6.151932477951049805e-01
6.767948269844055176e-01 6.231313943862915039e-01
6.778034567832946777e-01 6.217658519744873047e-01
6.788120865821838379e-01 6.075010299682617188e-01
6.798207163810729980e-01 5.984873175621032715e-01
6.808293461799621582e-01 6.078727841377258301e-01
6.818379759788513184e-01 6.252363920211791992e-01
6.828466057777404785e-01 6.265145540237426758e-01
6.838552951812744141e-01 6.142625212669372559e-01
6.848639249801635742e-01 6.261599063873291016e-01
6.858725547790527344e-01 6.373555660247802734e-01
6.868811845779418945e-01 6.206616163253784180e-01
6.878898143768310547e-01 6.180352568626403809e-01
6.888984441757202148e-01 6.203402876853942871e-01
6.899070739746093750e-01 6.188287138938903809e-01
6.909157037734985352e-01 6.365911364555358887e-01
6.919243335723876953e-01 6.131466627120971680e-01
6.929329633712768555e-01 6.078911423683166504e-01
6.939416527748107910e-01 6.286498308181762695e-01
6.949502825736999512e-01 6.088892817497253418e-01
6.959589123725891113e-01 6.215211749076843262e-01
6.969675421714782715e-01 6.220929622650146484e-01
6.979761719703674316e-01 6.232168078422546387e-01
6.989848017692565918e-01 6.165264844894409180e-01
6.999934315681457520e-01 6.318121552467346191e-01
7.010020613670349121e-01 6.173588633537292480e-01
7.020106911659240723e-01 6.208919286727905273e-01
7.030193805694580078e-01 6.468718647956848145e-01
7.040280103683471680e-01 6.351264119148254395e-01
7.050366401672363281e-01 6.305166482925415039e-01
7.060452699661254883e-01 6.395781636238098145e-01
7.070538997650146484e-01 6.285540461540222168e-01
7.080625295639038086e-01 6.337099075317382812e-01
7.090711593627929688e-01 6.371587514877319336e-01
7.100797891616821289e-01 6.322983503341674805e-01
7.110884189605712891e-01 6.265562176704406738e-01
7.120970487594604492e-01 6.378188729286193848e-01
7.131057381629943848e-01 6.375289559364318848e-01
7.141143679618835449e-01 6.341534256935119629e-01
7.151229977607727051e-01 6.432089209556579590e-01
7.161316275596618652e-01 6.633822321891784668e-01
7.171402573585510254e-01 6.441863179206848145e-01
7.181488871574401855e-01 6.294731497764587402e-01
7.191575169563293457e-01 6.488032341003417969e-01
7.201661467552185059e-01 6.486734747886657715e-01
7.211747765541076660e-01 6.513344049453735352e-01
7.221834659576416016e-01 6.525257825851440430e-01
7.231920957565307617e-01 6.374343633651733398e-01
7.242007255554199219e-01 6.422437429428100586e-01
7.252093553543090820e-01 6.487963199615478516e-01
7.262179851531982422e-01 6.430169939994812012e-01
7.272266149520874023e-01 6.485616564750671387e-01
7.282352447509765625e-01 6.688539981842041016e-01
7.292438745498657227e-01 6.767252087593078613e-01
7.302525043487548828e-01 6.676195263862609863e-01
7.312611341476440430e-01 6.741583943367004395e-01
7.322698235511779785e-01 6.509524583816528320e-01
7.332784533500671387e-01 6.597748398780822754e-01
7.342870831489562988e-01 6.615958809852600098e-01
7.352957129478454590e-01 6.782288551330566406e-01
7.363043427467346191e-01 6.502782106399536133e-01
7.373129725456237793e-01 6.703834533691406250e-01
7.383216023445129395e-01 6.686769127845764160e-01
7.393302321434020996e-01 6.942632794380187988e-01
7.403388619422912598e-01 6.811302304267883301e-01
7.413475513458251953e-01 6.668584346771240234e-01
7.423561811447143555e-01 6.819415688514709473e-01
7.433648109436035156e-01 6.764756441116333008e-01
7.443734407424926758e-01 6.739692091941833496e-01
7.453820705413818359e-01 6.692975163459777832e-01
7.463907003402709961e-01 6.463617086410522461e-01
7.473993301391601562e-01 6.711763739585876465e-01
7.484079599380493164e-01 6.735123395919799805e-01
7.494165897369384766e-01 6.741834282875061035e-01
7.504252195358276367e-01 6.607456803321838379e-01
7.514339089393615723e-01 6.585936546325683594e-01
7.524425387382507324e-01 6.774757504463195801e-01
7.534511685371398926e-01 6.895884871482849121e-01
7.544597983360290527e-01 6.712000966072082520e-01
7.554684281349182129e-01 6.654899120330810547e-01
7.564770579338073730e-01 6.767994165420532227e-01
7.574856877326965332e-01 6.642442345619201660e-01
7.584943175315856934e-01 6.647043228149414062e-01
7.595029473304748535e-01 6.673247218132019043e-01
7.605116367340087891e-01 6.803832054138183594e-01
7.615202665328979492e-01 6.736629009246826172e-01
7.625288963317871094e-01 6.828840970993041992e-01
7.635375261306762695e-01 6.664961576461791992e-01
7.645461559295654297e-01 6.782494187355041504e-01
7.655547857284545898e-01 6.836191415786743164e-01
7.665634155273437500e-01 6.713441610336303711e-01
7.675720453262329102e-01 6.981138586997985840e-01
7.685806751251220703e-01 6.908455491065979004e-01
7.695893049240112305e-01 6.807894706726074219e-01
7.705979943275451660e-01 6.862035989761352539e-01
7.716066241264343262e-01 6.913987398147583008e-01
7.726152539253234863e-01 6.904870271682739258e-01
7.736238837242126465e-01 6.894899606704711914e-01
7.746325135231018066e-01 6.766505241394042969e-01
7.756411433219909668e-01 6.700266599655151367e-01
7.766497731208801270e-01 6.838853359222412109e-01
7.776584029197692871e-01 6.940018534660339355e-01
7.786670327186584473e-01 6.848142743110656738e-01
7.796757221221923828e-01 6.850079298019409180e-01
7.806843519210815430e-01 6.811237335205078125e-01
7.816929817199707031e-01 6.812433600425720215e-01
7.827016115188598633e-01 6.879425048828125000e-01
7.837102413177490234e-01 6.882763504981994629e-01
7.847188711166381836e-01 6.760264039039611816e-01
7.857275009155273438e-01 6.715592145919799805e-01
7.867361307144165039e-01 6.666870713233947754e-01
7.877447605133056641e-01 6.858927011489868164e-01
7.887533903121948242e-01 6.927682757377624512e-01
7.897620797157287598e-01 6.870327591896057129e-01
7.907707095146179199e-01 6.866846680641174316e-01
7.917793393135070801e-01 6.928532719612121582e-01
7.927879691123962402e-01 6.934742331504821777e-01
7.937965989112854004e-01 6.942379474639892578e-01
7.948052287101745605e-01 6.844127774238586426e-01
7.958138585090637207e-01 6.862096190452575684e-01
7.968224883079528809e-01 6.743153929710388184e-01
7.978311181068420410e-01 6.948005557060241699e-01
7.988398075103759766e-01 6.999285817146301270e-01
7.998484373092651367e-01 6.862084269523620605e-01
8.008570671081542969e-01 6.807791590690612793e-01
8.018656969070434570e-01 6.861423850059509277e-01
8.028743267059326172e-01 6.858773827552795410e-01
8.038829565048217773e-01 6.977969408035278320e-01
8.048915863037109375e-01 6.946030855178833008e-01
8.059002161026000977e-01 7.029830813407897949e-01
8.069088459014892578e-01 6.859722733497619629e-01
8.079174757003784180e-01 6.759976744651794434e-01
8.089261651039123535e-01 7.003518939018249512e-01
8.099347949028015137e-01 6.853983998298645020e-01
8.109434247016906738e-01 7.146785259246826172e-01
8.119520545005798340e-01 7.005661129951477051e-01
8.129606842994689941e-01 6.868399977684020996e-01
8.139693140983581543e-01 6.934416890144348145e-01
8.149779438972473145e-01 7.207126021385192871e-01
8.159865736961364746e-01 7.120881080627441406e-01
8.169952034950256348e-01 7.059408426284790039e-01
8.180038928985595703e-01 6.954601407051086426e-01
8.190125226974487305e-01 7.193239927291870117e-01
8.200211524963378906e-01 6.932955980300903320e-01
8.210297822952270508e-01 7.083134055137634277e-01
8.220384120941162109e-01 6.922566294670104980e-01
8.230470418930053711e-01 7.032884955406188965e-01
8.240556716918945312e-01 7.111210227012634277e-01
8.250643014907836914e-01 7.034054994583129883e-01
8.260729312896728516e-01 7.143291234970092773e-01
8.270815610885620117e-01 7.158652544021606445e-01
8.280902504920959473e-01 7.255997061729431152e-01
8.290988802909851074e-01 7.071582078933715820e-01
8.301075100898742676e-01 6.906993985176086426e-01
8.311161398887634277e-01 6.938656568527221680e-01
8.321247696876525879e-01 7.185366749763488770e-01
8.331333994865417480e-01 7.180061340332031250e-01
8.341420292854309082e-01 7.206378579139709473e-01
8.351506590843200684e-01 7.206165194511413574e-01
8.361592888832092285e-01 7.445091605186462402e-01
8.371679782867431641e-01 7.325523495674133301e-01
8.381766080856323242e-01 7.242776155471801758e-01
8.391852378845214844e-01 7.178553938865661621e-01
8.401938676834106445e-01 7.227147221565246582e-01
8.412024974822998047e-01 7.058840990066528320e-01
8.422111272811889648e-01 7.149152755737304688e-01
8.432197570800781250e-01 7.110040783882141113e-01
8.442283868789672852e-01 7.181719541549682617e-01
8.452370166778564453e-01 7.203441858291625977e-01
8.462456464767456055e-01 7.102767229080200195e-01
8.472543358802795410e-01 7.235861420631408691e-01
8.482629656791687012e-01 7.273144721984863281e-01
8.492715954780578613e-01 7.266290187835693359e-01
8.502802252769470215e-01 7.607401013374328613e-01
8.512888550758361816e-01 7.385609745979309082e-01
8.522974848747253418e-01 7.510145306587219238e-01
8.533061146736145020e-01 7.553081512451171875e-01
8.543147444725036621e-01 7.425306439399719238e-01
8.553233742713928223e-01 7.388291358947753906e-01
8.563320636749267578e-01 7.421211600303649902e-01
8.573406934738159180e-01 7.178754210472106934e-01
8.583493232727050781e-01 7.295244932174682617e-01
8.593579530715942383e-01 7.566854953765869141e-01
8.603665828704833984e-01 7.696304321289062500e-01
8.613752126693725586e-01 7.721793055534362793e-01
8.623838424682617188e-01 8.360763192176818848e-01
8.633924722671508789e-01 1.009232044219970703e+00
8.644011020660400391e-01 7.677718997001647949e-01
8.654097318649291992e-01 7.624855041503906250e-01
8.664184212684631348e-01 7.909926176071166992e-01
8.674270510673522949e-01 7.701846361160278320e-01
8.684356808662414551e-01 7.789924144744873047e-01
8.694443106651306152e-01 7.900701165199279785e-01
8.704529404640197754e-01 7.748407721519470215e-01
8.714615702629089355e-01 7.619660496711730957e-01
8.724702000617980957e-01 7.733550667762756348e-01
8.734788298606872559e-01 7.541440129280090332e-01
8.744874596595764160e-01 7.687990665435791016e-01
8.754961490631103516e-01 7.392084002494812012e-01
8.765047788619995117e-01 7.619808316230773926e-01
8.775134086608886719e-01 7.533248066902160645e-01
8.785220384597778320e-01 7.484003305435180664e-01
8.795306682586669922e-01 7.561285495758056641e-01
8.805392980575561523e-01 7.496237754821777344e-01
8.815479278564453125e-01 7.321348190307617188e-01
8.825565576553344727e-01 7.386447787284851074e-01
8.835651874542236328e-01 7.292698025703430176e-01
8.845738172531127930e-01 7.481384873390197754e-01
8.855825066566467285e-01 7.363832592964172363e-01
8.865911364555358887e-01 7.270190119743347168e-01
8.875997662544250488e-01 7.407159209251403809e-01
8.886083960533142090e-01 7.612024545669555664e-01
8.896170258522033691e-01 7.435115575790405273e-01
8.906256556510925293e-01 7.513939738273620605e-01
8.916342854499816895e-01 7.291748523712158203e-01
8.926429152488708496e-01 7.469106912612915039e-01
8.936515450477600098e-01 7.343210577964782715e-01
8.946602344512939453e-01 7.407541871070861816e-01
8.956688642501831055e-01 7.490579485893249512e-01
8.966774940490722656e-01 7.364289164543151855e-01
8.976861238479614258e-01 7.395887374877929688e-01
8.986947536468505859e-01 7.289326786994934082e-01
8.997033834457397461e-01 7.500829100608825684e-01
9.007120132446289062e-01 7.668325304985046387e-01
9.017206430435180664e-01 7.601478695869445801e-01
9.027292728424072266e-01 7.473203539848327637e-01
9.037379026412963867e-01 7.336891293525695801e-01
9.047465920448303223e-01 7.347673177719116211e-01
9.057552218437194824e-01 7.400311231613159180e-01
9.067638516426086426e-01 7.612364888191223145e-01
9.077724814414978027e-01 7.560018897056579590e-01
9.087811112403869629e-01 7.333161234855651855e-01
9.097897410392761230e-01 7.300888299942016602e-01
9.107983708381652832e-01 7.590386271476745605e-01
9.118070006370544434e-01 7.773043513298034668e-01
9.128156304359436035e-01 7.569345235824584961e-01
9.138243198394775391e-01 7.588064670562744141e-01
9.148329496383666992e-01 7.537220120429992676e-01
9.158415794372558594e-01 7.542342543601989746e-01
9.168502092361450195e-01 7.727615833282470703e-01
9.178588390350341797e-01 7.750056385993957520e-01
9.188674688339233398e-01 7.590149044990539551e-01
9.198760986328125000e-01 7.687584757804870605e-01
9.208847284317016602e-01 7.595493197441101074e-01
9.218933582305908203e-01 7.590352296829223633e-01
9.229020476341247559e-01 7.865318655967712402e-01
9.239106774330139160e-01 7.535797953605651855e-01
9.249193072319030762e-01 7.607198953628540039e-01
9.259279370307922363e-01 7.791636586189270020e-01
9.269365668296813965e-01 7.607691884040832520e-01
9.279451966285705566e-01 7.413157224655151367e-01
9.289538264274597168e-01 7.845180630683898926e-01
9.299624562263488770e-01 7.428984045982360840e-01
9.309710860252380371e-01 7.566238641738891602e-01
9.319797158241271973e-01 8.027596473693847656e-01
9.329884052276611328e-01 8.026651740074157715e-01
9.339970350265502930e-01 7.843215465545654297e-01
9.350056648254394531e-01 7.968221306800842285e-01
9.360142946243286133e-01 7.973520755767822266e-01
9.370229244232177734e-01 7.511820197105407715e-01
9.380315542221069336e-01 7.895771861076354980e-01
9.390401840209960938e-01 8.036168813705444336e-01
9.400488138198852539e-01 8.179617524147033691e-01
9.410574436187744141e-01 7.932723760604858398e-01
9.420661330223083496e-01 8.053691387176513672e-01
9.430747628211975098e-01 8.150369524955749512e-01
9.440833926200866699e-01 8.284199833869934082e-01
9.450920224189758301e-01 7.912952303886413574e-01
9.461006522178649902e-01 7.795668840408325195e-01
9.471092820167541504e-01 7.912321686744689941e-01
9.481179118156433105e-01 7.826220989227294922e-01
9.491265416145324707e-01 7.856286168098449707e-01
9.501351714134216309e-01 7.810030579566955566e-01
9.511438012123107910e-01 8.053762316703796387e-01
9.521524906158447266e-01 8.142217993736267090e-01
9.531611204147338867e-01 8.150531053543090820e-01
9.541697502136230469e-01 7.871856093406677246e-01
9.551783800125122070e-01 7.714104652404785156e-01
9.561870098114013672e-01 7.676784992218017578e-01
9.571956396102905273e-01 7.977697849273681641e-01
9.582042694091796875e-01 7.860723137855529785e-01
9.592128992080688477e-01 8.022500872611999512e-01
9.602215290069580078e-01 8.003841042518615723e-01
9.612302184104919434e-01 7.902787923812866211e-01
9.622388482093811035e-01 8.341741561889648438e-01
9.632474780082702637e-01 8.166124224662780762e-01
9.642561078071594238e-01 7.922041416168212891e-01
9.652647376060485840e-01 8.018771409988403320e-01
9.662733674049377441e-01 7.899532318115234375e-01
9.672819972038269043e-01 8.095814585685729980e-01
9.682906270027160645e-01 7.818355560302734375e-01
9.692992568016052246e-01 7.917917966842651367e-01
9.703078866004943848e-01 8.339303135871887207e-01
9.713165760040283203e-01 8.260066509246826172e-01
9.723252058029174805e-01 8.212309479713439941e-01
9.733338356018066406e-01 8.500078320503234863e-01
9.743424654006958008e-01 8.260837793350219727e-01
9.753510951995849609e-01 8.296259641647338867e-01
9.763597249984741211e-01 8.117712736129760742e-01
9.773683547973632812e-01 7.874473929405212402e-01
9.783769845962524414e-01 8.138895034790039062e-01
9.793856143951416016e-01 8.349809050559997559e-01
9.803943037986755371e-01 8.361443877220153809e-01
9.814029335975646973e-01 8.287591338157653809e-01
9.824115633964538574e-01 8.250955939292907715e-01
9.834201931953430176e-01 8.179617524147033691e-01
9.844288229942321777e-01 8.199207782745361328e-01
9.854374527931213379e-01 8.638815283775329590e-01
9.864460825920104980e-01 8.144905567169189453e-01
9.874547123908996582e-01 8.414596915245056152e-01
9.884633421897888184e-01 8.309131860733032227e-01
9.894719719886779785e-01 8.590470552444458008e-01
9.904806613922119141e-01 8.471693396568298340e-01
9.914892911911010742e-01 8.488754630088806152e-01
9.924979209899902344e-01 8.473283648490905762e-01
9.935065507888793945e-01 8.674530386924743652e-01
9.945151805877685547e-01 8.914431333541870117e-01
9.955238103866577148e-01 8.874731659889221191e-01
9.965324401855468750e-01 8.729133009910583496e-01
9.975410699844360352e-01 8.888496160507202148e-01
9.985496997833251953e-01 8.732608556747436523e-01
9.995583891868591309e-01 8.724479079246520996e-01
1.000566959381103516e+00 8.704292774200439453e-01
1.001575589179992676e+00 8.965793251991271973e-01
1.002584218978881836e+00 8.486285209655761719e-01
1.003592848777770996e+00 8.822543025016784668e-01
1.004601597785949707e+00 9.135379791259765625e-01
1.005610227584838867e+00 8.847122192382812500e-01
1.006618857383728027e+00 8.704405426979064941e-01
1.007627487182617188e+00 9.331786036491394043e-01
1.008636116981506348e+00 9.129796028137207031e-01
1.009644746780395508e+00 8.850908279418945312e-01
1.010653376579284668e+00 8.717498183250427246e-01
1.011662006378173828e+00 9.359249472618103027e-01
1.012670636177062988e+00 9.384357333183288574e-01
1.013679265975952148e+00 9.230372309684753418e-01
1.014687895774841309e+00 9.147638082504272461e-01
1.015696525573730469e+00 8.671346306800842285e-01
1.016705155372619629e+00 9.090713858604431152e-01
1.017713785171508789e+00 8.785033226013183594e-01
1.018722414970397949e+00 8.512857556343078613e-01
1.019731044769287109e+00 8.522228598594665527e-01
1.020739674568176270e+00 9.147812724113464355e-01
1.021748304367065430e+00 9.230593442916870117e-01
1.022756934165954590e+00 9.101001620292663574e-01
1.023765683174133301e+00 9.379234313964843750e-01
1.024774312973022461e+00 9.206084609031677246e-01
1.025782942771911621e+00 9.263138175010681152e-01
1.026791572570800781e+00 9.033051729202270508e-01
1.027800202369689941e+00 9.192289710044860840e-01
1.028808832168579102e+00 9.325158596038818359e-01
1.029817461967468262e+00 9.277057647705078125e-01
1.030826091766357422e+00 9.272562861442565918e-01
1.031834721565246582e+00 8.805428743362426758e-01
1.032843351364135742e+00 8.684088587760925293e-01
1.033851981163024902e+00 8.735150098800659180e-01
1.034860610961914062e+00 8.657454848289489746e-01
1.035869240760803223e+00 8.891497850418090820e-01
1.036877870559692383e+00 9.401103854179382324e-01
1.037886500358581543e+00 9.254774451255798340e-01
1.038895130157470703e+00 9.129326939582824707e-01
1.039903759956359863e+00 9.459018111228942871e-01
1.040912389755249023e+00 9.321317672729492188e-01
1.041921019554138184e+00 9.121455550193786621e-01
1.042929768562316895e+00 9.391164183616638184e-01
1.043938398361206055e+00 9.212893843650817871e-01
1.044947028160095215e+00 8.760769963264465332e-01
1.045955657958984375e+00 9.288597106933593750e-01
1.046964287757873535e+00 9.122543931007385254e-01
1.047972917556762695e+00 9.181774854660034180e-01
1.048981547355651855e+00 9.361649751663208008e-01
1.049990177154541016e+00 9.619134664535522461e-01
1.050998806953430176e+00 9.035713672637939453e-01
1.052007436752319336e+00 9.147259593009948730e-01
1.053016066551208496e+00 9.652218818664550781e-01
1.054024696350097656e+00 9.474245905876159668e-01
1.055033326148986816e+00 9.241389036178588867e-01
1.056041955947875977e+00 9.458070397377014160e-01
1.057050585746765137e+00 9.618691205978393555e-01
1.058059215545654297e+00 9.126040339469909668e-01
1.059067845344543457e+00 9.578038454055786133e-01
1.060076475143432617e+00 9.015272259712219238e-01
1.061085104942321777e+00 9.600941538810729980e-01
1.062093853950500488e+00 9.202435612678527832e-01
1.063102483749389648e+00 8.914704918861389160e-01
1.064111113548278809e+00 9.924075007438659668e-01
1.065119743347167969e+00 9.704731702804565430e-01
1.066128373146057129e+00 9.164451956748962402e-01
1.067137002944946289e+00 9.456900954246520996e-01
1.068145632743835449e+00 9.689164161682128906e-01
1.069154262542724609e+00 9.934979081153869629e-01
1.070162892341613770e+00 9.558113217353820801e-01
1.071171522140502930e+00 8.857010006904602051e-01
1.072180151939392090e+00 9.222044348716735840e-01
1.073188781738281250e+00 9.420683383941650391e-01
1.074197411537170410e+00 9.062681794166564941e-01
1.075206041336059570e+00 9.553002715110778809e-01
1.076214671134948730e+00 9.658825397491455078e-01
1.077223300933837891e+00 8.949707150459289551e-01
1.078231930732727051e+00 1.008432626724243164e+00
1.079240560531616211e+00 9.856135845184326172e-01
1.080249190330505371e+00 8.697918057441711426e-01
1.081257939338684082e+00 9.300563931465148926e-01
1.082266569137573242e+00 9.662481546401977539e-01
1.083275198936462402e+00 1.042237043380737305e+00
1.084283828735351562e+00 9.521042108535766602e-01
1.085292458534240723e+00 9.335571527481079102e-01
1.086301088333129883e+00 9.948627948760986328e-01
1.087309718132019043e+00 9.525737762451171875e-01
1.088318347930908203e+00 9.881787300109863281e-01
1.089326977729797363e+00 9.738953113555908203e-01
1.090335607528686523e+00 9.500783085823059082e-01
1.091344237327575684e+00 9.539646506309509277e-01
1.092352867126464844e+00 9.857108592987060547e-01
1.093361496925354004e+00 9.215831160545349121e-01
1.094370126724243164e+00 8.942930698394775391e-01
1.095378756523132324e+00 9.811225533485412598e-01
1.096387386322021484e+00 9.727916717529296875e-01
1.097396016120910645e+00 1.012910842895507812e+00
1.098404645919799805e+00 9.226388931274414062e-01
1.099413275718688965e+00 9.827241301536560059e-01
1.100422024726867676e+00 1.013654589653015137e+00
1.101430654525756836e+00 9.761408567428588867e-01
1.102439284324645996e+00 9.212777018547058105e-01
1.103447914123535156e+00 9.755589365959167480e-01
1.104456543922424316e+00 9.851459860801696777e-01
1.105465173721313477e+00 9.381863474845886230e-01
1.106473803520202637e+00 9.333136081695556641e-01
1.107482433319091797e+00 9.791264533996582031e-01
1.108491063117980957e+00 9.682077169418334961e-01
1.109499692916870117e+00 9.764971733093261719e-01
1.110508322715759277e+00 9.912181496620178223e-01
1.111516952514648438e+00 9.416171312332153320e-01
1.112525582313537598e+00 9.664880037307739258e-01
1.113534212112426758e+00 1.051263689994812012e+00
1.114542841911315918e+00 9.824652671813964844e-01
1.115551471710205078e+00 9.575376510620117188e-01
1.116560101509094238e+00 9.950692057609558105e-01
1.117568731307983398e+00 1.032934665679931641e+00
1.118577361106872559e+00 9.894019961357116699e-01
1.119586110115051270e+00 9.712381362915039062e-01
1.120594739913940430e+00 9.961600899696350098e-01
1.121603369712829590e+00 9.771515130996704102e-01
1.122611999511718750e+00 1.063912153244018555e+00
1.123620629310607910e+00 9.320371150970458984e-01
1.124629259109497070e+00 1.017581939697265625e+00
1.125637888908386230e+00 9.565530419349670410e-01
1.126646518707275391e+00 9.859802126884460449e-01
1.127655148506164551e+00 9.518685936927795410e-01
1.128663778305053711e+00 9.972731471061706543e-01
1.129672408103942871e+00 1.005101561546325684e+00
1.130681037902832031e+00 9.721955657005310059e-01
1.131689667701721191e+00 1.007836461067199707e+00
1.132698297500610352e+00 9.192979931831359863e-01
1.133706927299499512e+00 1.037567019462585449e+00
1.134715557098388672e+00 1.116158962249755859e+00
1.135724186897277832e+00 1.037120819091796875e+00
1.136732816696166992e+00 9.777653813362121582e-01
1.137741446495056152e+00 9.815112948417663574e-01
1.138750195503234863e+00 1.005160808563232422e+00
1.139758825302124023e+00 1.048937082290649414e+00
1.140767455101013184e+00 1.040959954261779785e+00
1.141776084899902344e+00 1.051467657089233398e+00
1.142784714698791504e+00 1.058187127113342285e+00
1.143793344497680664e+00 9.662352204322814941e-01
1.144801974296569824e+00 9.970136880874633789e-01
1.145810604095458984e+00 1.012430548667907715e+00
1.146819233894348145e+00 9.084254503250122070e-01
1.147827863693237305e+00 9.812256097793579102e-01
1.148836493492126465e+00 1.071497678756713867e+00
1.149845123291015625e+00 1.021949887275695801e+00
1.150853753089904785e+00 9.957706332206726074e-01
1.151862382888793945e+00 8.906672000885009766e-01
1.152871012687683105e+00 9.126538038253784180e-01
1.153879642486572266e+00 9.884622693061828613e-01
1.154888272285461426e+00 1.035017013549804688e+00
1.155896902084350586e+00 9.693988561630249023e-01
1.156905531883239746e+00 9.769572019577026367e-01
1.157914280891418457e+00 9.685431718826293945e-01
1.158922910690307617e+00 9.858052730560302734e-01
1.159931540489196777e+00 9.858136773109436035e-01
1.160940170288085938e+00 9.810185432434082031e-01
1.161948800086975098e+00 1.074537277221679688e+00
1.162957429885864258e+00 1.083768486976623535e+00
1.163966059684753418e+00 1.044080376625061035e+00
1.164974689483642578e+00 9.672981500625610352e-01
1.165983319282531738e+00 1.013187646865844727e+00
1.166991949081420898e+00 9.241377115249633789e-01
1.168000578880310059e+00 1.104869842529296875e+00
1.169009208679199219e+00 1.117946982383728027e+00
1.170017838478088379e+00 1.035954833030700684e+00
1.171026468276977539e+00 1.058201789855957031e+00
1.172035098075866699e+00 9.679114222526550293e-01
1.173043727874755859e+00 1.110236763954162598e+00
1.174052357673645020e+00 1.110625028610229492e+00
1.175060987472534180e+00 1.044758081436157227e+00
1.176069617271423340e+00 9.736005663871765137e-01
1.177078366279602051e+00 8.399127125740051270e-01
1.178086996078491211e+00 1.045114159584045410e+00
1.179095625877380371e+00 1.091565847396850586e+00
1.180104255676269531e+00 1.021093487739562988e+00
1.181112885475158691e+00 1.179942250251770020e+00
1.182121515274047852e+00 1.045515060424804688e+00
1.183130145072937012e+00 1.021038413047790527e+00
1.184138774871826172e+00 1.122274041175842285e+00
1.185147404670715332e+00 1.128662824630737305e+00
1.186156034469604492e+00 1.138062000274658203e+00
1.187164664268493652e+00 1.093729496002197266e+00
1.188173294067382812e+00 1.012332677841186523e+00
1.189181923866271973e+00 1.014023423194885254e+00
1.190190553665161133e+00 1.184619426727294922e+00
1.191199183464050293e+00 1.129664778709411621e+00
1.192207813262939453e+00 1.095607757568359375e+00
1.193216443061828613e+00 1.081245064735412598e+00
1.194225072860717773e+00 1.123995423316955566e+00
1.195233702659606934e+00 1.258744001388549805e+00
1.196242451667785645e+00 1.109425663948059082e+00
1.197251081466674805e+00 1.176390051841735840e+00
1.198259711265563965e+00 1.079711079597473145e+00
1.199268341064453125e+00 9.961451292037963867e-01
1.200276970863342285e+00 7.291354537010192871e-01
1.201285600662231445e+00 9.325901269912719727e-01
1.202294230461120605e+00 1.180490255355834961e+00
1.203302860260009766e+00 9.707291126251220703e-01
1.204311490058898926e+00 1.041333079338073730e+00
1.205320119857788086e+00 1.054453015327453613e+00
1.206328749656677246e+00 9.160479903221130371e-01
1.207337379455566406e+00 7.369376420974731445e-01
1.208346009254455566e+00 8.337910175323486328e-01
1.209354639053344727e+00 8.912517428398132324e-01
