0.000000000000000000e+00 6.284807128906250000e+02
1.008636085316538811e-03 5.403493652343750000e+02
2.017272170633077621e-03 4.469082946777343750e+02
3.025908255949616432e-03 3.748863525390625000e+02
4.034544341266155243e-03 3.301094665527343750e+02
5.043180659413337708e-03 2.940706176757812500e+02
6.051816511899232864e-03 2.674239501953125000e+02
7.060452364385128021e-03 2.518420715332031250e+02
8.069088682532310486e-03 2.335428466796875000e+02
9.077725000679492950e-03 2.191082000732421875e+02
1.008636131882667542e-02 2.084050445556640625e+02
1.109499670565128326e-02 1.966681976318359375e+02
1.210363302379846573e-02 1.894446563720703125e+02
1.311226934194564819e-02 1.771807708740234375e+02
1.412090472877025604e-02 1.691287078857421875e+02
1.512954104691743851e-02 1.594337768554687500e+02
1.613817736506462097e-02 1.504369354248046875e+02
1.714681275188922882e-02 1.426636352539062500e+02
1.815545000135898590e-02 1.347023162841796875e+02
1.916408538818359375e-02 1.268861999511718750e+02
2.017272263765335083e-02 1.207241973876953125e+02
2.118135802447795868e-02 1.139691543579101562e+02
2.218999341130256653e-02 1.065084381103515625e+02
2.319863066077232361e-02 9.999355316162109375e+01
2.420726604759693146e-02 9.530768585205078125e+01
2.521590143442153931e-02 8.975171661376953125e+01
2.622453868389129639e-02 8.549437713623046875e+01
2.723317407071590424e-02 8.143952178955078125e+01
2.824180945754051208e-02 7.630112457275390625e+01
2.925044670701026917e-02 7.296144866943359375e+01
3.025908209383487701e-02 6.822589111328125000e+01
3.126771748065948486e-02 6.545619201660156250e+01
3.227635473012924194e-02 6.162177276611328125e+01
3.328499197959899902e-02 5.816453552246093750e+01
3.429362550377845764e-02 5.507234573364257812e+01
3.530226275324821472e-02 5.211159896850585938e+01
3.631090000271797180e-02 4.920401763916015625e+01
3.731953352689743042e-02 4.700638198852539062e+01
3.832817077636718750e-02 4.459266281127929688e+01
3.933680802583694458e-02 4.215579223632812500e+01
4.034544527530670166e-02 3.978244781494140625e+01
4.135407879948616028e-02 3.762600708007812500e+01
4.236271604895591736e-02 3.566714096069335938e+01
4.337135329842567444e-02 3.353980255126953125e+01
4.437998682260513306e-02 3.177537918090820312e+01
4.538862407207489014e-02 3.057405471801757812e+01
4.639726132154464722e-02 2.902766990661621094e+01
4.740589484572410583e-02 2.756390190124511719e+01
4.841453209519386292e-02 2.619016075134277344e+01
4.942316934466362000e-02 2.483440780639648438e+01
5.043180286884307861e-02 2.349180221557617188e+01
5.144044011831283569e-02 2.260417556762695312e+01
5.244907736778259277e-02 2.131532287597656250e+01
5.345771089196205139e-02 2.020671272277832031e+01
5.446634814143180847e-02 1.920593643188476562e+01
5.547498539090156555e-02 1.841651535034179688e+01
5.648361891508102417e-02 1.786585235595703125e+01
5.749225616455078125e-02 1.713092041015625000e+01
5.850089341402053833e-02 1.624978637695312500e+01
5.950953066349029541e-02 1.555844593048095703e+01
6.051816418766975403e-02 1.507594203948974609e+01
6.152680143713951111e-02 1.432184219360351562e+01
6.253543496131896973e-02 1.371010494232177734e+01
6.354407221078872681e-02 1.322444057464599609e+01
6.455270946025848389e-02 1.253879261016845703e+01
6.556134670972824097e-02 1.206272506713867188e+01
6.656998395919799805e-02 1.160358238220214844e+01
6.757862120866775513e-02 1.131667900085449219e+01
6.858725100755691528e-02 1.085076808929443359e+01
6.959588825702667236e-02 1.046292495727539062e+01
7.060452550649642944e-02 1.020070457458496094e+01
7.161316275596618652e-02 9.931797981262207031e+00
7.262180000543594360e-02 9.461890220642089844e+00
7.363043725490570068e-02 9.137996673583984375e+00
7.463906705379486084e-02 9.007883071899414062e+00
7.564770430326461792e-02 8.794983863830566406e+00
7.665634155273437500e-02 8.493262290954589844e+00
7.766497880220413208e-02 8.143908500671386719e+00
7.867361605167388916e-02 8.014708518981933594e+00
7.968225330114364624e-02 7.713643550872802734e+00
8.069089055061340332e-02 7.658108711242675781e+00
8.169952034950256348e-02 7.517677307128906250e+00
8.270815759897232056e-02 7.229270935058593750e+00
8.371679484844207764e-02 7.076197624206542969e+00
8.472543209791183472e-02 6.913039684295654297e+00
8.573406934738159180e-02 6.821703910827636719e+00
8.674270659685134888e-02 6.692410945892333984e+00
8.775133639574050903e-02 6.475983619689941406e+00
8.875997364521026611e-02 6.305937767028808594e+00
8.976861089468002319e-02 6.200992107391357422e+00
9.077724814414978027e-02 6.164623737335205078e+00
9.178588539361953735e-02 6.107255935668945312e+00
9.279452264308929443e-02 6.015054225921630859e+00
9.380315244197845459e-02 5.769882678985595703e+00
9.481178969144821167e-02 5.743869781494140625e+00
9.582042694091796875e-02 5.632895946502685547e+00
9.682906419038772583e-02 5.620463371276855469e+00
9.783770143985748291e-02 5.590942382812500000e+00
9.884633868932723999e-02 5.504330158233642578e+00
9.985497593879699707e-02 5.277195453643798828e+00
1.008636057376861572e-01 5.260467052459716797e+00
1.018722429871559143e-01 5.259205341339111328e+00
1.028808802366256714e-01 5.175830841064453125e+00
1.038895174860954285e-01 5.089790344238281250e+00
1.048981547355651855e-01 5.001435279846191406e+00
1.059067919850349426e-01 4.989516735076904297e+00
1.069154217839241028e-01 4.874785423278808594e+00
1.079240590333938599e-01 4.837862491607666016e+00
1.089326962828636169e-01 4.782859802246093750e+00
1.099413335323333740e-01 4.812943935394287109e+00
1.109499707818031311e-01 4.720215320587158203e+00
1.119586080312728882e-01 4.633091926574707031e+00
1.129672378301620483e-01 4.659237384796142578e+00
1.139758750796318054e-01 4.600603580474853516e+00
1.149845123291015625e-01 4.618634700775146484e+00
1.159931495785713196e-01 4.509397029876708984e+00
1.170017868280410767e-01 4.535711765289306641e+00
1.180104240775108337e-01 4.476203441619873047e+00
1.190190613269805908e-01 4.472866535186767578e+00
1.200276911258697510e-01 4.494074821472167969e+00
1.210363283753395081e-01 4.430220127105712891e+00
1.220449656248092651e-01 4.409266471862792969e+00
1.230536028742790222e-01 4.359090805053710938e+00
1.240622401237487793e-01 4.278884887695312500e+00
1.250708699226379395e-01 4.261973381042480469e+00
1.260795146226882935e-01 4.248854637145996094e+00
1.270881444215774536e-01 4.253414154052734375e+00
1.280967891216278076e-01 4.233813285827636719e+00
1.291054189205169678e-01 4.226356506347656250e+00
1.301140487194061279e-01 4.221024513244628906e+00
1.311226934194564819e-01 4.139087200164794922e+00
1.321313232183456421e-01 4.152135372161865234e+00
1.331399679183959961e-01 4.114701271057128906e+00
1.341485977172851562e-01 4.136814117431640625e+00
1.351572424173355103e-01 4.111944198608398438e+00
1.361658722162246704e-01 4.128422737121582031e+00
1.371745020151138306e-01 4.142047405242919922e+00
1.381831467151641846e-01 4.079203128814697266e+00
1.391917765140533447e-01 4.063734531402587891e+00
1.402004212141036987e-01 4.035818099975585938e+00
1.412090510129928589e-01 4.043217658996582031e+00
1.422176808118820190e-01 3.993924617767333984e+00
1.432263255119323730e-01 3.991035461425781250e+00
1.442349553108215332e-01 3.980138301849365234e+00
1.452436000108718872e-01 3.999805450439453125e+00
1.462522298097610474e-01 3.950748443603515625e+00
1.472608745098114014e-01 4.004175186157226562e+00
1.482695043087005615e-01 3.937377452850341797e+00
1.492781341075897217e-01 3.921600580215454102e+00
1.502867788076400757e-01 3.922143220901489258e+00
1.512954086065292358e-01 3.952756166458129883e+00
1.523040533065795898e-01 3.932915687561035156e+00
1.533126831054687500e-01 3.893861532211303711e+00
1.543213278055191040e-01 3.881488323211669922e+00
1.553299576044082642e-01 3.861513376235961914e+00
1.563385874032974243e-01 3.825993537902832031e+00
1.573472321033477783e-01 3.828012704849243164e+00
1.583558619022369385e-01 3.889899492263793945e+00
1.593645066022872925e-01 3.861567974090576172e+00
1.603731364011764526e-01 3.832523107528686523e+00
1.613817811012268066e-01 3.834610462188720703e+00
1.623904109001159668e-01 3.827926874160766602e+00
1.633990406990051270e-01 3.837934494018554688e+00
1.644076853990554810e-01 3.839232444763183594e+00
1.654163151979446411e-01 3.826802015304565430e+00
1.664249598979949951e-01 3.855660676956176758e+00
1.674335896968841553e-01 3.844390153884887695e+00
1.684422194957733154e-01 3.817837238311767578e+00
1.694508641958236694e-01 3.820043802261352539e+00
1.704594939947128296e-01 3.777883768081665039e+00
1.714681386947631836e-01 3.778827428817749023e+00
1.724767684936523438e-01 3.818173646926879883e+00
1.734854131937026978e-01 3.800370216369628906e+00
1.744940429925918579e-01 3.821906805038452148e+00
1.755026727914810181e-01 3.773725032806396484e+00
1.765113174915313721e-01 3.760169744491577148e+00
1.775199472904205322e-01 3.774370908737182617e+00
1.785285919904708862e-01 3.771874666213989258e+00
1.795372217893600464e-01 3.733722209930419922e+00
1.805458664894104004e-01 3.725101947784423828e+00
1.815544962882995605e-01 3.768233060836791992e+00
1.825631260871887207e-01 3.779971122741699219e+00
1.835717707872390747e-01 3.786434650421142578e+00
1.845804005861282349e-01 3.710770606994628906e+00
1.855890452861785889e-01 3.750759363174438477e+00
1.865976750850677490e-01 3.782728910446166992e+00
1.876063048839569092e-01 3.760441303253173828e+00
1.886149495840072632e-01 3.793679475784301758e+00
1.896235793828964233e-01 3.725135564804077148e+00
1.906322240829467773e-01 3.720915079116821289e+00
1.916408538818359375e-01 3.724718093872070312e+00
1.926494985818862915e-01 3.780210256576538086e+00
1.936581283807754517e-01 3.748205661773681641e+00
1.946667581796646118e-01 3.768240690231323242e+00
1.956754028797149658e-01 3.777749061584472656e+00
1.966840326786041260e-01 3.676796913146972656e+00
1.976926773786544800e-01 3.688115596771240234e+00
1.987013071775436401e-01 3.669850587844848633e+00
1.997099518775939941e-01 3.690056085586547852e+00
2.007185816764831543e-01 3.697668075561523438e+00
2.017272114753723145e-01 3.729702234268188477e+00
2.027358561754226685e-01 3.768793344497680664e+00
2.037444859743118286e-01 3.728913307189941406e+00
2.047531306743621826e-01 3.653796434402465820e+00
2.057617604732513428e-01 3.688931226730346680e+00
2.067703902721405029e-01 3.713602781295776367e+00
2.077790349721908569e-01 3.719663858413696289e+00
2.087876647710800171e-01 3.709513664245605469e+00
2.097963094711303711e-01 3.672429561614990234e+00
2.108049392700195312e-01 3.710400819778442383e+00
2.118135839700698853e-01 3.688963174819946289e+00
2.128222137689590454e-01 3.709243774414062500e+00
2.138308435678482056e-01 3.654793739318847656e+00
2.148394882678985596e-01 3.659576177597045898e+00
2.158481180667877197e-01 3.753818035125732422e+00
2.168567627668380737e-01 3.658437728881835938e+00
2.178653925657272339e-01 3.671618938446044922e+00
2.188740372657775879e-01 3.672952413558959961e+00
2.198826670646667480e-01 3.680190801620483398e+00
2.208912968635559082e-01 3.658362865447998047e+00
2.218999415636062622e-01 3.635615825653076172e+00
2.229085713624954224e-01 3.639926433563232422e+00
2.239172160625457764e-01 3.685182571411132812e+00
2.249258458614349365e-01 3.635340452194213867e+00
2.259344756603240967e-01 3.638350725173950195e+00
2.269431203603744507e-01 3.663881063461303711e+00
2.279517501592636108e-01 3.622983455657958984e+00
2.289603948593139648e-01 3.656306505203247070e+00
2.299690246582031250e-01 3.618239164352416992e+00
2.309776693582534790e-01 3.712027549743652344e+00
2.319862991571426392e-01 3.650740861892700195e+00
2.329949289560317993e-01 3.648496150970458984e+00
2.340035736560821533e-01 3.646424055099487305e+00
2.350122034549713135e-01 3.612938642501831055e+00
2.360208481550216675e-01 3.623045206069946289e+00
2.370294779539108276e-01 3.647463798522949219e+00
2.380381226539611816e-01 3.654108524322509766e+00
2.390467524528503418e-01 3.621127128601074219e+00
2.400553822517395020e-01 3.616852045059204102e+00
2.410640269517898560e-01 3.584909200668334961e+00
2.420726567506790161e-01 3.603013753890991211e+00
2.430813014507293701e-01 3.770132064819335938e+00
2.440899312496185303e-01 3.598136425018310547e+00
2.450985759496688843e-01 3.552202701568603516e+00
2.461072057485580444e-01 3.624156236648559570e+00
2.471158355474472046e-01 3.641196012496948242e+00
2.481244802474975586e-01 3.597339391708374023e+00
2.491331100463867188e-01 3.649712085723876953e+00
2.501417398452758789e-01 3.620319604873657227e+00
2.511503994464874268e-01 3.584728717803955078e+00
2.521590292453765869e-01 3.549599885940551758e+00
2.531676590442657471e-01 3.558713197708129883e+00
2.541762888431549072e-01 3.608654737472534180e+00
2.551849186420440674e-01 3.536410570144653320e+00
2.561935782432556152e-01 3.565392017364501953e+00
2.572022080421447754e-01 3.591799020767211914e+00
2.582108378410339355e-01 3.527294635772705078e+00
2.592194676399230957e-01 3.525556087493896484e+00
2.602280974388122559e-01 3.608133316040039062e+00
2.612367570400238037e-01 3.591931581497192383e+00
2.622453868389129639e-01 3.621269941329956055e+00
2.632540166378021240e-01 3.613328933715820312e+00
2.642626464366912842e-01 3.566951274871826172e+00
2.652712762355804443e-01 3.560750484466552734e+00
2.662799358367919922e-01 3.553989887237548828e+00
2.672885656356811523e-01 3.617841482162475586e+00
2.682971954345703125e-01 3.580431461334228516e+00
2.693058252334594727e-01 3.550882339477539062e+00
2.703144848346710205e-01 3.570378065109252930e+00
2.713231146335601807e-01 3.547736644744873047e+00
2.723317444324493408e-01 3.554451465606689453e+00
2.733403742313385010e-01 3.548147201538085938e+00
2.743490040302276611e-01 3.569905519485473633e+00
2.753576636314392090e-01 3.624809503555297852e+00
2.763662934303283691e-01 3.578425884246826172e+00
2.773749232292175293e-01 3.582813501358032227e+00
2.783835530281066895e-01 3.609006881713867188e+00
2.793921828269958496e-01 3.570277452468872070e+00
2.804008424282073975e-01 3.569409370422363281e+00
2.814094722270965576e-01 3.538486480712890625e+00
2.824181020259857178e-01 3.508112192153930664e+00
2.834267318248748779e-01 3.521592855453491211e+00
2.844353616237640381e-01 3.597997665405273438e+00
2.854440212249755859e-01 3.521825551986694336e+00
2.864526510238647461e-01 3.521563291549682617e+00
2.874612808227539062e-01 3.509139776229858398e+00
2.884699106216430664e-01 3.509007930755615234e+00
2.894785702228546143e-01 3.533112049102783203e+00
2.904872000217437744e-01 3.542287349700927734e+00
2.914958298206329346e-01 3.559494972229003906e+00
2.925044596195220947e-01 3.518413305282592773e+00
2.935130894184112549e-01 3.597987651824951172e+00
2.945217490196228027e-01 3.605926036834716797e+00
2.955303788185119629e-01 3.527790784835815430e+00
2.965390086174011230e-01 3.511019229888916016e+00
2.975476384162902832e-01 3.539714574813842773e+00
2.985562682151794434e-01 3.540921926498413086e+00
2.995649278163909912e-01 3.586378574371337891e+00
3.005735576152801514e-01 3.519046783447265625e+00
3.015821874141693115e-01 3.496743202209472656e+00
3.025908172130584717e-01 3.497600078582763672e+00
3.035994470119476318e-01 3.498151063919067383e+00
3.046081066131591797e-01 3.504110813140869141e+00
3.056167364120483398e-01 3.507234811782836914e+00
3.066253662109375000e-01 3.524359941482543945e+00
3.076339960098266602e-01 3.568500757217407227e+00
3.086426556110382080e-01 3.540954828262329102e+00
3.096512854099273682e-01 3.512076377868652344e+00
3.106599152088165283e-01 3.516686201095581055e+00
3.116685450077056885e-01 3.500741958618164062e+00
3.126771748065948486e-01 3.479501247406005859e+00
3.136858344078063965e-01 3.525082111358642578e+00
3.146944642066955566e-01 3.504379272460937500e+00
3.157030940055847168e-01 3.532876491546630859e+00
3.167117238044738770e-01 3.528553485870361328e+00
3.177203536033630371e-01 3.542538166046142578e+00
3.187290132045745850e-01 3.473974227905273438e+00
3.197376430034637451e-01 3.548286199569702148e+00
3.207462728023529053e-01 3.507856845855712891e+00
3.217549026012420654e-01 3.517972707748413086e+00
3.227635622024536133e-01 3.501415491104125977e+00
3.237721920013427734e-01 3.505812168121337891e+00
3.247808218002319336e-01 3.484252214431762695e+00
3.257894515991210938e-01 3.513427734375000000e+00
3.267980813980102539e-01 3.475247859954833984e+00
3.278067409992218018e-01 3.532997369766235352e+00
3.288153707981109619e-01 3.548842191696166992e+00
3.298240005970001221e-01 3.514990806579589844e+00
3.308326303958892822e-01 3.548351049423217773e+00
3.318412601947784424e-01 3.485240221023559570e+00
3.328499197959899902e-01 3.461558103561401367e+00
3.338585495948791504e-01 3.475550413131713867e+00
3.348671793937683105e-01 3.504028558731079102e+00
3.358758091926574707e-01 3.497111558914184570e+00
3.368844389915466309e-01 3.557424068450927734e+00
3.378930985927581787e-01 3.505105257034301758e+00
3.389017283916473389e-01 3.554437875747680664e+00
3.399103581905364990e-01 3.481975317001342773e+00
3.409189879894256592e-01 3.517620563507080078e+00
3.419276475906372070e-01 3.515024900436401367e+00
3.429362773895263672e-01 3.514130592346191406e+00
3.439449071884155273e-01 3.534878253936767578e+00
3.449535369873046875e-01 3.465616226196289062e+00
3.459621667861938477e-01 3.484721183776855469e+00
3.469708263874053955e-01 3.492595911026000977e+00
3.479794561862945557e-01 3.500039815902709961e+00
3.489880859851837158e-01 3.493634462356567383e+00
3.499967157840728760e-01 3.503704547882080078e+00
3.510053455829620361e-01 3.513242959976196289e+00
3.520140051841735840e-01 3.500617742538452148e+00
3.530226349830627441e-01 3.475850105285644531e+00
3.540312647819519043e-01 3.494744539260864258e+00
3.550398945808410645e-01 3.475535154342651367e+00
3.560485243797302246e-01 3.521142959594726562e+00
3.570571839809417725e-01 3.492818832397460938e+00
3.580658137798309326e-01 3.488023281097412109e+00
3.590744435787200928e-01 3.506592035293579102e+00
3.600830733776092529e-01 3.482187509536743164e+00
3.610917329788208008e-01 3.442448616027832031e+00
3.621003627777099609e-01 3.505362510681152344e+00
3.631089925765991211e-01 3.524781227111816406e+00
3.641176223754882812e-01 3.541703701019287109e+00
3.651262521743774414e-01 3.484702348709106445e+00
3.661349117755889893e-01 3.476916551589965820e+00
3.671435415744781494e-01 3.439474344253540039e+00
3.681521713733673096e-01 3.457709312438964844e+00
3.691608011722564697e-01 3.455653905868530273e+00
3.701694309711456299e-01 3.464576482772827148e+00
3.711780905723571777e-01 3.496813297271728516e+00
3.721867203712463379e-01 3.479971647262573242e+00
3.731953501701354980e-01 3.473950386047363281e+00
3.742039799690246582e-01 3.473598957061767578e+00
3.752126097679138184e-01 3.458089113235473633e+00
3.762212693691253662e-01 3.465008258819580078e+00
3.772298991680145264e-01 3.470947742462158203e+00
3.782385289669036865e-01 3.501723766326904297e+00
3.792471587657928467e-01 3.461132526397705078e+00
3.802558183670043945e-01 3.484597444534301758e+00
3.812644481658935547e-01 3.463264942169189453e+00
3.822730779647827148e-01 3.463976383209228516e+00
3.832817077636718750e-01 3.483147382736206055e+00
3.842903375625610352e-01 3.446451425552368164e+00
3.852989971637725830e-01 3.450334548950195312e+00
3.863076269626617432e-01 3.484573841094970703e+00
3.873162567615509033e-01 3.483023405075073242e+00
3.883248865604400635e-01 3.478483915328979492e+00
3.893335163593292236e-01 3.432264804840087891e+00
3.903421759605407715e-01 3.445984363555908203e+00
3.913508057594299316e-01 3.459713220596313477e+00
3.923594355583190918e-01 3.457836627960205078e+00
3.933680653572082520e-01 3.513301849365234375e+00
3.943766951560974121e-01 3.451269626617431641e+00
3.953853547573089600e-01 3.440222740173339844e+00
3.963939845561981201e-01 3.469397306442260742e+00
3.974026143550872803e-01 3.460059165954589844e+00
3.984112441539764404e-01 3.453803300857543945e+00
3.994199037551879883e-01 3.494806051254272461e+00
4.004285335540771484e-01 3.465154647827148438e+00
4.014371633529663086e-01 3.445491552352905273e+00
4.024457931518554688e-01 3.453512668609619141e+00
4.034544229507446289e-01 3.446044683456420898e+00
4.044630825519561768e-01 3.412487506866455078e+00
4.054717123508453369e-01 3.458186388015747070e+00
4.064803421497344971e-01 3.464536905288696289e+00
4.074889719486236572e-01 3.409870386123657227e+00
4.084976017475128174e-01 3.460940599441528320e+00
4.095062613487243652e-01 3.431692123413085938e+00
4.105148911476135254e-01 3.422555446624755859e+00
4.115235209465026855e-01 3.455039024353027344e+00
4.125321507453918457e-01 3.452448844909667969e+00
4.135407805442810059e-01 3.447190284729003906e+00
4.145494401454925537e-01 3.448202133178710938e+00
4.155580699443817139e-01 3.421714305877685547e+00
4.165666997432708740e-01 3.439625740051269531e+00
4.175753295421600342e-01 3.475265741348266602e+00
4.185839891433715820e-01 3.412084341049194336e+00
4.195926189422607422e-01 3.443466663360595703e+00
4.206012487411499023e-01 3.423313379287719727e+00
4.216098785400390625e-01 3.412145376205444336e+00
4.226185083389282227e-01 3.430642604827880859e+00
4.236271679401397705e-01 3.418758869171142578e+00
4.246357977390289307e-01 3.411536455154418945e+00
4.256444275379180908e-01 3.410881996154785156e+00
4.266530573368072510e-01 3.444111585617065430e+00
4.276616871356964111e-01 3.433026313781738281e+00
4.286703467369079590e-01 3.454975128173828125e+00
4.296789765357971191e-01 3.452775239944458008e+00
4.306876063346862793e-01 3.447593927383422852e+00
4.316962361335754395e-01 3.430631399154663086e+00
4.327048659324645996e-01 3.424530744552612305e+00
4.337135255336761475e-01 3.407262325286865234e+00
4.347221553325653076e-01 3.443646192550659180e+00
4.357307851314544678e-01 3.439796686172485352e+00
4.367394149303436279e-01 3.425538063049316406e+00
4.377480745315551758e-01 3.410670518875122070e+00
4.387567043304443359e-01 3.425252199172973633e+00
4.397653341293334961e-01 3.405068397521972656e+00
4.407739639282226562e-01 3.406314134597778320e+00
4.417825937271118164e-01 3.439361095428466797e+00
4.427912533283233643e-01 3.458209514617919922e+00
4.437998831272125244e-01 3.415119171142578125e+00
4.448085129261016846e-01 3.385809898376464844e+00
4.458171427249908447e-01 3.410994529724121094e+00
4.468257725238800049e-01 3.432996034622192383e+00
4.478344321250915527e-01 3.375375270843505859e+00
4.488430619239807129e-01 3.373726606369018555e+00
4.498516917228698730e-01 3.383902549743652344e+00
4.508603215217590332e-01 3.398948192596435547e+00
4.518689513206481934e-01 3.416298151016235352e+00
4.528776109218597412e-01 3.431473731994628906e+00
4.538862407207489014e-01 3.421661853790283203e+00
4.548948705196380615e-01 3.405036449432373047e+00
4.559035003185272217e-01 3.452256917953491211e+00
4.569121599197387695e-01 3.438279628753662109e+00
4.579207897186279297e-01 3.419871568679809570e+00
4.589294195175170898e-01 3.424942731857299805e+00
4.599380493164062500e-01 3.391888141632080078e+00
4.609466791152954102e-01 3.415019750595092773e+00
4.619553387165069580e-01 3.398756980895996094e+00
4.629639685153961182e-01 3.394618034362792969e+00
4.639725983142852783e-01 3.390354871749877930e+00
4.649812281131744385e-01 3.397746086120605469e+00
4.659898579120635986e-01 3.438278675079345703e+00
4.669985175132751465e-01 3.403228998184204102e+00
4.680071473121643066e-01 3.413210868835449219e+00
4.690157771110534668e-01 3.432432413101196289e+00
4.700244069099426270e-01 3.383257389068603516e+00
4.710330665111541748e-01 3.443809270858764648e+00
4.720416963100433350e-01 3.403704404830932617e+00
4.730503261089324951e-01 3.413879871368408203e+00
4.740589559078216553e-01 3.384228467941284180e+00
4.750675857067108154e-01 3.394847393035888672e+00
4.760762453079223633e-01 3.374438762664794922e+00
4.770848751068115234e-01 3.420217514038085938e+00
4.780935049057006836e-01 3.378670930862426758e+00
4.791021347045898438e-01 3.427532672882080078e+00
4.801107645034790039e-01 3.420939683914184570e+00
4.811194241046905518e-01 3.384048700332641602e+00
4.821280539035797119e-01 3.418006896972656250e+00
4.831366837024688721e-01 3.401325941085815430e+00
4.841453135013580322e-01 3.450125932693481445e+00
4.851539433002471924e-01 3.413051605224609375e+00
4.861626029014587402e-01 3.422464370727539062e+00
4.871712327003479004e-01 3.418266773223876953e+00
4.881798624992370605e-01 3.423811674118041992e+00
4.891884922981262207e-01 3.449893474578857422e+00
4.901971518993377686e-01 3.411353826522827148e+00
4.912057816982269287e-01 3.424701929092407227e+00
4.922144114971160889e-01 3.430360317230224609e+00
4.932230412960052490e-01 3.412039279937744141e+00
4.942316710948944092e-01 3.387432336807250977e+00
4.952403306961059570e-01 3.402399301528930664e+00
4.962489604949951172e-01 3.416765213012695312e+00
4.972575902938842773e-01 3.457674980163574219e+00
4.982662200927734375e-01 3.448828935623168945e+00
4.992748498916625977e-01 3.418722391128540039e+00
5.002834796905517578e-01 3.406563520431518555e+00
5.012921094894409180e-01 3.440869331359863281e+00
5.023007988929748535e-01 3.437261819839477539e+00
5.033094286918640137e-01 3.415927648544311523e+00
5.043180584907531738e-01 3.468758583068847656e+00
5.053266882896423340e-01 3.443583965301513672e+00
5.063353180885314941e-01 3.432297229766845703e+00
5.073439478874206543e-01 3.441364765167236328e+00
5.083525776863098145e-01 3.412588357925415039e+00
5.093612074851989746e-01 3.393307209014892578e+00
5.103698372840881348e-01 3.437824010848999023e+00
5.113784670829772949e-01 3.423592090606689453e+00
5.123871564865112305e-01 3.431941270828247070e+00
5.133957862854003906e-01 3.399239778518676758e+00
5.144044160842895508e-01 3.390175580978393555e+00
5.154130458831787109e-01 3.404228210449218750e+00
5.164216756820678711e-01 3.446213006973266602e+00
5.174303054809570312e-01 3.449779748916625977e+00
5.184389352798461914e-01 3.428937673568725586e+00
5.194475650787353516e-01 3.430916786193847656e+00
5.204561948776245117e-01 3.453339338302612305e+00
5.214648842811584473e-01 3.485632419586181641e+00
5.224735140800476074e-01 3.434782028198242188e+00
5.234821438789367676e-01 3.448606252670288086e+00
5.244907736778259277e-01 3.428833961486816406e+00
5.254994034767150879e-01 3.449747800827026367e+00
5.265080332756042480e-01 3.447512865066528320e+00
5.275166630744934082e-01 3.446261405944824219e+00
5.285252928733825684e-01 3.443606853485107422e+00
5.295339226722717285e-01 3.445356130599975586e+00
5.305425524711608887e-01 3.456137657165527344e+00
5.315512418746948242e-01 3.477818250656127930e+00
5.325598716735839844e-01 3.503714084625244141e+00
5.335685014724731445e-01 3.499688148498535156e+00
5.345771312713623047e-01 3.497185945510864258e+00
5.355857610702514648e-01 3.464935779571533203e+00
5.365943908691406250e-01 3.518278121948242188e+00
5.376030206680297852e-01 3.518800020217895508e+00
5.386116504669189453e-01 3.479809761047363281e+00
5.396202802658081055e-01 3.485993385314941406e+00
5.406289696693420410e-01 3.500563621520996094e+00
5.416375994682312012e-01 3.482487201690673828e+00
5.426462292671203613e-01 3.521440982818603516e+00
5.436548590660095215e-01 3.517586946487426758e+00
5.446634888648986816e-01 3.484295845031738281e+00
5.456721186637878418e-01 3.500887870788574219e+00
5.466807484626770020e-01 3.523075580596923828e+00
5.476893782615661621e-01 3.507904767990112305e+00
5.486980080604553223e-01 3.563039541244506836e+00
5.497066378593444824e-01 3.532645463943481445e+00
5.507153272628784180e-01 3.520051002502441406e+00
5.517239570617675781e-01 3.516977071762084961e+00
5.527325868606567383e-01 3.531113386154174805e+00
5.537412166595458984e-01 3.535050153732299805e+00
5.547498464584350586e-01 3.573732137680053711e+00
5.557584762573242188e-01 3.508028507232666016e+00
5.567671060562133789e-01 3.535286903381347656e+00
5.577757358551025391e-01 3.517836809158325195e+00
5.587843656539916992e-01 3.510998725891113281e+00
5.597930550575256348e-01 3.546855211257934570e+00
5.608016848564147949e-01 3.507447004318237305e+00
5.618103146553039551e-01 3.546144723892211914e+00
5.628189444541931152e-01 3.531569004058837891e+00
5.638275742530822754e-01 3.562355041503906250e+00
5.648362040519714355e-01 3.559528112411499023e+00
5.658448338508605957e-01 3.582080602645874023e+00
5.668534636497497559e-01 3.593809604644775391e+00
5.678620934486389160e-01 3.552077054977416992e+00
5.688707232475280762e-01 3.531373500823974609e+00
5.698794126510620117e-01 3.554781913757324219e+00
5.708880424499511719e-01 3.578296422958374023e+00
5.718966722488403320e-01 3.572620391845703125e+00
5.729053020477294922e-01 3.573701858520507812e+00
5.739139318466186523e-01 3.556811809539794922e+00
5.749225616455078125e-01 3.591551303863525391e+00
5.759311914443969727e-01 3.624285936355590820e+00
5.769398212432861328e-01 3.642839431762695312e+00
5.779484510421752930e-01 3.632562875747680664e+00
5.789571404457092285e-01 3.625301599502563477e+00
5.799657702445983887e-01 3.651032209396362305e+00
5.809744000434875488e-01 3.647386789321899414e+00
5.819830298423767090e-01 3.630246639251708984e+00
5.829916596412658691e-01 3.653014898300170898e+00
5.840002894401550293e-01 3.653953790664672852e+00
5.850089192390441895e-01 3.672002792358398438e+00
5.860175490379333496e-01 3.638208627700805664e+00
5.870261788368225098e-01 3.669230461120605469e+00
5.880348086357116699e-01 3.658549070358276367e+00
5.890434980392456055e-01 3.643368721008300781e+00
5.900521278381347656e-01 3.661101341247558594e+00
5.910607576370239258e-01 3.708274602890014648e+00
5.920693874359130859e-01 3.662385940551757812e+00
5.930780172348022461e-01 3.697966575622558594e+00
5.940866470336914062e-01 3.676432847976684570e+00
5.950952768325805664e-01 3.697255611419677734e+00
5.961039066314697266e-01 3.679412603378295898e+00
5.971125364303588867e-01 3.700013160705566406e+00
5.981212258338928223e-01 3.697848558425903320e+00
5.991298556327819824e-01 3.756276369094848633e+00
6.001384854316711426e-01 3.738485097885131836e+00
6.011471152305603027e-01 3.744728088378906250e+00
6.021557450294494629e-01 3.699400424957275391e+00
6.031643748283386230e-01 3.740362167358398438e+00
6.041730046272277832e-01 3.777078866958618164e+00
6.051816344261169434e-01 3.765132188796997070e+00
6.061902642250061035e-01 3.750176191329956055e+00
6.071988940238952637e-01 3.754014730453491211e+00
6.082075834274291992e-01 3.743922948837280273e+00
6.092162132263183594e-01 3.741936922073364258e+00
6.102248430252075195e-01 3.753759384155273438e+00
6.112334728240966797e-01 3.753927230834960938e+00
6.122421026229858398e-01 3.777941942214965820e+00
6.132507324218750000e-01 3.728392839431762695e+00
6.142593622207641602e-01 3.753641843795776367e+00
6.152679920196533203e-01 3.767857789993286133e+00
6.162766218185424805e-01 3.790832996368408203e+00
6.172853112220764160e-01 3.764265060424804688e+00
6.182939410209655762e-01 3.775149822235107422e+00
6.193025708198547363e-01 3.759464740753173828e+00
6.203112006187438965e-01 3.765115261077880859e+00
6.213198304176330566e-01 3.732728004455566406e+00
6.223284602165222168e-01 3.778391361236572266e+00
6.233370900154113770e-01 3.787822008132934570e+00
6.243457198143005371e-01 3.721784830093383789e+00
6.253543496131896973e-01 3.758587121963500977e+00
6.263629794120788574e-01 3.781563520431518555e+00
6.273716688156127930e-01 3.783869981765747070e+00
6.283802986145019531e-01 3.767345190048217773e+00
6.293889284133911133e-01 3.789934158325195312e+00
6.303975582122802734e-01 3.757942199707031250e+00
6.314061880111694336e-01 3.748498201370239258e+00
6.324148178100585938e-01 3.767240524291992188e+00
6.334234476089477539e-01 3.747465372085571289e+00
6.344320774078369141e-01 3.716133594512939453e+00
6.354407072067260742e-01 3.727854728698730469e+00
6.364493966102600098e-01 3.727366685867309570e+00
6.374580264091491699e-01 3.808878421783447266e+00
6.384666562080383301e-01 3.760254144668579102e+00
6.394752860069274902e-01 3.754124402999877930e+00
6.404839158058166504e-01 3.745516538619995117e+00
6.414925456047058105e-01 3.792087793350219727e+00
6.425011754035949707e-01 3.757047891616821289e+00
6.435098052024841309e-01 3.787975549697875977e+00
6.445184350013732910e-01 3.743336677551269531e+00
6.455271244049072266e-01 3.763697624206542969e+00
6.465357542037963867e-01 3.762619972229003906e+00
6.475443840026855469e-01 3.769352912902832031e+00
6.485530138015747070e-01 3.747774362564086914e+00
6.495616436004638672e-01 3.782970428466796875e+00
6.505702733993530273e-01 3.765239715576171875e+00
6.515789031982421875e-01 3.773715496063232422e+00
6.525875329971313477e-01 3.800434350967407227e+00
6.535961627960205078e-01 3.752646446228027344e+00
6.546047925949096680e-01 3.770497560501098633e+00
6.556134819984436035e-01 3.817495346069335938e+00
6.566221117973327637e-01 3.798412561416625977e+00
6.576307415962219238e-01 3.792051792144775391e+00
6.586393713951110840e-01 3.783370494842529297e+00
6.596480011940002441e-01 3.775227308273315430e+00
6.606566309928894043e-01 3.772343873977661133e+00
6.616652607917785645e-01 3.788412094116210938e+00
6.626738905906677246e-01 3.769909858703613281e+00
6.636825203895568848e-01 3.798290252685546875e+00
6.646912097930908203e-01 3.847994327545166016e+00
6.656998395919799805e-01 3.817630052566528320e+00
6.667084693908691406e-01 3.832726478576660156e+00
6.677170991897583008e-01 3.831579685211181641e+00
6.687257289886474609e-01 3.850522279739379883e+00
6.697343587875366211e-01 3.816712141036987305e+00
6.707429885864257812e-01 3.841864585876464844e+00
6.717516183853149414e-01 3.829192638397216797e+00
6.727602481842041016e-01 3.843343496322631836e+00
6.737688779830932617e-01 3.838696241378784180e+00
6.747775673866271973e-01 3.863053798675537109e+00
6.757861971855163574e-01 3.809494256973266602e+00
6.767948269844055176e-01 3.835597276687622070e+00
6.778034567832946777e-01 3.838585376739501953e+00
6.788120865821838379e-01 3.825567960739135742e+00
6.798207163810729980e-01 3.804703712463378906e+00
6.808293461799621582e-01 3.851514577865600586e+00
6.818379759788513184e-01 3.847663402557373047e+00
6.828466057777404785e-01 3.878902196884155273e+00
6.838552951812744141e-01 3.835760831832885742e+00
6.848639249801635742e-01 3.884587764739990234e+00
6.858725547790527344e-01 3.921876192092895508e+00
6.868811845779418945e-01 3.891947984695434570e+00
6.878898143768310547e-01 3.930597543716430664e+00
6.888984441757202148e-01 3.900461196899414062e+00
6.899070739746093750e-01 3.905656099319458008e+00
6.909157037734985352e-01 3.893910884857177734e+00
6.919243335723876953e-01 3.912384986877441406e+00
6.929329633712768555e-01 3.927472829818725586e+00
6.939416527748107910e-01 3.913954257965087891e+00
6.949502825736999512e-01 3.937190294265747070e+00
6.959589123725891113e-01 3.897358417510986328e+00
6.969675421714782715e-01 3.893827915191650391e+00
6.979761719703674316e-01 3.944823503494262695e+00
6.989848017692565918e-01 3.917761802673339844e+00
6.999934315681457520e-01 3.957819461822509766e+00
7.010020613670349121e-01 3.927105903625488281e+00
7.020106911659240723e-01 3.923191547393798828e+00
7.030193805694580078e-01 3.895563840866088867e+00
7.040280103683471680e-01 3.940603017807006836e+00
7.050366401672363281e-01 3.955301046371459961e+00
7.060452699661254883e-01 3.944405078887939453e+00
7.070538997650146484e-01 3.969974517822265625e+00
7.080625295639038086e-01 3.957985877990722656e+00
7.090711593627929688e-01 3.930814981460571289e+00
7.100797891616821289e-01 3.974564552307128906e+00
7.110884189605712891e-01 4.019725799560546875e+00
7.120970487594604492e-01 4.055040359497070312e+00
7.131057381629943848e-01 4.033703804016113281e+00
7.141143679618835449e-01 3.987704038619995117e+00
7.151229977607727051e-01 3.984399795532226562e+00
7.161316275596618652e-01 3.978136301040649414e+00
7.171402573585510254e-01 4.000463008880615234e+00
7.181488871574401855e-01 4.005013465881347656e+00
7.191575169563293457e-01 3.956159830093383789e+00
7.201661467552185059e-01 3.995666503906250000e+00
7.211747765541076660e-01 4.030193805694580078e+00
7.221834659576416016e-01 4.064632892608642578e+00
7.231920957565307617e-01 4.044427871704101562e+00
7.242007255554199219e-01 4.064350128173828125e+00
7.252093553543090820e-01 4.067793846130371094e+00
7.262179851531982422e-01 4.049613952636718750e+00
7.272266149520874023e-01 4.037850856781005859e+00
7.282352447509765625e-01 4.049629688262939453e+00
7.292438745498657227e-01 4.075780391693115234e+00
7.302525043487548828e-01 4.107757568359375000e+00
7.312611341476440430e-01 4.087937355041503906e+00
7.322698235511779785e-01 4.068388462066650391e+00
7.332784533500671387e-01 4.085549831390380859e+00
7.342870831489562988e-01 4.105721473693847656e+00
7.352957129478454590e-01 4.096113681793212891e+00
7.363043427467346191e-01 4.128695964813232422e+00
7.373129725456237793e-01 4.119615554809570312e+00
7.383216023445129395e-01 4.141139507293701172e+00
7.393302321434020996e-01 4.108981609344482422e+00
7.403388619422912598e-01 4.119662284851074219e+00
7.413475513458251953e-01 4.112622261047363281e+00
7.423561811447143555e-01 4.119951725006103516e+00
7.433648109436035156e-01 4.086730480194091797e+00
7.443734407424926758e-01 4.132040023803710938e+00
7.453820705413818359e-01 4.178722858428955078e+00
7.463907003402709961e-01 4.138998985290527344e+00
7.473993301391601562e-01 4.140706539154052734e+00
7.484079599380493164e-01 4.183831691741943359e+00
7.494165897369384766e-01 4.177073955535888672e+00
7.504252195358276367e-01 4.169549942016601562e+00
7.514339089393615723e-01 4.163941383361816406e+00
7.524425387382507324e-01 4.281932830810546875e+00
7.534511685371398926e-01 4.277698993682861328e+00
7.544597983360290527e-01 4.225497722625732422e+00
7.554684281349182129e-01 4.205644130706787109e+00
7.564770579338073730e-01 4.251152992248535156e+00
7.574856877326965332e-01 4.229499340057373047e+00
7.584943175315856934e-01 4.264923095703125000e+00
7.595029473304748535e-01 4.249845504760742188e+00
7.605116367340087891e-01 4.254015445709228516e+00
7.615202665328979492e-01 4.274692535400390625e+00
7.625288963317871094e-01 4.274287223815917969e+00
7.635375261306762695e-01 4.298063755035400391e+00
7.645461559295654297e-01 4.246128082275390625e+00
7.655547857284545898e-01 4.284566402435302734e+00
7.665634155273437500e-01 4.280359268188476562e+00
7.675720453262329102e-01 4.324370384216308594e+00
7.685806751251220703e-01 4.324873447418212891e+00
7.695893049240112305e-01 4.360359668731689453e+00
7.705979943275451660e-01 4.346247673034667969e+00
7.716066241264343262e-01 4.328595638275146484e+00
7.726152539253234863e-01 4.373631000518798828e+00
7.736238837242126465e-01 4.343062400817871094e+00
7.746325135231018066e-01 4.311151504516601562e+00
7.756411433219909668e-01 4.324171543121337891e+00
7.766497731208801270e-01 4.374389171600341797e+00
7.776584029197692871e-01 4.362792015075683594e+00
7.786670327186584473e-01 4.349593639373779297e+00
7.796757221221923828e-01 4.347054004669189453e+00
7.806843519210815430e-01 4.383429050445556641e+00
7.816929817199707031e-01 4.388579368591308594e+00
7.827016115188598633e-01 4.363143444061279297e+00
7.837102413177490234e-01 4.433560371398925781e+00
7.847188711166381836e-01 4.385592937469482422e+00
7.857275009155273438e-01 4.390194416046142578e+00
7.867361307144165039e-01 4.427130222320556641e+00
7.877447605133056641e-01 4.426705837249755859e+00
7.887533903121948242e-01 4.436595439910888672e+00
7.897620797157287598e-01 4.407412052154541016e+00
7.907707095146179199e-01 4.427418708801269531e+00
7.917793393135070801e-01 4.411196708679199219e+00
7.927879691123962402e-01 4.403526306152343750e+00
7.937965989112854004e-01 4.386888504028320312e+00
7.948052287101745605e-01 4.412888050079345703e+00
7.958138585090637207e-01 4.417231559753417969e+00
7.968224883079528809e-01 4.427749156951904297e+00
7.978311181068420410e-01 4.396389484405517578e+00
7.988398075103759766e-01 4.424914836883544922e+00
7.998484373092651367e-01 4.447999477386474609e+00
8.008570671081542969e-01 4.461187839508056641e+00
8.018656969070434570e-01 4.469814300537109375e+00
8.028743267059326172e-01 4.516668796539306641e+00
8.038829565048217773e-01 4.482787132263183594e+00
8.048915863037109375e-01 4.485431671142578125e+00
8.059002161026000977e-01 4.501873970031738281e+00
8.069088459014892578e-01 4.513645648956298828e+00
8.079174757003784180e-01 4.464108467102050781e+00
8.089261651039123535e-01 4.482459545135498047e+00
8.099347949028015137e-01 4.515779018402099609e+00
8.109434247016906738e-01 4.473443031311035156e+00
8.119520545005798340e-01 4.504372596740722656e+00
8.129606842994689941e-01 4.544331550598144531e+00
8.139693140983581543e-01 4.537452220916748047e+00
8.149779438972473145e-01 4.517477512359619141e+00
8.159865736961364746e-01 4.490619659423828125e+00
8.169952034950256348e-01 4.569985389709472656e+00
8.180038928985595703e-01 4.547334194183349609e+00
8.190125226974487305e-01 4.540570735931396484e+00
8.200211524963378906e-01 4.605976581573486328e+00
8.210297822952270508e-01 4.570687294006347656e+00
8.220384120941162109e-01 4.552443027496337891e+00
8.230470418930053711e-01 4.560512065887451172e+00
8.240556716918945312e-01 4.593358516693115234e+00
8.250643014907836914e-01 4.543514728546142578e+00
8.260729312896728516e-01 4.643944263458251953e+00
8.270815610885620117e-01 4.627998352050781250e+00
8.280902504920959473e-01 4.609900474548339844e+00
8.290988802909851074e-01 4.603628635406494141e+00
8.301075100898742676e-01 4.620938777923583984e+00
8.311161398887634277e-01 4.610811710357666016e+00
8.321247696876525879e-01 4.647717475891113281e+00
8.331333994865417480e-01 4.651874065399169922e+00
8.341420292854309082e-01 4.653629302978515625e+00
8.351506590843200684e-01 4.679211616516113281e+00
8.361592888832092285e-01 4.667716026306152344e+00
8.371679782867431641e-01 4.697072505950927734e+00
8.381766080856323242e-01 4.679790019989013672e+00
8.391852378845214844e-01 4.683815002441406250e+00
8.401938676834106445e-01 4.665952682495117188e+00
8.412024974822998047e-01 4.711360931396484375e+00
8.422111272811889648e-01 4.713151931762695312e+00
8.432197570800781250e-01 4.716406345367431641e+00
8.442283868789672852e-01 4.726923465728759766e+00
8.452370166778564453e-01 4.694344520568847656e+00
8.462456464767456055e-01 4.726936817169189453e+00
8.472543358802795410e-01 4.749907016754150391e+00
8.482629656791687012e-01 4.786755084991455078e+00
8.492715954780578613e-01 4.761636734008789062e+00
8.502802252769470215e-01 4.780925273895263672e+00
8.512888550758361816e-01 4.837315082550048828e+00
8.522974848747253418e-01 4.832868576049804688e+00
8.533061146736145020e-01 4.849688053131103516e+00
8.543147444725036621e-01 4.885775089263916016e+00
8.553233742713928223e-01 4.865077018737792969e+00
8.563320636749267578e-01 4.878409385681152344e+00
8.573406934738159180e-01 4.872453212738037109e+00
8.583493232727050781e-01 4.906982421875000000e+00
8.593579530715942383e-01 4.912625312805175781e+00
8.603665828704833984e-01 4.918220520019531250e+00
8.613752126693725586e-01 4.889417648315429688e+00
8.623838424682617188e-01 5.117879390716552734e+00
8.633924722671508789e-01 5.448549270629882812e+00
8.644011020660400391e-01 4.987574577331542969e+00
8.654097318649291992e-01 4.959910869598388672e+00
8.664184212684631348e-01 4.983186244964599609e+00
8.674270510673522949e-01 5.064983367919921875e+00
8.684356808662414551e-01 5.060260772705078125e+00
8.694443106651306152e-01 5.053433418273925781e+00
8.704529404640197754e-01 5.003277301788330078e+00
8.714615702629089355e-01 4.967814445495605469e+00
8.724702000617980957e-01 4.962387561798095703e+00
8.734788298606872559e-01 4.957512378692626953e+00
8.744874596595764160e-01 5.014999866485595703e+00
8.754961490631103516e-01 5.010136604309082031e+00
8.765047788619995117e-01 4.988190650939941406e+00
8.775134086608886719e-01 4.977855205535888672e+00
8.785220384597778320e-01 5.021802425384521484e+00
8.795306682586669922e-01 5.004004001617431641e+00
8.805392980575561523e-01 5.042081356048583984e+00
8.815479278564453125e-01 5.043022155761718750e+00
8.825565576553344727e-01 5.032121181488037109e+00
8.835651874542236328e-01 5.029373645782470703e+00
8.845738172531127930e-01 5.052529811859130859e+00
8.855825066566467285e-01 5.081571102142333984e+00
8.865911364555358887e-01 5.079092025756835938e+00
8.875997662544250488e-01 5.046658515930175781e+00
8.886083960533142090e-01 5.070561885833740234e+00
8.896170258522033691e-01 5.141835689544677734e+00
8.906256556510925293e-01 5.112515926361083984e+00
8.916342854499816895e-01 5.149762630462646484e+00
8.926429152488708496e-01 5.098930358886718750e+00
8.936515450477600098e-01 5.057692050933837891e+00
8.946602344512939453e-01 5.125112056732177734e+00
8.956688642501831055e-01 5.131998062133789062e+00
8.966774940490722656e-01 5.114654541015625000e+00
8.976861238479614258e-01 5.126871585845947266e+00
8.986947536468505859e-01 5.153724193572998047e+00
8.997033834457397461e-01 5.125827789306640625e+00
9.007120132446289062e-01 5.143206596374511719e+00
9.017206430435180664e-01 5.182818889617919922e+00
9.027292728424072266e-01 5.226305007934570312e+00
9.037379026412963867e-01 5.180235385894775391e+00
9.047465920448303223e-01 5.257215499877929688e+00
9.057552218437194824e-01 5.199338436126708984e+00
9.067638516426086426e-01 5.124903202056884766e+00
9.077724814414978027e-01 5.217827320098876953e+00
9.087811112403869629e-01 5.261132240295410156e+00
9.097897410392761230e-01 5.258305549621582031e+00
9.107983708381652832e-01 5.240765571594238281e+00
9.118070006370544434e-01 5.275142669677734375e+00
9.128156304359436035e-01 5.238532543182373047e+00
9.138243198394775391e-01 5.261044025421142578e+00
9.148329496383666992e-01 5.263880729675292969e+00
9.158415794372558594e-01 5.276455402374267578e+00
9.168502092361450195e-01 5.277208805084228516e+00
9.178588390350341797e-01 5.310858249664306641e+00
9.188674688339233398e-01 5.311480522155761719e+00
9.198760986328125000e-01 5.334011554718017578e+00
9.208847284317016602e-01 5.351388454437255859e+00
9.218933582305908203e-01 5.262448310852050781e+00
9.229020476341247559e-01 5.233529090881347656e+00
9.239106774330139160e-01 5.353772640228271484e+00
9.249193072319030762e-01 5.318532466888427734e+00
9.259279370307922363e-01 5.332890510559082031e+00
9.269365668296813965e-01 5.402750968933105469e+00
9.279451966285705566e-01 5.409201622009277344e+00
9.289538264274597168e-01 5.367223262786865234e+00
9.299624562263488770e-01 5.301157951354980469e+00
9.309710860252380371e-01 5.424903392791748047e+00
9.319797158241271973e-01 5.402046203613281250e+00
9.329884052276611328e-01 5.424437999725341797e+00
9.339970350265502930e-01 5.417101383209228516e+00
9.350056648254394531e-01 5.461427211761474609e+00
9.360142946243286133e-01 5.393940448760986328e+00
9.370229244232177734e-01 5.444947242736816406e+00
9.380315542221069336e-01 5.415481567382812500e+00
9.390401840209960938e-01 5.469069004058837891e+00
9.400488138198852539e-01 5.472115039825439453e+00
9.410574436187744141e-01 5.430159091949462891e+00
9.420661330223083496e-01 5.502593517303466797e+00
9.430747628211975098e-01 5.498053550720214844e+00
9.440833926200866699e-01 5.523011207580566406e+00
9.450920224189758301e-01 5.587620258331298828e+00
9.461006522178649902e-01 5.571442127227783203e+00
9.471092820167541504e-01 5.563556671142578125e+00
9.481179118156433105e-01 5.422096729278564453e+00
9.491265416145324707e-01 5.576130867004394531e+00
9.501351714134216309e-01 5.585589408874511719e+00
9.511438012123107910e-01 5.518172264099121094e+00
9.521524906158447266e-01 5.472499847412109375e+00
9.531611204147338867e-01 5.582030773162841797e+00
9.541697502136230469e-01 5.602616786956787109e+00
9.551783800125122070e-01 5.497863292694091797e+00
9.561870098114013672e-01 5.520909309387207031e+00
9.571956396102905273e-01 5.563449859619140625e+00
9.582042694091796875e-01 5.677125453948974609e+00
9.592128992080688477e-01 5.707854747772216797e+00
9.602215290069580078e-01 5.610667705535888672e+00
9.612302184104919434e-01 5.557046413421630859e+00
9.622388482093811035e-01 5.652771472930908203e+00
9.632474780082702637e-01 5.729861736297607422e+00
9.642561078071594238e-01 5.706891536712646484e+00
9.652647376060485840e-01 5.643442153930664062e+00
9.662733674049377441e-01 5.710108280181884766e+00
9.672819972038269043e-01 5.691082000732421875e+00
9.682906270027160645e-01 5.573688030242919922e+00
9.692992568016052246e-01 5.621766567230224609e+00
9.703078866004943848e-01 5.658311367034912109e+00
9.713165760040283203e-01 5.711109161376953125e+00
9.723252058029174805e-01 5.774844169616699219e+00
9.733338356018066406e-01 5.773877620697021484e+00
9.743424654006958008e-01 5.826753616333007812e+00
9.753510951995849609e-01 5.765591144561767578e+00
9.763597249984741211e-01 5.632724285125732422e+00
9.773683547973632812e-01 5.682916641235351562e+00
9.783769845962524414e-01 5.807528972625732422e+00
9.793856143951416016e-01 5.771275997161865234e+00
9.803943037986755371e-01 5.719006538391113281e+00
9.814029335975646973e-01 5.859559535980224609e+00
9.824115633964538574e-01 5.740028858184814453e+00
9.834201931953430176e-01 5.782719135284423828e+00
9.844288229942321777e-01 5.816777706146240234e+00
9.854374527931213379e-01 5.805735111236572266e+00
9.864460825920104980e-01 5.841559886932373047e+00
9.874547123908996582e-01 5.809111118316650391e+00
9.884633421897888184e-01 5.735361099243164062e+00
9.894719719886779785e-01 5.774237632751464844e+00
9.904806613922119141e-01 5.742318630218505859e+00
9.914892911911010742e-01 5.847254276275634766e+00
9.924979209899902344e-01 5.855362415313720703e+00
9.935065507888793945e-01 5.947365283966064453e+00
9.945151805877685547e-01 5.721934318542480469e+00
9.955238103866577148e-01 5.827168941497802734e+00
9.965324401855468750e-01 5.838725090026855469e+00
9.975410699844360352e-01 5.914594650268554688e+00
9.985496997833251953e-01 5.853642463684082031e+00
9.995583891868591309e-01 5.871501445770263672e+00
1.000566959381103516e+00 5.863801002502441406e+00
1.001575589179992676e+00 5.838341712951660156e+00
1.002584218978881836e+00 5.781256675720214844e+00
1.003592848777770996e+00 5.780081272125244141e+00
1.004601597785949707e+00 5.941626548767089844e+00
1.005610227584838867e+00 5.872911453247070312e+00
1.006618857383728027e+00 5.894923210144042969e+00
1.007627487182617188e+00 5.887808322906494141e+00
1.008636116981506348e+00 5.901007175445556641e+00
1.009644746780395508e+00 5.984325408935546875e+00
1.010653376579284668e+00 5.934791564941406250e+00
1.011662006378173828e+00 5.913248062133789062e+00
1.012670636177062988e+00 5.988684654235839844e+00
1.013679265975952148e+00 5.836487293243408203e+00
1.014687895774841309e+00 5.992101669311523438e+00
1.015696525573730469e+00 6.038656234741210938e+00
1.016705155372619629e+00 5.980811119079589844e+00
1.017713785171508789e+00 5.947924613952636719e+00
1.018722414970397949e+00 6.066415309906005859e+00
1.019731044769287109e+00 6.002866744995117188e+00
1.020739674568176270e+00 6.048661708831787109e+00
1.021748304367065430e+00 5.935664176940917969e+00
1.022756934165954590e+00 6.035699367523193359e+00
1.023765683174133301e+00 5.983377933502197266e+00
1.024774312973022461e+00 6.114442825317382812e+00
1.025782942771911621e+00 6.146892547607421875e+00
1.026791572570800781e+00 6.091321945190429688e+00
1.027800202369689941e+00 6.048213481903076172e+00
1.028808832168579102e+00 6.168610572814941406e+00
1.029817461967468262e+00 6.215146541595458984e+00
1.030826091766357422e+00 6.204486846923828125e+00
1.031834721565246582e+00 6.100721359252929688e+00
1.032843351364135742e+00 6.154469966888427734e+00
1.033851981163024902e+00 6.066918849945068359e+00
1.034860610961914062e+00 6.131093025207519531e+00
1.035869240760803223e+00 6.206660270690917969e+00
1.036877870559692383e+00 6.229520797729492188e+00
1.037886500358581543e+00 6.035381317138671875e+00
1.038895130157470703e+00 6.177923202514648438e+00
1.039903759956359863e+00 6.236528396606445312e+00
1.040912389755249023e+00 6.211715698242187500e+00
1.041921019554138184e+00 6.210653305053710938e+00
1.042929768562316895e+00 6.280434131622314453e+00
1.043938398361206055e+00 6.304836750030517578e+00
1.044947028160095215e+00 6.243844032287597656e+00
1.045955657958984375e+00 6.255608081817626953e+00
1.046964287757873535e+00 6.359551906585693359e+00
1.047972917556762695e+00 6.386386871337890625e+00
1.048981547355651855e+00 6.371408939361572266e+00
1.049990177154541016e+00 6.480494499206542969e+00
1.050998806953430176e+00 6.501990318298339844e+00
1.052007436752319336e+00 6.344902515411376953e+00
1.053016066551208496e+00 6.367486476898193359e+00
1.054024696350097656e+00 6.449157714843750000e+00
1.055033326148986816e+00 6.511331081390380859e+00
1.056041955947875977e+00 6.548370838165283203e+00
1.057050585746765137e+00 6.525982379913330078e+00
1.058059215545654297e+00 6.353590488433837891e+00
1.059067845344543457e+00 6.458204269409179688e+00
1.060076475143432617e+00 6.568408012390136719e+00
1.061085104942321777e+00 6.520887374877929688e+00
1.062093853950500488e+00 6.485673904418945312e+00
1.063102483749389648e+00 6.477538585662841797e+00
1.064111113548278809e+00 6.593544483184814453e+00
1.065119743347167969e+00 6.578508853912353516e+00
1.066128373146057129e+00 6.574452877044677734e+00
1.067137002944946289e+00 6.586867809295654297e+00
1.068145632743835449e+00 6.546074867248535156e+00
1.069154262542724609e+00 6.631577014923095703e+00
1.070162892341613770e+00 6.642634391784667969e+00
1.071171522140502930e+00 6.696470737457275391e+00
1.072180151939392090e+00 6.562542438507080078e+00
1.073188781738281250e+00 6.650133609771728516e+00
1.074197411537170410e+00 6.731374263763427734e+00
1.075206041336059570e+00 6.666285037994384766e+00
1.076214671134948730e+00 6.625010013580322266e+00
1.077223300933837891e+00 6.689938545227050781e+00
1.078231930732727051e+00 6.783449649810791016e+00
1.079240560531616211e+00 6.595935821533203125e+00
1.080249190330505371e+00 6.662123680114746094e+00
1.081257939338684082e+00 6.860983371734619141e+00
1.082266569137573242e+00 6.703925132751464844e+00
1.083275198936462402e+00 6.679589748382568359e+00
1.084283828735351562e+00 6.694071769714355469e+00
1.085292458534240723e+00 6.829653263092041016e+00
1.086301088333129883e+00 6.732808113098144531e+00
1.087309718132019043e+00 6.753096103668212891e+00
1.088318347930908203e+00 6.720560550689697266e+00
1.089326977729797363e+00 6.701396942138671875e+00
1.090335607528686523e+00 6.880909442901611328e+00
1.091344237327575684e+00 6.821932792663574219e+00
1.092352867126464844e+00 6.964040279388427734e+00
1.093361496925354004e+00 7.098659992218017578e+00
1.094370126724243164e+00 6.907826423645019531e+00
1.095378756523132324e+00 6.845912456512451172e+00
1.096387386322021484e+00 6.897316932678222656e+00
1.097396016120910645e+00 6.951801776885986328e+00
1.098404645919799805e+00 7.002121448516845703e+00
1.099413275718688965e+00 6.961465835571289062e+00
1.100422024726867676e+00 7.006288051605224609e+00
1.101430654525756836e+00 7.108841419219970703e+00
1.102439284324645996e+00 7.078687667846679688e+00
1.103447914123535156e+00 6.904558181762695312e+00
1.104456543922424316e+00 7.065200805664062500e+00
1.105465173721313477e+00 6.886313915252685547e+00
1.106473803520202637e+00 7.098854064941406250e+00
1.107482433319091797e+00 7.097088813781738281e+00
1.108491063117980957e+00 7.127062797546386719e+00
1.109499692916870117e+00 7.099162578582763672e+00
1.110508322715759277e+00 7.158450126647949219e+00
1.111516952514648438e+00 7.299706459045410156e+00
1.112525582313537598e+00 7.505690097808837891e+00
1.113534212112426758e+00 7.334137916564941406e+00
1.114542841911315918e+00 7.141711711883544922e+00
1.115551471710205078e+00 6.959777832031250000e+00
1.116560101509094238e+00 6.896654129028320312e+00
1.117568731307983398e+00 7.293597221374511719e+00
1.118577361106872559e+00 7.378393173217773438e+00
1.119586110115051270e+00 7.251989364624023438e+00
1.120594739913940430e+00 7.256607055664062500e+00
1.121603369712829590e+00 7.362054347991943359e+00
1.122611999511718750e+00 7.378098964691162109e+00
1.123620629310607910e+00 7.361656665802001953e+00
1.124629259109497070e+00 7.413756847381591797e+00
1.125637888908386230e+00 7.522958755493164062e+00
1.126646518707275391e+00 7.249219417572021484e+00
1.127655148506164551e+00 7.465534210205078125e+00
1.128663778305053711e+00 7.366008758544921875e+00
1.129672408103942871e+00 7.442972660064697266e+00
1.130681037902832031e+00 7.618575096130371094e+00
1.131689667701721191e+00 7.467599868774414062e+00
1.132698297500610352e+00 7.535843372344970703e+00
1.133706927299499512e+00 7.517663955688476562e+00
1.134715557098388672e+00 7.313316822052001953e+00
1.135724186897277832e+00 7.513122081756591797e+00
1.136732816696166992e+00 7.610229015350341797e+00
1.137741446495056152e+00 7.759528160095214844e+00
1.138750195503234863e+00 7.979326248168945312e+00
1.139758825302124023e+00 7.641676902770996094e+00
1.140767455101013184e+00 7.621227741241455078e+00
1.141776084899902344e+00 7.544951438903808594e+00
1.142784714698791504e+00 7.601115703582763672e+00
1.143793344497680664e+00 7.798195838928222656e+00
1.144801974296569824e+00 7.753521442413330078e+00
1.145810604095458984e+00 7.756644725799560547e+00
1.146819233894348145e+00 7.715981960296630859e+00
1.147827863693237305e+00 7.755505084991455078e+00
1.148836493492126465e+00 7.651437282562255859e+00
1.149845123291015625e+00 7.704137802124023438e+00
1.150853753089904785e+00 7.595407485961914062e+00
1.151862382888793945e+00 7.549387931823730469e+00
1.152871012687683105e+00 7.600158691406250000e+00
1.153879642486572266e+00 7.814975261688232422e+00
1.154888272285461426e+00 7.782067775726318359e+00
1.155896902084350586e+00 8.115102767944335938e+00
1.156905531883239746e+00 7.783102989196777344e+00
1.157914280891418457e+00 8.079567909240722656e+00
1.158922910690307617e+00 8.036506652832031250e+00
1.159931540489196777e+00 7.866581439971923828e+00
1.160940170288085938e+00 8.057745933532714844e+00
1.161948800086975098e+00 7.910875320434570312e+00
1.162957429885864258e+00 7.940091133117675781e+00
1.163966059684753418e+00 8.097958564758300781e+00
1.164974689483642578e+00 8.214136123657226562e+00
1.165983319282531738e+00 8.165477752685546875e+00
1.166991949081420898e+00 8.277758598327636719e+00
1.168000578880310059e+00 8.091070175170898438e+00
1.169009208679199219e+00 8.012933731079101562e+00
1.170017838478088379e+00 8.030939102172851562e+00
1.171026468276977539e+00 8.075373649597167969e+00
1.172035098075866699e+00 8.143688201904296875e+00
1.173043727874755859e+00 7.896393775939941406e+00
1.174052357673645020e+00 8.157968521118164062e+00
1.175060987472534180e+00 8.347184181213378906e+00
1.176069617271423340e+00 8.097099304199218750e+00
1.177078366279602051e+00 8.012846946716308594e+00
1.178086996078491211e+00 8.112686157226562500e+00
1.179095625877380371e+00 8.079177856445312500e+00
1.180104255676269531e+00 8.278493881225585938e+00
1.181112885475158691e+00 8.102634429931640625e+00
1.182121515274047852e+00 8.230675697326660156e+00
1.183130145072937012e+00 8.316820144653320312e+00
1.184138774871826172e+00 8.573561668395996094e+00
1.185147404670715332e+00 8.397655487060546875e+00
1.186156034469604492e+00 8.359049797058105469e+00
1.187164664268493652e+00 8.166767120361328125e+00
1.188173294067382812e+00 8.401143074035644531e+00
1.189181923866271973e+00 8.504066467285156250e+00
1.190190553665161133e+00 8.311120986938476562e+00
1.191199183464050293e+00 8.132794380187988281e+00
1.192207813262939453e+00 8.825211524963378906e+00
1.193216443061828613e+00 8.650063514709472656e+00
1.194225072860717773e+00 8.250631332397460938e+00
1.195233702659606934e+00 8.602152824401855469e+00
1.196242451667785645e+00 8.573776245117187500e+00
1.197251081466674805e+00 9.049800872802734375e+00
1.198259711265563965e+00 9.054904937744140625e+00
1.199268341064453125e+00 8.394577980041503906e+00
1.200276970863342285e+00 8.678911209106445312e+00
1.201285600662231445e+00 8.303499221801757812e+00
1.202294230461120605e+00 9.008089065551757812e+00
1.203302860260009766e+00 8.488841056823730469e+00
1.204311490058898926e+00 8.739102363586425781e+00
1.205320119857788086e+00 9.270836830139160156e+00
1.206328749656677246e+00 8.776650428771972656e+00
1.207337379455566406e+00 9.655924797058105469e+00
1.208346009254455566e+00 8.834511756896972656e+00
1.209354639053344727e+00 7.856922149658203125e+00
