0.000000000000000000e+00 5.912758789062500000e+02
1.008636085316538811e-03 4.236349487304687500e+02
2.017272170633077621e-03 3.082239074707031250e+02
3.025908255949616432e-03 2.450714721679687500e+02
4.034544341266155243e-03 1.808155670166015625e+02
5.043180659413337708e-03 1.332569122314453125e+02
6.051816511899232864e-03 1.008206863403320312e+02
7.060452364385128021e-03 7.910271453857421875e+01
8.069088682532310486e-03 6.495479583740234375e+01
9.077725000679492950e-03 5.390025711059570312e+01
1.008636131882667542e-02 4.543251800537109375e+01
1.109499670565128326e-02 3.711676025390625000e+01
1.210363302379846573e-02 3.215739822387695312e+01
1.311226934194564819e-02 2.773023796081542969e+01
1.412090472877025604e-02 2.443124771118164062e+01
1.512954104691743851e-02 2.112969970703125000e+01
1.613817736506462097e-02 1.861527824401855469e+01
1.714681275188922882e-02 1.639001655578613281e+01
1.815545000135898590e-02 1.434762763977050781e+01
1.916408538818359375e-02 1.353829479217529297e+01
2.017272263765335083e-02 1.243843269348144531e+01
2.118135802447795868e-02 1.129837417602539062e+01
2.218999341130256653e-02 1.056711196899414062e+01
2.319863066077232361e-02 1.018577480316162109e+01
2.420726604759693146e-02 9.265960693359375000e+00
2.521590143442153931e-02 8.716622352600097656e+00
2.622453868389129639e-02 8.082337379455566406e+00
2.723317407071590424e-02 7.757882595062255859e+00
2.824180945754051208e-02 7.593815326690673828e+00
2.925044670701026917e-02 7.197153091430664062e+00
3.025908209383487701e-02 6.999727725982666016e+00
3.126771748065948486e-02 6.828716754913330078e+00
3.227635473012924194e-02 6.662052631378173828e+00
3.328499197959899902e-02 6.212572097778320312e+00
3.429362550377845764e-02 6.133121490478515625e+00
3.530226275324821472e-02 5.933918476104736328e+00
3.631090000271797180e-02 5.838212966918945312e+00
3.731953352689743042e-02 5.817444801330566406e+00
3.832817077636718750e-02 5.628717422485351562e+00
3.933680802583694458e-02 5.583324909210205078e+00
4.034544527530670166e-02 5.583773612976074219e+00
4.135407879948616028e-02 5.402622222900390625e+00
4.236271604895591736e-02 5.233103275299072266e+00
4.337135329842567444e-02 5.255309104919433594e+00
4.437998682260513306e-02 5.329677581787109375e+00
4.538862407207489014e-02 5.171708106994628906e+00
4.639726132154464722e-02 5.151063919067382812e+00
4.740589484572410583e-02 5.047027111053466797e+00
4.841453209519386292e-02 5.104801177978515625e+00
4.942316934466362000e-02 4.983153343200683594e+00
5.043180286884307861e-02 5.066744804382324219e+00
5.144044011831283569e-02 5.044349670410156250e+00
5.244907736778259277e-02 4.961760997772216797e+00
5.345771089196205139e-02 4.956820487976074219e+00
5.446634814143180847e-02 4.863500595092773438e+00
5.547498539090156555e-02 4.873984336853027344e+00
5.648361891508102417e-02 4.919963836669921875e+00
5.749225616455078125e-02 4.905392169952392578e+00
5.850089341402053833e-02 4.863894939422607422e+00
5.950953066349029541e-02 4.807013034820556641e+00
6.051816418766975403e-02 4.882445812225341797e+00
6.152680143713951111e-02 4.822590827941894531e+00
6.253543496131896973e-02 4.755188465118408203e+00
6.354407221078872681e-02 4.839200019836425781e+00
6.455270946025848389e-02 4.802671432495117188e+00
6.556134670972824097e-02 4.745359420776367188e+00
6.656998395919799805e-02 4.756731986999511719e+00
6.757862120866775513e-02 4.727756977081298828e+00
6.858725100755691528e-02 4.810782909393310547e+00
6.959588825702667236e-02 4.832671165466308594e+00
7.060452550649642944e-02 4.764118671417236328e+00
7.161316275596618652e-02 4.823538303375244141e+00
7.262180000543594360e-02 4.845057487487792969e+00
7.363043725490570068e-02 4.695706844329833984e+00
7.463906705379486084e-02 4.733023643493652344e+00
7.564770430326461792e-02 4.755782127380371094e+00
7.665634155273437500e-02 4.749503612518310547e+00
7.766497880220413208e-02 4.787761688232421875e+00
7.867361605167388916e-02 4.811178207397460938e+00
7.968225330114364624e-02 4.830219745635986328e+00
8.069089055061340332e-02 4.808460235595703125e+00
8.169952034950256348e-02 4.909528732299804688e+00
8.270815759897232056e-02 4.737385749816894531e+00
8.371679484844207764e-02 4.680377960205078125e+00
8.472543209791183472e-02 4.827382087707519531e+00
8.573406934738159180e-02 4.776469707489013672e+00
8.674270659685134888e-02 4.735200881958007812e+00
8.775133639574050903e-02 4.742671966552734375e+00
8.875997364521026611e-02 4.710597515106201172e+00
8.976861089468002319e-02 4.721638679504394531e+00
9.077724814414978027e-02 4.798074245452880859e+00
9.178588539361953735e-02 4.795751094818115234e+00
9.279452264308929443e-02 4.747546672821044922e+00
9.380315244197845459e-02 4.753481864929199219e+00
9.481178969144821167e-02 4.775296211242675781e+00
9.582042694091796875e-02 4.787396430969238281e+00
9.682906419038772583e-02 4.816936969757080078e+00
9.783770143985748291e-02 4.695899009704589844e+00
9.884633868932723999e-02 4.745539665222167969e+00
9.985497593879699707e-02 4.704096317291259766e+00
1.008636057376861572e-01 4.692498683929443359e+00
1.018722429871559143e-01 4.681113719940185547e+00
1.028808802366256714e-01 4.831704616546630859e+00
1.038895174860954285e-01 4.825529098510742188e+00
1.048981547355651855e-01 4.774903297424316406e+00
1.059067919850349426e-01 4.705766677856445312e+00
1.069154217839241028e-01 4.767271041870117188e+00
1.079240590333938599e-01 4.699169158935546875e+00
1.089326962828636169e-01 4.784643650054931641e+00
1.099413335323333740e-01 4.816608428955078125e+00
1.109499707818031311e-01 4.745388984680175781e+00
1.119586080312728882e-01 4.664896965026855469e+00
1.129672378301620483e-01 4.706435203552246094e+00
1.139758750796318054e-01 4.701661586761474609e+00
1.149845123291015625e-01 4.707929611206054688e+00
1.159931495785713196e-01 4.747998714447021484e+00
1.170017868280410767e-01 4.731730937957763672e+00
1.180104240775108337e-01 4.735258579254150391e+00
1.190190613269805908e-01 4.735842704772949219e+00
1.200276911258697510e-01 4.725725650787353516e+00
1.210363283753395081e-01 4.704831123352050781e+00
1.220449656248092651e-01 4.727255821228027344e+00
1.230536028742790222e-01 4.762097358703613281e+00
1.240622401237487793e-01 4.706646919250488281e+00
1.250708699226379395e-01 4.712191581726074219e+00
1.260795146226882935e-01 4.794223308563232422e+00
1.270881444215774536e-01 4.747869968414306641e+00
1.280967891216278076e-01 4.696270465850830078e+00
1.291054189205169678e-01 4.804596900939941406e+00
1.301140487194061279e-01 4.734200000762939453e+00
1.311226934194564819e-01 4.689042568206787109e+00
1.321313232183456421e-01 4.733543395996093750e+00
1.331399679183959961e-01 4.827381134033203125e+00
1.341485977172851562e-01 4.769142150878906250e+00
1.351572424173355103e-01 4.736655235290527344e+00
1.361658722162246704e-01 4.765308380126953125e+00
1.371745020151138306e-01 4.754871368408203125e+00
1.381831467151641846e-01 4.736650466918945312e+00
1.391917765140533447e-01 4.731806278228759766e+00
1.402004212141036987e-01 4.732510089874267578e+00
1.412090510129928589e-01 4.667147636413574219e+00
1.422176808118820190e-01 4.681508064270019531e+00
1.432263255119323730e-01 4.728796005249023438e+00
1.442349553108215332e-01 4.753914356231689453e+00
1.452436000108718872e-01 4.783256530761718750e+00
1.462522298097610474e-01 4.725424289703369141e+00
1.472608745098114014e-01 4.773190021514892578e+00
1.482695043087005615e-01 4.713815212249755859e+00
1.492781341075897217e-01 4.680120468139648438e+00
1.502867788076400757e-01 4.690478324890136719e+00
1.512954086065292358e-01 4.746167182922363281e+00
1.523040533065795898e-01 4.761730194091796875e+00
1.533126831054687500e-01 4.725008964538574219e+00
1.543213278055191040e-01 4.650335311889648438e+00
1.553299576044082642e-01 4.773822784423828125e+00
1.563385874032974243e-01 4.724011421203613281e+00
1.573472321033477783e-01 4.691473007202148438e+00
1.583558619022369385e-01 4.721069812774658203e+00
1.593645066022872925e-01 4.800279140472412109e+00
1.603731364011764526e-01 4.711027145385742188e+00
1.613817811012268066e-01 4.683172702789306641e+00
1.623904109001159668e-01 4.630495071411132812e+00
1.633990406990051270e-01 4.787124633789062500e+00
1.644076853990554810e-01 4.900671958923339844e+00
1.654163151979446411e-01 4.771784782409667969e+00
1.664249598979949951e-01 4.753903865814208984e+00
1.674335896968841553e-01 4.756563663482666016e+00
1.684422194957733154e-01 4.682465076446533203e+00
1.694508641958236694e-01 4.701217651367187500e+00
1.704594939947128296e-01 4.724764347076416016e+00
1.714681386947631836e-01 4.734896183013916016e+00
1.724767684936523438e-01 4.751096725463867188e+00
1.734854131937026978e-01 4.761651039123535156e+00
1.744940429925918579e-01 4.718804359436035156e+00
1.755026727914810181e-01 4.784935474395751953e+00
1.765113174915313721e-01 4.776929378509521484e+00
1.775199472904205322e-01 4.751431465148925781e+00
1.785285919904708862e-01 4.711755752563476562e+00
1.795372217893600464e-01 4.759617328643798828e+00
1.805458664894104004e-01 4.794512748718261719e+00
1.815544962882995605e-01 4.807762145996093750e+00
1.825631260871887207e-01 4.790740013122558594e+00
1.835717707872390747e-01 4.784476757049560547e+00
1.845804005861282349e-01 4.835354804992675781e+00
1.855890452861785889e-01 4.755463600158691406e+00
1.865976750850677490e-01 4.781865596771240234e+00
1.876063048839569092e-01 4.745781898498535156e+00
1.886149495840072632e-01 4.751102924346923828e+00
1.896235793828964233e-01 4.865577697753906250e+00
1.906322240829467773e-01 4.773871898651123047e+00
1.916408538818359375e-01 4.798925399780273438e+00
1.926494985818862915e-01 4.781971454620361328e+00
1.936581283807754517e-01 4.786062717437744141e+00
1.946667581796646118e-01 4.783812046051025391e+00
1.956754028797149658e-01 4.740576744079589844e+00
1.966840326786041260e-01 4.744910717010498047e+00
1.976926773786544800e-01 4.745391845703125000e+00
1.987013071775436401e-01 4.753880500793457031e+00
1.997099518775939941e-01 4.733241558074951172e+00
2.007185816764831543e-01 4.766414165496826172e+00
2.017272114753723145e-01 4.762880802154541016e+00
2.027358561754226685e-01 4.724030017852783203e+00
2.037444859743118286e-01 4.777984142303466797e+00
2.047531306743621826e-01 4.707240581512451172e+00
2.057617604732513428e-01 4.724640846252441406e+00
2.067703902721405029e-01 4.749735832214355469e+00
2.077790349721908569e-01 4.813635349273681641e+00
2.087876647710800171e-01 4.787881851196289062e+00
2.097963094711303711e-01 4.798678398132324219e+00
2.108049392700195312e-01 4.788813114166259766e+00
2.118135839700698853e-01 4.783265590667724609e+00
2.128222137689590454e-01 4.772210121154785156e+00
2.138308435678482056e-01 4.755385398864746094e+00
2.148394882678985596e-01 4.794724464416503906e+00
2.158481180667877197e-01 4.746926307678222656e+00
2.168567627668380737e-01 4.735194206237792969e+00
2.178653925657272339e-01 4.760132312774658203e+00
2.188740372657775879e-01 4.787920475006103516e+00
2.198826670646667480e-01 4.821363449096679688e+00
2.208912968635559082e-01 4.769268035888671875e+00
2.218999415636062622e-01 4.749561786651611328e+00
2.229085713624954224e-01 4.770049095153808594e+00
2.239172160625457764e-01 4.738489151000976562e+00
2.249258458614349365e-01 4.733624458312988281e+00
2.259344756603240967e-01 4.775505542755126953e+00
2.269431203603744507e-01 4.729866027832031250e+00
2.279517501592636108e-01 4.788932800292968750e+00
2.289603948593139648e-01 4.784573554992675781e+00
2.299690246582031250e-01 4.738276481628417969e+00
2.309776693582534790e-01 4.767949581146240234e+00
2.319862991571426392e-01 4.783372879028320312e+00
2.329949289560317993e-01 4.686336040496826172e+00
2.340035736560821533e-01 4.694511413574218750e+00
2.350122034549713135e-01 4.795045375823974609e+00
2.360208481550216675e-01 4.728032588958740234e+00
2.370294779539108276e-01 4.744854927062988281e+00
2.380381226539611816e-01 4.755532741546630859e+00
2.390467524528503418e-01 4.780435562133789062e+00
2.400553822517395020e-01 4.763420581817626953e+00
2.410640269517898560e-01 4.778290271759033203e+00
2.420726567506790161e-01 4.794406890869140625e+00
2.430813014507293701e-01 4.851776123046875000e+00
2.440899312496185303e-01 4.736957073211669922e+00
2.450985759496688843e-01 4.774098396301269531e+00
2.461072057485580444e-01 4.762802600860595703e+00
2.471158355474472046e-01 4.768232822418212891e+00
2.481244802474975586e-01 4.733112812042236328e+00
2.491331100463867188e-01 4.718316555023193359e+00
2.501417398452758789e-01 4.717426776885986328e+00
2.511503994464874268e-01 4.771606445312500000e+00
2.521590292453765869e-01 4.732632160186767578e+00
2.531676590442657471e-01 4.721549510955810547e+00
2.541762888431549072e-01 4.713729381561279297e+00
2.551849186420440674e-01 4.768445968627929688e+00
2.561935782432556152e-01 4.726611137390136719e+00
2.572022080421447754e-01 4.748939514160156250e+00
2.582108378410339355e-01 4.718519687652587891e+00
2.592194676399230957e-01 4.723244667053222656e+00
2.602280974388122559e-01 4.721465587615966797e+00
2.612367570400238037e-01 4.699697017669677734e+00
2.622453868389129639e-01 4.687586784362792969e+00
2.632540166378021240e-01 4.652863502502441406e+00
2.642626464366912842e-01 4.717567920684814453e+00
2.652712762355804443e-01 4.762875080108642578e+00
2.662799358367919922e-01 4.757191181182861328e+00
2.672885656356811523e-01 4.740663528442382812e+00
2.682971954345703125e-01 4.733718872070312500e+00
2.693058252334594727e-01 4.699914932250976562e+00
2.703144848346710205e-01 4.750538825988769531e+00
2.713231146335601807e-01 4.697772979736328125e+00
2.723317444324493408e-01 4.665453433990478516e+00
2.733403742313385010e-01 4.680312156677246094e+00
2.743490040302276611e-01 4.710573196411132812e+00
2.753576636314392090e-01 4.725236415863037109e+00
2.763662934303283691e-01 4.772305488586425781e+00
2.773749232292175293e-01 4.688832759857177734e+00
2.783835530281066895e-01 4.703966617584228516e+00
2.793921828269958496e-01 4.758984565734863281e+00
2.804008424282073975e-01 4.694327831268310547e+00
2.814094722270965576e-01 4.718655586242675781e+00
2.824181020259857178e-01 4.727599143981933594e+00
2.834267318248748779e-01 4.765643119812011719e+00
2.844353616237640381e-01 4.721158027648925781e+00
2.854440212249755859e-01 4.678023338317871094e+00
2.864526510238647461e-01 4.711859703063964844e+00
2.874612808227539062e-01 4.708198070526123047e+00
2.884699106216430664e-01 4.702002525329589844e+00
2.894785702228546143e-01 4.692348957061767578e+00
2.904872000217437744e-01 4.750105857849121094e+00
2.914958298206329346e-01 4.731478214263916016e+00
2.925044596195220947e-01 4.751909255981445312e+00
2.935130894184112549e-01 4.744927406311035156e+00
2.945217490196228027e-01 4.724490642547607422e+00
2.955303788185119629e-01 4.690274238586425781e+00
2.965390086174011230e-01 4.675034523010253906e+00
2.975476384162902832e-01 4.728791713714599609e+00
2.985562682151794434e-01 4.675603389739990234e+00
2.995649278163909912e-01 4.717120170593261719e+00
3.005735576152801514e-01 4.753386974334716797e+00
3.015821874141693115e-01 4.707578659057617188e+00
3.025908172130584717e-01 4.725522994995117188e+00
3.035994470119476318e-01 4.698614597320556641e+00
3.046081066131591797e-01 4.696426391601562500e+00
3.056167364120483398e-01 4.697557926177978516e+00
3.066253662109375000e-01 4.711470127105712891e+00
3.076339960098266602e-01 4.665050506591796875e+00
3.086426556110382080e-01 4.649600505828857422e+00
3.096512854099273682e-01 4.713706493377685547e+00
3.106599152088165283e-01 4.712410449981689453e+00
3.116685450077056885e-01 4.647796154022216797e+00
3.126771748065948486e-01 4.655941486358642578e+00
3.136858344078063965e-01 4.700541019439697266e+00
3.146944642066955566e-01 4.681136608123779297e+00
3.157030940055847168e-01 4.663944721221923828e+00
3.167117238044738770e-01 4.734297275543212891e+00
3.177203536033630371e-01 4.735837459564208984e+00
3.187290132045745850e-01 4.710050106048583984e+00
3.197376430034637451e-01 4.682588577270507812e+00
3.207462728023529053e-01 4.689795970916748047e+00
3.217549026012420654e-01 4.701634407043457031e+00
3.227635622024536133e-01 4.670577049255371094e+00
3.237721920013427734e-01 4.696885108947753906e+00
3.247808218002319336e-01 4.637967586517333984e+00
3.257894515991210938e-01 4.595537662506103516e+00
3.267980813980102539e-01 4.601360797882080078e+00
3.278067409992218018e-01 4.618195056915283203e+00
3.288153707981109619e-01 4.651949405670166016e+00
3.298240005970001221e-01 4.648108482360839844e+00
3.308326303958892822e-01 4.609813213348388672e+00
3.318412601947784424e-01 4.651619434356689453e+00
3.328499197959899902e-01 4.669542789459228516e+00
3.338585495948791504e-01 4.659508228302001953e+00
3.348671793937683105e-01 4.670354843139648438e+00
3.358758091926574707e-01 4.684898853302001953e+00
3.368844389915466309e-01 4.724408626556396484e+00
3.378930985927581787e-01 4.620717048645019531e+00
3.389017283916473389e-01 4.630685806274414062e+00
3.399103581905364990e-01 4.619223594665527344e+00
3.409189879894256592e-01 4.621485710144042969e+00
3.419276475906372070e-01 4.652947425842285156e+00
3.429362773895263672e-01 4.655074119567871094e+00
3.439449071884155273e-01 4.647209644317626953e+00
3.449535369873046875e-01 4.648211002349853516e+00
3.459621667861938477e-01 4.671312808990478516e+00
3.469708263874053955e-01 4.629377365112304688e+00
3.479794561862945557e-01 4.636555194854736328e+00
3.489880859851837158e-01 4.625960350036621094e+00
3.499967157840728760e-01 4.621638774871826172e+00
3.510053455829620361e-01 4.656167507171630859e+00
3.520140051841735840e-01 4.677991867065429688e+00
3.530226349830627441e-01 4.641358375549316406e+00
3.540312647819519043e-01 4.647128582000732422e+00
3.550398945808410645e-01 4.618322372436523438e+00
3.560485243797302246e-01 4.605586528778076172e+00
3.570571839809417725e-01 4.600525856018066406e+00
3.580658137798309326e-01 4.657973289489746094e+00
3.590744435787200928e-01 4.612723350524902344e+00
3.600830733776092529e-01 4.655401229858398438e+00
3.610917329788208008e-01 4.644583225250244141e+00
3.621003627777099609e-01 4.594735622406005859e+00
3.631089925765991211e-01 4.582341194152832031e+00
3.641176223754882812e-01 4.644009590148925781e+00
3.651262521743774414e-01 4.629202842712402344e+00
3.661349117755889893e-01 4.617280960083007812e+00
3.671435415744781494e-01 4.611822128295898438e+00
3.681521713733673096e-01 4.637739181518554688e+00
3.691608011722564697e-01 4.615945816040039062e+00
3.701694309711456299e-01 4.611602783203125000e+00
3.711780905723571777e-01 4.628982543945312500e+00
3.721867203712463379e-01 4.618818759918212891e+00
3.731953501701354980e-01 4.592444896697998047e+00
3.742039799690246582e-01 4.597280979156494141e+00
3.752126097679138184e-01 4.641047000885009766e+00
3.762212693691253662e-01 4.637245655059814453e+00
3.772298991680145264e-01 4.607878208160400391e+00
3.782385289669036865e-01 4.610405921936035156e+00
3.792471587657928467e-01 4.621871471405029297e+00
3.802558183670043945e-01 4.599430561065673828e+00
3.812644481658935547e-01 4.604813575744628906e+00
3.822730779647827148e-01 4.607034683227539062e+00
3.832817077636718750e-01 4.557963371276855469e+00
3.842903375625610352e-01 4.592859745025634766e+00
3.852989971637725830e-01 4.635356903076171875e+00
3.863076269626617432e-01 4.590188503265380859e+00
3.873162567615509033e-01 4.590165615081787109e+00
3.883248865604400635e-01 4.610954761505126953e+00
3.893335163593292236e-01 4.603002071380615234e+00
3.903421759605407715e-01 4.555444240570068359e+00
3.913508057594299316e-01 4.614431858062744141e+00
3.923594355583190918e-01 4.572825908660888672e+00
3.933680653572082520e-01 4.545701026916503906e+00
3.943766951560974121e-01 4.575095653533935547e+00
3.953853547573089600e-01 4.600523471832275391e+00
3.963939845561981201e-01 4.583866596221923828e+00
3.974026143550872803e-01 4.567487239837646484e+00
3.984112441539764404e-01 4.569503307342529297e+00
3.994199037551879883e-01 4.543145179748535156e+00
4.004285335540771484e-01 4.569549083709716797e+00
4.014371633529663086e-01 4.581611633300781250e+00
4.024457931518554688e-01 4.614042758941650391e+00
4.034544229507446289e-01 4.577379226684570312e+00
4.044630825519561768e-01 4.578508377075195312e+00
4.054717123508453369e-01 4.573292255401611328e+00
4.064803421497344971e-01 4.525077342987060547e+00
4.074889719486236572e-01 4.564785003662109375e+00
4.084976017475128174e-01 4.587656974792480469e+00
4.095062613487243652e-01 4.583304405212402344e+00
4.105148911476135254e-01 4.545074939727783203e+00
4.115235209465026855e-01 4.563230514526367188e+00
4.125321507453918457e-01 4.600076198577880859e+00
4.135407805442810059e-01 4.576974868774414062e+00
4.145494401454925537e-01 4.584548950195312500e+00
4.155580699443817139e-01 4.578078269958496094e+00
4.165666997432708740e-01 4.562827587127685547e+00
4.175753295421600342e-01 4.542419433593750000e+00
4.185839891433715820e-01 4.585288524627685547e+00
4.195926189422607422e-01 4.554723739624023438e+00
4.206012487411499023e-01 4.560886383056640625e+00
4.216098785400390625e-01 4.591336250305175781e+00
4.226185083389282227e-01 4.549516677856445312e+00
4.236271679401397705e-01 4.561158657073974609e+00
4.246357977390289307e-01 4.578797817230224609e+00
4.256444275379180908e-01 4.561292171478271484e+00
4.266530573368072510e-01 4.520232200622558594e+00
4.276616871356964111e-01 4.520734786987304688e+00
4.286703467369079590e-01 4.556777954101562500e+00
4.296789765357971191e-01 4.531002521514892578e+00
4.306876063346862793e-01 4.534346103668212891e+00
4.316962361335754395e-01 4.503241539001464844e+00
4.327048659324645996e-01 4.511709213256835938e+00
4.337135255336761475e-01 4.547949314117431641e+00
4.347221553325653076e-01 4.511816501617431641e+00
4.357307851314544678e-01 4.525102615356445312e+00
4.367394149303436279e-01 4.544187545776367188e+00
4.377480745315551758e-01 4.525456905364990234e+00
4.387567043304443359e-01 4.535196781158447266e+00
4.397653341293334961e-01 4.522186756134033203e+00
4.407739639282226562e-01 4.514821052551269531e+00
4.417825937271118164e-01 4.525269031524658203e+00
4.427912533283233643e-01 4.527401447296142578e+00
4.437998831272125244e-01 4.523685455322265625e+00
4.448085129261016846e-01 4.530189514160156250e+00
4.458171427249908447e-01 4.507355690002441406e+00
4.468257725238800049e-01 4.509584903717041016e+00
4.478344321250915527e-01 4.579287528991699219e+00
4.488430619239807129e-01 4.537237644195556641e+00
4.498516917228698730e-01 4.494983196258544922e+00
4.508603215217590332e-01 4.513994216918945312e+00
4.518689513206481934e-01 4.517394065856933594e+00
4.528776109218597412e-01 4.499283790588378906e+00
4.538862407207489014e-01 4.509557723999023438e+00
4.548948705196380615e-01 4.546998500823974609e+00
4.559035003185272217e-01 4.509989261627197266e+00
4.569121599197387695e-01 4.481910705566406250e+00
4.579207897186279297e-01 4.510638236999511719e+00
4.589294195175170898e-01 4.507452011108398438e+00
4.599380493164062500e-01 4.473205089569091797e+00
4.609466791152954102e-01 4.458933353424072266e+00
4.619553387165069580e-01 4.508407115936279297e+00
4.629639685153961182e-01 4.520615577697753906e+00
4.639725983142852783e-01 4.494991302490234375e+00
4.649812281131744385e-01 4.476283550262451172e+00
4.659898579120635986e-01 4.527869224548339844e+00
4.669985175132751465e-01 4.514282226562500000e+00
4.680071473121643066e-01 4.469806671142578125e+00
4.690157771110534668e-01 4.492317199707031250e+00
4.700244069099426270e-01 4.473229408264160156e+00
4.710330665111541748e-01 4.457527160644531250e+00
4.720416963100433350e-01 4.483921527862548828e+00
4.730503261089324951e-01 4.518301963806152344e+00
4.740589559078216553e-01 4.492419242858886719e+00
4.750675857067108154e-01 4.503932476043701172e+00
4.760762453079223633e-01 4.493778705596923828e+00
4.770848751068115234e-01 4.494234561920166016e+00
4.780935049057006836e-01 4.507621288299560547e+00
4.791021347045898438e-01 4.516042709350585938e+00
4.801107645034790039e-01 4.452212810516357422e+00
4.811194241046905518e-01 4.470786094665527344e+00
4.821280539035797119e-01 4.449928283691406250e+00
4.831366837024688721e-01 4.439126968383789062e+00
4.841453135013580322e-01 4.478543758392333984e+00
4.851539433002471924e-01 4.445163249969482422e+00
4.861626029014587402e-01 4.438132762908935547e+00
4.871712327003479004e-01 4.489409923553466797e+00
4.881798624992370605e-01 4.471342563629150391e+00
4.891884922981262207e-01 4.459479808807373047e+00
4.901971518993377686e-01 4.457988262176513672e+00
4.912057816982269287e-01 4.433727741241455078e+00
4.922144114971160889e-01 4.439919471740722656e+00
4.932230412960052490e-01 4.425988674163818359e+00
4.942316710948944092e-01 4.413083076477050781e+00
4.952403306961059570e-01 4.462455272674560547e+00
4.962489604949951172e-01 4.438745021820068359e+00
4.972575902938842773e-01 4.448846817016601562e+00
4.982662200927734375e-01 4.431891918182373047e+00
4.992748498916625977e-01 4.423069000244140625e+00
5.002834796905517578e-01 4.448103427886962891e+00
5.012921094894409180e-01 4.433025836944580078e+00
5.023007988929748535e-01 4.425605297088623047e+00
5.033094286918640137e-01 4.426771163940429688e+00
5.043180584907531738e-01 4.510290622711181641e+00
5.053266882896423340e-01 4.490181446075439453e+00
5.063353180885314941e-01 4.459192752838134766e+00
5.073439478874206543e-01 4.424918174743652344e+00
5.083525776863098145e-01 4.419801235198974609e+00
5.093612074851989746e-01 4.401450634002685547e+00
5.103698372840881348e-01 4.395936012268066406e+00
5.113784670829772949e-01 4.426506519317626953e+00
5.123871564865112305e-01 4.416172027587890625e+00
5.133957862854003906e-01 4.412250041961669922e+00
5.144044160842895508e-01 4.432143211364746094e+00
5.154130458831787109e-01 4.451771736145019531e+00
5.164216756820678711e-01 4.453258037567138672e+00
5.174303054809570312e-01 4.429056167602539062e+00
5.184389352798461914e-01 4.422874450683593750e+00
5.194475650787353516e-01 4.444506168365478516e+00
5.204561948776245117e-01 4.434799671173095703e+00
5.214648842811584473e-01 4.386922359466552734e+00
5.224735140800476074e-01 4.430735111236572266e+00
5.234821438789367676e-01 4.393385887145996094e+00
5.244907736778259277e-01 4.413184165954589844e+00
5.254994034767150879e-01 4.431923389434814453e+00
5.265080332756042480e-01 4.426673412322998047e+00
5.275166630744934082e-01 4.411372661590576172e+00
5.285252928733825684e-01 4.393885135650634766e+00
5.295339226722717285e-01 4.439271926879882812e+00
5.305425524711608887e-01 4.423531532287597656e+00
5.315512418746948242e-01 4.381877899169921875e+00
5.325598716735839844e-01 4.406110286712646484e+00
5.335685014724731445e-01 4.400153636932373047e+00
5.345771312713623047e-01 4.412406444549560547e+00
5.355857610702514648e-01 4.400946617126464844e+00
5.365943908691406250e-01 4.444902420043945312e+00
5.376030206680297852e-01 4.438009738922119141e+00
5.386116504669189453e-01 4.448956489562988281e+00
5.396202802658081055e-01 4.435051441192626953e+00
5.406289696693420410e-01 4.371931552886962891e+00
5.416375994682312012e-01 4.414441108703613281e+00
5.426462292671203613e-01 4.437853336334228516e+00
5.436548590660095215e-01 4.397927761077880859e+00
5.446634888648986816e-01 4.372908592224121094e+00
5.456721186637878418e-01 4.356525897979736328e+00
5.466807484626770020e-01 4.418455123901367188e+00
5.476893782615661621e-01 4.447304248809814453e+00
5.486980080604553223e-01 4.429102897644042969e+00
5.497066378593444824e-01 4.381297588348388672e+00
5.507153272628784180e-01 4.393302440643310547e+00
5.517239570617675781e-01 4.395067691802978516e+00
5.527325868606567383e-01 4.448511600494384766e+00
5.537412166595458984e-01 4.379312038421630859e+00
5.547498464584350586e-01 4.399471759796142578e+00
5.557584762573242188e-01 4.355486392974853516e+00
5.567671060562133789e-01 4.362624168395996094e+00
5.577757358551025391e-01 4.397505283355712891e+00
5.587843656539916992e-01 4.352217197418212891e+00
5.597930550575256348e-01 4.378184318542480469e+00
5.608016848564147949e-01 4.420303344726562500e+00
5.618103146553039551e-01 4.408137321472167969e+00
5.628189444541931152e-01 4.375073432922363281e+00
5.638275742530822754e-01 4.401000499725341797e+00
5.648362040519714355e-01 4.389521121978759766e+00
5.658448338508605957e-01 4.383106708526611328e+00
5.668534636497497559e-01 4.392775058746337891e+00
5.678620934486389160e-01 4.401493549346923828e+00
5.688707232475280762e-01 4.380506038665771484e+00
5.698794126510620117e-01 4.356960773468017578e+00
5.708880424499511719e-01 4.327616691589355469e+00
5.718966722488403320e-01 4.398801326751708984e+00
5.729053020477294922e-01 4.401738643646240234e+00
5.739139318466186523e-01 4.358942031860351562e+00
5.749225616455078125e-01 4.381562709808349609e+00
5.759311914443969727e-01 4.354682922363281250e+00
5.769398212432861328e-01 4.353598594665527344e+00
5.779484510421752930e-01 4.320712089538574219e+00
5.789571404457092285e-01 4.353178024291992188e+00
5.799657702445983887e-01 4.336443901062011719e+00
5.809744000434875488e-01 4.329372406005859375e+00
5.819830298423767090e-01 4.344933032989501953e+00
5.829916596412658691e-01 4.326457023620605469e+00
5.840002894401550293e-01 4.323126316070556641e+00
5.850089192390441895e-01 4.285643577575683594e+00
5.860175490379333496e-01 4.339999198913574219e+00
5.870261788368225098e-01 4.324912548065185547e+00
5.880348086357116699e-01 4.308631420135498047e+00
5.890434980392456055e-01 4.320792675018310547e+00
5.900521278381347656e-01 4.402064800262451172e+00
5.910607576370239258e-01 4.387748718261718750e+00
5.920693874359130859e-01 4.358948230743408203e+00
5.930780172348022461e-01 4.346860408782958984e+00
5.940866470336914062e-01 4.334547042846679688e+00
5.950952768325805664e-01 4.322095870971679688e+00
5.961039066314697266e-01 4.304615974426269531e+00
5.971125364303588867e-01 4.344310760498046875e+00
5.981212258338928223e-01 4.338087558746337891e+00
5.991298556327819824e-01 4.341880798339843750e+00
6.001384854316711426e-01 4.324220180511474609e+00
6.011471152305603027e-01 4.329007625579833984e+00
6.021557450294494629e-01 4.352694988250732422e+00
6.031643748283386230e-01 4.355602264404296875e+00
6.041730046272277832e-01 4.333954811096191406e+00
6.051816344261169434e-01 4.282471179962158203e+00
6.061902642250061035e-01 4.303123950958251953e+00
6.071988940238952637e-01 4.338663578033447266e+00
6.082075834274291992e-01 4.360004425048828125e+00
6.092162132263183594e-01 4.310572624206542969e+00
6.102248430252075195e-01 4.264963150024414062e+00
6.112334728240966797e-01 4.264368057250976562e+00
6.122421026229858398e-01 4.328846454620361328e+00
6.132507324218750000e-01 4.295630931854248047e+00
6.142593622207641602e-01 4.264460563659667969e+00
6.152679920196533203e-01 4.284743785858154297e+00
6.162766218185424805e-01 4.273781299591064453e+00
6.172853112220764160e-01 4.276009082794189453e+00
6.182939410209655762e-01 4.271807193756103516e+00
6.193025708198547363e-01 4.258446693420410156e+00
6.203112006187438965e-01 4.276394367218017578e+00
6.213198304176330566e-01 4.250772476196289062e+00
6.223284602165222168e-01 4.278813362121582031e+00
6.233370900154113770e-01 4.262687683105468750e+00
6.243457198143005371e-01 4.235928535461425781e+00
6.253543496131896973e-01 4.240455150604248047e+00
6.263629794120788574e-01 4.244042396545410156e+00
6.273716688156127930e-01 4.297118663787841797e+00
6.283802986145019531e-01 4.298831939697265625e+00
6.293889284133911133e-01 4.269504070281982422e+00
6.303975582122802734e-01 4.314141273498535156e+00
6.314061880111694336e-01 4.257245063781738281e+00
6.324148178100585938e-01 4.325716018676757812e+00
6.334234476089477539e-01 4.300294399261474609e+00
6.344320774078369141e-01 4.292198181152343750e+00
6.354407072067260742e-01 4.269900798797607422e+00
6.364493966102600098e-01 4.265394687652587891e+00
6.374580264091491699e-01 4.260692596435546875e+00
6.384666562080383301e-01 4.295335292816162109e+00
6.394752860069274902e-01 4.297398090362548828e+00
6.404839158058166504e-01 4.287726402282714844e+00
6.414925456047058105e-01 4.256113052368164062e+00
6.425011754035949707e-01 4.215423583984375000e+00
6.435098052024841309e-01 4.249485969543457031e+00
6.445184350013732910e-01 4.291019439697265625e+00
6.455271244049072266e-01 4.276162624359130859e+00
6.465357542037963867e-01 4.258175849914550781e+00
6.475443840026855469e-01 4.278086185455322266e+00
6.485530138015747070e-01 4.256175994873046875e+00
6.495616436004638672e-01 4.228915214538574219e+00
6.505702733993530273e-01 4.267243862152099609e+00
6.515789031982421875e-01 4.243707180023193359e+00
6.525875329971313477e-01 4.247546672821044922e+00
6.535961627960205078e-01 4.268779754638671875e+00
6.546047925949096680e-01 4.226912498474121094e+00
6.556134819984436035e-01 4.203947544097900391e+00
6.566221117973327637e-01 4.215038299560546875e+00
6.576307415962219238e-01 4.205995082855224609e+00
6.586393713951110840e-01 4.229439735412597656e+00
6.596480011940002441e-01 4.257088184356689453e+00
6.606566309928894043e-01 4.229876995086669922e+00
6.616652607917785645e-01 4.250363826751708984e+00
6.626738905906677246e-01 4.233847141265869141e+00
6.636825203895568848e-01 4.144437789916992188e+00
6.646912097930908203e-01 4.197199821472167969e+00
6.656998395919799805e-01 4.206271648406982422e+00
6.667084693908691406e-01 4.196151733398437500e+00
6.677170991897583008e-01 4.226063251495361328e+00
6.687257289886474609e-01 4.244132518768310547e+00
6.697343587875366211e-01 4.211826324462890625e+00
6.707429885864257812e-01 4.175962448120117188e+00
6.717516183853149414e-01 4.170608043670654297e+00
6.727602481842041016e-01 4.168841361999511719e+00
6.737688779830932617e-01 4.195320606231689453e+00
6.747775673866271973e-01 4.209494590759277344e+00
6.757861971855163574e-01 4.188081264495849609e+00
6.767948269844055176e-01 4.204031944274902344e+00
6.778034567832946777e-01 4.198447704315185547e+00
6.788120865821838379e-01 4.219198703765869141e+00
6.798207163810729980e-01 4.212619304656982422e+00
6.808293461799621582e-01 4.198778152465820312e+00
6.818379759788513184e-01 4.167523860931396484e+00
6.828466057777404785e-01 4.147448062896728516e+00
6.838552951812744141e-01 4.132432937622070312e+00
6.848639249801635742e-01 4.176678180694580078e+00
6.858725547790527344e-01 4.166775226593017578e+00
6.868811845779418945e-01 4.146646499633789062e+00
6.878898143768310547e-01 4.153735160827636719e+00
6.888984441757202148e-01 4.144135951995849609e+00
6.899070739746093750e-01 4.191324710845947266e+00
6.909157037734985352e-01 4.148188591003417969e+00
6.919243335723876953e-01 4.163961887359619141e+00
6.929329633712768555e-01 4.148257255554199219e+00
6.939416527748107910e-01 4.203330993652343750e+00
6.949502825736999512e-01 4.148389816284179688e+00
6.959589123725891113e-01 4.154191970825195312e+00
6.969675421714782715e-01 4.091513156890869141e+00
6.979761719703674316e-01 4.155244827270507812e+00
6.989848017692565918e-01 4.158681869506835938e+00
6.999934315681457520e-01 4.191473484039306641e+00
7.010020613670349121e-01 4.165895462036132812e+00
7.020106911659240723e-01 4.101311683654785156e+00
7.030193805694580078e-01 4.157105445861816406e+00
7.040280103683471680e-01 4.140298843383789062e+00
7.050366401672363281e-01 4.139886856079101562e+00
7.060452699661254883e-01 4.101252079010009766e+00
7.070538997650146484e-01 4.102014541625976562e+00
7.080625295639038086e-01 4.113600730895996094e+00
7.090711593627929688e-01 4.082298755645751953e+00
7.100797891616821289e-01 4.101205825805664062e+00
7.110884189605712891e-01 4.127990722656250000e+00
7.120970487594604492e-01 4.130105972290039062e+00
7.131057381629943848e-01 4.148050308227539062e+00
7.141143679618835449e-01 4.127556324005126953e+00
7.151229977607727051e-01 4.146416187286376953e+00
7.161316275596618652e-01 4.136757850646972656e+00
7.171402573585510254e-01 4.121626853942871094e+00
7.181488871574401855e-01 4.128287315368652344e+00
7.191575169563293457e-01 4.129390239715576172e+00
7.201661467552185059e-01 4.127810478210449219e+00
7.211747765541076660e-01 4.142812252044677734e+00
7.221834659576416016e-01 4.144488334655761719e+00
7.231920957565307617e-01 4.111219882965087891e+00
7.242007255554199219e-01 4.121376991271972656e+00
7.252093553543090820e-01 4.112397193908691406e+00
7.262179851531982422e-01 4.101087570190429688e+00
7.272266149520874023e-01 4.100155830383300781e+00
7.282352447509765625e-01 4.110908031463623047e+00
7.292438745498657227e-01 4.128312110900878906e+00
7.302525043487548828e-01 4.089349746704101562e+00
7.312611341476440430e-01 4.121618270874023438e+00
7.322698235511779785e-01 4.103504657745361328e+00
7.332784533500671387e-01 4.103540897369384766e+00
7.342870831489562988e-01 4.137944698333740234e+00
7.352957129478454590e-01 4.106966972351074219e+00
7.363043427467346191e-01 4.073235511779785156e+00
7.373129725456237793e-01 4.056989192962646484e+00
7.383216023445129395e-01 4.072266578674316406e+00
7.393302321434020996e-01 4.058258533477783203e+00
7.403388619422912598e-01 4.111088275909423828e+00
7.413475513458251953e-01 4.101379871368408203e+00
7.423561811447143555e-01 4.050233840942382812e+00
7.433648109436035156e-01 4.030539512634277344e+00
7.443734407424926758e-01 4.077097415924072266e+00
7.453820705413818359e-01 4.056214332580566406e+00
7.463907003402709961e-01 4.047018527984619141e+00
7.473993301391601562e-01 4.018609523773193359e+00
7.484079599380493164e-01 4.043111801147460938e+00
7.494165897369384766e-01 4.043046474456787109e+00
7.504252195358276367e-01 4.027330398559570312e+00
7.514339089393615723e-01 4.050865173339843750e+00
7.524425387382507324e-01 4.103612899780273438e+00
7.534511685371398926e-01 4.085987567901611328e+00
7.544597983360290527e-01 4.033569812774658203e+00
7.554684281349182129e-01 4.046353816986083984e+00
7.564770579338073730e-01 4.053855895996093750e+00
7.574856877326965332e-01 4.017130851745605469e+00
7.584943175315856934e-01 4.038244724273681641e+00
7.595029473304748535e-01 4.035796642303466797e+00
7.605116367340087891e-01 4.041635036468505859e+00
7.615202665328979492e-01 4.075456619262695312e+00
7.625288963317871094e-01 4.020593643188476562e+00
7.635375261306762695e-01 4.036515235900878906e+00
7.645461559295654297e-01 4.062313079833984375e+00
7.655547857284545898e-01 4.022474288940429688e+00
7.665634155273437500e-01 4.017058372497558594e+00
7.675720453262329102e-01 4.031888961791992188e+00
7.685806751251220703e-01 4.056056022644042969e+00
7.695893049240112305e-01 4.065997123718261719e+00
7.705979943275451660e-01 4.031557083129882812e+00
7.716066241264343262e-01 4.023715496063232422e+00
7.726152539253234863e-01 4.030780315399169922e+00
7.736238837242126465e-01 4.037571907043457031e+00
7.746325135231018066e-01 4.005956172943115234e+00
7.756411433219909668e-01 4.006421566009521484e+00
7.766497731208801270e-01 4.013181686401367188e+00
7.776584029197692871e-01 4.015675067901611328e+00
7.786670327186584473e-01 4.027989864349365234e+00
7.796757221221923828e-01 4.034149646759033203e+00
7.806843519210815430e-01 3.978497743606567383e+00
7.816929817199707031e-01 3.958074808120727539e+00
7.827016115188598633e-01 3.986475706100463867e+00
7.837102413177490234e-01 3.964774608612060547e+00
7.847188711166381836e-01 3.971918821334838867e+00
7.857275009155273438e-01 3.971255302429199219e+00
7.867361307144165039e-01 3.997487306594848633e+00
7.877447605133056641e-01 4.006140232086181641e+00
7.887533903121948242e-01 3.953035831451416016e+00
7.897620797157287598e-01 3.954415798187255859e+00
7.907707095146179199e-01 3.993815898895263672e+00
7.917793393135070801e-01 3.953136444091796875e+00
7.927879691123962402e-01 3.972001314163208008e+00
7.937965989112854004e-01 3.989626407623291016e+00
7.948052287101745605e-01 3.972508192062377930e+00
7.958138585090637207e-01 3.966526746749877930e+00
7.968224883079528809e-01 3.973333120346069336e+00
7.978311181068420410e-01 3.991967439651489258e+00
7.988398075103759766e-01 3.972621679306030273e+00
7.998484373092651367e-01 3.977077245712280273e+00
8.008570671081542969e-01 3.930134534835815430e+00
8.018656969070434570e-01 3.956147909164428711e+00
8.028743267059326172e-01 3.978599071502685547e+00
8.038829565048217773e-01 3.989586114883422852e+00
8.048915863037109375e-01 3.938985586166381836e+00
8.059002161026000977e-01 3.943572282791137695e+00
8.069088459014892578e-01 3.928124904632568359e+00
8.079174757003784180e-01 3.954570055007934570e+00
8.089261651039123535e-01 3.978151798248291016e+00
8.099347949028015137e-01 3.959344625473022461e+00
8.109434247016906738e-01 3.908949851989746094e+00
8.119520545005798340e-01 3.903026819229125977e+00
8.129606842994689941e-01 3.949331760406494141e+00
8.139693140983581543e-01 3.966874122619628906e+00
8.149779438972473145e-01 3.883018016815185547e+00
8.159865736961364746e-01 3.884806394577026367e+00
8.169952034950256348e-01 3.915131330490112305e+00
8.180038928985595703e-01 3.937205314636230469e+00
8.190125226974487305e-01 3.919960975646972656e+00
8.200211524963378906e-01 3.919050455093383789e+00
8.210297822952270508e-01 3.964101791381835938e+00
8.220384120941162109e-01 3.940811872482299805e+00
8.230470418930053711e-01 3.940680027008056641e+00
8.240556716918945312e-01 3.924505949020385742e+00
8.250643014907836914e-01 3.910377740859985352e+00
8.260729312896728516e-01 3.895493507385253906e+00
8.270815610885620117e-01 3.919953823089599609e+00
8.280902504920959473e-01 3.861470699310302734e+00
8.290988802909851074e-01 3.877032995223999023e+00
8.301075100898742676e-01 3.897852182388305664e+00
8.311161398887634277e-01 3.883398532867431641e+00
8.321247696876525879e-01 3.851159811019897461e+00
8.331333994865417480e-01 3.893524169921875000e+00
8.341420292854309082e-01 3.868516445159912109e+00
8.351506590843200684e-01 3.879757642745971680e+00
8.361592888832092285e-01 3.899564027786254883e+00
8.371679782867431641e-01 3.895105838775634766e+00
8.381766080856323242e-01 3.878798961639404297e+00
8.391852378845214844e-01 3.906884431838989258e+00
8.401938676834106445e-01 3.855038881301879883e+00
8.412024974822998047e-01 3.893169879913330078e+00
8.422111272811889648e-01 3.889946222305297852e+00
8.432197570800781250e-01 3.875923395156860352e+00
8.442283868789672852e-01 3.859505891799926758e+00
8.452370166778564453e-01 3.834167957305908203e+00
8.462456464767456055e-01 3.868372201919555664e+00
8.472543358802795410e-01 3.875343561172485352e+00
8.482629656791687012e-01 3.836316823959350586e+00
8.492715954780578613e-01 3.823064088821411133e+00
8.502802252769470215e-01 3.870969295501708984e+00
8.512888550758361816e-01 3.888904571533203125e+00
8.522974848747253418e-01 3.873190641403198242e+00
8.533061146736145020e-01 3.894743919372558594e+00
8.543147444725036621e-01 3.838611125946044922e+00
8.553233742713928223e-01 3.851183176040649414e+00
8.563320636749267578e-01 3.816723585128784180e+00
8.573406934738159180e-01 3.829995155334472656e+00
8.583493232727050781e-01 3.823824167251586914e+00
8.593579530715942383e-01 3.828602075576782227e+00
8.603665828704833984e-01 3.830313682556152344e+00
8.613752126693725586e-01 3.864994049072265625e+00
8.623838424682617188e-01 3.967503547668457031e+00
8.633924722671508789e-01 4.230490684509277344e+00
8.644011020660400391e-01 3.813847303390502930e+00
8.654097318649291992e-01 3.854691743850708008e+00
8.664184212684631348e-01 3.839279174804687500e+00
8.674270510673522949e-01 3.861845254898071289e+00
8.684356808662414551e-01 3.849226236343383789e+00
8.694443106651306152e-01 3.855909824371337891e+00
8.704529404640197754e-01 3.848533153533935547e+00
8.714615702629089355e-01 3.799358606338500977e+00
8.724702000617980957e-01 3.839404582977294922e+00
8.734788298606872559e-01 3.808619499206542969e+00
8.744874596595764160e-01 3.796285867691040039e+00
8.754961490631103516e-01 3.836891651153564453e+00
8.765047788619995117e-01 3.799830198287963867e+00
8.775134086608886719e-01 3.799956083297729492e+00
8.785220384597778320e-01 3.781261920928955078e+00
8.795306682586669922e-01 3.789867639541625977e+00
8.805392980575561523e-01 3.806754589080810547e+00
8.815479278564453125e-01 3.791161775588989258e+00
8.825565576553344727e-01 3.789992809295654297e+00
8.835651874542236328e-01 3.774280786514282227e+00
8.845738172531127930e-01 3.770643234252929688e+00
8.855825066566467285e-01 3.784989595413208008e+00
8.865911364555358887e-01 3.808318138122558594e+00
8.875997662544250488e-01 3.738612413406372070e+00
8.886083960533142090e-01 3.706150054931640625e+00
8.896170258522033691e-01 3.718731403350830078e+00
8.906256556510925293e-01 3.705619096755981445e+00
8.916342854499816895e-01 3.758523941040039062e+00
8.926429152488708496e-01 3.730429887771606445e+00
8.936515450477600098e-01 3.768435478210449219e+00
8.946602344512939453e-01 3.744943618774414062e+00
8.956688642501831055e-01 3.806966304779052734e+00
8.966774940490722656e-01 3.793933153152465820e+00
8.976861238479614258e-01 3.746725559234619141e+00
8.986947536468505859e-01 3.757534027099609375e+00
8.997033834457397461e-01 3.780436277389526367e+00
9.007120132446289062e-01 3.707666635513305664e+00
9.017206430435180664e-01 3.707736492156982422e+00
9.027292728424072266e-01 3.756690025329589844e+00
9.037379026412963867e-01 3.733086347579956055e+00
9.047465920448303223e-01 3.695498228073120117e+00
9.057552218437194824e-01 3.723978519439697266e+00
9.067638516426086426e-01 3.711398601531982422e+00
9.077724814414978027e-01 3.694653749465942383e+00
9.087811112403869629e-01 3.746477842330932617e+00
9.097897410392761230e-01 3.730438947677612305e+00
9.107983708381652832e-01 3.726613521575927734e+00
9.118070006370544434e-01 3.691020011901855469e+00
9.128156304359436035e-01 3.730191230773925781e+00
9.138243198394775391e-01 3.726674795150756836e+00
9.148329496383666992e-01 3.715304851531982422e+00
9.158415794372558594e-01 3.722835779190063477e+00
9.168502092361450195e-01 3.697988271713256836e+00
9.178588390350341797e-01 3.701960086822509766e+00
9.188674688339233398e-01 3.701087951660156250e+00
9.198760986328125000e-01 3.698133707046508789e+00
9.208847284317016602e-01 3.682826757431030273e+00
9.218933582305908203e-01 3.738666296005249023e+00
9.229020476341247559e-01 3.664967060089111328e+00
9.239106774330139160e-01 3.688134670257568359e+00
9.249193072319030762e-01 3.707190990447998047e+00
9.259279370307922363e-01 3.642820596694946289e+00
9.269365668296813965e-01 3.693158149719238281e+00
9.279451966285705566e-01 3.652579545974731445e+00
9.289538264274597168e-01 3.703195571899414062e+00
9.299624562263488770e-01 3.667865514755249023e+00
9.309710860252380371e-01 3.686121225357055664e+00
9.319797158241271973e-01 3.670604705810546875e+00
9.329884052276611328e-01 3.720006942749023438e+00
9.339970350265502930e-01 3.671483039855957031e+00
9.350056648254394531e-01 3.637856960296630859e+00
9.360142946243286133e-01 3.672968149185180664e+00
9.370229244232177734e-01 3.656042337417602539e+00
9.380315542221069336e-01 3.636700868606567383e+00
9.390401840209960938e-01 3.658533811569213867e+00
9.400488138198852539e-01 3.602721929550170898e+00
9.410574436187744141e-01 3.616041660308837891e+00
9.420661330223083496e-01 3.685210943222045898e+00
9.430747628211975098e-01 3.559407949447631836e+00
9.440833926200866699e-01 3.643902301788330078e+00
9.450920224189758301e-01 3.700398683547973633e+00
9.461006522178649902e-01 3.650068521499633789e+00
9.471092820167541504e-01 3.610474824905395508e+00
9.481179118156433105e-01 3.553047180175781250e+00
9.491265416145324707e-01 3.542310237884521484e+00
9.501351714134216309e-01 3.621675968170166016e+00
9.511438012123107910e-01 3.687207698822021484e+00
9.521524906158447266e-01 3.588207483291625977e+00
9.531611204147338867e-01 3.592004060745239258e+00
9.541697502136230469e-01 3.546471834182739258e+00
9.551783800125122070e-01 3.625908851623535156e+00
9.561870098114013672e-01 3.650591850280761719e+00
9.571956396102905273e-01 3.629999160766601562e+00
9.582042694091796875e-01 3.588389158248901367e+00
9.592128992080688477e-01 3.565690755844116211e+00
9.602215290069580078e-01 3.605973958969116211e+00
9.612302184104919434e-01 3.645917415618896484e+00
9.622388482093811035e-01 3.557504415512084961e+00
9.632474780082702637e-01 3.598462343215942383e+00
9.642561078071594238e-01 3.646637916564941406e+00
9.652647376060485840e-01 3.604104280471801758e+00
9.662733674049377441e-01 3.603876352310180664e+00
9.672819972038269043e-01 3.655197143554687500e+00
9.682906270027160645e-01 3.596637964248657227e+00
9.692992568016052246e-01 3.498238086700439453e+00
9.703078866004943848e-01 3.622731924057006836e+00
9.713165760040283203e-01 3.528486728668212891e+00
9.723252058029174805e-01 3.536004304885864258e+00
9.733338356018066406e-01 3.577586174011230469e+00
9.743424654006958008e-01 3.621328830718994141e+00
9.753510951995849609e-01 3.578949451446533203e+00
9.763597249984741211e-01 3.536180973052978516e+00
9.773683547973632812e-01 3.508249044418334961e+00
9.783769845962524414e-01 3.565907478332519531e+00
9.793856143951416016e-01 3.531299829483032227e+00
9.803943037986755371e-01 3.608370304107666016e+00
9.814029335975646973e-01 3.517330646514892578e+00
9.824115633964538574e-01 3.543992757797241211e+00
9.834201931953430176e-01 3.595246315002441406e+00
9.844288229942321777e-01 3.526973009109497070e+00
9.854374527931213379e-01 3.519944190979003906e+00
9.864460825920104980e-01 3.628447771072387695e+00
9.874547123908996582e-01 3.542337179183959961e+00
9.884633421897888184e-01 3.590186119079589844e+00
9.894719719886779785e-01 3.527319192886352539e+00
9.904806613922119141e-01 3.511446952819824219e+00
9.914892911911010742e-01 3.530597925186157227e+00
9.924979209899902344e-01 3.579056024551391602e+00
9.935065507888793945e-01 3.539331912994384766e+00
9.945151805877685547e-01 3.559451341629028320e+00
9.955238103866577148e-01 3.532289505004882812e+00
9.965324401855468750e-01 3.480781316757202148e+00
9.975410699844360352e-01 3.515541791915893555e+00
9.985496997833251953e-01 3.513103246688842773e+00
9.995583891868591309e-01 3.385876655578613281e+00
1.000566959381103516e+00 3.418130159378051758e+00
1.001575589179992676e+00 3.474524021148681641e+00
1.002584218978881836e+00 3.485952854156494141e+00
1.003592848777770996e+00 3.487917900085449219e+00
1.004601597785949707e+00 3.556986808776855469e+00
1.005610227584838867e+00 3.533152341842651367e+00
1.006618857383728027e+00 3.411004066467285156e+00
1.007627487182617188e+00 3.495073795318603516e+00
1.008636116981506348e+00 3.459651470184326172e+00
1.009644746780395508e+00 3.485589265823364258e+00
1.010653376579284668e+00 3.415858268737792969e+00
1.011662006378173828e+00 3.444551944732666016e+00
1.012670636177062988e+00 3.441950559616088867e+00
1.013679265975952148e+00 3.522418498992919922e+00
1.014687895774841309e+00 3.596242427825927734e+00
1.015696525573730469e+00 3.500501632690429688e+00
1.016705155372619629e+00 3.469636917114257812e+00
1.017713785171508789e+00 3.528650522232055664e+00
1.018722414970397949e+00 3.513326644897460938e+00
1.019731044769287109e+00 3.469103336334228516e+00
1.020739674568176270e+00 3.476000308990478516e+00
1.021748304367065430e+00 3.457277774810791016e+00
1.022756934165954590e+00 3.423564195632934570e+00
1.023765683174133301e+00 3.425929546356201172e+00
1.024774312973022461e+00 3.487712144851684570e+00
1.025782942771911621e+00 3.412242174148559570e+00
1.026791572570800781e+00 3.388576984405517578e+00
1.027800202369689941e+00 3.373067378997802734e+00
1.028808832168579102e+00 3.428524494171142578e+00
1.029817461967468262e+00 3.562028408050537109e+00
1.030826091766357422e+00 3.378356218338012695e+00
1.031834721565246582e+00 3.362050533294677734e+00
1.032843351364135742e+00 3.410936832427978516e+00
1.033851981163024902e+00 3.371212720870971680e+00
1.034860610961914062e+00 3.391619682312011719e+00
1.035869240760803223e+00 3.392379999160766602e+00
1.036877870559692383e+00 3.304646730422973633e+00
1.037886500358581543e+00 3.325269222259521484e+00
1.038895130157470703e+00 3.254801034927368164e+00
1.039903759956359863e+00 3.393683433532714844e+00
1.040912389755249023e+00 3.399725675582885742e+00
1.041921019554138184e+00 3.330593824386596680e+00
1.042929768562316895e+00 3.383066415786743164e+00
1.043938398361206055e+00 3.434094667434692383e+00
1.044947028160095215e+00 3.439197063446044922e+00
1.045955657958984375e+00 3.377432107925415039e+00
1.046964287757873535e+00 3.419646739959716797e+00
1.047972917556762695e+00 3.440074205398559570e+00
1.048981547355651855e+00 3.421443939208984375e+00
1.049990177154541016e+00 3.369273424148559570e+00
1.050998806953430176e+00 3.304111242294311523e+00
1.052007436752319336e+00 3.272603511810302734e+00
1.053016066551208496e+00 3.310044050216674805e+00
1.054024696350097656e+00 3.391075372695922852e+00
1.055033326148986816e+00 3.486130714416503906e+00
1.056041955947875977e+00 3.390382528305053711e+00
1.057050585746765137e+00 3.385406017303466797e+00
1.058059215545654297e+00 3.297274112701416016e+00
1.059067845344543457e+00 3.435296535491943359e+00
1.060076475143432617e+00 3.409149169921875000e+00
1.061085104942321777e+00 3.437342882156372070e+00
1.062093853950500488e+00 3.303235530853271484e+00
1.063102483749389648e+00 3.403972387313842773e+00
1.064111113548278809e+00 3.431721210479736328e+00
1.065119743347167969e+00 3.226725101470947266e+00
1.066128373146057129e+00 3.246271848678588867e+00
1.067137002944946289e+00 3.395888090133666992e+00
1.068145632743835449e+00 3.345160961151123047e+00
1.069154262542724609e+00 3.347043037414550781e+00
1.070162892341613770e+00 3.239849328994750977e+00
1.071171522140502930e+00 3.314349174499511719e+00
1.072180151939392090e+00 3.329243183135986328e+00
1.073188781738281250e+00 3.402125358581542969e+00
1.074197411537170410e+00 3.297995328903198242e+00
1.075206041336059570e+00 3.321421146392822266e+00
1.076214671134948730e+00 3.344655513763427734e+00
1.077223300933837891e+00 3.218213796615600586e+00
1.078231930732727051e+00 3.288931131362915039e+00
1.079240560531616211e+00 3.339270114898681641e+00
1.080249190330505371e+00 3.337597370147705078e+00
1.081257939338684082e+00 3.261355876922607422e+00
1.082266569137573242e+00 3.308650016784667969e+00
1.083275198936462402e+00 3.276604652404785156e+00
1.084283828735351562e+00 3.401638507843017578e+00
1.085292458534240723e+00 3.268705129623413086e+00
1.086301088333129883e+00 3.327876329421997070e+00
1.087309718132019043e+00 3.341007471084594727e+00
1.088318347930908203e+00 3.299191236495971680e+00
1.089326977729797363e+00 3.295087337493896484e+00
1.090335607528686523e+00 3.288211822509765625e+00
1.091344237327575684e+00 3.361066818237304688e+00
1.092352867126464844e+00 3.343999624252319336e+00
1.093361496925354004e+00 3.248637676239013672e+00
1.094370126724243164e+00 3.231909751892089844e+00
1.095378756523132324e+00 3.202394008636474609e+00
1.096387386322021484e+00 3.285794258117675781e+00
1.097396016120910645e+00 3.267786264419555664e+00
1.098404645919799805e+00 3.245745182037353516e+00
1.099413275718688965e+00 3.301681041717529297e+00
1.100422024726867676e+00 3.305479288101196289e+00
1.101430654525756836e+00 3.388534784317016602e+00
1.102439284324645996e+00 3.166366577148437500e+00
1.103447914123535156e+00 3.280633687973022461e+00
1.104456543922424316e+00 3.219218730926513672e+00
1.105465173721313477e+00 3.243758916854858398e+00
1.106473803520202637e+00 3.185118675231933594e+00
1.107482433319091797e+00 3.212416887283325195e+00
1.108491063117980957e+00 3.229877948760986328e+00
1.109499692916870117e+00 3.286694288253784180e+00
1.110508322715759277e+00 3.270229339599609375e+00
1.111516952514648438e+00 3.300716400146484375e+00
1.112525582313537598e+00 3.243187665939331055e+00
1.113534212112426758e+00 3.276913642883300781e+00
1.114542841911315918e+00 3.363922595977783203e+00
1.115551471710205078e+00 3.272672653198242188e+00
1.116560101509094238e+00 3.188477277755737305e+00
1.117568731307983398e+00 3.277446746826171875e+00
1.118577361106872559e+00 3.219467163085937500e+00
1.119586110115051270e+00 3.261379241943359375e+00
1.120594739913940430e+00 3.063884496688842773e+00
1.121603369712829590e+00 3.340629339218139648e+00
1.122611999511718750e+00 3.097291469573974609e+00
1.123620629310607910e+00 3.254438877105712891e+00
1.124629259109497070e+00 3.200141191482543945e+00
1.125637888908386230e+00 3.272061824798583984e+00
1.126646518707275391e+00 3.315454959869384766e+00
1.127655148506164551e+00 3.293460369110107422e+00
1.128663778305053711e+00 3.332376241683959961e+00
1.129672408103942871e+00 3.273447275161743164e+00
1.130681037902832031e+00 3.292289495468139648e+00
1.131689667701721191e+00 3.162463188171386719e+00
1.132698297500610352e+00 3.236754179000854492e+00
1.133706927299499512e+00 3.193436861038208008e+00
1.134715557098388672e+00 3.214294195175170898e+00
1.135724186897277832e+00 3.160013437271118164e+00
1.136732816696166992e+00 3.220386981964111328e+00
1.137741446495056152e+00 3.221824884414672852e+00
1.138750195503234863e+00 3.257270574569702148e+00
1.139758825302124023e+00 3.182376861572265625e+00
1.140767455101013184e+00 3.135517597198486328e+00
1.141776084899902344e+00 3.293500661849975586e+00
1.142784714698791504e+00 3.236262798309326172e+00
1.143793344497680664e+00 3.103199005126953125e+00
1.144801974296569824e+00 3.213007688522338867e+00
1.145810604095458984e+00 3.089054346084594727e+00
1.146819233894348145e+00 3.027261972427368164e+00
1.147827863693237305e+00 3.193761825561523438e+00
1.148836493492126465e+00 3.182177782058715820e+00
1.149845123291015625e+00 3.085774660110473633e+00
1.150853753089904785e+00 3.178092241287231445e+00
1.151862382888793945e+00 3.229110479354858398e+00
1.152871012687683105e+00 3.165726900100708008e+00
1.153879642486572266e+00 3.243400096893310547e+00
1.154888272285461426e+00 3.167904138565063477e+00
1.155896902084350586e+00 3.006494760513305664e+00
1.156905531883239746e+00 3.052569866180419922e+00
1.157914280891418457e+00 2.987227201461791992e+00
1.158922910690307617e+00 2.985311508178710938e+00
1.159931540489196777e+00 3.044901847839355469e+00
1.160940170288085938e+00 3.112292289733886719e+00
1.161948800086975098e+00 3.003657817840576172e+00
1.162957429885864258e+00 3.034035205841064453e+00
1.163966059684753418e+00 3.148823738098144531e+00
1.164974689483642578e+00 3.281241655349731445e+00
1.165983319282531738e+00 2.901067733764648438e+00
1.166991949081420898e+00 3.046575069427490234e+00
1.168000578880310059e+00 3.147516012191772461e+00
1.169009208679199219e+00 3.194623708724975586e+00
1.170017838478088379e+00 2.945826292037963867e+00
1.171026468276977539e+00 3.082303285598754883e+00
1.172035098075866699e+00 3.192464590072631836e+00
1.173043727874755859e+00 3.112980842590332031e+00
1.174052357673645020e+00 3.207338571548461914e+00
1.175060987472534180e+00 3.159669876098632812e+00
1.176069617271423340e+00 3.058841228485107422e+00
1.177078366279602051e+00 3.045720577239990234e+00
1.178086996078491211e+00 3.066992998123168945e+00
1.179095625877380371e+00 2.933099746704101562e+00
1.180104255676269531e+00 2.984529972076416016e+00
1.181112885475158691e+00 3.232771873474121094e+00
1.182121515274047852e+00 3.169803380966186523e+00
1.183130145072937012e+00 3.040448665618896484e+00
1.184138774871826172e+00 3.148899793624877930e+00
1.185147404670715332e+00 3.154419422149658203e+00
1.186156034469604492e+00 3.181506395339965820e+00
1.187164664268493652e+00 3.057838678359985352e+00
1.188173294067382812e+00 2.739806175231933594e+00
1.189181923866271973e+00 2.907804965972900391e+00
1.190190553665161133e+00 3.151403427124023438e+00
1.191199183464050293e+00 3.046214580535888672e+00
1.192207813262939453e+00 3.018486499786376953e+00
1.193216443061828613e+00 3.033820629119873047e+00
1.194225072860717773e+00 2.902736663818359375e+00
1.195233702659606934e+00 2.952228784561157227e+00
1.196242451667785645e+00 3.145897388458251953e+00
1.197251081466674805e+00 3.251209974288940430e+00
1.198259711265563965e+00 2.915403604507446289e+00
1.199268341064453125e+00 2.567405939102172852e+00
1.200276970863342285e+00 3.432023048400878906e+00
1.201285600662231445e+00 3.503626108169555664e+00
1.202294230461120605e+00 3.126525402069091797e+00
1.203302860260009766e+00 3.082900524139404297e+00
1.204311490058898926e+00 2.736860275268554688e+00
1.205320119857788086e+00 3.182874202728271484e+00
1.206328749656677246e+00 2.734439373016357422e+00
1.207337379455566406e+00 2.779040098190307617e+00
1.208346009254455566e+00 2.517613410949707031e+00
1.209354639053344727e+00 3.150336027145385742e+00
