0.000000000000000000e+00 5.913806762695312500e+02
1.008636085316538811e-03 5.119215393066406250e+02
2.017272170633077621e-03 4.362120971679687500e+02
3.025908255949616432e-03 3.683540649414062500e+02
4.034544341266155243e-03 3.159541931152343750e+02
5.043180659413337708e-03 2.835535278320312500e+02
6.051816511899232864e-03 2.597702941894531250e+02
7.060452364385128021e-03 2.388821563720703125e+02
8.069088682532310486e-03 2.238535614013671875e+02
9.077725000679492950e-03 2.114690704345703125e+02
1.008636131882667542e-02 1.984523010253906250e+02
1.109499670565128326e-02 1.915089874267578125e+02
1.210363302379846573e-02 1.837097167968750000e+02
1.311226934194564819e-02 1.729072113037109375e+02
1.412090472877025604e-02 1.648502960205078125e+02
1.512954104691743851e-02 1.593995208740234375e+02
1.613817736506462097e-02 1.488557128906250000e+02
1.714681275188922882e-02 1.410155487060546875e+02
1.815545000135898590e-02 1.327984924316406250e+02
1.916408538818359375e-02 1.250890045166015625e+02
2.017272263765335083e-02 1.192716674804687500e+02
2.118135802447795868e-02 1.120265579223632812e+02
2.218999341130256653e-02 1.064062957763671875e+02
2.319863066077232361e-02 1.009108428955078125e+02
2.420726604759693146e-02 9.572961425781250000e+01
2.521590143442153931e-02 8.979038238525390625e+01
2.622453868389129639e-02 8.489601898193359375e+01
2.723317407071590424e-02 8.113890075683593750e+01
2.824180945754051208e-02 7.682643127441406250e+01
2.925044670701026917e-02 7.254412841796875000e+01
3.025908209383487701e-02 6.875843811035156250e+01
3.126771748065948486e-02 6.476499176025390625e+01
3.227635473012924194e-02 6.213721084594726562e+01
3.328499197959899902e-02 5.817816543579101562e+01
3.429362550377845764e-02 5.607781982421875000e+01
3.530226275324821472e-02 5.245024871826171875e+01
3.631090000271797180e-02 5.007605361938476562e+01
3.731953352689743042e-02 4.664908981323242188e+01
3.832817077636718750e-02 4.463040924072265625e+01
3.933680802583694458e-02 4.241734313964843750e+01
4.034544527530670166e-02 4.004907989501953125e+01
4.135407879948616028e-02 3.818432998657226562e+01
4.236271604895591736e-02 3.587862396240234375e+01
4.337135329842567444e-02 3.430829620361328125e+01
4.437998682260513306e-02 3.242652511596679688e+01
4.538862407207489014e-02 3.098353576660156250e+01
4.639726132154464722e-02 2.940799522399902344e+01
4.740589484572410583e-02 2.802108001708984375e+01
4.841453209519386292e-02 2.656781768798828125e+01
4.942316934466362000e-02 2.522693061828613281e+01
5.043180286884307861e-02 2.412527465820312500e+01
5.144044011831283569e-02 2.300051498413085938e+01
5.244907736778259277e-02 2.174464988708496094e+01
5.345771089196205139e-02 2.097179603576660156e+01
5.446634814143180847e-02 1.977646064758300781e+01
5.547498539090156555e-02 1.888256835937500000e+01
5.648361891508102417e-02 1.813507652282714844e+01
5.749225616455078125e-02 1.725307846069335938e+01
5.850089341402053833e-02 1.669296836853027344e+01
5.950953066349029541e-02 1.590900325775146484e+01
6.051816418766975403e-02 1.529505348205566406e+01
6.152680143713951111e-02 1.450445652008056641e+01
6.253543496131896973e-02 1.380966758728027344e+01
6.354407221078872681e-02 1.346317863464355469e+01
6.455270946025848389e-02 1.283711624145507812e+01
6.556134670972824097e-02 1.226097393035888672e+01
6.656998395919799805e-02 1.172007942199707031e+01
6.757862120866775513e-02 1.155915641784667969e+01
6.858725100755691528e-02 1.112081623077392578e+01
6.959588825702667236e-02 1.082334709167480469e+01
7.060452550649642944e-02 1.039934730529785156e+01
7.161316275596618652e-02 1.002658462524414062e+01
7.262180000543594360e-02 9.760975837707519531e+00
7.363043725490570068e-02 9.377767562866210938e+00
7.463906705379486084e-02 9.200496673583984375e+00
7.564770430326461792e-02 8.959318161010742188e+00
7.665634155273437500e-02 8.589756011962890625e+00
7.766497880220413208e-02 8.365194320678710938e+00
7.867361605167388916e-02 8.271918296813964844e+00
7.968225330114364624e-02 8.042780876159667969e+00
8.069089055061340332e-02 7.972553730010986328e+00
8.169952034950256348e-02 7.745237350463867188e+00
8.270815759897232056e-02 7.509089946746826172e+00
8.371679484844207764e-02 7.253668785095214844e+00
8.472543209791183472e-02 7.096019744873046875e+00
8.573406934738159180e-02 6.910510063171386719e+00
8.674270659685134888e-02 6.880888938903808594e+00
8.775133639574050903e-02 6.599473953247070312e+00
8.875997364521026611e-02 6.566824436187744141e+00
8.976861089468002319e-02 6.398756027221679688e+00
9.077724814414978027e-02 6.342515468597412109e+00
9.178588539361953735e-02 6.213196277618408203e+00
9.279452264308929443e-02 6.138722896575927734e+00
9.380315244197845459e-02 5.867969512939453125e+00
9.481178969144821167e-02 5.912177085876464844e+00
9.582042694091796875e-02 5.793756484985351562e+00
9.682906419038772583e-02 5.733796119689941406e+00
9.783770143985748291e-02 5.610608577728271484e+00
9.884633868932723999e-02 5.589053630828857422e+00
9.985497593879699707e-02 5.455249309539794922e+00
1.008636057376861572e-01 5.400083065032958984e+00
1.018722429871559143e-01 5.419876575469970703e+00
1.028808802366256714e-01 5.381968021392822266e+00
1.038895174860954285e-01 5.306071758270263672e+00
1.048981547355651855e-01 5.220118045806884766e+00
1.059067919850349426e-01 5.074405670166015625e+00
1.069154217839241028e-01 5.177138805389404297e+00
1.079240590333938599e-01 5.122344493865966797e+00
1.089326962828636169e-01 5.024858474731445312e+00
1.099413335323333740e-01 4.946178913116455078e+00
1.109499707818031311e-01 4.870867252349853516e+00
1.119586080312728882e-01 4.884562492370605469e+00
1.129672378301620483e-01 4.846811771392822266e+00
1.139758750796318054e-01 4.839741706848144531e+00
1.149845123291015625e-01 4.758779525756835938e+00
1.159931495785713196e-01 4.759699344635009766e+00
1.170017868280410767e-01 4.684814929962158203e+00
1.180104240775108337e-01 4.681589126586914062e+00
1.190190613269805908e-01 4.642279624938964844e+00
1.200276911258697510e-01 4.598435878753662109e+00
1.210363283753395081e-01 4.521065711975097656e+00
1.220449656248092651e-01 4.523634433746337891e+00
1.230536028742790222e-01 4.569217681884765625e+00
1.240622401237487793e-01 4.506891250610351562e+00
1.250708699226379395e-01 4.586039066314697266e+00
1.260795146226882935e-01 4.479988098144531250e+00
1.270881444215774536e-01 4.494915962219238281e+00
1.280967891216278076e-01 4.398751735687255859e+00
1.291054189205169678e-01 4.465912342071533203e+00
1.301140487194061279e-01 4.368254661560058594e+00
1.311226934194564819e-01 4.335700511932373047e+00
1.321313232183456421e-01 4.324387073516845703e+00
1.331399679183959961e-01 4.343902587890625000e+00
1.341485977172851562e-01 4.285266399383544922e+00
1.351572424173355103e-01 4.309360027313232422e+00
1.361658722162246704e-01 4.300872802734375000e+00
1.371745020151138306e-01 4.235811233520507812e+00
1.381831467151641846e-01 4.233494758605957031e+00
1.391917765140533447e-01 4.220291137695312500e+00
1.402004212141036987e-01 4.228439331054687500e+00
1.412090510129928589e-01 4.252927303314208984e+00
1.422176808118820190e-01 4.281109809875488281e+00
1.432263255119323730e-01 4.238078594207763672e+00
1.442349553108215332e-01 4.276003837585449219e+00
1.452436000108718872e-01 4.316777229309082031e+00
1.462522298097610474e-01 4.204632282257080078e+00
1.472608745098114014e-01 4.269476413726806641e+00
1.482695043087005615e-01 4.219619750976562500e+00
1.492781341075897217e-01 4.125877380371093750e+00
1.502867788076400757e-01 4.196394920349121094e+00
1.512954086065292358e-01 4.236607551574707031e+00
1.523040533065795898e-01 4.205388069152832031e+00
1.533126831054687500e-01 4.215443611145019531e+00
1.543213278055191040e-01 4.188315868377685547e+00
1.553299576044082642e-01 4.201963424682617188e+00
1.563385874032974243e-01 4.185441493988037109e+00
1.573472321033477783e-01 4.233923435211181641e+00
1.583558619022369385e-01 4.164691925048828125e+00
1.593645066022872925e-01 4.135107040405273438e+00
1.603731364011764526e-01 4.116329193115234375e+00
1.613817811012268066e-01 4.109992504119873047e+00
1.623904109001159668e-01 4.175730705261230469e+00
1.633990406990051270e-01 4.197348594665527344e+00
1.644076853990554810e-01 4.189774036407470703e+00
1.654163151979446411e-01 4.152966022491455078e+00
1.664249598979949951e-01 4.153695583343505859e+00
1.674335896968841553e-01 4.064216136932373047e+00
1.684422194957733154e-01 4.156096935272216797e+00
1.694508641958236694e-01 4.166543960571289062e+00
1.704594939947128296e-01 4.070920944213867188e+00
1.714681386947631836e-01 4.073066234588623047e+00
1.724767684936523438e-01 3.983498096466064453e+00
1.734854131937026978e-01 4.085866928100585938e+00
1.744940429925918579e-01 4.080956935882568359e+00
1.755026727914810181e-01 4.002840518951416016e+00
1.765113174915313721e-01 4.094855785369873047e+00
1.775199472904205322e-01 4.060760974884033203e+00
1.785285919904708862e-01 4.049911499023437500e+00
1.795372217893600464e-01 3.988711833953857422e+00
1.805458664894104004e-01 4.026295185089111328e+00
1.815544962882995605e-01 4.024196147918701172e+00
1.825631260871887207e-01 3.989982366561889648e+00
1.835717707872390747e-01 4.038713932037353516e+00
1.845804005861282349e-01 4.028514385223388672e+00
1.855890452861785889e-01 3.987781047821044922e+00
1.865976750850677490e-01 3.965558528900146484e+00
1.876063048839569092e-01 4.045135498046875000e+00
1.886149495840072632e-01 3.971248149871826172e+00
1.896235793828964233e-01 3.974722862243652344e+00
1.906322240829467773e-01 3.926548242568969727e+00
1.916408538818359375e-01 3.925961494445800781e+00
1.926494985818862915e-01 3.889384031295776367e+00
1.936581283807754517e-01 3.984186649322509766e+00
1.946667581796646118e-01 3.858571290969848633e+00
1.956754028797149658e-01 3.831037759780883789e+00
1.966840326786041260e-01 3.834509372711181641e+00
1.976926773786544800e-01 3.909849166870117188e+00
1.987013071775436401e-01 3.884318351745605469e+00
1.997099518775939941e-01 3.875482559204101562e+00
2.007185816764831543e-01 3.842482805252075195e+00
2.017272114753723145e-01 3.899199485778808594e+00
2.027358561754226685e-01 3.978015184402465820e+00
2.037444859743118286e-01 3.946155309677124023e+00
2.047531306743621826e-01 3.870851516723632812e+00
2.057617604732513428e-01 3.870387315750122070e+00
2.067703902721405029e-01 3.878793239593505859e+00
2.077790349721908569e-01 3.888939142227172852e+00
2.087876647710800171e-01 3.852460384368896484e+00
2.097963094711303711e-01 3.876735448837280273e+00
2.108049392700195312e-01 3.969555854797363281e+00
2.118135839700698853e-01 3.880521535873413086e+00
2.128222137689590454e-01 3.897172927856445312e+00
2.138308435678482056e-01 3.888021945953369141e+00
2.148394882678985596e-01 3.872718095779418945e+00
2.158481180667877197e-01 3.920280933380126953e+00
2.168567627668380737e-01 3.868418455123901367e+00
2.178653925657272339e-01 3.831373214721679688e+00
2.188740372657775879e-01 3.923428773880004883e+00
2.198826670646667480e-01 3.855069875717163086e+00
2.208912968635559082e-01 3.902179479598999023e+00
2.218999415636062622e-01 3.858997344970703125e+00
2.229085713624954224e-01 3.886863946914672852e+00
2.239172160625457764e-01 3.888980150222778320e+00
2.249258458614349365e-01 3.904846191406250000e+00
2.259344756603240967e-01 3.927585363388061523e+00
2.269431203603744507e-01 3.876564741134643555e+00
2.279517501592636108e-01 3.856505870819091797e+00
2.289603948593139648e-01 3.788221836090087891e+00
2.299690246582031250e-01 3.810088157653808594e+00
2.309776693582534790e-01 3.933948278427124023e+00
2.319862991571426392e-01 3.864000558853149414e+00
2.329949289560317993e-01 3.881327390670776367e+00
2.340035736560821533e-01 3.981224298477172852e+00
2.350122034549713135e-01 3.898607730865478516e+00
2.360208481550216675e-01 3.883336544036865234e+00
2.370294779539108276e-01 3.921196222305297852e+00
2.380381226539611816e-01 3.934249877929687500e+00
2.390467524528503418e-01 3.913036584854125977e+00
2.400553822517395020e-01 3.850740671157836914e+00
2.410640269517898560e-01 3.875356435775756836e+00
2.420726567506790161e-01 3.914613962173461914e+00
2.430813014507293701e-01 4.039097309112548828e+00
2.440899312496185303e-01 3.919663906097412109e+00
2.450985759496688843e-01 3.851175308227539062e+00
2.461072057485580444e-01 3.858942985534667969e+00
2.471158355474472046e-01 3.930526971817016602e+00
2.481244802474975586e-01 3.836652040481567383e+00
2.491331100463867188e-01 3.819860935211181641e+00
2.501417398452758789e-01 3.898601293563842773e+00
2.511503994464874268e-01 3.880195856094360352e+00
2.521590292453765869e-01 3.865424394607543945e+00
2.531676590442657471e-01 3.920348882675170898e+00
2.541762888431549072e-01 3.919968605041503906e+00
2.551849186420440674e-01 3.944182157516479492e+00
2.561935782432556152e-01 3.870585680007934570e+00
2.572022080421447754e-01 3.887103796005249023e+00
2.582108378410339355e-01 3.853811740875244141e+00
2.592194676399230957e-01 3.887676239013671875e+00
2.602280974388122559e-01 3.899016380310058594e+00
2.612367570400238037e-01 3.886497020721435547e+00
2.622453868389129639e-01 3.920038223266601562e+00
2.632540166378021240e-01 3.829662799835205078e+00
2.642626464366912842e-01 3.898747920989990234e+00
2.652712762355804443e-01 3.912630319595336914e+00
2.662799358367919922e-01 3.903734445571899414e+00
2.672885656356811523e-01 3.833536624908447266e+00
2.682971954345703125e-01 3.869243383407592773e+00
2.693058252334594727e-01 3.863778829574584961e+00
2.703144848346710205e-01 3.854464530944824219e+00
2.713231146335601807e-01 3.840749502182006836e+00
2.723317444324493408e-01 3.835016727447509766e+00
2.733403742313385010e-01 3.851606369018554688e+00
2.743490040302276611e-01 3.848416328430175781e+00
2.753576636314392090e-01 3.845102548599243164e+00
2.763662934303283691e-01 3.863372325897216797e+00
2.773749232292175293e-01 3.839797735214233398e+00
2.783835530281066895e-01 3.861588001251220703e+00
2.793921828269958496e-01 3.852891683578491211e+00
2.804008424282073975e-01 3.849440336227416992e+00
2.814094722270965576e-01 3.848458290100097656e+00
2.824181020259857178e-01 3.833501100540161133e+00
2.834267318248748779e-01 3.815633296966552734e+00
2.844353616237640381e-01 3.840373516082763672e+00
2.854440212249755859e-01 3.875945091247558594e+00
2.864526510238647461e-01 3.881093978881835938e+00
2.874612808227539062e-01 3.805415391921997070e+00
2.884699106216430664e-01 3.861306428909301758e+00
2.894785702228546143e-01 3.847243070602416992e+00
2.904872000217437744e-01 3.835646867752075195e+00
2.914958298206329346e-01 3.810109376907348633e+00
2.925044596195220947e-01 3.808887243270874023e+00
2.935130894184112549e-01 3.819700479507446289e+00
2.945217490196228027e-01 3.894715309143066406e+00
2.955303788185119629e-01 3.822215080261230469e+00
2.965390086174011230e-01 3.871597766876220703e+00
2.975476384162902832e-01 3.867734670639038086e+00
2.985562682151794434e-01 3.908576250076293945e+00
2.995649278163909912e-01 3.867224216461181641e+00
3.005735576152801514e-01 3.852282047271728516e+00
3.015821874141693115e-01 3.840499639511108398e+00
3.025908172130584717e-01 3.848287105560302734e+00
3.035994470119476318e-01 3.836212396621704102e+00
3.046081066131591797e-01 3.817541122436523438e+00
3.056167364120483398e-01 3.864969015121459961e+00
3.066253662109375000e-01 3.894990921020507812e+00
3.076339960098266602e-01 3.890154123306274414e+00
3.086426556110382080e-01 3.805388927459716797e+00
3.096512854099273682e-01 3.856330394744873047e+00
3.106599152088165283e-01 3.847064256668090820e+00
3.116685450077056885e-01 3.821612119674682617e+00
3.126771748065948486e-01 3.843417644500732422e+00
3.136858344078063965e-01 3.863381624221801758e+00
3.146944642066955566e-01 3.898018598556518555e+00
3.157030940055847168e-01 3.864026069641113281e+00
3.167117238044738770e-01 3.869424104690551758e+00
3.177203536033630371e-01 3.807168006896972656e+00
3.187290132045745850e-01 3.849145889282226562e+00
3.197376430034637451e-01 3.836814880371093750e+00
3.207462728023529053e-01 3.850500106811523438e+00
3.217549026012420654e-01 3.878653526306152344e+00
3.227635622024536133e-01 3.849755048751831055e+00
3.237721920013427734e-01 3.863614797592163086e+00
3.247808218002319336e-01 3.847055435180664062e+00
3.257894515991210938e-01 3.867739677429199219e+00
3.267980813980102539e-01 3.879413604736328125e+00
3.278067409992218018e-01 3.862841367721557617e+00
3.288153707981109619e-01 3.893862009048461914e+00
3.298240005970001221e-01 3.872796058654785156e+00
3.308326303958892822e-01 3.851939439773559570e+00
3.318412601947784424e-01 3.876073837280273438e+00
3.328499197959899902e-01 3.893866062164306641e+00
3.338585495948791504e-01 3.892150640487670898e+00
3.348671793937683105e-01 3.864005088806152344e+00
3.358758091926574707e-01 3.926706075668334961e+00
3.368844389915466309e-01 3.891033411026000977e+00
3.378930985927581787e-01 3.889594316482543945e+00
3.389017283916473389e-01 3.897780179977416992e+00
3.399103581905364990e-01 3.834584474563598633e+00
3.409189879894256592e-01 3.892234563827514648e+00
3.419276475906372070e-01 3.874272584915161133e+00
3.429362773895263672e-01 3.906021356582641602e+00
3.439449071884155273e-01 3.834209918975830078e+00
3.449535369873046875e-01 3.872330665588378906e+00
3.459621667861938477e-01 3.855980873107910156e+00
3.469708263874053955e-01 3.843552112579345703e+00
3.479794561862945557e-01 3.873940467834472656e+00
3.489880859851837158e-01 3.894519805908203125e+00
3.499967157840728760e-01 3.837856769561767578e+00
3.510053455829620361e-01 3.889763116836547852e+00
3.520140051841735840e-01 3.871304988861083984e+00
3.530226349830627441e-01 3.876130342483520508e+00
3.540312647819519043e-01 3.857836723327636719e+00
3.550398945808410645e-01 3.892634868621826172e+00
3.560485243797302246e-01 3.878091573715209961e+00
3.570571839809417725e-01 3.889410734176635742e+00
3.580658137798309326e-01 3.891183137893676758e+00
3.590744435787200928e-01 3.848786830902099609e+00
3.600830733776092529e-01 3.889261960983276367e+00
3.610917329788208008e-01 3.843968152999877930e+00
3.621003627777099609e-01 3.881814956665039062e+00
3.631089925765991211e-01 3.884764671325683594e+00
3.641176223754882812e-01 3.878919363021850586e+00
3.651262521743774414e-01 3.838185787200927734e+00
3.661349117755889893e-01 3.840893745422363281e+00
3.671435415744781494e-01 3.892792701721191406e+00
3.681521713733673096e-01 3.867893695831298828e+00
3.691608011722564697e-01 3.869750261306762695e+00
3.701694309711456299e-01 3.852055072784423828e+00
3.711780905723571777e-01 3.865473270416259766e+00
3.721867203712463379e-01 3.909261941909790039e+00
3.731953501701354980e-01 3.847494840621948242e+00
3.742039799690246582e-01 3.872264146804809570e+00
3.752126097679138184e-01 3.849761009216308594e+00
3.762212693691253662e-01 3.882864952087402344e+00
3.772298991680145264e-01 3.869838953018188477e+00
3.782385289669036865e-01 3.886232376098632812e+00
3.792471587657928467e-01 3.860052347183227539e+00
3.802558183670043945e-01 3.855175018310546875e+00
3.812644481658935547e-01 3.833576917648315430e+00
3.822730779647827148e-01 3.838235139846801758e+00
3.832817077636718750e-01 3.836547851562500000e+00
3.842903375625610352e-01 3.894390344619750977e+00
3.852989971637725830e-01 3.861172676086425781e+00
3.863076269626617432e-01 3.851243734359741211e+00
3.873162567615509033e-01 3.861088037490844727e+00
3.883248865604400635e-01 3.910659790039062500e+00
3.893335163593292236e-01 3.862307548522949219e+00
3.903421759605407715e-01 3.889086961746215820e+00
3.913508057594299316e-01 3.858744382858276367e+00
3.923594355583190918e-01 3.900279998779296875e+00
3.933680653572082520e-01 3.878540039062500000e+00
3.943766951560974121e-01 3.865460395812988281e+00
3.953853547573089600e-01 3.841311454772949219e+00
3.963939845561981201e-01 3.861913442611694336e+00
3.974026143550872803e-01 3.881396055221557617e+00
3.984112441539764404e-01 3.885102272033691406e+00
3.994199037551879883e-01 3.875888109207153320e+00
4.004285335540771484e-01 3.871481657028198242e+00
4.014371633529663086e-01 3.875523805618286133e+00
4.024457931518554688e-01 3.898667335510253906e+00
4.034544229507446289e-01 3.849718809127807617e+00
4.044630825519561768e-01 3.834816455841064453e+00
4.054717123508453369e-01 3.857040882110595703e+00
4.064803421497344971e-01 3.847229480743408203e+00
4.074889719486236572e-01 3.851712703704833984e+00
4.084976017475128174e-01 3.855584621429443359e+00
4.095062613487243652e-01 3.877385139465332031e+00
4.105148911476135254e-01 3.854865312576293945e+00
4.115235209465026855e-01 3.838144540786743164e+00
4.125321507453918457e-01 3.884528398513793945e+00
4.135407805442810059e-01 3.871156930923461914e+00
4.145494401454925537e-01 3.834722757339477539e+00
4.155580699443817139e-01 3.829522848129272461e+00
4.165666997432708740e-01 3.853579998016357422e+00
4.175753295421600342e-01 3.826200723648071289e+00
4.185839891433715820e-01 3.849113464355468750e+00
4.195926189422607422e-01 3.866696596145629883e+00
4.206012487411499023e-01 3.859943151473999023e+00
4.216098785400390625e-01 3.860208272933959961e+00
4.226185083389282227e-01 3.886726140975952148e+00
4.236271679401397705e-01 3.891919374465942383e+00
4.246357977390289307e-01 3.881337881088256836e+00
4.256444275379180908e-01 3.896598339080810547e+00
4.266530573368072510e-01 3.845886230468750000e+00
4.276616871356964111e-01 3.818485260009765625e+00
4.286703467369079590e-01 3.865303993225097656e+00
4.296789765357971191e-01 3.824105262756347656e+00
4.306876063346862793e-01 3.824815273284912109e+00
4.316962361335754395e-01 3.864352941513061523e+00
4.327048659324645996e-01 3.874137163162231445e+00
4.337135255336761475e-01 3.828942060470581055e+00
4.347221553325653076e-01 3.826801061630249023e+00
4.357307851314544678e-01 3.875348806381225586e+00
4.367394149303436279e-01 3.873439073562622070e+00
4.377480745315551758e-01 3.869843244552612305e+00
4.387567043304443359e-01 3.887321949005126953e+00
4.397653341293334961e-01 3.898533821105957031e+00
4.407739639282226562e-01 3.883022308349609375e+00
4.417825937271118164e-01 3.812967777252197266e+00
4.427912533283233643e-01 3.850216627120971680e+00
4.437998831272125244e-01 3.846344232559204102e+00
4.448085129261016846e-01 3.879368782043457031e+00
4.458171427249908447e-01 3.807530641555786133e+00
4.468257725238800049e-01 3.790146350860595703e+00
4.478344321250915527e-01 3.839179992675781250e+00
4.488430619239807129e-01 3.842276811599731445e+00
4.498516917228698730e-01 3.838972568511962891e+00
4.508603215217590332e-01 3.853494882583618164e+00
4.518689513206481934e-01 3.868334054946899414e+00
4.528776109218597412e-01 3.884137868881225586e+00
4.538862407207489014e-01 3.846816778182983398e+00
4.548948705196380615e-01 3.835827589035034180e+00
4.559035003185272217e-01 3.849792718887329102e+00
4.569121599197387695e-01 3.854092359542846680e+00
4.579207897186279297e-01 3.844573974609375000e+00
4.589294195175170898e-01 3.810611009597778320e+00
4.599380493164062500e-01 3.803768634796142578e+00
4.609466791152954102e-01 3.852273225784301758e+00
4.619553387165069580e-01 3.853630304336547852e+00
4.629639685153961182e-01 3.848662853240966797e+00
4.639725983142852783e-01 3.835847854614257812e+00
4.649812281131744385e-01 3.863577365875244141e+00
4.659898579120635986e-01 3.824368000030517578e+00
4.669985175132751465e-01 3.819926500320434570e+00
4.680071473121643066e-01 3.858333826065063477e+00
4.690157771110534668e-01 3.867392778396606445e+00
4.700244069099426270e-01 3.877870082855224609e+00
4.710330665111541748e-01 3.866051912307739258e+00
4.720416963100433350e-01 3.854208707809448242e+00
4.730503261089324951e-01 3.863233566284179688e+00
4.740589559078216553e-01 3.849612712860107422e+00
4.750675857067108154e-01 3.862415790557861328e+00
4.760762453079223633e-01 3.852329969406127930e+00
4.770848751068115234e-01 3.886267900466918945e+00
4.780935049057006836e-01 3.842945098876953125e+00
4.791021347045898438e-01 3.859196662902832031e+00
4.801107645034790039e-01 3.830220222473144531e+00
4.811194241046905518e-01 3.873550176620483398e+00
4.821280539035797119e-01 3.938454389572143555e+00
4.831366837024688721e-01 3.882418870925903320e+00
4.841453135013580322e-01 3.869545936584472656e+00
4.851539433002471924e-01 3.833668231964111328e+00
4.861626029014587402e-01 3.871429681777954102e+00
4.871712327003479004e-01 3.871906757354736328e+00
4.881798624992370605e-01 3.886840581893920898e+00
4.891884922981262207e-01 3.899074554443359375e+00
4.901971518993377686e-01 3.920103549957275391e+00
4.912057816982269287e-01 3.883702754974365234e+00
4.922144114971160889e-01 3.884969949722290039e+00
4.932230412960052490e-01 3.949818849563598633e+00
4.942316710948944092e-01 3.905109882354736328e+00
4.952403306961059570e-01 3.918715715408325195e+00
4.962489604949951172e-01 3.884620666503906250e+00
4.972575902938842773e-01 3.857269048690795898e+00
4.982662200927734375e-01 3.852564096450805664e+00
4.992748498916625977e-01 3.894836187362670898e+00
5.002834796905517578e-01 3.894328832626342773e+00
5.012921094894409180e-01 3.884742736816406250e+00
5.023007988929748535e-01 3.919496774673461914e+00
5.033094286918640137e-01 3.944064378738403320e+00
5.043180584907531738e-01 3.974794149398803711e+00
5.053266882896423340e-01 3.962142944335937500e+00
5.063353180885314941e-01 3.906342983245849609e+00
5.073439478874206543e-01 3.928854227066040039e+00
5.083525776863098145e-01 3.935743093490600586e+00
5.093612074851989746e-01 3.906165361404418945e+00
5.103698372840881348e-01 3.912098884582519531e+00
5.113784670829772949e-01 3.961913108825683594e+00
5.123871564865112305e-01 3.922056674957275391e+00
5.133957862854003906e-01 3.924708843231201172e+00
5.144044160842895508e-01 3.958597421646118164e+00
5.154130458831787109e-01 3.987380266189575195e+00
5.164216756820678711e-01 3.958710670471191406e+00
5.174303054809570312e-01 3.968533992767333984e+00
5.184389352798461914e-01 3.994516849517822266e+00
5.194475650787353516e-01 3.995039463043212891e+00
5.204561948776245117e-01 4.005284309387207031e+00
5.214648842811584473e-01 3.950096368789672852e+00
5.224735140800476074e-01 3.990312576293945312e+00
5.234821438789367676e-01 3.992630958557128906e+00
5.244907736778259277e-01 4.011171340942382812e+00
5.254994034767150879e-01 4.025044918060302734e+00
5.265080332756042480e-01 4.039056777954101562e+00
5.275166630744934082e-01 4.024209499359130859e+00
5.285252928733825684e-01 4.052878379821777344e+00
5.295339226722717285e-01 4.070753097534179688e+00
5.305425524711608887e-01 4.050135135650634766e+00
5.315512418746948242e-01 4.037348270416259766e+00
5.325598716735839844e-01 4.079034805297851562e+00
5.335685014724731445e-01 4.079661846160888672e+00
5.345771312713623047e-01 4.075742721557617188e+00
5.355857610702514648e-01 4.051401615142822266e+00
5.365943908691406250e-01 4.061865806579589844e+00
5.376030206680297852e-01 4.091351985931396484e+00
5.386116504669189453e-01 4.033122539520263672e+00
5.396202802658081055e-01 4.045808315277099609e+00
5.406289696693420410e-01 4.059791088104248047e+00
5.416375994682312012e-01 4.090702533721923828e+00
5.426462292671203613e-01 4.081376552581787109e+00
5.436548590660095215e-01 4.074831962585449219e+00
5.446634888648986816e-01 4.111923694610595703e+00
5.456721186637878418e-01 4.106611728668212891e+00
5.466807484626770020e-01 4.102470874786376953e+00
5.476893782615661621e-01 4.102057933807373047e+00
5.486980080604553223e-01 4.082430839538574219e+00
5.497066378593444824e-01 4.075950145721435547e+00
5.507153272628784180e-01 4.096713066101074219e+00
5.517239570617675781e-01 4.068861961364746094e+00
5.527325868606567383e-01 4.032900333404541016e+00
5.537412166595458984e-01 4.041165828704833984e+00
5.547498464584350586e-01 4.025154113769531250e+00
5.557584762573242188e-01 4.021457195281982422e+00
5.567671060562133789e-01 4.083264350891113281e+00
5.577757358551025391e-01 4.069529533386230469e+00
5.587843656539916992e-01 4.084371089935302734e+00
5.597930550575256348e-01 4.090790748596191406e+00
5.608016848564147949e-01 4.071150779724121094e+00
5.618103146553039551e-01 4.055277347564697266e+00
5.628189444541931152e-01 4.099299907684326172e+00
5.638275742530822754e-01 4.081169605255126953e+00
5.648362040519714355e-01 4.096981048583984375e+00
5.658448338508605957e-01 4.070306301116943359e+00
5.668534636497497559e-01 4.079684734344482422e+00
5.678620934486389160e-01 4.090689659118652344e+00
5.688707232475280762e-01 4.088747978210449219e+00
5.698794126510620117e-01 4.068335533142089844e+00
5.708880424499511719e-01 4.106296539306640625e+00
5.718966722488403320e-01 4.084429264068603516e+00
5.729053020477294922e-01 4.049815177917480469e+00
5.739139318466186523e-01 4.076380252838134766e+00
5.749225616455078125e-01 4.115795135498046875e+00
5.759311914443969727e-01 4.125080585479736328e+00
5.769398212432861328e-01 4.095645427703857422e+00
5.779484510421752930e-01 4.084446907043457031e+00
5.789571404457092285e-01 4.109189987182617188e+00
5.799657702445983887e-01 4.103337764739990234e+00
5.809744000434875488e-01 4.115754127502441406e+00
5.819830298423767090e-01 4.130678653717041016e+00
5.829916596412658691e-01 4.130450725555419922e+00
5.840002894401550293e-01 4.142761230468750000e+00
5.850089192390441895e-01 4.175791740417480469e+00
5.860175490379333496e-01 4.168931484222412109e+00
5.870261788368225098e-01 4.170676231384277344e+00
5.880348086357116699e-01 4.136442184448242188e+00
5.890434980392456055e-01 4.123064041137695312e+00
5.900521278381347656e-01 4.137410163879394531e+00
5.910607576370239258e-01 4.192778587341308594e+00
5.920693874359130859e-01 4.151324272155761719e+00
5.930780172348022461e-01 4.169872283935546875e+00
5.940866470336914062e-01 4.174422264099121094e+00
5.950952768325805664e-01 4.161850452423095703e+00
5.961039066314697266e-01 4.188019752502441406e+00
5.971125364303588867e-01 4.183157920837402344e+00
5.981212258338928223e-01 4.181321144104003906e+00
5.991298556327819824e-01 4.215935707092285156e+00
6.001384854316711426e-01 4.197923660278320312e+00
6.011471152305603027e-01 4.187874317169189453e+00
6.021557450294494629e-01 4.217364311218261719e+00
6.031643748283386230e-01 4.191267967224121094e+00
6.041730046272277832e-01 4.208679199218750000e+00
6.051816344261169434e-01 4.215044498443603516e+00
6.061902642250061035e-01 4.234843730926513672e+00
6.071988940238952637e-01 4.211270809173583984e+00
6.082075834274291992e-01 4.181013584136962891e+00
6.092162132263183594e-01 4.180714130401611328e+00
6.102248430252075195e-01 4.198486328125000000e+00
6.112334728240966797e-01 4.238721370697021484e+00
6.122421026229858398e-01 4.173978805541992188e+00
6.132507324218750000e-01 4.199907302856445312e+00
6.142593622207641602e-01 4.210767269134521484e+00
6.152679920196533203e-01 4.218360424041748047e+00
6.162766218185424805e-01 4.200756072998046875e+00
6.172853112220764160e-01 4.215334892272949219e+00
6.182939410209655762e-01 4.241033554077148438e+00
6.193025708198547363e-01 4.190048694610595703e+00
6.203112006187438965e-01 4.219856739044189453e+00
6.213198304176330566e-01 4.201356887817382812e+00
6.223284602165222168e-01 4.185302257537841797e+00
6.233370900154113770e-01 4.204694747924804688e+00
6.243457198143005371e-01 4.255271434783935547e+00
6.253543496131896973e-01 4.212262153625488281e+00
6.263629794120788574e-01 4.216479301452636719e+00
6.273716688156127930e-01 4.188537597656250000e+00
6.283802986145019531e-01 4.188211441040039062e+00
6.293889284133911133e-01 4.210628032684326172e+00
6.303975582122802734e-01 4.209086418151855469e+00
6.314061880111694336e-01 4.215613842010498047e+00
6.324148178100585938e-01 4.189911365509033203e+00
6.334234476089477539e-01 4.199522495269775391e+00
6.344320774078369141e-01 4.168561935424804688e+00
6.354407072067260742e-01 4.169194698333740234e+00
6.364493966102600098e-01 4.141446113586425781e+00
6.374580264091491699e-01 4.190374851226806641e+00
6.384666562080383301e-01 4.160144805908203125e+00
6.394752860069274902e-01 4.155352115631103516e+00
6.404839158058166504e-01 4.154459476470947266e+00
6.414925456047058105e-01 4.167067050933837891e+00
6.425011754035949707e-01 4.200638294219970703e+00
6.435098052024841309e-01 4.216542243957519531e+00
6.445184350013732910e-01 4.159860610961914062e+00
6.455271244049072266e-01 4.155075073242187500e+00
6.465357542037963867e-01 4.185402870178222656e+00
6.475443840026855469e-01 4.168365478515625000e+00
6.485530138015747070e-01 4.184000968933105469e+00
6.495616436004638672e-01 4.198200225830078125e+00
6.505702733993530273e-01 4.211430072784423828e+00
6.515789031982421875e-01 4.164872646331787109e+00
6.525875329971313477e-01 4.200171470642089844e+00
6.535961627960205078e-01 4.155621528625488281e+00
6.546047925949096680e-01 4.155272006988525391e+00
6.556134819984436035e-01 4.185576438903808594e+00
6.566221117973327637e-01 4.253000259399414062e+00
6.576307415962219238e-01 4.208944797515869141e+00
6.586393713951110840e-01 4.208974838256835938e+00
6.596480011940002441e-01 4.193345546722412109e+00
6.606566309928894043e-01 4.190918445587158203e+00
6.616652607917785645e-01 4.213746547698974609e+00
6.626738905906677246e-01 4.234949111938476562e+00
6.636825203895568848e-01 4.202363014221191406e+00
6.646912097930908203e-01 4.225533962249755859e+00
6.656998395919799805e-01 4.136229038238525391e+00
6.667084693908691406e-01 4.175989627838134766e+00
6.677170991897583008e-01 4.204223155975341797e+00
6.687257289886474609e-01 4.178958892822265625e+00
6.697343587875366211e-01 4.202149868011474609e+00
6.707429885864257812e-01 4.210516452789306641e+00
6.717516183853149414e-01 4.178245067596435547e+00
6.727602481842041016e-01 4.157638549804687500e+00
6.737688779830932617e-01 4.177427291870117188e+00
6.747775673866271973e-01 4.176575660705566406e+00
6.757861971855163574e-01 4.222842216491699219e+00
6.767948269844055176e-01 4.217065811157226562e+00
6.778034567832946777e-01 4.215766429901123047e+00
6.788120865821838379e-01 4.224386215209960938e+00
6.798207163810729980e-01 4.189824581146240234e+00
6.808293461799621582e-01 4.245563507080078125e+00
6.818379759788513184e-01 4.228533267974853516e+00
6.828466057777404785e-01 4.221243858337402344e+00
6.838552951812744141e-01 4.218013763427734375e+00
6.848639249801635742e-01 4.251018524169921875e+00
6.858725547790527344e-01 4.243102550506591797e+00
6.868811845779418945e-01 4.223763465881347656e+00
6.878898143768310547e-01 4.247529029846191406e+00
6.888984441757202148e-01 4.230342864990234375e+00
6.899070739746093750e-01 4.204570293426513672e+00
6.909157037734985352e-01 4.214794635772705078e+00
6.919243335723876953e-01 4.235162734985351562e+00
6.929329633712768555e-01 4.218140602111816406e+00
6.939416527748107910e-01 4.227720260620117188e+00
6.949502825736999512e-01 4.223797798156738281e+00
6.959589123725891113e-01 4.218551635742187500e+00
6.969675421714782715e-01 4.282406806945800781e+00
6.979761719703674316e-01 4.277879238128662109e+00
6.989848017692565918e-01 4.231933593750000000e+00
6.999934315681457520e-01 4.224315166473388672e+00
7.010020613670349121e-01 4.235046386718750000e+00
7.020106911659240723e-01 4.246226310729980469e+00
7.030193805694580078e-01 4.214629650115966797e+00
7.040280103683471680e-01 4.239707469940185547e+00
7.050366401672363281e-01 4.230296134948730469e+00
7.060452699661254883e-01 4.215636253356933594e+00
7.070538997650146484e-01 4.264584541320800781e+00
7.080625295639038086e-01 4.307006359100341797e+00
7.090711593627929688e-01 4.261721611022949219e+00
7.100797891616821289e-01 4.266038417816162109e+00
7.110884189605712891e-01 4.284627437591552734e+00
7.120970487594604492e-01 4.294622421264648438e+00
7.131057381629943848e-01 4.281610012054443359e+00
7.141143679618835449e-01 4.281810283660888672e+00
7.151229977607727051e-01 4.311262607574462891e+00
7.161316275596618652e-01 4.315996646881103516e+00
7.171402573585510254e-01 4.293517112731933594e+00
7.181488871574401855e-01 4.330750465393066406e+00
7.191575169563293457e-01 4.339187622070312500e+00
7.201661467552185059e-01 4.310266494750976562e+00
7.211747765541076660e-01 4.343130111694335938e+00
7.221834659576416016e-01 4.318304538726806641e+00
7.231920957565307617e-01 4.290103435516357422e+00
7.242007255554199219e-01 4.325475215911865234e+00
7.252093553543090820e-01 4.309217453002929688e+00
7.262179851531982422e-01 4.311235904693603516e+00
7.272266149520874023e-01 4.353717803955078125e+00
7.282352447509765625e-01 4.315523147583007812e+00
7.292438745498657227e-01 4.332057476043701172e+00
7.302525043487548828e-01 4.337750911712646484e+00
7.312611341476440430e-01 4.360155582427978516e+00
7.322698235511779785e-01 4.412613868713378906e+00
7.332784533500671387e-01 4.354761600494384766e+00
7.342870831489562988e-01 4.365077972412109375e+00
7.352957129478454590e-01 4.295817852020263672e+00
7.363043427467346191e-01 4.340344429016113281e+00
7.373129725456237793e-01 4.355554580688476562e+00
7.383216023445129395e-01 4.347718238830566406e+00
7.393302321434020996e-01 4.351814746856689453e+00
7.403388619422912598e-01 4.394780158996582031e+00
7.413475513458251953e-01 4.347429752349853516e+00
7.423561811447143555e-01 4.346462726593017578e+00
7.433648109436035156e-01 4.359026432037353516e+00
7.443734407424926758e-01 4.352880477905273438e+00
7.453820705413818359e-01 4.349140167236328125e+00
7.463907003402709961e-01 4.352017402648925781e+00
7.473993301391601562e-01 4.399151802062988281e+00
7.484079599380493164e-01 4.395804405212402344e+00
7.494165897369384766e-01 4.388772964477539062e+00
7.504252195358276367e-01 4.439351081848144531e+00
7.514339089393615723e-01 4.384583950042724609e+00
7.524425387382507324e-01 4.380457878112792969e+00
7.534511685371398926e-01 4.450633049011230469e+00
7.544597983360290527e-01 4.419354915618896484e+00
7.554684281349182129e-01 4.410588264465332031e+00
7.564770579338073730e-01 4.452872276306152344e+00
7.574856877326965332e-01 4.478448867797851562e+00
7.584943175315856934e-01 4.448605060577392578e+00
7.595029473304748535e-01 4.449683666229248047e+00
7.605116367340087891e-01 4.472968101501464844e+00
7.615202665328979492e-01 4.505767822265625000e+00
7.625288963317871094e-01 4.483736515045166016e+00
7.635375261306762695e-01 4.482302188873291016e+00
7.645461559295654297e-01 4.481448173522949219e+00
7.655547857284545898e-01 4.519754886627197266e+00
7.665634155273437500e-01 4.473646163940429688e+00
7.675720453262329102e-01 4.519255161285400391e+00
7.685806751251220703e-01 4.475106239318847656e+00
7.695893049240112305e-01 4.536750793457031250e+00
7.705979943275451660e-01 4.510883331298828125e+00
7.716066241264343262e-01 4.503494739532470703e+00
7.726152539253234863e-01 4.557779312133789062e+00
7.736238837242126465e-01 4.533566951751708984e+00
7.746325135231018066e-01 4.506262779235839844e+00
7.756411433219909668e-01 4.514656543731689453e+00
7.766497731208801270e-01 4.517734527587890625e+00
7.776584029197692871e-01 4.529901027679443359e+00
7.786670327186584473e-01 4.534633159637451172e+00
7.796757221221923828e-01 4.516931533813476562e+00
7.806843519210815430e-01 4.497376441955566406e+00
7.816929817199707031e-01 4.557154655456542969e+00
7.827016115188598633e-01 4.507465362548828125e+00
7.837102413177490234e-01 4.513336658477783203e+00
7.847188711166381836e-01 4.539443969726562500e+00
7.857275009155273438e-01 4.530935764312744141e+00
7.867361307144165039e-01 4.551071643829345703e+00
7.877447605133056641e-01 4.592616558074951172e+00
7.887533903121948242e-01 4.578748226165771484e+00
7.897620797157287598e-01 4.571730136871337891e+00
7.907707095146179199e-01 4.563437938690185547e+00
7.917793393135070801e-01 4.561055660247802734e+00
7.927879691123962402e-01 4.575418472290039062e+00
7.937965989112854004e-01 4.601154804229736328e+00
7.948052287101745605e-01 4.618221282958984375e+00
7.958138585090637207e-01 4.562154769897460938e+00
7.968224883079528809e-01 4.561395645141601562e+00
7.978311181068420410e-01 4.607743740081787109e+00
7.988398075103759766e-01 4.577048301696777344e+00
7.998484373092651367e-01 4.606104373931884766e+00
8.008570671081542969e-01 4.588306903839111328e+00
8.018656969070434570e-01 4.576124191284179688e+00
8.028743267059326172e-01 4.595829010009765625e+00
8.038829565048217773e-01 4.601042747497558594e+00
8.048915863037109375e-01 4.620070457458496094e+00
8.059002161026000977e-01 4.616891860961914062e+00
8.069088459014892578e-01 4.640887260437011719e+00
8.079174757003784180e-01 4.640905380249023438e+00
8.089261651039123535e-01 4.669733524322509766e+00
8.099347949028015137e-01 4.653416156768798828e+00
8.109434247016906738e-01 4.590510368347167969e+00
8.119520545005798340e-01 4.620885848999023438e+00
8.129606842994689941e-01 4.637457370758056641e+00
8.139693140983581543e-01 4.630302906036376953e+00
8.149779438972473145e-01 4.634201526641845703e+00
8.159865736961364746e-01 4.636199474334716797e+00
8.169952034950256348e-01 4.628962516784667969e+00
8.180038928985595703e-01 4.676839351654052734e+00
8.190125226974487305e-01 4.670187473297119141e+00
8.200211524963378906e-01 4.673426151275634766e+00
8.210297822952270508e-01 4.682729244232177734e+00
8.220384120941162109e-01 4.673691749572753906e+00
8.230470418930053711e-01 4.684494018554687500e+00
8.240556716918945312e-01 4.670297622680664062e+00
8.250643014907836914e-01 4.694277763366699219e+00
8.260729312896728516e-01 4.735361576080322266e+00
8.270815610885620117e-01 4.715120315551757812e+00
8.280902504920959473e-01 4.710522174835205078e+00
8.290988802909851074e-01 4.673209667205810547e+00
8.301075100898742676e-01 4.698444843292236328e+00
8.311161398887634277e-01 4.733665466308593750e+00
8.321247696876525879e-01 4.744606018066406250e+00
8.331333994865417480e-01 4.718226909637451172e+00
8.341420292854309082e-01 4.727765560150146484e+00
8.351506590843200684e-01 4.786634922027587891e+00
8.361592888832092285e-01 4.807553768157958984e+00
8.371679782867431641e-01 4.745932579040527344e+00
8.381766080856323242e-01 4.740292072296142578e+00
8.391852378845214844e-01 4.774212360382080078e+00
8.401938676834106445e-01 4.790195941925048828e+00
8.412024974822998047e-01 4.762824535369873047e+00
8.422111272811889648e-01 4.823111534118652344e+00
8.432197570800781250e-01 4.783455848693847656e+00
8.442283868789672852e-01 4.823993206024169922e+00
8.452370166778564453e-01 4.855937480926513672e+00
8.462456464767456055e-01 4.832133769989013672e+00
8.472543358802795410e-01 4.769589900970458984e+00
8.482629656791687012e-01 4.803143501281738281e+00
8.492715954780578613e-01 4.801956176757812500e+00
8.502802252769470215e-01 4.816997051239013672e+00
8.512888550758361816e-01 4.844861507415771484e+00
8.522974848747253418e-01 4.830372333526611328e+00
8.533061146736145020e-01 4.875173568725585938e+00
8.543147444725036621e-01 4.851811885833740234e+00
8.553233742713928223e-01 4.833080291748046875e+00
8.563320636749267578e-01 4.842983722686767578e+00
8.573406934738159180e-01 4.850362777709960938e+00
8.583493232727050781e-01 4.872099876403808594e+00
8.593579530715942383e-01 4.828820705413818359e+00
8.603665828704833984e-01 4.855629444122314453e+00
8.613752126693725586e-01 4.877063751220703125e+00
8.623838424682617188e-01 4.993384838104248047e+00
8.633924722671508789e-01 5.371827602386474609e+00
8.644011020660400391e-01 4.921318531036376953e+00
8.654097318649291992e-01 4.939663887023925781e+00
8.664184212684631348e-01 4.905475139617919922e+00
8.674270510673522949e-01 4.912682056427001953e+00
8.684356808662414551e-01 4.932607173919677734e+00
8.694443106651306152e-01 4.916796207427978516e+00
8.704529404640197754e-01 4.934617996215820312e+00
8.714615702629089355e-01 4.964559078216552734e+00
8.724702000617980957e-01 4.967523097991943359e+00
8.734788298606872559e-01 4.913977146148681641e+00
8.744874596595764160e-01 4.938436508178710938e+00
8.754961490631103516e-01 4.963851928710937500e+00
8.765047788619995117e-01 4.973591327667236328e+00
8.775134086608886719e-01 4.953160762786865234e+00
8.785220384597778320e-01 4.957584857940673828e+00
8.795306682586669922e-01 4.985484600067138672e+00
8.805392980575561523e-01 4.986655235290527344e+00
8.815479278564453125e-01 4.996033668518066406e+00
8.825565576553344727e-01 4.944942951202392578e+00
8.835651874542236328e-01 4.958152770996093750e+00
8.845738172531127930e-01 4.974812984466552734e+00
8.855825066566467285e-01 4.977559089660644531e+00
8.865911364555358887e-01 4.971262454986572266e+00
8.875997662544250488e-01 4.965636730194091797e+00
8.886083960533142090e-01 5.001017093658447266e+00
8.896170258522033691e-01 5.069320201873779297e+00
8.906256556510925293e-01 5.034452438354492188e+00
8.916342854499816895e-01 5.088591575622558594e+00
8.926429152488708496e-01 5.033204555511474609e+00
8.936515450477600098e-01 5.076065540313720703e+00
8.946602344512939453e-01 5.049455642700195312e+00
8.956688642501831055e-01 5.061925888061523438e+00
8.966774940490722656e-01 5.105102062225341797e+00
8.976861238479614258e-01 5.046322822570800781e+00
8.986947536468505859e-01 5.037445545196533203e+00
8.997033834457397461e-01 5.050804615020751953e+00
9.007120132446289062e-01 5.082291603088378906e+00
9.017206430435180664e-01 5.125003814697265625e+00
9.027292728424072266e-01 5.132562160491943359e+00
9.037379026412963867e-01 5.035419464111328125e+00
9.047465920448303223e-01 5.040922164916992188e+00
9.057552218437194824e-01 5.068048477172851562e+00
9.067638516426086426e-01 5.099359035491943359e+00
9.077724814414978027e-01 5.082659721374511719e+00
9.087811112403869629e-01 5.073325157165527344e+00
9.097897410392761230e-01 5.111349105834960938e+00
9.107983708381652832e-01 5.145491123199462891e+00
9.118070006370544434e-01 5.179296493530273438e+00
9.128156304359436035e-01 5.186191082000732422e+00
9.138243198394775391e-01 5.162764549255371094e+00
9.148329496383666992e-01 5.129537582397460938e+00
9.158415794372558594e-01 5.212505817413330078e+00
9.168502092361450195e-01 5.206387996673583984e+00
9.178588390350341797e-01 5.188868522644042969e+00
9.188674688339233398e-01 5.162132263183593750e+00
9.198760986328125000e-01 5.170984268188476562e+00
9.208847284317016602e-01 5.171043872833251953e+00
9.218933582305908203e-01 5.212734222412109375e+00
9.229020476341247559e-01 5.184891223907470703e+00
9.239106774330139160e-01 5.231803894042968750e+00
9.249193072319030762e-01 5.217287063598632812e+00
9.259279370307922363e-01 5.265482425689697266e+00
9.269365668296813965e-01 5.224982261657714844e+00
9.279451966285705566e-01 5.220162391662597656e+00
9.289538264274597168e-01 5.226708889007568359e+00
9.299624562263488770e-01 5.233194828033447266e+00
9.309710860252380371e-01 5.203074932098388672e+00
9.319797158241271973e-01 5.273934841156005859e+00
9.329884052276611328e-01 5.216949939727783203e+00
9.339970350265502930e-01 5.261283397674560547e+00
9.350056648254394531e-01 5.332568168640136719e+00
9.360142946243286133e-01 5.262311458587646484e+00
9.370229244232177734e-01 5.232455730438232422e+00
9.380315542221069336e-01 5.331987857818603516e+00
9.390401840209960938e-01 5.319461822509765625e+00
9.400488138198852539e-01 5.332763195037841797e+00
9.410574436187744141e-01 5.300103664398193359e+00
9.420661330223083496e-01 5.281579017639160156e+00
9.430747628211975098e-01 5.353818416595458984e+00
9.440833926200866699e-01 5.378358364105224609e+00
9.450920224189758301e-01 5.394463539123535156e+00
9.461006522178649902e-01 5.333278179168701172e+00
9.471092820167541504e-01 5.326913356781005859e+00
9.481179118156433105e-01 5.259627342224121094e+00
9.491265416145324707e-01 5.316778659820556641e+00
9.501351714134216309e-01 5.334730148315429688e+00
9.511438012123107910e-01 5.345070838928222656e+00
9.521524906158447266e-01 5.346147537231445312e+00
9.531611204147338867e-01 5.322381496429443359e+00
9.541697502136230469e-01 5.346220016479492188e+00
9.551783800125122070e-01 5.330459117889404297e+00
9.561870098114013672e-01 5.326487064361572266e+00
9.571956396102905273e-01 5.311598777770996094e+00
9.582042694091796875e-01 5.359881401062011719e+00
9.592128992080688477e-01 5.363436222076416016e+00
9.602215290069580078e-01 5.349817752838134766e+00
9.612302184104919434e-01 5.300803184509277344e+00
9.622388482093811035e-01 5.354694843292236328e+00
9.632474780082702637e-01 5.359405040740966797e+00
9.642561078071594238e-01 5.328625679016113281e+00
9.652647376060485840e-01 5.325085163116455078e+00
9.662733674049377441e-01 5.277438163757324219e+00
9.672819972038269043e-01 5.392194747924804688e+00
9.682906270027160645e-01 5.312015056610107422e+00
9.692992568016052246e-01 5.322433948516845703e+00
9.703078866004943848e-01 5.342114925384521484e+00
9.713165760040283203e-01 5.359975814819335938e+00
9.723252058029174805e-01 5.280812263488769531e+00
9.733338356018066406e-01 5.225417613983154297e+00
9.743424654006958008e-01 5.286252021789550781e+00
9.753510951995849609e-01 5.318036079406738281e+00
9.763597249984741211e-01 5.245976448059082031e+00
9.773683547973632812e-01 5.306277751922607422e+00
9.783769845962524414e-01 5.241723537445068359e+00
9.793856143951416016e-01 5.318030834197998047e+00
9.803943037986755371e-01 5.314198493957519531e+00
9.814029335975646973e-01 5.336725234985351562e+00
9.824115633964538574e-01 5.366339683532714844e+00
9.834201931953430176e-01 5.298899173736572266e+00
9.844288229942321777e-01 5.225063323974609375e+00
9.854374527931213379e-01 5.295450210571289062e+00
9.864460825920104980e-01 5.282435417175292969e+00
9.874547123908996582e-01 5.213157653808593750e+00
9.884633421897888184e-01 5.165407180786132812e+00
9.894719719886779785e-01 5.270858287811279297e+00
9.904806613922119141e-01 5.242755413055419922e+00
9.914892911911010742e-01 5.101790428161621094e+00
9.924979209899902344e-01 5.253096103668212891e+00
9.935065507888793945e-01 5.249781131744384766e+00
9.945151805877685547e-01 5.233090400695800781e+00
9.955238103866577148e-01 5.209668159484863281e+00
9.965324401855468750e-01 5.231906414031982422e+00
9.975410699844360352e-01 5.157801628112792969e+00
9.985496997833251953e-01 5.161191463470458984e+00
9.995583891868591309e-01 5.207895755767822266e+00
1.000566959381103516e+00 5.113962650299072266e+00
1.001575589179992676e+00 5.227926731109619141e+00
1.002584218978881836e+00 5.114047050476074219e+00
1.003592848777770996e+00 5.150144100189208984e+00
1.004601597785949707e+00 5.090818405151367188e+00
1.005610227584838867e+00 5.085696697235107422e+00
1.006618857383728027e+00 5.175271987915039062e+00
1.007627487182617188e+00 5.006855010986328125e+00
1.008636116981506348e+00 5.061954975128173828e+00
1.009644746780395508e+00 5.072064876556396484e+00
1.010653376579284668e+00 5.035210609436035156e+00
1.011662006378173828e+00 5.032378673553466797e+00
1.012670636177062988e+00 5.169902324676513672e+00
1.013679265975952148e+00 5.122221469879150391e+00
1.014687895774841309e+00 5.130199432373046875e+00
1.015696525573730469e+00 4.945363044738769531e+00
1.016705155372619629e+00 5.086997985839843750e+00
1.017713785171508789e+00 5.105793952941894531e+00
1.018722414970397949e+00 5.069258689880371094e+00
1.019731044769287109e+00 5.094539642333984375e+00
1.020739674568176270e+00 5.031867980957031250e+00
1.021748304367065430e+00 5.165217399597167969e+00
1.022756934165954590e+00 5.130044937133789062e+00
1.023765683174133301e+00 5.126098155975341797e+00
1.024774312973022461e+00 5.120244026184082031e+00
1.025782942771911621e+00 5.115704059600830078e+00
1.026791572570800781e+00 5.142765522003173828e+00
1.027800202369689941e+00 5.250863552093505859e+00
1.028808832168579102e+00 5.210428714752197266e+00
1.029817461967468262e+00 5.255607128143310547e+00
1.030826091766357422e+00 5.273252964019775391e+00
1.031834721565246582e+00 5.101051807403564453e+00
1.032843351364135742e+00 5.142378807067871094e+00
1.033851981163024902e+00 5.191731929779052734e+00
1.034860610961914062e+00 5.286501407623291016e+00
1.035869240760803223e+00 5.307018756866455078e+00
1.036877870559692383e+00 5.252982139587402344e+00
1.037886500358581543e+00 5.285198211669921875e+00
1.038895130157470703e+00 5.231110572814941406e+00
1.039903759956359863e+00 5.217648506164550781e+00
1.040912389755249023e+00 5.184613704681396484e+00
1.041921019554138184e+00 5.261865139007568359e+00
1.042929768562316895e+00 5.264811992645263672e+00
1.043938398361206055e+00 5.347186565399169922e+00
1.044947028160095215e+00 5.270822525024414062e+00
1.045955657958984375e+00 5.246921062469482422e+00
1.046964287757873535e+00 5.302316188812255859e+00
1.047972917556762695e+00 5.327755451202392578e+00
1.048981547355651855e+00 5.409545421600341797e+00
1.049990177154541016e+00 5.290711879730224609e+00
1.050998806953430176e+00 5.257148742675781250e+00
1.052007436752319336e+00 5.285461425781250000e+00
1.053016066551208496e+00 5.295557022094726562e+00
1.054024696350097656e+00 5.345887184143066406e+00
1.055033326148986816e+00 5.341301441192626953e+00
1.056041955947875977e+00 5.391486644744873047e+00
1.057050585746765137e+00 5.381564617156982422e+00
1.058059215545654297e+00 5.441815853118896484e+00
1.059067845344543457e+00 5.484578132629394531e+00
1.060076475143432617e+00 5.501930236816406250e+00
1.061085104942321777e+00 5.375662326812744141e+00
1.062093853950500488e+00 5.414055824279785156e+00
1.063102483749389648e+00 5.417208194732666016e+00
1.064111113548278809e+00 5.542668342590332031e+00
1.065119743347167969e+00 5.513359546661376953e+00
1.066128373146057129e+00 5.546150684356689453e+00
1.067137002944946289e+00 5.456406116485595703e+00
1.068145632743835449e+00 5.488524913787841797e+00
1.069154262542724609e+00 5.437359809875488281e+00
1.070162892341613770e+00 5.503311157226562500e+00
1.071171522140502930e+00 5.405065536499023438e+00
1.072180151939392090e+00 5.418850421905517578e+00
1.073188781738281250e+00 5.570103168487548828e+00
1.074197411537170410e+00 5.639420509338378906e+00
1.075206041336059570e+00 5.561731338500976562e+00
1.076214671134948730e+00 5.510303974151611328e+00
1.077223300933837891e+00 5.464763164520263672e+00
1.078231930732727051e+00 5.468019485473632812e+00
1.079240560531616211e+00 5.510829448699951172e+00
1.080249190330505371e+00 5.517422199249267578e+00
1.081257939338684082e+00 5.496660709381103516e+00
1.082266569137573242e+00 5.484813213348388672e+00
1.083275198936462402e+00 5.643731117248535156e+00
1.084283828735351562e+00 5.668742656707763672e+00
1.085292458534240723e+00 5.637575149536132812e+00
1.086301088333129883e+00 5.832854270935058594e+00
1.087309718132019043e+00 5.624173641204833984e+00
1.088318347930908203e+00 5.603471279144287109e+00
1.089326977729797363e+00 5.593186855316162109e+00
1.090335607528686523e+00 5.677350997924804688e+00
1.091344237327575684e+00 5.586010456085205078e+00
1.092352867126464844e+00 5.732514381408691406e+00
1.093361496925354004e+00 5.738861560821533203e+00
1.094370126724243164e+00 5.775076866149902344e+00
1.095378756523132324e+00 5.474765777587890625e+00
1.096387386322021484e+00 5.653715133666992188e+00
1.097396016120910645e+00 5.633969306945800781e+00
1.098404645919799805e+00 5.765595436096191406e+00
1.099413275718688965e+00 5.699317455291748047e+00
1.100422024726867676e+00 5.820063114166259766e+00
1.101430654525756836e+00 5.750446319580078125e+00
1.102439284324645996e+00 5.709973812103271484e+00
1.103447914123535156e+00 5.611919879913330078e+00
1.104456543922424316e+00 5.776512622833251953e+00
1.105465173721313477e+00 5.821362495422363281e+00
1.106473803520202637e+00 5.726066589355468750e+00
1.107482433319091797e+00 5.808785915374755859e+00
1.108491063117980957e+00 5.782417297363281250e+00
1.109499692916870117e+00 5.796240806579589844e+00
1.110508322715759277e+00 5.960268497467041016e+00
1.111516952514648438e+00 5.802500247955322266e+00
1.112525582313537598e+00 5.866692543029785156e+00
1.113534212112426758e+00 5.884963989257812500e+00
1.114542841911315918e+00 5.987440109252929688e+00
1.115551471710205078e+00 5.873894214630126953e+00
1.116560101509094238e+00 5.745756149291992188e+00
1.117568731307983398e+00 5.994972705841064453e+00
1.118577361106872559e+00 6.038113594055175781e+00
1.119586110115051270e+00 6.031034946441650391e+00
1.120594739913940430e+00 5.903380393981933594e+00
1.121603369712829590e+00 6.018095493316650391e+00
1.122611999511718750e+00 5.840479373931884766e+00
1.123620629310607910e+00 5.594865798950195312e+00
1.124629259109497070e+00 5.833603858947753906e+00
1.125637888908386230e+00 5.979181289672851562e+00
1.126646518707275391e+00 6.046007156372070312e+00
1.127655148506164551e+00 6.045327186584472656e+00
1.128663778305053711e+00 6.054139137268066406e+00
1.129672408103942871e+00 6.110603809356689453e+00
1.130681037902832031e+00 5.999220371246337891e+00
1.131689667701721191e+00 5.913731575012207031e+00
1.132698297500610352e+00 6.159641265869140625e+00
1.133706927299499512e+00 6.057317733764648438e+00
1.134715557098388672e+00 5.799932479858398438e+00
1.135724186897277832e+00 5.921236038208007812e+00
1.136732816696166992e+00 6.105619430541992188e+00
1.137741446495056152e+00 5.806667804718017578e+00
1.138750195503234863e+00 6.101610660552978516e+00
1.139758825302124023e+00 6.082411289215087891e+00
1.140767455101013184e+00 6.111210346221923828e+00
1.141776084899902344e+00 6.106087684631347656e+00
1.142784714698791504e+00 6.227169990539550781e+00
1.143793344497680664e+00 6.182141780853271484e+00
1.144801974296569824e+00 6.120088100433349609e+00
1.145810604095458984e+00 6.152186870574951172e+00
1.146819233894348145e+00 6.038534164428710938e+00
1.147827863693237305e+00 5.897283554077148438e+00
1.148836493492126465e+00 6.269490242004394531e+00
1.149845123291015625e+00 6.325738906860351562e+00
1.150853753089904785e+00 6.112741470336914062e+00
1.151862382888793945e+00 6.111974239349365234e+00
1.152871012687683105e+00 6.146396160125732422e+00
1.153879642486572266e+00 6.239362716674804688e+00
1.154888272285461426e+00 6.174697399139404297e+00
1.155896902084350586e+00 6.258528709411621094e+00
1.156905531883239746e+00 6.179422855377197266e+00
1.157914280891418457e+00 6.161749839782714844e+00
1.158922910690307617e+00 6.058470726013183594e+00
1.159931540489196777e+00 6.074749469757080078e+00
1.160940170288085938e+00 6.074070453643798828e+00
1.161948800086975098e+00 6.280694007873535156e+00
1.162957429885864258e+00 6.146976947784423828e+00
1.163966059684753418e+00 6.200410842895507812e+00
1.164974689483642578e+00 6.220712184906005859e+00
1.165983319282531738e+00 6.288363456726074219e+00
1.166991949081420898e+00 6.457700252532958984e+00
1.168000578880310059e+00 6.237782478332519531e+00
1.169009208679199219e+00 6.280394554138183594e+00
1.170017838478088379e+00 6.519139289855957031e+00
1.171026468276977539e+00 6.465498924255371094e+00
1.172035098075866699e+00 6.319595813751220703e+00
1.173043727874755859e+00 6.358114719390869141e+00
1.174052357673645020e+00 6.155313968658447266e+00
1.175060987472534180e+00 6.010837078094482422e+00
1.176069617271423340e+00 6.287116527557373047e+00
1.177078366279602051e+00 6.462603569030761719e+00
1.178086996078491211e+00 6.345944881439208984e+00
1.179095625877380371e+00 6.297978401184082031e+00
1.180104255676269531e+00 6.324633598327636719e+00
1.181112885475158691e+00 6.270877361297607422e+00
1.182121515274047852e+00 6.092292308807373047e+00
1.183130145072937012e+00 6.168148040771484375e+00
1.184138774871826172e+00 6.403331756591796875e+00
1.185147404670715332e+00 6.408054828643798828e+00
1.186156034469604492e+00 6.515681743621826172e+00
1.187164664268493652e+00 6.315856456756591797e+00
1.188173294067382812e+00 6.306855678558349609e+00
1.189181923866271973e+00 6.226272583007812500e+00
1.190190553665161133e+00 6.356277465820312500e+00
1.191199183464050293e+00 6.590390205383300781e+00
1.192207813262939453e+00 6.793152332305908203e+00
1.193216443061828613e+00 6.360192775726318359e+00
1.194225072860717773e+00 6.746451854705810547e+00
1.195233702659606934e+00 6.738605976104736328e+00
1.196242451667785645e+00 7.121686935424804688e+00
1.197251081466674805e+00 6.876877784729003906e+00
1.198259711265563965e+00 6.698987483978271484e+00
1.199268341064453125e+00 7.068562984466552734e+00
1.200276970863342285e+00 6.685005664825439453e+00
1.201285600662231445e+00 6.419633865356445312e+00
1.202294230461120605e+00 6.567138671875000000e+00
1.203302860260009766e+00 6.762357711791992188e+00
1.204311490058898926e+00 6.454276561737060547e+00
1.205320119857788086e+00 6.273493766784667969e+00
1.206328749656677246e+00 5.482444286346435547e+00
1.207337379455566406e+00 6.026273727416992188e+00
1.208346009254455566e+00 5.966313362121582031e+00
1.209354639053344727e+00 6.723237514495849609e+00
