0.000000000000000000e+00 4.259001541137695312e+01
1.008636085316538811e-03 3.276484298706054688e+01
2.017272170633077621e-03 2.443122291564941406e+01
3.025908255949616432e-03 1.996702003479003906e+01
4.034544341266155243e-03 1.437209892272949219e+01
5.043180659413337708e-03 1.071487331390380859e+01
6.051816511899232864e-03 8.443512916564941406e+00
7.060452364385128021e-03 6.704406261444091797e+00
8.069088682532310486e-03 5.090863227844238281e+00
9.077725000679492950e-03 4.326526641845703125e+00
1.008636131882667542e-02 3.629505395889282227e+00
1.109499670565128326e-02 3.053995609283447266e+00
1.210363302379846573e-02 2.764987230300903320e+00
1.311226934194564819e-02 2.459232807159423828e+00
1.412090472877025604e-02 2.168642282485961914e+00
1.512954104691743851e-02 1.942487478256225586e+00
1.613817736506462097e-02 1.823175549507141113e+00
1.714681275188922882e-02 1.717943429946899414e+00
1.815545000135898590e-02 1.686549663543701172e+00
1.916408538818359375e-02 1.427173018455505371e+00
2.017272263765335083e-02 1.264922022819519043e+00
2.118135802447795868e-02 1.185965657234191895e+00
2.218999341130256653e-02 1.177281141281127930e+00
2.319863066077232361e-02 1.058367371559143066e+00
2.420726604759693146e-02 1.077230095863342285e+00
2.521590143442153931e-02 9.747695922851562500e-01
2.622453868389129639e-02 9.410635828971862793e-01
2.723317407071590424e-02 9.523246884346008301e-01
2.824180945754051208e-02 9.150478243827819824e-01
2.925044670701026917e-02 8.735010623931884766e-01
3.025908209383487701e-02 9.238045811653137207e-01
3.126771748065948486e-02 9.204070568084716797e-01
3.227635473012924194e-02 8.814884424209594727e-01
3.328499197959899902e-02 8.237217068672180176e-01
3.429362550377845764e-02 8.833377361297607422e-01
3.530226275324821472e-02 8.430137634277343750e-01
3.631090000271797180e-02 7.897945642471313477e-01
3.731953352689743042e-02 7.259988188743591309e-01
3.832817077636718750e-02 7.624337673187255859e-01
3.933680802583694458e-02 7.499248385429382324e-01
4.034544527530670166e-02 7.511811256408691406e-01
4.135407879948616028e-02 8.228260874748229980e-01
4.236271604895591736e-02 8.078845143318176270e-01
4.337135329842567444e-02 7.590622901916503906e-01
4.437998682260513306e-02 7.444674372673034668e-01
4.538862407207489014e-02 7.396342754364013672e-01
4.639726132154464722e-02 7.828751802444458008e-01
4.740589484572410583e-02 7.408215403556823730e-01
4.841453209519386292e-02 7.155818343162536621e-01
4.942316934466362000e-02 7.064710855484008789e-01
5.043180286884307861e-02 7.822300791740417480e-01
5.144044011831283569e-02 7.479413151741027832e-01
5.244907736778259277e-02 6.956368684768676758e-01
5.345771089196205139e-02 7.713294625282287598e-01
5.446634814143180847e-02 7.201763987541198730e-01
5.547498539090156555e-02 6.931055784225463867e-01
5.648361891508102417e-02 7.344722747802734375e-01
5.749225616455078125e-02 7.422289848327636719e-01
5.850089341402053833e-02 7.352445721626281738e-01
5.950953066349029541e-02 7.439151406288146973e-01
6.051816418766975403e-02 7.319573760032653809e-01
6.152680143713951111e-02 6.978319287300109863e-01
6.253543496131896973e-02 7.207155227661132812e-01
6.354407221078872681e-02 7.205767631530761719e-01
6.455270946025848389e-02 6.968320608139038086e-01
6.556134670972824097e-02 7.302190661430358887e-01
6.656998395919799805e-02 7.460039854049682617e-01
6.757862120866775513e-02 7.236249446868896484e-01
6.858725100755691528e-02 7.166325449943542480e-01
6.959588825702667236e-02 7.127789855003356934e-01
7.060452550649642944e-02 7.637585401535034180e-01
7.161316275596618652e-02 7.278324365615844727e-01
7.262180000543594360e-02 7.502372860908508301e-01
7.363043725490570068e-02 7.431961297988891602e-01
7.463906705379486084e-02 7.225618362426757812e-01
7.564770430326461792e-02 7.522360086441040039e-01
7.665634155273437500e-02 6.814676523208618164e-01
7.766497880220413208e-02 6.764642000198364258e-01
7.867361605167388916e-02 7.090059518814086914e-01
7.968225330114364624e-02 7.247385382652282715e-01
8.069089055061340332e-02 7.489625215530395508e-01
8.169952034950256348e-02 7.021350264549255371e-01
8.270815759897232056e-02 7.259173989295959473e-01
8.371679484844207764e-02 7.033248543739318848e-01
8.472543209791183472e-02 7.230480909347534180e-01
8.573406934738159180e-02 7.172389030456542969e-01
8.674270659685134888e-02 7.060306668281555176e-01
8.775133639574050903e-02 6.732189655303955078e-01
8.875997364521026611e-02 7.035295963287353516e-01
8.976861089468002319e-02 6.873342990875244141e-01
9.077724814414978027e-02 7.606602311134338379e-01
9.178588539361953735e-02 6.802610754966735840e-01
9.279452264308929443e-02 7.003921866416931152e-01
9.380315244197845459e-02 7.353060841560363770e-01
9.481178969144821167e-02 6.961700916290283203e-01
9.582042694091796875e-02 6.989418268203735352e-01
9.682906419038772583e-02 6.869309544563293457e-01
9.783770143985748291e-02 6.940613389015197754e-01
9.884633868932723999e-02 7.584111094474792480e-01
9.985497593879699707e-02 7.577254176139831543e-01
1.008636057376861572e-01 7.295342087745666504e-01
1.018722429871559143e-01 7.154650092124938965e-01
1.028808802366256714e-01 7.395592927932739258e-01
1.038895174860954285e-01 7.251011133193969727e-01
1.048981547355651855e-01 7.114339470863342285e-01
1.059067919850349426e-01 7.093888521194458008e-01
1.069154217839241028e-01 7.140623331069946289e-01
1.079240590333938599e-01 7.101621031761169434e-01
1.089326962828636169e-01 7.117039561271667480e-01
1.099413335323333740e-01 7.243429422378540039e-01
1.109499707818031311e-01 7.187836170196533203e-01
1.119586080312728882e-01 7.214196324348449707e-01
1.129672378301620483e-01 7.046891450881958008e-01
1.139758750796318054e-01 6.887073516845703125e-01
1.149845123291015625e-01 7.382336854934692383e-01
1.159931495785713196e-01 7.289611101150512695e-01
1.170017868280410767e-01 7.039244771003723145e-01
1.180104240775108337e-01 7.014363408088684082e-01
1.190190613269805908e-01 7.160635590553283691e-01
1.200276911258697510e-01 7.060367465019226074e-01
1.210363283753395081e-01 6.942291259765625000e-01
1.220449656248092651e-01 7.154392004013061523e-01
1.230536028742790222e-01 7.266824841499328613e-01
1.240622401237487793e-01 7.031915187835693359e-01
1.250708699226379395e-01 7.117006778717041016e-01
1.260795146226882935e-01 7.166975736618041992e-01
1.270881444215774536e-01 7.201504111289978027e-01
1.280967891216278076e-01 6.835208535194396973e-01
1.291054189205169678e-01 6.892958879470825195e-01
1.301140487194061279e-01 7.330345511436462402e-01
1.311226934194564819e-01 7.014999985694885254e-01
1.321313232183456421e-01 7.331447005271911621e-01
1.331399679183959961e-01 7.091200947761535645e-01
1.341485977172851562e-01 7.392945289611816406e-01
1.351572424173355103e-01 7.168402075767517090e-01
1.361658722162246704e-01 7.088811397552490234e-01
1.371745020151138306e-01 7.114815711975097656e-01
1.381831467151641846e-01 7.161539793014526367e-01
1.391917765140533447e-01 7.007287740707397461e-01
1.402004212141036987e-01 7.001141309738159180e-01
1.412090510129928589e-01 6.964287757873535156e-01
1.422176808118820190e-01 7.056722640991210938e-01
1.432263255119323730e-01 6.977367401123046875e-01
1.442349553108215332e-01 6.850323081016540527e-01
1.452436000108718872e-01 6.910721063613891602e-01
1.462522298097610474e-01 6.938359737396240234e-01
1.472608745098114014e-01 7.181946635246276855e-01
1.482695043087005615e-01 7.132198214530944824e-01
1.492781341075897217e-01 7.049697637557983398e-01
1.502867788076400757e-01 7.191361784934997559e-01
1.512954086065292358e-01 7.083295583724975586e-01
1.523040533065795898e-01 6.876676678657531738e-01
1.533126831054687500e-01 6.871981620788574219e-01
1.543213278055191040e-01 7.210565209388732910e-01
1.553299576044082642e-01 7.064010500907897949e-01
1.563385874032974243e-01 7.235098481178283691e-01
1.573472321033477783e-01 7.177245020866394043e-01
1.583558619022369385e-01 7.253199219703674316e-01
1.593645066022872925e-01 7.404636144638061523e-01
1.603731364011764526e-01 7.235854268074035645e-01
1.613817811012268066e-01 7.137200236320495605e-01
1.623904109001159668e-01 7.025784850120544434e-01
1.633990406990051270e-01 7.305819988250732422e-01
1.644076853990554810e-01 7.215117812156677246e-01
1.654163151979446411e-01 7.662665843963623047e-01
1.664249598979949951e-01 7.158519029617309570e-01
1.674335896968841553e-01 7.147755622863769531e-01
1.684422194957733154e-01 7.328708767890930176e-01
1.694508641958236694e-01 7.314143180847167969e-01
1.704594939947128296e-01 7.514696717262268066e-01
1.714681386947631836e-01 7.132376432418823242e-01
1.724767684936523438e-01 6.845741868019104004e-01
1.734854131937026978e-01 6.992766857147216797e-01
1.744940429925918579e-01 7.110169529914855957e-01
1.755026727914810181e-01 7.013975381851196289e-01
1.765113174915313721e-01 7.126534581184387207e-01
1.775199472904205322e-01 7.323803901672363281e-01
1.785285919904708862e-01 7.344336509704589844e-01
1.795372217893600464e-01 7.003856301307678223e-01
1.805458664894104004e-01 7.230143547058105469e-01
1.815544962882995605e-01 7.383887767791748047e-01
1.825631260871887207e-01 7.287667989730834961e-01
1.835717707872390747e-01 7.310346961021423340e-01
1.845804005861282349e-01 7.390912771224975586e-01
1.855890452861785889e-01 7.355788946151733398e-01
1.865976750850677490e-01 7.106617689132690430e-01
1.876063048839569092e-01 7.306116223335266113e-01
1.886149495840072632e-01 7.144881486892700195e-01
1.896235793828964233e-01 7.139137387275695801e-01
1.906322240829467773e-01 7.174350023269653320e-01
1.916408538818359375e-01 7.490456104278564453e-01
1.926494985818862915e-01 7.404294610023498535e-01
1.936581283807754517e-01 7.030009031295776367e-01
1.946667581796646118e-01 6.989955306053161621e-01
1.956754028797149658e-01 7.009341120719909668e-01
1.966840326786041260e-01 7.104150056838989258e-01
1.976926773786544800e-01 6.964371204376220703e-01
1.987013071775436401e-01 6.851513981819152832e-01
1.997099518775939941e-01 7.302613854408264160e-01
2.007185816764831543e-01 7.088976502418518066e-01
2.017272114753723145e-01 7.330891489982604980e-01
2.027358561754226685e-01 7.172745466232299805e-01
2.037444859743118286e-01 7.039901614189147949e-01
2.047531306743621826e-01 7.205110192298889160e-01
2.057617604732513428e-01 7.096825242042541504e-01
2.067703902721405029e-01 7.164716124534606934e-01
2.077790349721908569e-01 7.285630702972412109e-01
2.087876647710800171e-01 7.421993613243103027e-01
2.097963094711303711e-01 6.974267363548278809e-01
2.108049392700195312e-01 6.865668296813964844e-01
2.118135839700698853e-01 7.070056796073913574e-01
2.128222137689590454e-01 7.082488536834716797e-01
2.138308435678482056e-01 7.422608733177185059e-01
2.148394882678985596e-01 7.307295203208923340e-01
2.158481180667877197e-01 7.374820709228515625e-01
2.168567627668380737e-01 7.321125864982604980e-01
2.178653925657272339e-01 7.279773950576782227e-01
2.188740372657775879e-01 7.518354654312133789e-01
2.198826670646667480e-01 6.950505375862121582e-01
2.208912968635559082e-01 7.142143249511718750e-01
2.218999415636062622e-01 7.105411291122436523e-01
2.229085713624954224e-01 7.110944986343383789e-01
2.239172160625457764e-01 7.135493159294128418e-01
2.249258458614349365e-01 7.370768189430236816e-01
2.259344756603240967e-01 7.250104546546936035e-01
2.269431203603744507e-01 7.139316797256469727e-01
2.279517501592636108e-01 7.363625764846801758e-01
2.289603948593139648e-01 7.228501439094543457e-01
2.299690246582031250e-01 7.171316742897033691e-01
2.309776693582534790e-01 7.124990224838256836e-01
2.319862991571426392e-01 7.164160609245300293e-01
2.329949289560317993e-01 7.178888916969299316e-01
2.340035736560821533e-01 7.088684439659118652e-01
2.350122034549713135e-01 7.173265218734741211e-01
2.360208481550216675e-01 7.114254832267761230e-01
2.370294779539108276e-01 7.173835635185241699e-01
2.380381226539611816e-01 7.268490195274353027e-01
2.390467524528503418e-01 7.319111824035644531e-01
2.400553822517395020e-01 7.386131286621093750e-01
2.410640269517898560e-01 7.328279614448547363e-01
2.420726567506790161e-01 7.367414236068725586e-01
2.430813014507293701e-01 8.628821372985839844e-01
2.440899312496185303e-01 7.125700712203979492e-01
2.450985759496688843e-01 7.222900390625000000e-01
2.461072057485580444e-01 7.181167602539062500e-01
2.471158355474472046e-01 7.115350365638732910e-01
2.481244802474975586e-01 6.977528929710388184e-01
2.491331100463867188e-01 7.198316454887390137e-01
2.501417398452758789e-01 7.097753286361694336e-01
2.511503994464874268e-01 7.197568416595458984e-01
2.521590292453765869e-01 7.165179252624511719e-01
2.531676590442657471e-01 7.086988687515258789e-01
2.541762888431549072e-01 7.325649857521057129e-01
2.551849186420440674e-01 7.410102486610412598e-01
2.561935782432556152e-01 7.424060106277465820e-01
2.572022080421447754e-01 7.084368467330932617e-01
2.582108378410339355e-01 7.041248083114624023e-01
2.592194676399230957e-01 7.217392325401306152e-01
2.602280974388122559e-01 7.089470028877258301e-01
2.612367570400238037e-01 7.359669208526611328e-01
2.622453868389129639e-01 7.219083309173583984e-01
2.632540166378021240e-01 7.079656124114990234e-01
2.642626464366912842e-01 7.460974454879760742e-01
2.652712762355804443e-01 6.985051631927490234e-01
2.662799358367919922e-01 7.112315297126770020e-01
2.672885656356811523e-01 6.988398432731628418e-01
2.682971954345703125e-01 7.147182226181030273e-01
2.693058252334594727e-01 7.167862057685852051e-01
2.703144848346710205e-01 7.221419811248779297e-01
2.713231146335601807e-01 6.973205208778381348e-01
2.723317444324493408e-01 7.031396627426147461e-01
2.733403742313385010e-01 6.897491812705993652e-01
2.743490040302276611e-01 7.056512832641601562e-01
2.753576636314392090e-01 7.231091856956481934e-01
2.763662934303283691e-01 6.958102583885192871e-01
2.773749232292175293e-01 6.922603249549865723e-01
2.783835530281066895e-01 7.121485471725463867e-01
2.793921828269958496e-01 7.386955618858337402e-01
2.804008424282073975e-01 7.099362611770629883e-01
2.814094722270965576e-01 7.192391157150268555e-01
2.824181020259857178e-01 7.206895351409912109e-01
2.834267318248748779e-01 7.123129367828369141e-01
2.844353616237640381e-01 6.985165476799011230e-01
2.854440212249755859e-01 7.041193842887878418e-01
2.864526510238647461e-01 7.090629935264587402e-01
2.874612808227539062e-01 7.155254483222961426e-01
2.884699106216430664e-01 7.263313531875610352e-01
2.894785702228546143e-01 7.118860483169555664e-01
2.904872000217437744e-01 6.961376667022705078e-01
2.914958298206329346e-01 7.083073258399963379e-01
2.925044596195220947e-01 7.145014405250549316e-01
2.935130894184112549e-01 6.988629102706909180e-01
2.945217490196228027e-01 6.915419697761535645e-01
2.955303788185119629e-01 7.115036249160766602e-01
2.965390086174011230e-01 7.172589302062988281e-01
2.975476384162902832e-01 6.954382061958312988e-01
2.985562682151794434e-01 7.052825093269348145e-01
2.995649278163909912e-01 7.076672911643981934e-01
3.005735576152801514e-01 7.036719322204589844e-01
3.015821874141693115e-01 6.962142586708068848e-01
3.025908172130584717e-01 6.982689499855041504e-01
3.035994470119476318e-01 6.922798752784729004e-01
3.046081066131591797e-01 7.043737769126892090e-01
3.056167364120483398e-01 7.008548378944396973e-01
3.066253662109375000e-01 7.107311487197875977e-01
3.076339960098266602e-01 7.078636884689331055e-01
3.086426556110382080e-01 7.023274302482604980e-01
3.096512854099273682e-01 7.010140419006347656e-01
3.106599152088165283e-01 6.965095400810241699e-01
3.116685450077056885e-01 7.089655995368957520e-01
3.126771748065948486e-01 6.868292093276977539e-01
3.136858344078063965e-01 6.996926665306091309e-01
3.146944642066955566e-01 7.020843029022216797e-01
3.157030940055847168e-01 6.966640353202819824e-01
3.167117238044738770e-01 6.876265406608581543e-01
3.177203536033630371e-01 7.064815759658813477e-01
3.187290132045745850e-01 7.064680457115173340e-01
3.197376430034637451e-01 6.994286775588989258e-01
3.207462728023529053e-01 7.120163440704345703e-01
3.217549026012420654e-01 7.094148397445678711e-01
3.227635622024536133e-01 6.926118135452270508e-01
3.237721920013427734e-01 6.991264224052429199e-01
3.247808218002319336e-01 7.160583734512329102e-01
3.257894515991210938e-01 6.972274780273437500e-01
3.267980813980102539e-01 7.098168730735778809e-01
3.278067409992218018e-01 7.190604209899902344e-01
3.288153707981109619e-01 6.987360715866088867e-01
3.298240005970001221e-01 7.036387920379638672e-01
3.308326303958892822e-01 7.019597887992858887e-01
3.318412601947784424e-01 6.925013661384582520e-01
3.328499197959899902e-01 6.874748468399047852e-01
3.338585495948791504e-01 7.036191821098327637e-01
3.348671793937683105e-01 6.934000849723815918e-01
3.358758091926574707e-01 7.119639515876770020e-01
3.368844389915466309e-01 7.299049496650695801e-01
3.378930985927581787e-01 7.091291546821594238e-01
3.389017283916473389e-01 6.954241991043090820e-01
3.399103581905364990e-01 7.044057846069335938e-01
3.409189879894256592e-01 7.031861543655395508e-01
3.419276475906372070e-01 7.247554659843444824e-01
3.429362773895263672e-01 6.832835674285888672e-01
3.439449071884155273e-01 6.990815997123718262e-01
3.449535369873046875e-01 7.011518478393554688e-01
3.459621667861938477e-01 6.851252317428588867e-01
3.469708263874053955e-01 7.280009388923645020e-01
3.479794561862945557e-01 7.012886404991149902e-01
3.489880859851837158e-01 6.991770267486572266e-01
3.499967157840728760e-01 6.806241869926452637e-01
3.510053455829620361e-01 6.839804649353027344e-01
3.520140051841735840e-01 6.865219473838806152e-01
3.530226349830627441e-01 6.956317424774169922e-01
3.540312647819519043e-01 6.843079924583435059e-01
3.550398945808410645e-01 7.038857936859130859e-01
3.560485243797302246e-01 6.836431026458740234e-01
3.570571839809417725e-01 6.893050074577331543e-01
3.580658137798309326e-01 6.897194981575012207e-01
3.590744435787200928e-01 6.939549446105957031e-01
3.600830733776092529e-01 6.868890523910522461e-01
3.610917329788208008e-01 7.011923193931579590e-01
3.621003627777099609e-01 7.105513215065002441e-01
3.631089925765991211e-01 6.959791183471679688e-01
3.641176223754882812e-01 7.035791277885437012e-01
3.651262521743774414e-01 6.996014118194580078e-01
3.661349117755889893e-01 7.044203281402587891e-01
3.671435415744781494e-01 6.929340362548828125e-01
3.681521713733673096e-01 6.853677034378051758e-01
3.691608011722564697e-01 7.011398077011108398e-01
3.701694309711456299e-01 7.179608941078186035e-01
3.711780905723571777e-01 7.061611413955688477e-01
3.721867203712463379e-01 6.799690127372741699e-01
3.731953501701354980e-01 6.735651493072509766e-01
3.742039799690246582e-01 7.045562863349914551e-01
3.752126097679138184e-01 6.993131637573242188e-01
3.762212693691253662e-01 6.960159540176391602e-01
3.772298991680145264e-01 7.142057418823242188e-01
3.782385289669036865e-01 7.130143642425537109e-01
3.792471587657928467e-01 6.949179172515869141e-01
3.802558183670043945e-01 6.937737464904785156e-01
3.812644481658935547e-01 7.153714299201965332e-01
3.822730779647827148e-01 6.928909420967102051e-01
3.832817077636718750e-01 6.752038002014160156e-01
3.842903375625610352e-01 6.650044918060302734e-01
3.852989971637725830e-01 6.957303881645202637e-01
3.863076269626617432e-01 7.002905607223510742e-01
3.873162567615509033e-01 7.058395147323608398e-01
3.883248865604400635e-01 6.893875002861022949e-01
3.893335163593292236e-01 6.862508058547973633e-01
3.903421759605407715e-01 7.022606730461120605e-01
3.913508057594299316e-01 7.058652043342590332e-01
3.923594355583190918e-01 6.990126371383666992e-01
3.933680653572082520e-01 6.973788142204284668e-01
3.943766951560974121e-01 6.905108690261840820e-01
3.953853547573089600e-01 6.939035058021545410e-01
3.963939845561981201e-01 6.973412632942199707e-01
3.974026143550872803e-01 6.819020509719848633e-01
3.984112441539764404e-01 6.623694896697998047e-01
3.994199037551879883e-01 6.850074529647827148e-01
4.004285335540771484e-01 6.977691650390625000e-01
4.014371633529663086e-01 6.804422736167907715e-01
4.024457931518554688e-01 6.741783618927001953e-01
4.034544229507446289e-01 6.954348683357238770e-01
4.044630825519561768e-01 7.016224265098571777e-01
4.054717123508453369e-01 6.681182384490966797e-01
4.064803421497344971e-01 6.764656305313110352e-01
4.074889719486236572e-01 6.847088932991027832e-01
4.084976017475128174e-01 6.638789772987365723e-01
4.095062613487243652e-01 6.909438967704772949e-01
4.105148911476135254e-01 6.951609253883361816e-01
4.115235209465026855e-01 6.854567527770996094e-01
4.125321507453918457e-01 6.952398419380187988e-01
4.135407805442810059e-01 6.953827142715454102e-01
4.145494401454925537e-01 6.857796907424926758e-01
4.155580699443817139e-01 6.853060126304626465e-01
4.165666997432708740e-01 6.856855750083923340e-01
4.175753295421600342e-01 6.889713406562805176e-01
4.185839891433715820e-01 6.828725934028625488e-01
4.195926189422607422e-01 6.975504159927368164e-01
4.206012487411499023e-01 6.953185200691223145e-01
4.216098785400390625e-01 6.937708258628845215e-01
4.226185083389282227e-01 6.885778307914733887e-01
4.236271679401397705e-01 6.777579784393310547e-01
4.246357977390289307e-01 6.633623242378234863e-01
4.256444275379180908e-01 6.925435662269592285e-01
4.266530573368072510e-01 6.837325096130371094e-01
4.276616871356964111e-01 6.960268616676330566e-01
4.286703467369079590e-01 6.897817254066467285e-01
4.296789765357971191e-01 6.720248460769653320e-01
4.306876063346862793e-01 6.809851527214050293e-01
4.316962361335754395e-01 6.945792436599731445e-01
4.327048659324645996e-01 6.925011277198791504e-01
4.337135255336761475e-01 6.886098980903625488e-01
4.347221553325653076e-01 6.883276104927062988e-01
4.357307851314544678e-01 6.697654128074645996e-01
4.367394149303436279e-01 6.772756576538085938e-01
4.377480745315551758e-01 6.715686321258544922e-01
4.387567043304443359e-01 6.729847192764282227e-01
4.397653341293334961e-01 6.835833787918090820e-01
4.407739639282226562e-01 6.794809103012084961e-01
4.417825937271118164e-01 6.935207247734069824e-01
4.427912533283233643e-01 6.914745569229125977e-01
4.437998831272125244e-01 6.707639694213867188e-01
4.448085129261016846e-01 6.878648400306701660e-01
4.458171427249908447e-01 6.878897547721862793e-01
4.468257725238800049e-01 6.961818933486938477e-01
4.478344321250915527e-01 6.837394237518310547e-01
4.488430619239807129e-01 6.830096840858459473e-01
4.498516917228698730e-01 6.829228401184082031e-01
4.508603215217590332e-01 6.934785842895507812e-01
4.518689513206481934e-01 6.914229393005371094e-01
4.528776109218597412e-01 6.888002157211303711e-01
4.538862407207489014e-01 6.847188472747802734e-01
4.548948705196380615e-01 6.902006268501281738e-01
4.559035003185272217e-01 6.901470422744750977e-01
4.569121599197387695e-01 6.778572797775268555e-01
4.579207897186279297e-01 6.824344992637634277e-01
4.589294195175170898e-01 6.706528067588806152e-01
4.599380493164062500e-01 6.749485135078430176e-01
4.609466791152954102e-01 6.801916956901550293e-01
4.619553387165069580e-01 6.740419864654541016e-01
4.629639685153961182e-01 6.864208579063415527e-01
4.639725983142852783e-01 6.859090328216552734e-01
4.649812281131744385e-01 6.742848157882690430e-01
4.659898579120635986e-01 6.901238560676574707e-01
4.669985175132751465e-01 6.743447780609130859e-01
4.680071473121643066e-01 6.800287365913391113e-01
4.690157771110534668e-01 6.743679046630859375e-01
4.700244069099426270e-01 6.825632452964782715e-01
4.710330665111541748e-01 6.900291442871093750e-01
4.720416963100433350e-01 6.864969730377197266e-01
4.730503261089324951e-01 6.792455315589904785e-01
4.740589559078216553e-01 6.704545617103576660e-01
4.750675857067108154e-01 6.725319027900695801e-01
4.760762453079223633e-01 6.692896485328674316e-01
4.770848751068115234e-01 6.836830377578735352e-01
4.780935049057006836e-01 6.801097393035888672e-01
4.791021347045898438e-01 6.712703704833984375e-01
4.801107645034790039e-01 6.788455843925476074e-01
4.811194241046905518e-01 6.839039921760559082e-01
4.821280539035797119e-01 6.699929237365722656e-01
4.831366837024688721e-01 6.702615022659301758e-01
4.841453135013580322e-01 6.726599931716918945e-01
4.851539433002471924e-01 6.780258417129516602e-01
4.861626029014587402e-01 6.700350642204284668e-01
4.871712327003479004e-01 6.640678644180297852e-01
4.881798624992370605e-01 6.710785627365112305e-01
4.891884922981262207e-01 6.740159988403320312e-01
4.901971518993377686e-01 6.734794974327087402e-01
4.912057816982269287e-01 6.766752004623413086e-01
4.922144114971160889e-01 6.638612747192382812e-01
4.932230412960052490e-01 6.649742126464843750e-01
4.942316710948944092e-01 6.666381359100341797e-01
4.952403306961059570e-01 6.803373694419860840e-01
4.962489604949951172e-01 6.750208139419555664e-01
4.972575902938842773e-01 6.785295009613037109e-01
4.982662200927734375e-01 6.826483607292175293e-01
4.992748498916625977e-01 6.642614603042602539e-01
5.002834796905517578e-01 6.766327619552612305e-01
5.012921094894409180e-01 6.858926415443420410e-01
5.023007988929748535e-01 6.747310161590576172e-01
5.033094286918640137e-01 6.704565882682800293e-01
5.043180584907531738e-01 7.441365122795104980e-01
5.053266882896423340e-01 7.075279355049133301e-01
5.063353180885314941e-01 6.788920164108276367e-01
5.073439478874206543e-01 6.734123229980468750e-01
5.083525776863098145e-01 6.778369545936584473e-01
5.093612074851989746e-01 6.631860136985778809e-01
5.103698372840881348e-01 6.729102730751037598e-01
5.113784670829772949e-01 6.650512814521789551e-01
5.123871564865112305e-01 6.520907878875732422e-01
5.133957862854003906e-01 6.760460138320922852e-01
5.144044160842895508e-01 6.767242550849914551e-01
5.154130458831787109e-01 6.873909235000610352e-01
5.164216756820678711e-01 6.648359298706054688e-01
5.174303054809570312e-01 6.655928492546081543e-01
5.184389352798461914e-01 6.800985932350158691e-01
5.194475650787353516e-01 6.841787695884704590e-01
5.204561948776245117e-01 6.799467206001281738e-01
5.214648842811584473e-01 6.725022792816162109e-01
5.224735140800476074e-01 6.649829149246215820e-01
5.234821438789367676e-01 6.757925152778625488e-01
5.244907736778259277e-01 6.863527297973632812e-01
5.254994034767150879e-01 6.643508076667785645e-01
5.265080332756042480e-01 6.898685097694396973e-01
5.275166630744934082e-01 6.829507946968078613e-01
5.285252928733825684e-01 6.643260121345520020e-01
5.295339226722717285e-01 6.714217662811279297e-01
5.305425524711608887e-01 6.740802526473999023e-01
5.315512418746948242e-01 6.784677505493164062e-01
5.325598716735839844e-01 6.712554097175598145e-01
5.335685014724731445e-01 6.623233556747436523e-01
5.345771312713623047e-01 6.832597851753234863e-01
5.355857610702514648e-01 6.769522428512573242e-01
5.365943908691406250e-01 6.718740463256835938e-01
5.376030206680297852e-01 6.616415977478027344e-01
5.386116504669189453e-01 6.861853003501892090e-01
5.396202802658081055e-01 6.830930113792419434e-01
5.406289696693420410e-01 6.777070760726928711e-01
5.416375994682312012e-01 6.852798461914062500e-01
5.426462292671203613e-01 6.824480295181274414e-01
5.436548590660095215e-01 6.790138483047485352e-01
5.446634888648986816e-01 6.889602541923522949e-01
5.456721186637878418e-01 6.797453761100769043e-01
5.466807484626770020e-01 6.835137009620666504e-01
5.476893782615661621e-01 6.800088286399841309e-01
5.486980080604553223e-01 6.761119961738586426e-01
5.497066378593444824e-01 6.628867387771606445e-01
5.507153272628784180e-01 6.810771226882934570e-01
5.517239570617675781e-01 6.608979105949401855e-01
5.527325868606567383e-01 6.790718436241149902e-01
5.537412166595458984e-01 6.722622513771057129e-01
5.547498464584350586e-01 6.669990420341491699e-01
5.557584762573242188e-01 6.701688170433044434e-01
5.567671060562133789e-01 6.767054796218872070e-01
5.577757358551025391e-01 6.871245503425598145e-01
5.587843656539916992e-01 6.808797121047973633e-01
5.597930550575256348e-01 6.769903302192687988e-01
5.608016848564147949e-01 6.817548274993896484e-01
5.618103146553039551e-01 6.768398880958557129e-01
5.628189444541931152e-01 6.830124258995056152e-01
5.638275742530822754e-01 6.917706727981567383e-01
5.648362040519714355e-01 6.749741435050964355e-01
5.658448338508605957e-01 6.919609308242797852e-01
5.668534636497497559e-01 6.578254103660583496e-01
5.678620934486389160e-01 6.643068194389343262e-01
5.688707232475280762e-01 6.776661276817321777e-01
5.698794126510620117e-01 6.742246747016906738e-01
5.708880424499511719e-01 6.776548624038696289e-01
5.718966722488403320e-01 6.863833069801330566e-01
5.729053020477294922e-01 6.749063730239868164e-01
5.739139318466186523e-01 6.922496557235717773e-01
5.749225616455078125e-01 6.873775720596313477e-01
5.759311914443969727e-01 6.790380477905273438e-01
5.769398212432861328e-01 6.716187596321105957e-01
5.779484510421752930e-01 6.682024002075195312e-01
5.789571404457092285e-01 6.655799746513366699e-01
5.799657702445983887e-01 6.777381300926208496e-01
5.809744000434875488e-01 6.724463701248168945e-01
5.819830298423767090e-01 6.765792965888977051e-01
5.829916596412658691e-01 6.812010407447814941e-01
5.840002894401550293e-01 6.816470026969909668e-01
5.850089192390441895e-01 6.919917464256286621e-01
5.860175490379333496e-01 6.727758646011352539e-01
5.870261788368225098e-01 6.749510765075683594e-01
5.880348086357116699e-01 6.732382774353027344e-01
5.890434980392456055e-01 6.785565018653869629e-01
5.900521278381347656e-01 6.789984703063964844e-01
5.910607576370239258e-01 6.689716577529907227e-01
5.920693874359130859e-01 6.741409301757812500e-01
5.930780172348022461e-01 6.681080460548400879e-01
5.940866470336914062e-01 6.683543324470520020e-01
5.950952768325805664e-01 6.685891747474670410e-01
5.961039066314697266e-01 6.707140207290649414e-01
5.971125364303588867e-01 6.747848391532897949e-01
5.981212258338928223e-01 6.734635829925537109e-01
5.991298556327819824e-01 6.835960149765014648e-01
6.001384854316711426e-01 6.597951054573059082e-01
6.011471152305603027e-01 6.817163228988647461e-01
6.021557450294494629e-01 6.896052360534667969e-01
6.031643748283386230e-01 6.742548942565917969e-01
6.041730046272277832e-01 6.739199757575988770e-01
6.051816344261169434e-01 6.812399625778198242e-01
6.061902642250061035e-01 6.814967989921569824e-01
6.071988940238952637e-01 6.884779334068298340e-01
6.082075834274291992e-01 6.909406781196594238e-01
6.092162132263183594e-01 6.691553592681884766e-01
6.102248430252075195e-01 6.822303533554077148e-01
6.112334728240966797e-01 6.578500866889953613e-01
6.122421026229858398e-01 6.821452379226684570e-01
6.132507324218750000e-01 6.781077384948730469e-01
6.142593622207641602e-01 6.660667657852172852e-01
6.152679920196533203e-01 6.777111291885375977e-01
6.162766218185424805e-01 6.790551543235778809e-01
6.172853112220764160e-01 6.873145103454589844e-01
6.182939410209655762e-01 6.732016205787658691e-01
6.193025708198547363e-01 6.836856007575988770e-01
6.203112006187438965e-01 6.825954318046569824e-01
6.213198304176330566e-01 6.812232732772827148e-01
6.223284602165222168e-01 6.663505434989929199e-01
6.233370900154113770e-01 6.767691969871520996e-01
6.243457198143005371e-01 6.857677698135375977e-01
6.253543496131896973e-01 6.847378015518188477e-01
6.263629794120788574e-01 6.735123395919799805e-01
6.273716688156127930e-01 6.776357889175415039e-01
6.283802986145019531e-01 6.725373864173889160e-01
6.293889284133911133e-01 6.675935983657836914e-01
6.303975582122802734e-01 6.669424176216125488e-01
6.314061880111694336e-01 6.666522622108459473e-01
6.324148178100585938e-01 6.603272557258605957e-01
6.334234476089477539e-01 6.782312989234924316e-01
6.344320774078369141e-01 6.829431653022766113e-01
6.354407072067260742e-01 6.684494018554687500e-01
6.364493966102600098e-01 6.740410327911376953e-01
6.374580264091491699e-01 6.687741279602050781e-01
6.384666562080383301e-01 6.771368980407714844e-01
6.394752860069274902e-01 7.035921812057495117e-01
6.404839158058166504e-01 6.848186254501342773e-01
6.414925456047058105e-01 6.709256172180175781e-01
6.425011754035949707e-01 6.883961558341979980e-01
6.435098052024841309e-01 6.968581676483154297e-01
6.445184350013732910e-01 6.663744449615478516e-01
6.455271244049072266e-01 6.589614748954772949e-01
6.465357542037963867e-01 6.794353127479553223e-01
6.475443840026855469e-01 6.663627028465270996e-01
6.485530138015747070e-01 6.645269393920898438e-01
6.495616436004638672e-01 6.761267781257629395e-01
6.505702733993530273e-01 6.746672391891479492e-01
6.515789031982421875e-01 6.744599938392639160e-01
6.525875329971313477e-01 6.674141287803649902e-01
6.535961627960205078e-01 6.619336605072021484e-01
6.546047925949096680e-01 6.839916706085205078e-01
6.556134819984436035e-01 6.704720258712768555e-01
6.566221117973327637e-01 6.789278984069824219e-01
6.576307415962219238e-01 6.836423277854919434e-01
6.586393713951110840e-01 6.906909942626953125e-01
6.596480011940002441e-01 6.844133734703063965e-01
6.606566309928894043e-01 6.788741946220397949e-01
6.616652607917785645e-01 6.817339658737182617e-01
6.626738905906677246e-01 6.685852408409118652e-01
6.636825203895568848e-01 6.806580424308776855e-01
6.646912097930908203e-01 6.790502667427062988e-01
6.656998395919799805e-01 6.704205870628356934e-01
6.667084693908691406e-01 6.878462433815002441e-01
6.677170991897583008e-01 6.916459202766418457e-01
6.687257289886474609e-01 6.692350506782531738e-01
6.697343587875366211e-01 6.818973422050476074e-01
6.707429885864257812e-01 6.747136712074279785e-01
6.717516183853149414e-01 6.861519217491149902e-01
6.727602481842041016e-01 6.940184831619262695e-01
6.737688779830932617e-01 6.705452799797058105e-01
6.747775673866271973e-01 6.853957772254943848e-01
6.757861971855163574e-01 6.720256805419921875e-01
6.767948269844055176e-01 6.848621368408203125e-01
6.778034567832946777e-01 6.957559585571289062e-01
6.788120865821838379e-01 6.893905997276306152e-01
6.798207163810729980e-01 6.805651783943176270e-01
6.808293461799621582e-01 6.860198378562927246e-01
6.818379759788513184e-01 6.741263270378112793e-01
6.828466057777404785e-01 6.835517287254333496e-01
6.838552951812744141e-01 6.821535229682922363e-01
6.848639249801635742e-01 6.848598718643188477e-01
6.858725547790527344e-01 6.889600753784179688e-01
6.868811845779418945e-01 6.887981891632080078e-01
6.878898143768310547e-01 6.930464506149291992e-01
6.888984441757202148e-01 7.028751373291015625e-01
6.899070739746093750e-01 6.798260807991027832e-01
6.909157037734985352e-01 6.808549761772155762e-01
6.919243335723876953e-01 6.751798987388610840e-01
6.929329633712768555e-01 6.748760938644409180e-01
6.939416527748107910e-01 6.748197674751281738e-01
6.949502825736999512e-01 6.821810603141784668e-01
6.959589123725891113e-01 6.844201087951660156e-01
6.969675421714782715e-01 6.813417673110961914e-01
6.979761719703674316e-01 6.954910755157470703e-01
6.989848017692565918e-01 6.991808414459228516e-01
6.999934315681457520e-01 6.922283768653869629e-01
7.010020613670349121e-01 6.998872160911560059e-01
7.020106911659240723e-01 6.777843832969665527e-01
7.030193805694580078e-01 6.701064705848693848e-01
7.040280103683471680e-01 6.965631842613220215e-01
7.050366401672363281e-01 6.944884061813354492e-01
7.060452699661254883e-01 6.796782016754150391e-01
7.070538997650146484e-01 6.837944388389587402e-01
7.080625295639038086e-01 6.865019202232360840e-01
7.090711593627929688e-01 6.877210736274719238e-01
7.100797891616821289e-01 6.763377189636230469e-01
7.110884189605712891e-01 6.842586994171142578e-01
7.120970487594604492e-01 6.942448616027832031e-01
7.131057381629943848e-01 6.960042119026184082e-01
7.141143679618835449e-01 7.036217451095581055e-01
7.151229977607727051e-01 6.705800890922546387e-01
7.161316275596618652e-01 6.971992254257202148e-01
7.171402573585510254e-01 6.881336569786071777e-01
7.181488871574401855e-01 6.875485777854919434e-01
7.191575169563293457e-01 7.039435505867004395e-01
7.201661467552185059e-01 6.868132352828979492e-01
7.211747765541076660e-01 6.900110244750976562e-01
7.221834659576416016e-01 6.924264430999755859e-01
7.231920957565307617e-01 6.773896217346191406e-01
7.242007255554199219e-01 7.072476148605346680e-01
7.252093553543090820e-01 7.078108787536621094e-01
7.262179851531982422e-01 6.961557269096374512e-01
7.272266149520874023e-01 6.849616169929504395e-01
7.282352447509765625e-01 6.970643997192382812e-01
7.292438745498657227e-01 6.855344772338867188e-01
7.302525043487548828e-01 7.041454911231994629e-01
7.312611341476440430e-01 6.983087658882141113e-01
7.322698235511779785e-01 7.011552453041076660e-01
7.332784533500671387e-01 7.049336433410644531e-01
7.342870831489562988e-01 6.968106031417846680e-01
7.352957129478454590e-01 6.888095736503601074e-01
7.363043427467346191e-01 6.977587938308715820e-01
7.373129725456237793e-01 7.137191891670227051e-01
7.383216023445129395e-01 6.961605548858642578e-01
7.393302321434020996e-01 6.855423450469970703e-01
7.403388619422912598e-01 7.004185914993286133e-01
7.413475513458251953e-01 7.064430713653564453e-01
7.423561811447143555e-01 7.216007709503173828e-01
7.433648109436035156e-01 7.010335326194763184e-01
7.443734407424926758e-01 6.973049640655517578e-01
7.453820705413818359e-01 6.916093826293945312e-01
7.463907003402709961e-01 6.878650784492492676e-01
7.473993301391601562e-01 7.012639045715332031e-01
7.484079599380493164e-01 6.777023077011108398e-01
7.494165897369384766e-01 7.113244533538818359e-01
7.504252195358276367e-01 7.090606689453125000e-01
7.514339089393615723e-01 7.049996256828308105e-01
7.524425387382507324e-01 7.378183603286743164e-01
7.534511685371398926e-01 7.525511384010314941e-01
7.544597983360290527e-01 7.100671529769897461e-01
7.554684281349182129e-01 7.040218710899353027e-01
7.564770579338073730e-01 7.134864926338195801e-01
7.574856877326965332e-01 7.089549899101257324e-01
7.584943175315856934e-01 7.034392356872558594e-01
7.595029473304748535e-01 7.154799103736877441e-01
7.605116367340087891e-01 7.054330706596374512e-01
7.615202665328979492e-01 7.292570471763610840e-01
7.625288963317871094e-01 6.836775541305541992e-01
7.635375261306762695e-01 7.025530934333801270e-01
7.645461559295654297e-01 6.952920556068420410e-01
7.655547857284545898e-01 7.028490304946899414e-01
7.665634155273437500e-01 6.829058527946472168e-01
7.675720453262329102e-01 6.888855695724487305e-01
7.685806751251220703e-01 6.962707042694091797e-01
7.695893049240112305e-01 6.948256492614746094e-01
7.705979943275451660e-01 6.943335533142089844e-01
7.716066241264343262e-01 7.036862969398498535e-01
7.726152539253234863e-01 7.162932157516479492e-01
7.736238837242126465e-01 7.282978892326354980e-01
7.746325135231018066e-01 6.920526027679443359e-01
7.756411433219909668e-01 6.992835998535156250e-01
7.766497731208801270e-01 7.066240906715393066e-01
7.776584029197692871e-01 7.229643464088439941e-01
7.786670327186584473e-01 7.081160545349121094e-01
7.796757221221923828e-01 6.951721906661987305e-01
7.806843519210815430e-01 7.057963013648986816e-01
7.816929817199707031e-01 7.257580757141113281e-01
7.827016115188598633e-01 7.074437737464904785e-01
7.837102413177490234e-01 7.195756435394287109e-01
7.847188711166381836e-01 7.082840204238891602e-01
7.857275009155273438e-01 7.223442196846008301e-01
7.867361307144165039e-01 7.221321463584899902e-01
7.877447605133056641e-01 7.326464653015136719e-01
7.887533903121948242e-01 7.436969280242919922e-01
7.897620797157287598e-01 7.161217927932739258e-01
7.907707095146179199e-01 7.038869857788085938e-01
7.917793393135070801e-01 7.293788790702819824e-01
7.927879691123962402e-01 7.179943919181823730e-01
7.937965989112854004e-01 7.094582915306091309e-01
7.948052287101745605e-01 7.141216993331909180e-01
7.958138585090637207e-01 7.326071262359619141e-01
7.968224883079528809e-01 7.013275623321533203e-01
7.978311181068420410e-01 7.158266901969909668e-01
7.988398075103759766e-01 7.128639221191406250e-01
7.998484373092651367e-01 7.134935855865478516e-01
8.008570671081542969e-01 7.355220913887023926e-01
8.018656969070434570e-01 7.010421752929687500e-01
8.028743267059326172e-01 7.153144478797912598e-01
8.038829565048217773e-01 7.318858504295349121e-01
8.048915863037109375e-01 7.083063721656799316e-01
8.059002161026000977e-01 7.159287333488464355e-01
8.069088459014892578e-01 7.094332575798034668e-01
8.079174757003784180e-01 7.087268829345703125e-01
8.089261651039123535e-01 7.312569022178649902e-01
8.099347949028015137e-01 7.322344183921813965e-01
8.109434247016906738e-01 7.388155460357666016e-01
8.119520545005798340e-01 7.326343059539794922e-01
8.129606842994689941e-01 7.323072552680969238e-01
8.139693140983581543e-01 7.301274538040161133e-01
8.149779438972473145e-01 7.336853146553039551e-01
8.159865736961364746e-01 7.305482029914855957e-01
8.169952034950256348e-01 7.217698693275451660e-01
8.180038928985595703e-01 7.309764027595520020e-01
8.190125226974487305e-01 7.138804197311401367e-01
8.200211524963378906e-01 7.307298779487609863e-01
8.210297822952270508e-01 7.427819371223449707e-01
8.220384120941162109e-01 7.358449697494506836e-01
8.230470418930053711e-01 7.330494523048400879e-01
8.240556716918945312e-01 7.273190617561340332e-01
8.250643014907836914e-01 7.336539030075073242e-01
8.260729312896728516e-01 7.390362024307250977e-01
8.270815610885620117e-01 7.376971244812011719e-01
8.280902504920959473e-01 7.319837808609008789e-01
8.290988802909851074e-01 7.422690391540527344e-01
8.301075100898742676e-01 7.435890436172485352e-01
8.311161398887634277e-01 7.462045550346374512e-01
8.321247696876525879e-01 7.401798963546752930e-01
8.331333994865417480e-01 7.474285364151000977e-01
8.341420292854309082e-01 7.605596780776977539e-01
8.351506590843200684e-01 7.504060864448547363e-01
8.361592888832092285e-01 7.436239719390869141e-01
8.371679782867431641e-01 7.515708208084106445e-01
8.381766080856323242e-01 7.497150301933288574e-01
8.391852378845214844e-01 7.447351813316345215e-01
8.401938676834106445e-01 7.663432955741882324e-01
8.412024974822998047e-01 7.466450333595275879e-01
8.422111272811889648e-01 7.283561825752258301e-01
8.432197570800781250e-01 7.529155611991882324e-01
8.442283868789672852e-01 7.748428583145141602e-01
8.452370166778564453e-01 7.655441164970397949e-01
8.462456464767456055e-01 7.520620226860046387e-01
8.472543358802795410e-01 7.445242404937744141e-01
8.482629656791687012e-01 7.423273921012878418e-01
8.492715954780578613e-01 7.366014719009399414e-01
8.502802252769470215e-01 7.524337768554687500e-01
8.512888550758361816e-01 7.576404213905334473e-01
8.522974848747253418e-01 7.571898102760314941e-01
8.533061146736145020e-01 7.388956546783447266e-01
8.543147444725036621e-01 7.494153976440429688e-01
8.553233742713928223e-01 7.622094750404357910e-01
8.563320636749267578e-01 7.764497399330139160e-01
8.573406934738159180e-01 7.625756859779357910e-01
8.583493232727050781e-01 7.573662996292114258e-01
8.593579530715942383e-01 7.658671140670776367e-01
8.603665828704833984e-01 7.707476019859313965e-01
8.613752126693725586e-01 7.740268111228942871e-01
8.623838424682617188e-01 9.049280285835266113e-01
8.633924722671508789e-01 1.246614456176757812e+00
8.644011020660400391e-01 7.677116394042968750e-01
8.654097318649291992e-01 7.527970671653747559e-01
8.664184212684631348e-01 7.661395668983459473e-01
8.674270510673522949e-01 7.666474580764770508e-01
8.684356808662414551e-01 7.653262019157409668e-01
8.694443106651306152e-01 7.633782029151916504e-01
8.704529404640197754e-01 7.624874114990234375e-01
8.714615702629089355e-01 7.937963008880615234e-01
8.724702000617980957e-01 7.745350599288940430e-01
8.734788298606872559e-01 7.884625196456909180e-01
8.744874596595764160e-01 7.708788514137268066e-01
8.754961490631103516e-01 7.759449481964111328e-01
8.765047788619995117e-01 7.787479162216186523e-01
8.775134086608886719e-01 7.665127515792846680e-01
8.785220384597778320e-01 7.650603055953979492e-01
8.795306682586669922e-01 7.684187293052673340e-01
8.805392980575561523e-01 7.868681550025939941e-01
8.815479278564453125e-01 7.777070403099060059e-01
8.825565576553344727e-01 7.693884372711181641e-01
8.835651874542236328e-01 7.609227299690246582e-01
8.845738172531127930e-01 7.591873407363891602e-01
8.855825066566467285e-01 7.752202153205871582e-01
8.865911364555358887e-01 7.852814197540283203e-01
8.875997662544250488e-01 7.994229197502136230e-01
8.886083960533142090e-01 7.816058993339538574e-01
8.896170258522033691e-01 7.769126892089843750e-01
8.906256556510925293e-01 7.739872336387634277e-01
8.916342854499816895e-01 8.024914860725402832e-01
8.926429152488708496e-01 7.713735699653625488e-01
8.936515450477600098e-01 7.537621259689331055e-01
8.946602344512939453e-01 8.118932247161865234e-01
8.956688642501831055e-01 8.167934417724609375e-01
8.966774940490722656e-01 7.749212980270385742e-01
8.976861238479614258e-01 7.851024866104125977e-01
8.986947536468505859e-01 7.931352257728576660e-01
8.997033834457397461e-01 8.151459693908691406e-01
9.007120132446289062e-01 7.901486754417419434e-01
9.017206430435180664e-01 7.734239101409912109e-01
9.027292728424072266e-01 7.992987036705017090e-01
9.037379026412963867e-01 8.067571520805358887e-01
9.047465920448303223e-01 8.086459040641784668e-01
9.057552218437194824e-01 7.851849794387817383e-01
9.067638516426086426e-01 7.674435377120971680e-01
9.077724814414978027e-01 8.072404861450195312e-01
9.087811112403869629e-01 8.069259524345397949e-01
9.097897410392761230e-01 8.162207007408142090e-01
9.107983708381652832e-01 8.144010305404663086e-01
9.118070006370544434e-01 7.955302596092224121e-01
9.128156304359436035e-01 7.654280066490173340e-01
9.138243198394775391e-01 7.993323206901550293e-01
9.148329496383666992e-01 7.966133952140808105e-01
9.158415794372558594e-01 7.888193726539611816e-01
9.168502092361450195e-01 7.938651442527770996e-01
9.178588390350341797e-01 7.981569170951843262e-01
9.188674688339233398e-01 8.289565443992614746e-01
9.198760986328125000e-01 8.277958631515502930e-01
9.208847284317016602e-01 8.360582590103149414e-01
9.218933582305908203e-01 7.838878035545349121e-01
9.229020476341247559e-01 7.962443232536315918e-01
9.239106774330139160e-01 8.138783574104309082e-01
9.249193072319030762e-01 8.091401457786560059e-01
9.259279370307922363e-01 8.341242074966430664e-01
9.269365668296813965e-01 7.923908829689025879e-01
9.279451966285705566e-01 7.924151420593261719e-01
9.289538264274597168e-01 8.332867622375488281e-01
9.299624562263488770e-01 8.096565008163452148e-01
9.309710860252380371e-01 8.041377067565917969e-01
9.319797158241271973e-01 8.068118095397949219e-01
9.329884052276611328e-01 8.078294992446899414e-01
9.339970350265502930e-01 7.999516725540161133e-01
9.350056648254394531e-01 7.954198122024536133e-01
9.360142946243286133e-01 8.372642397880554199e-01
9.370229244232177734e-01 8.132627010345458984e-01
9.380315542221069336e-01 7.771116495132446289e-01
9.390401840209960938e-01 8.214603662490844727e-01
9.400488138198852539e-01 8.334057331085205078e-01
9.410574436187744141e-01 8.216218352317810059e-01
9.420661330223083496e-01 8.648830056190490723e-01
9.430747628211975098e-01 8.614984750747680664e-01
9.440833926200866699e-01 8.109061121940612793e-01
9.450920224189758301e-01 8.268981575965881348e-01
9.461006522178649902e-01 8.343947529792785645e-01
9.471092820167541504e-01 8.324021100997924805e-01
9.481179118156433105e-01 8.156744837760925293e-01
9.491265416145324707e-01 8.424592614173889160e-01
9.501351714134216309e-01 8.250045776367187500e-01
9.511438012123107910e-01 8.600689768791198730e-01
9.521524906158447266e-01 8.311994075775146484e-01
9.531611204147338867e-01 8.189209103584289551e-01
9.541697502136230469e-01 8.156279325485229492e-01
9.551783800125122070e-01 8.317142724990844727e-01
9.561870098114013672e-01 8.329542875289916992e-01
9.571956396102905273e-01 8.498513102531433105e-01
9.582042694091796875e-01 8.328180313110351562e-01
9.592128992080688477e-01 8.508610129356384277e-01
9.602215290069580078e-01 8.220131993293762207e-01
9.612302184104919434e-01 8.486962318420410156e-01
9.622388482093811035e-01 8.751216530799865723e-01
9.632474780082702637e-01 8.579491972923278809e-01
9.642561078071594238e-01 8.698875904083251953e-01
9.652647376060485840e-01 8.585157394409179688e-01
9.662733674049377441e-01 8.510549068450927734e-01
9.672819972038269043e-01 8.482002615928649902e-01
9.682906270027160645e-01 8.391445279121398926e-01
9.692992568016052246e-01 8.472089767456054688e-01
9.703078866004943848e-01 8.525279760360717773e-01
9.713165760040283203e-01 8.400501608848571777e-01
9.723252058029174805e-01 8.491476178169250488e-01
9.733338356018066406e-01 8.273333907127380371e-01
9.743424654006958008e-01 8.682819604873657227e-01
9.753510951995849609e-01 8.796892166137695312e-01
9.763597249984741211e-01 8.660436868667602539e-01
9.773683547973632812e-01 8.716627955436706543e-01
9.783769845962524414e-01 8.683654665946960449e-01
9.793856143951416016e-01 8.846383690834045410e-01
9.803943037986755371e-01 8.505916595458984375e-01
9.814029335975646973e-01 8.486856818199157715e-01
9.824115633964538574e-01 8.989280462265014648e-01
9.834201931953430176e-01 8.340330719947814941e-01
9.844288229942321777e-01 8.474926352500915527e-01
9.854374527931213379e-01 8.593442440032958984e-01
9.864460825920104980e-01 8.410829305648803711e-01
9.874547123908996582e-01 8.761401772499084473e-01
9.884633421897888184e-01 8.659681677818298340e-01
9.894719719886779785e-01 8.492662310600280762e-01
9.904806613922119141e-01 8.908776044845581055e-01
9.914892911911010742e-01 8.610501289367675781e-01
9.924979209899902344e-01 8.699393272399902344e-01
9.935065507888793945e-01 8.896521925926208496e-01
9.945151805877685547e-01 8.585292100906372070e-01
9.955238103866577148e-01 8.855780363082885742e-01
9.965324401855468750e-01 8.970861434936523438e-01
9.975410699844360352e-01 8.676451444625854492e-01
9.985496997833251953e-01 9.040476679801940918e-01
9.995583891868591309e-01 9.144351482391357422e-01
1.000566959381103516e+00 8.938753604888916016e-01
1.001575589179992676e+00 8.736236095428466797e-01
1.002584218978881836e+00 8.685097098350524902e-01
1.003592848777770996e+00 9.012745022773742676e-01
1.004601597785949707e+00 9.091274142265319824e-01
1.005610227584838867e+00 9.340018630027770996e-01
1.006618857383728027e+00 8.754634857177734375e-01
1.007627487182617188e+00 8.575665950775146484e-01
1.008636116981506348e+00 8.616799712181091309e-01
1.009644746780395508e+00 8.651725053787231445e-01
1.010653376579284668e+00 8.508192300796508789e-01
1.011662006378173828e+00 8.945411443710327148e-01
1.012670636177062988e+00 8.913121819496154785e-01
1.013679265975952148e+00 8.710691928863525391e-01
1.014687895774841309e+00 9.334325790405273438e-01
1.015696525573730469e+00 9.750339388847351074e-01
1.016705155372619629e+00 9.134948253631591797e-01
1.017713785171508789e+00 9.374740719795227051e-01
1.018722414970397949e+00 8.747731447219848633e-01
1.019731044769287109e+00 9.158216714859008789e-01
1.020739674568176270e+00 9.387642145156860352e-01
1.021748304367065430e+00 9.197856187820434570e-01
1.022756934165954590e+00 9.047340154647827148e-01
1.023765683174133301e+00 9.130779504776000977e-01
1.024774312973022461e+00 9.091877341270446777e-01
1.025782942771911621e+00 8.947554826736450195e-01
1.026791572570800781e+00 9.063383340835571289e-01
1.027800202369689941e+00 9.210568666458129883e-01
1.028808832168579102e+00 9.294900298118591309e-01
1.029817461967468262e+00 8.814172744750976562e-01
1.030826091766357422e+00 9.061887264251708984e-01
1.031834721565246582e+00 9.169052243232727051e-01
1.032843351364135742e+00 9.405317902565002441e-01
1.033851981163024902e+00 9.245685935020446777e-01
1.034860610961914062e+00 9.262635707855224609e-01
1.035869240760803223e+00 9.117742776870727539e-01
1.036877870559692383e+00 8.982227444648742676e-01
1.037886500358581543e+00 9.358529448509216309e-01
1.038895130157470703e+00 9.120210409164428711e-01
1.039903759956359863e+00 9.221379756927490234e-01
1.040912389755249023e+00 9.441073536872863770e-01
1.041921019554138184e+00 9.633073210716247559e-01
1.042929768562316895e+00 9.508033394813537598e-01
1.043938398361206055e+00 9.451673030853271484e-01
1.044947028160095215e+00 9.047468304634094238e-01
1.045955657958984375e+00 9.190442562103271484e-01
1.046964287757873535e+00 9.329076409339904785e-01
1.047972917556762695e+00 9.761221408843994141e-01
1.048981547355651855e+00 9.542809724807739258e-01
1.049990177154541016e+00 9.842139482498168945e-01
1.050998806953430176e+00 9.625321030616760254e-01
1.052007436752319336e+00 9.805758595466613770e-01
1.053016066551208496e+00 1.009384632110595703e+00
1.054024696350097656e+00 1.017256855964660645e+00
1.055033326148986816e+00 9.777514338493347168e-01
1.056041955947875977e+00 8.998956680297851562e-01
1.057050585746765137e+00 9.118153452873229980e-01
1.058059215545654297e+00 9.102787375450134277e-01
1.059067845344543457e+00 9.317067265510559082e-01
1.060076475143432617e+00 9.915276765823364258e-01
1.061085104942321777e+00 9.141098856925964355e-01
1.062093853950500488e+00 9.777877330780029297e-01
1.063102483749389648e+00 9.956217408180236816e-01
1.064111113548278809e+00 9.768612384796142578e-01
1.065119743347167969e+00 9.590818881988525391e-01
1.066128373146057129e+00 1.008265733718872070e+00
1.067137002944946289e+00 9.742395877838134766e-01
1.068145632743835449e+00 9.706253409385681152e-01
1.069154262542724609e+00 1.004025459289550781e+00
1.070162892341613770e+00 9.726955890655517578e-01
1.071171522140502930e+00 1.022683978080749512e+00
1.072180151939392090e+00 9.563733339309692383e-01
1.073188781738281250e+00 9.724967479705810547e-01
1.074197411537170410e+00 1.034688353538513184e+00
1.075206041336059570e+00 9.844867587089538574e-01
1.076214671134948730e+00 9.861083030700683594e-01
1.077223300933837891e+00 1.038965702056884766e+00
1.078231930732727051e+00 1.018734693527221680e+00
1.079240560531616211e+00 1.099073529243469238e+00
1.080249190330505371e+00 1.006318569183349609e+00
1.081257939338684082e+00 9.994847774505615234e-01
1.082266569137573242e+00 9.493183493614196777e-01
1.083275198936462402e+00 9.377635121345520020e-01
1.084283828735351562e+00 1.030182838439941406e+00
1.085292458534240723e+00 1.038553476333618164e+00
1.086301088333129883e+00 1.057997226715087891e+00
1.087309718132019043e+00 1.014524579048156738e+00
1.088318347930908203e+00 1.014024496078491211e+00
1.089326977729797363e+00 9.957385659217834473e-01
1.090335607528686523e+00 9.962351322174072266e-01
1.091344237327575684e+00 1.021924376487731934e+00
1.092352867126464844e+00 9.655334949493408203e-01
1.093361496925354004e+00 1.046210885047912598e+00
1.094370126724243164e+00 1.020526289939880371e+00
1.095378756523132324e+00 9.861285090446472168e-01
1.096387386322021484e+00 1.006105065345764160e+00
1.097396016120910645e+00 1.007494688034057617e+00
1.098404645919799805e+00 1.042636036872863770e+00
1.099413275718688965e+00 1.057851910591125488e+00
1.100422024726867676e+00 1.022477984428405762e+00
1.101430654525756836e+00 1.039683699607849121e+00
1.102439284324645996e+00 1.087906002998352051e+00
1.103447914123535156e+00 1.100789070129394531e+00
1.104456543922424316e+00 1.084824442863464355e+00
1.105465173721313477e+00 1.089808464050292969e+00
1.106473803520202637e+00 1.059106826782226562e+00
1.107482433319091797e+00 1.075801253318786621e+00
1.108491063117980957e+00 1.098888397216796875e+00
1.109499692916870117e+00 1.111953973770141602e+00
1.110508322715759277e+00 1.053921461105346680e+00
1.111516952514648438e+00 1.010184645652770996e+00
1.112525582313537598e+00 1.086356043815612793e+00
1.113534212112426758e+00 1.184082269668579102e+00
1.114542841911315918e+00 1.097496747970581055e+00
1.115551471710205078e+00 1.015691518783569336e+00
1.116560101509094238e+00 1.014057159423828125e+00
1.117568731307983398e+00 1.113877654075622559e+00
1.118577361106872559e+00 1.139247536659240723e+00
1.119586110115051270e+00 1.078994512557983398e+00
1.120594739913940430e+00 1.066266417503356934e+00
1.121603369712829590e+00 1.123508453369140625e+00
1.122611999511718750e+00 1.067836523056030273e+00
1.123620629310607910e+00 1.043109655380249023e+00
1.124629259109497070e+00 1.069627881050109863e+00
1.125637888908386230e+00 1.070271134376525879e+00
1.126646518707275391e+00 1.091109752655029297e+00
1.127655148506164551e+00 1.085815787315368652e+00
1.128663778305053711e+00 1.052781462669372559e+00
1.129672408103942871e+00 1.097340345382690430e+00
1.130681037902832031e+00 1.073479533195495605e+00
1.131689667701721191e+00 1.055127739906311035e+00
1.132698297500610352e+00 1.102619290351867676e+00
1.133706927299499512e+00 1.154778718948364258e+00
1.134715557098388672e+00 1.107388257980346680e+00
1.135724186897277832e+00 1.081403493881225586e+00
1.136732816696166992e+00 1.128877758979797363e+00
1.137741446495056152e+00 1.078767299652099609e+00
1.138750195503234863e+00 1.131782293319702148e+00
1.139758825302124023e+00 1.188767075538635254e+00
1.140767455101013184e+00 1.163766741752624512e+00
1.141776084899902344e+00 1.052665472030639648e+00
1.142784714698791504e+00 1.134131550788879395e+00
1.143793344497680664e+00 1.053249120712280273e+00
1.144801974296569824e+00 1.081290841102600098e+00
1.145810604095458984e+00 1.117813825607299805e+00
1.146819233894348145e+00 1.157035589218139648e+00
1.147827863693237305e+00 1.123893380165100098e+00
1.148836493492126465e+00 1.199362516403198242e+00
1.149845123291015625e+00 1.126202583312988281e+00
1.150853753089904785e+00 1.123837232589721680e+00
1.151862382888793945e+00 1.200722336769104004e+00
1.152871012687683105e+00 1.156356930732727051e+00
1.153879642486572266e+00 1.062384963035583496e+00
1.154888272285461426e+00 1.234918117523193359e+00
1.155896902084350586e+00 1.105564832687377930e+00
1.156905531883239746e+00 1.201799869537353516e+00
1.157914280891418457e+00 1.151018381118774414e+00
1.158922910690307617e+00 1.167126297950744629e+00
1.159931540489196777e+00 1.263960599899291992e+00
1.160940170288085938e+00 1.232792854309082031e+00
1.161948800086975098e+00 1.134113550186157227e+00
1.162957429885864258e+00 1.201654553413391113e+00
1.163966059684753418e+00 1.153779268264770508e+00
1.164974689483642578e+00 1.230511307716369629e+00
1.165983319282531738e+00 1.258710026741027832e+00
1.166991949081420898e+00 1.213708996772766113e+00
1.168000578880310059e+00 1.150570511817932129e+00
1.169009208679199219e+00 1.146713376045227051e+00
1.170017838478088379e+00 1.161893010139465332e+00
1.171026468276977539e+00 1.144744157791137695e+00
1.172035098075866699e+00 1.216591358184814453e+00
1.173043727874755859e+00 1.085866212844848633e+00
1.174052357673645020e+00 1.076676964759826660e+00
1.175060987472534180e+00 1.144546747207641602e+00
1.176069617271423340e+00 1.132750511169433594e+00
1.177078366279602051e+00 1.308058261871337891e+00
1.178086996078491211e+00 1.242189049720764160e+00
1.179095625877380371e+00 1.052567243576049805e+00
1.180104255676269531e+00 1.286300659179687500e+00
1.181112885475158691e+00 1.161480665206909180e+00
1.182121515274047852e+00 1.037483811378479004e+00
1.183130145072937012e+00 1.192754387855529785e+00
1.184138774871826172e+00 1.374964594841003418e+00
1.185147404670715332e+00 1.349006891250610352e+00
1.186156034469604492e+00 1.160417675971984863e+00
1.187164664268493652e+00 1.158654570579528809e+00
1.188173294067382812e+00 1.185218334197998047e+00
1.189181923866271973e+00 1.260716438293457031e+00
1.190190553665161133e+00 1.309025287628173828e+00
1.191199183464050293e+00 1.025445699691772461e+00
1.192207813262939453e+00 1.145121812820434570e+00
1.193216443061828613e+00 1.164069056510925293e+00
1.194225072860717773e+00 1.387473225593566895e+00
1.195233702659606934e+00 1.522958040237426758e+00
1.196242451667785645e+00 1.219515085220336914e+00
1.197251081466674805e+00 1.281857252120971680e+00
1.198259711265563965e+00 1.454557657241821289e+00
1.199268341064453125e+00 1.151282429695129395e+00
1.200276970863342285e+00 1.279984474182128906e+00
1.201285600662231445e+00 1.246028542518615723e+00
1.202294230461120605e+00 1.102863550186157227e+00
1.203302860260009766e+00 1.267133593559265137e+00
1.204311490058898926e+00 1.343188762664794922e+00
1.205320119857788086e+00 1.174823045730590820e+00
1.206328749656677246e+00 1.223715424537658691e+00
1.207337379455566406e+00 1.224989771842956543e+00
1.208346009254455566e+00 1.046858191490173340e+00
1.209354639053344727e+00 7.779685854911804199e-01
