0.000000000000000000e+00 3.251944731735981975e+01
1.631477032788097858e-03 3.546886926302433807e+01
3.262954065576195717e-03 3.832660886050203430e+01
4.894431214779615402e-03 4.103007502364098968e+01
6.525908131152391434e-03 4.351641272896014101e+01
8.157385513186454773e-03 4.572489668243174776e+01
9.788862429559230804e-03 4.759937342232223756e+01
1.142033934593200684e-02 4.909062970623035937e+01
1.305181626230478287e-02 5.015853393833275220e+01
1.468329317867755890e-02 5.077383057093248198e+01
1.631477102637290955e-02 5.091947161139592026e+01
1.794624701142311096e-02 5.059140169296289713e+01
1.957772485911846161e-02 4.979874460469916642e+01
2.120920084416866302e-02 4.856338506598107330e+01
2.284067869186401367e-02 4.691895785054263968e+01
2.447215467691421509e-02 4.490933730273674485e+01
2.610363252460956573e-02 4.258667917273747605e+01
2.773511037230491638e-02 4.000919053415473314e+01
2.936658635735511780e-02 3.723871197427847335e+01
3.099806420505046844e-02 3.433826622771790227e+01
3.262954205274581909e-02 3.136974116233589882e+01
3.426101803779602051e-02 2.839176674152855995e+01
3.589249402284622192e-02 2.545791136282293721e+01
3.752397000789642334e-02 2.261528111362120796e+01
3.915544971823692322e-02 1.990352269513459404e+01
4.078692570328712463e-02 1.735429185618950854e+01
4.241840168833732605e-02 1.499107283496245202e+01
4.404988139867782593e-02 1.282942644482245775e+01
4.568135738372802734e-02 1.087754244356627709e+01
4.731283336877822876e-02 9.136991074576179983e+00
4.894430935382843018e-02 7.603691417700121136e+00
5.057578906416893005e-02 6.268944701629383331e+00
5.220726504921913147e-02 5.120512726750404475e+00
5.383874103426933289e-02 4.143633442629026220e+00
5.547022074460983276e-02 3.321986430113882172e+00
5.710169672966003418e-02 2.638538660010287806e+00
5.873317271471023560e-02 2.076241838741586410e+00
6.036464869976043701e-02 1.618606512744574344e+00
6.199612841010093689e-02 1.250124413677190072e+00
6.362760066986083984e-02 9.565652062459223393e-01
6.525908410549163818e-02 7.251435237191772298e-01
6.689056009054183960e-02 5.446064418711472621e-01
6.852203607559204102e-02 4.052196006695238939e-01
7.015351206064224243e-02 2.987080887534717122e-01
7.178498804569244385e-02 2.181485801257883328e-01
7.341646403074264526e-02 1.578362183102657301e-01
7.504794001579284668e-02 1.131383424580090502e-01
7.667942345142364502e-02 8.034542221688897867e-02
7.831089943647384644e-02 5.652778927724777525e-02
7.994237542152404785e-02 3.940140728744200710e-02
8.157385140657424927e-02 2.720885930029690383e-02
8.320532739162445068e-02 1.861477558229414006e-02
8.483680337667465210e-02 1.261694306812703031e-02
8.646827936172485352e-02 8.472261474390745464e-03
8.809976279735565186e-02 5.636280637926470785e-03
8.973123878240585327e-02 3.714800841583750911e-03
9.136271476745605469e-02 2.425645498158148124e-03
9.299419075250625610e-02 1.569162763605589815e-03
9.462566673755645752e-02 1.005674703208689867e-03
9.625714272260665894e-02 6.385514963967902149e-04
9.788861870765686035e-02 4.016827638659645075e-04
9.952010214328765869e-02 2.503331636425975095e-04
1.011515781283378601e-01 1.545622304975697767e-04
1.027830541133880615e-01 9.454470992168707789e-05
1.044145300984382629e-01 5.729542690044169982e-05
1.060460060834884644e-01 3.439945439045354107e-05
1.076774820685386658e-01 2.046124321143260769e-05
1.093089580535888672e-01 1.205761324909722971e-05
1.109404414892196655e-01 7.039445870159634000e-06
1.125719174742698669e-01 4.071603928218509902e-06
1.142033934593200684e-01 2.333143464600388241e-06
1.158348694443702698e-01 1.324543520953015282e-06
1.174663454294204712e-01 7.449718965018062221e-07
1.190978214144706726e-01 4.151092541426453873e-07
1.207292973995208740e-01 2.291573596819970185e-07
1.223607808351516724e-01 1.253293729230519800e-07
1.239922568202018738e-01 6.790816262128788735e-08
1.256237328052520752e-01 3.645356123467485787e-08
1.272552013397216797e-01 1.938688679129312381e-08
1.288866847753524780e-01 1.021462746069282515e-08
1.305181682109832764e-01 5.331946971159736505e-09
1.321496367454528809e-01 2.757405114963594280e-09
1.337811201810836792e-01 1.412737803805379418e-09
1.354125887155532837e-01 7.170907104658269801e-10
1.370440721511840820e-01 3.606058656469413111e-10
1.386755406856536865e-01 1.796565646198960370e-10
1.403070241212844849e-01 8.867464969773115489e-11
1.419385075569152832e-01 4.336154058886143485e-11
1.435699760913848877e-01 2.100688466726403174e-11
1.452014595270156860e-01 1.008241510234201546e-11
1.468329280614852905e-01 4.794234749332581341e-12
1.484644114971160889e-01 2.258499082725541371e-12
1.500958800315856934e-01 1.054077187927498977e-12
1.517273634672164917e-01 4.873834053311914001e-13
1.533588469028472900e-01 2.232635845746734926e-13
1.549903154373168945e-01 1.013250979700448132e-13
1.566217988729476929e-01 4.555771022582315905e-14
1.582532674074172974e-01 2.029358623919266631e-14
1.598847508430480957e-01 8.955737537150763295e-15
1.615162193775177002e-01 3.915579492561771860e-15
1.631477028131484985e-01 1.696040824109575713e-15
1.647791862487792969e-01 7.278223531400650068e-16
1.664106547832489014e-01 3.094330660881872943e-16
1.680421382188796997e-01 1.303327350504041840e-16
1.696736067533493042e-01 5.438668827365249857e-17
1.713050901889801025e-01 2.248418258086476263e-17
1.729365587234497070e-01 9.209032020733437665e-18
1.745680421590805054e-01 3.736768319016350252e-18
1.761995255947113037e-01 1.502198047535863170e-18
1.778309941291809082e-01 5.982885838993233918e-19
1.794624775648117065e-01 2.360692592766460499e-19
1.810939460992813110e-01 9.228279391838042221e-20
1.827254295349121094e-01 3.573939169290883929e-20
1.843568980693817139e-01 1.371280271545173970e-20
1.859883815050125122e-01 5.212551393782264323e-21
1.876198649406433105e-01 1.963013578727967194e-21
1.892513334751129150e-01 7.324011515687136395e-22
1.908828169107437134e-01 2.707195831487472938e-22
1.925142854452133179e-01 9.913868676707664052e-23
1.941457688808441162e-01 3.596760468479797571e-23
1.957772374153137207e-01 1.292804275823697302e-23
1.974087208509445190e-01 4.603613285905582907e-24
1.990402042865753174e-01 1.624103571471579143e-24
